#CPFC 2014-11-03
50 0 450 0 183 200 0 -92 0 200 0 -400 -92 0 -300 0 500 122 -250 0 650 -100 0 70 0 800 700 -400 0 0 486 0 0 250 250 250 312 0 0 0 0 0 375 312 600 100 322 168 400 0 800 -300 0 250 800 0 33 266 266 500 -450 0 -187 0 0 450 600 0 500 450 400 136 -194 0 0 0 400 0 0 600 0 0 0 575 50 400 -200 0 0 0 0 800 800 625 1000 200 400 0 0 0
350 0 700 0 426 200 0 514 66 300 0 400 514 0 600 0 1000 594 250 780 450 200 0 566 0 750 600 400 0 0 662 0 0 200 200 200 375 0 0 0 0 0 500 333 1000 800 600 277 700 500 400 400 0 333 400 0 333 316 250 1000 700 0 500 0 0 337 900 1000 600 700 800 500 288 0 0 375 200 0 62 900 0 0 125 916 316 800 400 0 0 0 0 750 750 888 1000 400 400 0 0 0
#SAFC 2014-11-03
0 900 550 -200 0 0 0 0 0 0 358 400 -274 0 0 -557 400 625 125 250 -140 0 0 0 100 -208 0 312 375 500 118 0 0 400 500 -25 0 1000 0 0 0 0 0 0 50 0 -88 0 250 0 0 500 0 0 0 0 0 -366 -250 0 0 0 0 15 400 200 0 800 -45 0 0 500 357 500 0 0 0 0 198 0 174 0 366 0 68 11 400 -400 90 -4 235 250 -296 249 750 0 -187 100 100 375
0 675 1000 199 0 0 0 0 0 0 670 800 575 0 0 703 800 600 250 250 331 0 0 0 400 433 0 333 500 500 327 0 0 700 500 475 0 300 66 0 0 0 0 0 691 0 572 0 750 66 0 900 400 0 0 400 0 700 250 0 633 0 0 575 1000 550 0 400 559 0 0 300 571 500 0 0 0 0 429 562 300 0 700 0 227 766 500 400 366 600 600 333 577 400 775 0 500 300 300 750
#AVFC 2014-11-02
516 0 0 0 200 800 1000 0 156 350 150 0 -250 -400 -699 136 0 700 550 541 -600 52 -250 -250 -250 -250 0 0 -250 0 0 0 0 49 0 0 0 0 0 -325 0 0 -158 0 0 0 0 0 0 500 0 0 250 250 250 -400 0 600 500 0 0 0 500 500 200 285 -125 350 350 0 600 500 375 312 0 0 500 0 0 -50 157 500 250 -500 700 0 0 0 0 0 0 0 0 0 0 0 0 2 0 0
550 333 0 0 300 1000 1000 0 700 650 674 0 500 400 666 454 0 600 650 833 800 370 500 500 500 500 333 0 500 0 0 0 333 800 0 0 0 0 0 550 0 0 316 0 0 0 0 0 33 500 0 0 200 200 200 1000 0 583 533 0 0 0 500 500 600 535 375 550 550 0 600 500 500 333 0 0 500 0 0 549 543 1000 506 300 600 100 0 0 0 0 0 250 500 500 500 500 500 380 775 0
#COYS 2014-11-02
800 0 0 -250 0 1000 0 0 -750 -400 0 155 541 97 -333 619 0 300 0 725 0 0 250 0 0 1000 -200 -100 0 150 99 208 0 0 0 800 312 72 -75 750 1000 0 0 875 0 625 0 133 -400 450 875 0 0 0 0 0 -97 0 95 375 0 136 0 -291 0 -166 57 875 71 377 395 0 0 0 562 0 0 0 0 0 585 0 -400 0 0 175 0 500 0 46 -327 0 0 -178 0 0 18 0 -400 0
1000 0 1000 562 0 300 0 0 750 600 0 461 833 367 500 526 0 449 0 533 0 0 850 0 0 1000 200 491 100 229 222 272 0 0 0 750 375 294 325 500 600 0 0 700 0 316 0 133 400 200 600 1000 0 0 0 0 513 0 178 750 0 454 0 541 0 166 117 600 133 555 556 0 0 0 800 1000 0 0 0 0 750 0 400 0 0 350 0 500 0 246 644 0 100 285 0 0 450 0 400 0
#MCFC 2014-11-02
-125 -125 516 0 0 0 300 0 0 0 1000 145 300 -349 0 500 0 400 357 0 0 0 -200 0 0 300 0 0 0 0 66 0 0 0 0 500 -200 0 0 0 0 800 0 0 -500 0 0 -50 0 800 0 0 100 425 366 0 -16 0 0 0 700 -31 400 0 -500 0 0 0 0 0 500 350 0 0 0 200 0 0 -300 700 433 0 0 -21 -200 0 200 266 0 -50 333 0 300 224 0 0 -800 0 0 -300
283 283 966 0 0 0 100 0 0 0 300 700 200 458 0 500 0 408 571 0 0 0 400 0 0 900 0 0 66 0 633 0 0 0 0 800 400 0 0 0 0 750 0 0 1000 0 0 750 0 750 0 0 100 650 566 0 383 0 0 0 900 537 425 0 1000 50 0 0 0 0 500 650 0 500 0 300 0 0 500 900 833 1000 0 485 500 0 500 600 0 750 583 1000 100 600 0 100 1000 0 0 450
#MUFC 2014-11-02
-125 0 -125 500 250 0 0 0 0 0 1000 0 0 300 0 0 -400 0 0 0 0 0 -291 500 400 357 0 317 0 -200 500 0 0 0 0 0 0 800 -500 0 300 100 438 0 0 0 625 400 0 1000 -700 258 -125 0 0 0 0 800 0 0 0 0 400 700 0 0 0 0 0 0 0 -33 0 0 250 0 0 0 0 0 0 -33 0 0 -33 0 0 0 -33 0 0 -33 0 0 -33 0 0 0 250 250
283 0 283 850 333 0 0 0 0 0 300 0 0 200 0 0 600 0 0 0 66 0 541 500 408 571 0 672 0 400 400 0 0 0 0 0 0 400 1000 0 500 200 694 0 0 0 500 800 66 300 875 433 283 0 0 0 0 900 0 100 0 0 900 900 0 0 0 0 0 0 0 500 0 0 437 0 0 0 0 0 0 500 0 0 500 0 0 0 500 0 0 500 0 0 500 0 0 0 437 437
#AFC 2014-11-01
100 400 0 400 0 500 0 0 0 0 0 0 0 333 0 400 136 500 0 0 0 -400 -400 800 0 412 0 297 162 150 0 0 500 -400 0 125 0 0 -400 0 -155 63 0 0 0 0 -150 0 250 0 200 0 0 250 227 400 0 114 -155 -155 0 500 0 0 0 0 68 0 0 0 118 199 212 -800 0 0 170 -155 -194 -155 -155 -150 -300 625 -155 525 0 0 227 0 218 250 0 -500 500 0 0 0 200 0
900 800 0 683 0 1000 0 0 0 0 0 0 0 483 0 800 454 750 0 0 0 400 400 400 0 300 0 644 250 250 0 0 1000 400 0 400 0 0 400 0 288 472 0 0 0 0 500 0 333 0 500 0 0 500 545 800 0 207 288 288 0 200 0 0 0 0 227 0 0 0 677 716 481 900 0 0 454 288 466 288 288 300 600 694 288 875 0 0 545 0 327 1000 0 1000 500 0 0 100 100 0
#Clarets 2014-11-01
0 -400 250 -1000 0 375 312 0 0 250 0 43 0 0 0 750 0 0 0 0 500 -46 0 0 0 0 -400 0 0 0 0 0 0 0 500 0 -400 0 0 0 0 -1000 250 312 375 0 0 0 0 1000 0 0 0 -100 0 50 0 0 -200 0 800 0 0 354 0 0 0 -388 0 0 0 0 666 0 833 466 -250 0 781 250 433 0 300 74 593 700 312 -181 -200 0 0 -161 -183 0 -437 0 416 0 700 187
50 400 200 1000 50 500 333 0 0 408 0 450 0 0 0 950 0 0 0 0 500 592 0 1000 0 0 400 0 0 0 0 0 62 0 500 0 400 0 0 0 0 1000 200 333 500 0 0 0 0 1000 0 0 66 200 300 100 0 0 233 0 400 0 0 611 0 0 0 833 0 0 0 0 605 0 783 616 100 0 900 200 733 0 499 475 775 1000 333 450 200 0 0 227 283 0 450 0 500 0 600 425
#CFC 2014-11-01
0 0 225 0 650 0 150 0 0 0 150 150 -170 200 0 0 700 357 0 0 0 750 458 0 0 0 150 250 250 -400 546 200 0 200 0 200 0 0 0 0 0 166 312 0 136 50 0 100 0 -250 0 200 0 0 0 -400 0 0 0 200 0 350 0 0 0 400 0 200 187 0 187 0 70 0 0 0 0 0 0 0 0 0 150 0 0 200 0 0 650 0 0 0 0 0 511 0 250 -200 600 0
0 0 600 0 450 0 250 0 0 0 250 250 166 500 0 0 900 535 0 0 0 800 716 0 0 0 494 250 333 400 650 400 0 300 0 300 0 0 0 0 0 333 450 0 454 133 0 1000 0 888 0 300 0 0 0 400 0 0 0 300 0 550 0 0 0 425 0 300 649 0 649 0 666 0 0 0 0 0 0 0 400 0 250 0 0 300 0 0 450 0 0 0 0 0 600 0 450 100 950 0
#QPR 2014-11-01
0 0 0 0 266 -388 -181 285 -750 458 0 -400 -699 169 0 0 0 0 200 200 0 0 0 0 0 300 0 0 0 0 211 0 0 250 250 375 0 250 168 0 0 169 649 0 -300 0 136 169 375 312 0 -291 0 0 0 0 233 1000 250 169 0 0 0 0 -300 0 0 400 0 0 0 0 0 0 0 0 0 33 1000 0 0 0 0 0 600 0 -77 0 0 0 500 0 0 0 -200 187 0 332 0 0
0 0 0 0 333 597 677 535 1000 716 0 400 666 277 0 0 0 0 500 300 0 0 0 0 0 504 0 0 0 0 188 0 0 200 200 366 0 250 327 0 0 277 800 0 400 0 500 277 500 333 0 541 0 0 0 0 399 1000 283 277 0 0 0 0 500 0 0 1000 0 0 0 0 0 0 0 0 0 488 1000 0 50 500 0 0 400 1000 144 0 0 0 500 0 0 0 800 416 0 454 0 0
#EFC 2014-11-01
156 0 0 0 0 -400 0 0 0 0 1000 0 550 0 0 365 274 0 500 399 136 136 136 -99 136 0 136 0 262 0 118 0 170 0 0 250 0 0 0 150 100 100 0 0 0 800 0 0 0 -200 0 0 0 -166 0 0 0 700 0 -166 0 0 0 0 0 0 160 160 500 300 500 500 0 0 500 0 0 0 350 550 0 0 0 0 -125 337 0 0 0 500 650 0 0 0 0 0 -400 -200 0 0
800 0 0 0 0 400 0 0 0 0 1000 0 700 0 0 538 266 0 900 400 454 454 454 833 454 0 454 0 435 0 427 0 454 0 0 333 66 0 0 399 300 200 100 0 0 400 0 0 0 466 400 0 0 166 333 0 0 600 0 166 0 0 0 0 0 0 539 539 900 775 500 500 0 0 600 0 0 0 449 700 0 66 0 0 316 357 533 0 0 500 625 0 0 500 0 0 400 0 0 0
#Swans 2014-11-01
0 0 0 850 25 0 400 0 0 -133 -24 300 0 0 0 0 0 0 106 700 725 0 612 445 400 400 183 400 0 312 0 -699 0 0 200 250 0 0 100 0 0 0 0 -249 0 0 0 0 400 316 500 106 0 0 0 105 106 500 0 0 -41 0 0 0 0 700 375 -300 225 0 0 106 500 -125 106 0 18 125 800 400 800 0 400 0 106 0 88 106 -400 400 0 0 0 400 0 400 361 0 516 0
0 100 0 1000 489 0 200 0 300 133 466 500 0 0 0 1000 0 0 511 600 900 0 875 600 200 200 233 200 0 333 0 666 0 0 300 500 0 0 600 0 0 0 0 533 0 0 0 1000 200 450 500 511 0 0 0 589 511 500 0 0 500 0 0 0 1000 600 475 500 266 0 0 511 900 950 511 0 350 166 400 200 400 0 200 0 511 0 511 511 400 200 0 0 0 200 0 200 311 0 466 0
#hcafc 2014-11-01
0 0 0 0 -400 133 0 0 -250 -200 0 500 0 800 -18 300 0 0 475 -1000 0 0 0 -1000 -250 0 0 0 0 0 0 0 0 0 0 266 1000 1000 0 0 500 0 0 0 0 0 0 750 0 700 0 0 0 700 0 0 -1000 0 0 0 0 0 -1000 136 0 0 0 -25 525 83 212 0 0 -200 357 100 22 0 0 166 0 0 0 0 0 0 0 400 136 100 416 0 0 -500 0 475 475 0 0 92
0 600 0 0 400 199 0 0 233 878 166 600 0 750 96 0 0 0 350 1000 1000 1000 1000 1000 1000 0 0 0 0 0 0 0 0 0 0 208 1000 1000 0 0 500 0 0 0 0 0 0 675 0 600 0 0 0 600 0 0 1000 0 0 0 0 0 1000 454 0 0 0 450 366 300 600 166 0 50 571 400 244 0 0 433 0 0 0 0 300 0 0 1000 454 400 444 0 500 900 0 350 350 0 0 264
#SaintsFC 2014-11-01
0 0 0 0 1000 0 0 -400 166 600 0 250 800 425 0 550 0 700 500 400 1000 100 650 -300 -1000 0 -150 700 0 0 1000 0 -187 0 250 250 0 1000 250 800 0 387 0 -83 281 218 -300 -400 100 305 0 800 500 318 533 -183 0 244 600 0 695 400 1000 250 150 0 375 375 375 312 0 800 1000 468 -625 0 625 700 250 700 0 500 100 0 -140 0 500 1000 433 500 1000 400 900 800 0 525 0 350 0 433
0 0 0 0 1000 600 0 400 333 622 0 300 1000 675 0 600 0 950 600 425 1000 100 675 433 1000 0 250 600 0 250 1000 0 449 0 200 200 0 300 500 1000 0 850 0 556 375 627 600 400 150 750 0 400 750 727 500 549 0 522 650 0 760 300 1000 850 350 0 500 500 500 333 0 750 300 602 1000 0 900 600 300 846 0 533 1000 0 600 0 650 1000 472 1000 1000 425 875 544 0 500 0 333 0 750
#LCFC 2014-11-01
0 0 -399 -400 0 -200 568 800 0 400 -155 0 0 0 800 0 428 300 99 0 0 0 -62 -399 0 0 0 0 0 -300 0 -200 37 0 750 0 -400 0 0 0 0 0 0 500 0 0 0 0 0 -200 375 -225 0 200 -400 0 0 0 -115 0 0 418 0 0 0 0 0 0 0 0 0 0 0 0 0 850 0 0 250 250 136 812 250 250 250 250 227 400 480 0 64 0 0 0 0 187 0 -53 425 0
0 0 533 400 1000 700 727 1000 0 800 288 66 0 0 1000 0 511 641 455 0 762 1000 100 533 0 0 0 0 0 100 0 700 287 0 750 0 400 0 0 0 0 0 0 833 0 0 100 0 0 50 0 400 0 600 400 0 100 0 549 0 0 577 400 0 0 0 0 0 0 0 0 0 0 0 0 450 66 66 333 250 454 575 333 333 333 333 545 233 720 1000 442 0 0 0 0 437 66 608 650 0
#WBA 2014-11-01
0 0 492 0 375 0 781 0 -400 -250 -400 0 -33 -400 216 0 -800 -500 285 0 -324 0 -625 0 0 0 -300 -116 0 -699 0 0 0 200 416 0 0 -599 0 -699 0 600 0 0 0 0 0 -600 166 0 200 -333 390 0 0 0 400 0 0 0 0 0 0 0 0 0 0 0 0 449 0 0 240 0 0 0 0 0 0 -100 0 0 -133 400 400 700 0 600 0 0 0 0 0 -400 0 0 187 0 500 0
0 0 717 0 1000 66 1000 0 400 625 600 0 533 400 666 0 950 1000 535 0 545 0 1000 0 0 0 600 950 1000 666 0 0 0 100 500 0 0 533 500 666 0 900 0 0 0 250 0 700 666 0 200 1000 900 0 0 0 700 0 0 0 0 0 0 0 0 0 0 0 0 550 0 0 443 0 0 0 66 0 0 200 0 0 199 425 375 600 0 1000 0 0 1000 0 0 400 0 0 625 0 500 0
#SCFC 2014-11-01
0 0 0 0 0 0 0 -400 0 0 0 0 400 0 250 0 750 0 800 -216 0 0 0 0 0 -150 0 -800 0 0 400 136 0 0 0 136 0 375 0 136 500 0 0 0 100 62 0 0 0 0 -125 750 193 462 462 462 0 0 0 462 533 400 0 0 149 0 0 800 0 0 0 1000 0 0 0 136 800 0 1000 -133 0 -50 -218 0 -83 136 149 0 0 800 0 -125 700 0 250 0 0 800 -218 425
0 0 0 0 0 0 0 400 1000 0 0 0 400 0 333 0 800 0 1000 466 0 1000 0 750 0 100 0 800 0 0 400 454 0 0 0 500 0 475 0 454 1000 0 0 0 900 350 0 0 0 0 312 550 727 925 925 925 0 0 0 925 900 375 0 0 500 0 0 400 0 0 0 1000 0 0 0 454 400 0 1000 333 0 150 675 0 83 454 500 0 0 400 0 83 600 0 1000 0 0 750 675 725
#WHUFC 2014-11-01
600 0 0 0 0 500 500 400 0 0 322 0 0 0 0 200 0 0 -62 62 146 200 0 416 0 600 375 312 -53 -53 0 0 250 0 -285 150 0 0 0 0 0 0 0 0 0 0 0 600 0 116 0 0 0 0 83 0 -100 0 50 0 1000 0 0 0 475 0 0 0 0 0 800 0 0 0 0 0 0 0 0 0 175 285 700 350 0 -216 800 0 0 316 0 0 0 0 0 0 0 0 500 0
1000 0 0 100 100 900 900 800 0 0 519 0 0 0 0 300 0 0 62 241 273 200 0 550 0 1000 500 333 335 335 0 1000 1000 0 362 300 0 0 100 500 500 0 500 0 500 0 0 900 0 391 0 0 0 0 83 0 400 0 200 0 300 0 0 0 550 0 0 1000 1000 1000 750 0 0 0 0 0 0 0 1000 0 266 535 600 350 0 800 700 0 0 416 0 0 0 0 100 0 0 0 888 0
#NUFC 2014-11-01
199 250 0 600 300 -800 -610 800 0 0 0 250 300 400 -50 800 0 100 0 0 -400 400 0 368 212 416 0 -33 0 -156 136 0 300 91 154 500 433 500 300 100 0 0 -400 375 50 200 -166 433 368 33 400 300 266 0 0 0 83 0 100 500 -97 0 625 99 250 350 0 41 700 0 412 400 900 0 100 250 0 0 200 0 66 -33 428 300 500 350 625 250 0 0 -500 0 350 190 0 -100 250 50 0 1000
688 250 0 800 450 900 800 400 0 0 0 250 200 500 238 700 1000 400 0 0 400 800 0 727 258 452 0 200 0 343 454 0 200 411 628 625 733 500 750 400 0 0 400 875 300 300 500 200 727 555 425 750 466 100 0 0 166 0 400 750 624 0 600 345 300 616 0 300 944 0 750 800 1000 0 900 200 0 0 300 0 225 466 628 625 1000 433 600 1000 0 0 1000 0 950 240 500 600 333 425 0 300
#LFC 2014-11-01
-78 -290 0 0 -390 500 200 177 136 0 333 625 500 150 150 0 300 0 1000 0 -408 0 150 750 200 1000 375 500 -356 375 136 1000 1000 0 -125 0 125 0 500 234 500 600 0 -125 0 400 150 150 150 150 150 150 0 0 0 267 136 0 0 166 900 500 0 500 325 0 136 0 500 0 136 0 266 0 -100 0 0 0 -300 350 -50 200 -149 0 366 300 -250 0 33 200 0 0 0 566 0 500 375 375 433 0
446 600 0 0 687 850 300 900 454 0 779 500 308 250 250 0 450 0 1000 0 433 0 250 400 300 300 1000 150 100 1000 454 300 300 0 125 0 150 0 533 477 600 1000 333 125 0 200 250 250 250 250 250 250 0 0 0 584 454 0 0 666 900 533 0 583 1000 0 454 0 900 0 454 0 750 0 83 0 0 0 400 350 400 300 750 0 416 900 250 0 66 200 312 0 0 866 0 533 1000 1000 433 0
#QPR 2014-10-27
0 0 -200 0 166 0 0 400 350 700 0 0 0 100 0 -875 800 0 0 0 0 0 0 66 -600 -125 -15 0 -125 -125 -125 500 0 250 250 0 800 0 0 -349 0 250 0 0 266 0 375 -200 0 0 0 0 0 0 0 200 0 375 312 239 136 0 468 0 0 266 0 -49 700 0 800 500 -500 200 0 375 -400 0 500 0 0 0 0 0 -100 0 -400 0 0 0 0 0 300 0 0 0 0 0 500 62
0 0 200 0 329 0 0 700 300 700 0 0 0 300 0 875 750 0 0 0 0 0 0 177 700 375 237 0 375 375 375 500 0 200 200 500 750 0 0 395 0 200 0 0 683 0 550 200 0 0 0 0 0 0 0 100 100 500 333 567 454 0 483 0 0 454 0 600 600 0 400 900 1000 100 66 1000 400 0 500 0 0 0 0 0 350 0 400 0 0 0 0 0 100 0 0 0 0 0 500 490
#AVFC 2014-10-27
0 -69 0 0 0 0 99 49 0 800 -33 0 150 -1000 100 0 -250 -262 -200 566 -200 0 0 99 -100 -100 0 191 0 -100 0 350 0 0 0 0 700 -24 0 0 150 0 0 222 500 375 0 1000 -16 100 58 500 0 224 0 0 0 99 49 250 0 -69 0 -20 0 -100 200 550 0 -24 0 -125 0 266 -500 -200 166 0 383 -200 0 0 0 375 312 0 0 0 0 -191 650 -200 -125 0 0 500 648 -600 350 -250
0 436 1000 0 0 0 750 75 100 750 633 0 575 1000 150 100 800 800 200 833 460 0 0 329 450 450 0 483 100 450 0 649 0 0 0 0 600 350 0 0 250 0 0 556 1000 200 0 300 416 400 425 1000 0 425 633 0 0 450 512 200 0 436 0 858 0 200 444 250 0 350 0 550 0 683 500 166 166 0 549 200 0 0 0 500 333 0 750 0 0 400 850 200 375 0 0 532 728 800 550 500
#MUFC 2014-10-26
-29 0 350 0 0 0 625 -450 300 0 -250 -400 250 -400 0 0 0 -250 0 -200 500 0 200 43 443 206 0 0 0 56 500 0 1000 285 -250 400 0 0 0 446 0 0 -1000 56 200 0 0 0 62 0 0 0 300 300 300 300 300 300 300 300 300 300 300 0 300 300 300 300 300 300 300 56 56 0 0 0 0 500 800 1000 0 0 150 0 -145 0 100 -150 -333 0 500 0 0 100 0 0 0 107 0 0
544 0 650 0 0 0 600 850 500 0 250 900 600 400 0 0 0 833 0 800 250 0 500 583 756 400 750 400 0 250 500 0 300 535 500 400 0 0 0 571 0 0 1000 250 200 0 0 0 375 0 0 0 500 500 500 500 500 500 500 500 500 500 500 0 500 500 500 500 500 500 500 250 250 0 0 0 0 500 1000 600 0 0 250 0 420 0 200 700 666 0 400 0 0 200 0 0 0 319 100 0
#CFC 2014-10-26
0 200 0 -166 56 56 0 0 0 285 56 56 0 0 500 -155 0 0 0 0 0 0 0 0 0 0 0 0 0 0 500 0 0 0 0 1000 0 0 500 700 0 0 450 0 0 166 600 0 0 0 0 0 200 0 0 100 0 0 0 0 0 136 136 136 0 0 -100 0 0 -400 -400 0 0 500 -200 0 136 0 -187 0 0 0 0 50 200 209 -51 212 -125 133 366 0 -125 0 0 133 357 -125 133 366
0 400 0 500 250 250 0 0 0 535 250 250 0 0 1000 288 0 0 0 0 0 0 0 0 0 0 0 0 0 666 1000 100 100 0 0 1000 0 0 500 600 0 0 750 0 0 500 1000 0 0 0 0 0 500 0 125 200 125 0 0 0 0 454 454 500 0 0 50 0 0 700 700 0 0 750 666 0 500 0 500 450 0 0 0 400 750 448 129 825 500 388 529 533 500 0 100 388 571 500 388 529
#Clarets 2014-10-26
800 160 0 0 136 437 1000 0 800 312 0 -16 0 0 -300 0 -16 -300 50 468 0 0 -77 500 0 0 800 -100 0 483 0 0 0 0 -300 0 0 0 0 0 0 0 0 0 0 0 50 433 0 0 0 500 0 250 312 0 0 250 0 500 0 800 0 700 0 524 0 0 0 0 0 -100 0 525 525 0 524 524 399 399 -400 0 0 375 -400 0 375 312 416 -100 0 0 0 0 0 416 50 700 0 0
1000 539 100 0 454 478 300 0 400 333 0 422 0 0 600 0 422 600 100 500 0 100 144 500 0 0 400 200 0 577 0 0 0 100 600 0 0 0 0 0 500 0 500 0 0 0 100 733 199 0 100 150 100 200 333 0 0 408 0 150 0 750 0 600 0 575 0 0 0 0 0 200 0 366 366 0 575 575 388 388 400 0 0 750 400 0 500 333 500 200 0 0 0 0 66 500 100 600 0 0
#EFC 2014-10-26
250 0 0 50 0 99 900 50 -125 0 0 0 400 0 0 0 625 58 300 812 -125 0 800 200 -112 0 99 0 500 0 200 99 99 -150 375 0 0 100 500 100 100 100 500 500 500 1000 100 255 255 675 433 500 0 0 1000 0 0 0 0 650 0 800 0 0 -500 0 0 250 -14 533 0 0 0 408 -500 0 0 0 -62 400 0 375 0 0 -200 250 0 0 0 0 100 350 0 0 0 -216 -12 0 -100 400
600 0 0 150 0 800 525 150 550 0 0 0 450 0 0 0 625 333 412 800 125 0 750 462 650 66 800 0 900 0 500 800 800 200 500 0 0 700 500 700 700 700 500 500 500 750 700 533 533 900 733 500 0 0 300 0 0 0 0 750 0 750 0 1000 400 500 0 250 513 583 0 0 0 466 500 0 0 0 220 425 0 575 0 0 700 300 0 0 0 0 150 550 0 0 0 425 575 66 100 375
#COYS 2014-10-26
0 100 133 0 0 800 1000 0 166 0 0 350 399 800 0 0 350 250 0 0 0 0 -300 300 1000 0 428 375 0 136 0 578 0 0 0 0 0 250 333 700 156 450 -500 800 0 0 0 -75 0 250 200 250 306 300 0 250 1000 0 0 -333 0 575 500 0 0 0 250 0 600 651 875 -200 0 178 339 0 0 625 0 0 4 300 0 0 0 0 0 0 600 450 250 800 0 0 250 0 -499 0 0 0
0 150 900 0 0 1000 1000 0 766 0 0 750 777 750 0 0 694 650 66 0 0 0 700 700 400 0 535 200 0 454 0 642 0 500 0 0 0 300 650 600 150 650 700 700 1000 0 0 366 0 700 200 562 625 293 0 200 300 0 0 1000 0 850 412 0 0 0 333 0 1000 1000 600 200 0 950 442 0 0 500 0 0 490 483 0 0 0 1000 533 0 900 500 450 750 1000 0 333 0 483 0 0 0
#NUFC 2014-10-26
0 250 -15 0 0 500 0 0 350 399 350 399 500 0 700 350 0 0 0 136 266 0 0 178 0 350 500 0 0 0 0 500 0 0 0 -1000 -155 250 500 500 0 0 0 400 0 1000 100 0 0 0 0 -53 -99 -188 0 0 0 445 0 0 400 0 0 0 -77 0 100 0 266 0 283 350 0 61 0 -155 100 0 0 0 637 -291 250 0 0 0 125 -187 125 0 0 0 125 0 212 250 400 0 0 500
0 600 310 0 0 833 0 0 750 777 750 777 750 0 600 750 0 1000 0 454 250 0 0 335 0 750 750 0 0 0 0 1000 66 0 0 900 288 500 916 916 0 0 0 900 0 300 700 0 0 0 0 785 422 322 0 0 0 668 0 0 500 0 0 0 144 633 700 0 433 0 416 450 0 501 0 288 0 0 0 0 750 541 250 0 0 0 166 700 250 0 0 0 1000 250 551 1000 800 0 1000 600
#Swans 2014-10-25
0 0 0 0 142 347 -500 0 136 400 0 250 550 850 0 0 0 0 0 0 0 800 -200 375 312 136 0 500 -155 0 0 125 0 0 0 0 0 0 0 700 0 400 -750 -750 0 0 -750 -750 -750 0 0 400 -750 0 0 -750 -750 -750 0 0 166 0 0 0 -750 0 0 -750 0 -750 0 0 -1000 -200 -750 675 0 0 550 -200 0 750 0 0 0 850 0 0 800 0 500 500 500 0 625 0 100 250 0 0
0 0 0 0 317 644 750 0 454 1000 0 1000 300 1000 0 0 500 0 0 0 0 1000 300 500 333 454 0 600 288 0 0 150 0 0 0 0 0 0 0 600 0 1000 1000 1000 0 0 1000 1000 1000 0 0 1000 1000 0 0 1000 1000 1000 0 0 272 0 0 0 1000 0 0 1000 0 1000 0 0 1000 400 1000 800 1000 0 950 400 0 675 0 0 0 1000 0 0 400 0 791 791 791 0 700 0 400 250 0 0
#LCFC 2014-10-25
145 -400 0 400 -500 83 -1000 0 0 0 -200 0 166 0 0 0 0 0 0 -400 1000 0 400 0 0 400 -235 500 500 0 250 0 400 700 700 700 700 -200 0 339 700 700 -234 500 0 0 -200 0 0 0 0 500 200 -166 0 0 0 800 0 0 -77 0 0 0 500 500 0 0 -155 0 0 0 683 0 200 0 0 200 0 -83 0 0 200 0 500 0 0 0 303 -131 0 0 303 303 303 0 375 0 0 0
625 400 0 1000 500 383 1000 0 0 500 800 0 360 0 0 0 175 0 0 400 900 0 800 0 0 1000 307 500 900 100 500 0 1000 600 600 600 600 100 0 640 600 600 427 500 0 0 400 0 0 1000 0 1000 100 66 0 0 0 400 0 0 269 0 0 0 500 791 0 0 288 0 0 0 500 0 300 0 0 300 408 458 0 0 1000 1000 500 0 0 0 452 527 0 0 452 452 452 0 500 0 0 0
#LFC 2014-10-25
1000 250 -187 0 900 -150 0 400 0 0 0 0 0 0 0 300 0 0 0 0 400 -400 0 0 0 300 0 350 0 0 0 500 0 -400 500 0 0 166 0 250 0 0 0 566 0 871 300 0 0 111 0 0 0 500 0 0 100 0 0 399 0 -100 -155 275 375 0 0 90 0 0 0 -238 0 333 100 1000 -194 500 0 0 0 100 500 0 0 500 0 68 450 0 0 0 875 0 0 0 750 0 0 -400
600 600 700 0 900 449 0 600 0 0 0 1000 0 0 0 100 0 0 0 0 800 400 0 0 0 100 0 550 0 0 0 900 500 550 500 0 0 283 0 533 0 0 0 300 0 535 575 1000 1000 222 0 0 0 500 0 0 400 1000 0 800 0 300 288 537 500 0 66 358 0 0 0 534 0 666 266 400 288 500 0 0 0 300 183 0 100 900 0 300 650 0 0 0 800 0 0 0 400 0 0 400
#hcafc 2014-10-25
0 -155 0 775 -155 -250 166 0 300 449 300 0 0 1000 0 0 0 300 0 100 0 0 0 400 400 400 0 700 -600 -600 0 0 500 0 210 0 -388 0 0 248 -100 192 233 166 333 -500 0 0 0 0 0 0 0 0 0 0 200 0 0 0 300 0 0 -388 700 0 -151 0 -750 433 0 0 0 100 0 0 0 500 700 0 568 0 0 500 0 200 200 800 700 83 100 -155 295 0 0 0 118 118 118 0
0 288 0 850 288 300 333 0 900 500 650 0 0 1000 0 0 0 300 0 400 125 125 100 500 500 500 0 600 1000 1000 0 0 600 1000 270 0 833 0 0 362 600 467 399 500 766 1000 0 0 0 0 0 0 0 0 0 0 100 0 0 0 100 0 0 833 600 100 318 0 1000 733 0 0 0 400 0 0 0 500 600 0 750 0 0 500 0 200 200 875 600 536 600 288 383 0 0 0 427 427 427 0
#SaintsFC 2014-10-25
0 260 -83 0 0 0 0 0 -195 0 800 0 250 0 0 0 156 0 0 0 237 500 800 0 310 600 0 800 800 0 0 133 0 625 968 750 600 0 500 508 -250 1000 175 250 250 250 0 866 0 100 0 0 700 0 0 0 500 125 -233 250 0 500 1000 500 375 312 400 0 640 -800 0 0 0 0 250 0 700 0 0 0 0 420 700 0 0 0 0 -66 0 -100 600 800 -156 0 0 300 0 0 800 800
0 390 422 0 0 0 0 0 399 0 650 0 750 0 0 0 400 0 0 0 497 500 750 0 630 550 0 750 700 0 0 300 0 1000 650 400 1000 0 500 750 1000 1000 737 500 200 200 0 716 0 300 0 0 600 0 0 0 500 812 966 541 0 1000 1000 888 500 333 800 0 800 800 0 0 0 0 950 0 600 0 600 0 0 787 600 0 100 0 0 283 0 300 1000 750 375 0 0 1000 0 0 750 575
#SCFC 2014-10-25
-600 100 0 625 100 -250 500 100 -500 0 -600 0 0 0 0 0 0 16 0 -69 0 800 500 0 0 -155 172 0 0 0 500 500 800 418 550 0 0 0 100 0 0 0 0 462 462 462 462 0 -500 0 800 0 0 0 0 0 0 0 0 0 100 0 0 0 0 350 237 0 -250 0 -62 333 0 550 0 -155 600 156 0 -17 -600 0 0 -400 0 500 0 0 0 -400 0 -227 -150 -150 -400 -400 -227 500 0 -874
700 100 0 500 600 200 500 600 900 0 900 0 0 0 0 0 0 33 0 530 0 750 800 1000 0 288 394 0 0 0 500 500 750 527 1000 0 0 0 100 0 0 0 0 925 925 925 925 0 600 0 400 0 0 100 0 0 0 0 0 0 700 0 0 0 0 550 466 0 1000 0 500 383 0 1000 100 288 650 750 0 318 700 125 0 400 1000 750 125 0 0 400 0 344 250 250 400 400 344 500 0 666
#SAFC 2014-10-25
0 0 800 0 0 25 0 0 600 0 250 0 0 -500 968 50 0 0 0 541 800 50 0 300 100 0 0 400 0 800 0 312 159 250 1000 400 500 -125 84 0 250 585 0 0 325 0 0 0 136 0 675 250 0 275 478 -300 0 0 300 0 0 0 0 0 0 -412 0 600 400 0 318 0 -125 0 800 600 0 -65 200 600 375 0 500 1000 0 100 0 0 600 0 0 0 0 266 313 525 0 0 0 0
0 0 650 0 0 300 0 0 1000 0 1000 0 0 900 650 450 0 0 0 533 750 450 0 500 250 0 100 800 0 750 0 333 433 750 700 500 500 375 288 0 833 400 0 0 625 0 0 0 454 0 1000 500 0 325 718 400 0 0 1000 0 0 0 0 0 0 595 0 1000 800 0 627 0 1000 0 900 1000 0 195 100 1000 1000 0 800 1000 0 250 0 0 700 0 0 0 0 600 659 366 0 1000 0 0
#AFC 2014-10-25
250 125 500 500 500 0 0 -1000 136 0 149 0 900 800 0 0 833 500 427 -150 -200 350 -112 237 320 390 500 500 80 0 446 0 283 166 0 -291 136 136 0 666 160 0 0 212 68 43 149 200 0 0 0 0 0 214 0 -466 0 0 0 0 0 400 0 0 0 0 0 0 308 0 343 500 166 -625 97 0 400 600 216 0 250 0 250 14 -500 500 500 0 87 0 250 0 500 0 0 -400 100 0 0 0
600 166 750 900 900 300 0 800 454 1000 500 0 900 900 0 0 500 1000 600 500 419 449 650 712 550 484 888 500 332 125 571 0 350 583 0 438 454 454 0 1000 539 1000 0 451 227 427 500 300 0 125 125 125 0 571 100 444 0 0 0 0 133 400 0 0 0 0 500 0 522 0 493 1000 566 1000 322 0 425 1000 566 0 450 0 450 450 1000 900 399 0 650 0 450 0 1000 0 1000 400 600 0 0 0
#WBA 2014-10-25
0 0 0 0 0 0 0 -800 0 285 0 0 -100 -44 166 315 800 500 323 250 0 500 50 -125 0 1000 0 0 125 -100 -200 -400 -400 -400 100 -200 0 -40 -212 208 100 0 0 10 500 -200 -32 0 200 0 49 0 0 0 0 0 0 0 -200 0 205 0 0 -400 -400 0 0 0 333 -312 -200 0 0 0 0 0 0 0 0 500 625 0 117 500 400 400 400 488 136 0 -200 454 -125 300 454 0 0 -200 -50 0
0 0 0 0 0 0 0 800 0 535 0 0 200 505 355 760 1000 500 384 455 0 750 600 375 0 300 0 0 216 575 233 400 400 400 50 233 33 458 487 250 200 0 0 450 833 233 421 0 250 0 450 0 0 0 0 0 0 0 400 0 466 500 0 400 400 0 0 0 325 875 200 0 0 0 0 250 250 250 250 750 500 0 508 833 400 400 400 900 454 0 200 845 375 450 845 0 0 400 250 0
#CPFC 2014-10-25
0 300 0 0 0 0 625 166 0 -200 350 0 0 1000 1000 1000 0 0 227 375 312 500 400 1000 1000 1000 0 99 0 -400 -400 -400 99 0 0 500 0 0 0 0 -400 0 0 1000 0 1000 0 0 0 0 -200 156 -125 0 0 0 0 0 0 200 250 200 1000 0 0 0 0 0 0 49 -300 0 0 500 0 0 1000 0 300 0 0 -400 -400 -400 200 0 0 0 0 1000 0 0 99 0 0 -750 0 0 136 0
0 750 0 0 0 0 500 333 0 200 550 0 0 400 400 400 0 66 545 500 333 800 900 400 400 300 0 333 0 400 400 400 477 0 550 900 0 0 0 0 600 0 0 400 0 400 0 0 0 0 600 500 375 0 0 0 0 0 0 300 333 491 300 125 0 125 125 0 0 450 200 0 0 1000 0 0 300 0 550 100 0 400 400 400 500 0 0 0 0 400 0 0 333 283 0 750 0 0 454 0
#WHUFC 2014-10-25
0 0 0 0 0 400 377 0 0 0 0 0 50 0 400 0 0 0 0 0 0 0 284 0 250 500 166 136 375 312 0 0 -400 150 0 0 0 0 400 400 250 500 0 0 500 0 0 100 0 0 318 1000 0 0 -400 1000 0 650 250 650 500 0 350 0 -400 0 0 0 0 0 0 350 0 375 390 0 600 0 0 166 0 583 33 120 -250 1000 0 0 500 100 0 0 322 -244 568 0 0 616 0 0
100 0 0 0 0 400 727 0 0 0 0 0 250 0 800 0 0 0 0 0 100 0 593 0 200 500 166 454 500 333 0 0 400 950 0 0 0 0 500 500 333 500 0 0 500 0 0 900 0 0 477 1000 0 0 400 1000 0 875 1000 875 500 0 666 266 400 100 66 0 0 0 700 666 0 537 1000 0 900 0 0 166 0 233 166 276 250 300 0 0 500 200 0 0 188 577 727 0 0 567 0 0
#MCFC 2014-10-25
250 400 0 500 0 850 0 0 0 370 1000 0 0 250 0 0 66 500 0 0 166 0 250 168 0 0 0 425 0 416 0 0 950 0 700 0 0 -100 0 0 0 0 400 0 0 0 -400 0 0 0 0 275 400 136 136 350 0 0 616 0 0 400 -120 0 1000 0 0 100 568 0 -400 0 500 156 -77 250 -500 900 -305 350 150 0 100 -300 450 568 375 0 -892 150 0 250 500 250 0 0 136 500 -600 0
600 800 100 600 0 500 0 0 0 541 1000 0 0 562 0 0 433 900 0 0 566 0 562 377 500 0 0 625 0 683 0 0 650 800 950 0 100 100 800 0 0 0 600 0 0 0 400 100 0 0 0 850 400 454 454 450 0 50 616 0 0 800 513 0 1000 0 0 700 625 0 400 0 558 166 455 311 500 1000 500 550 575 0 383 600 449 727 391 0 857 200 0 600 600 562 1000 0 454 500 800 0
#WBA 2014-10-20
600 -83 0 900 0 0 900 -350 700 900 0 0 300 -62 100 200 268 -350 0 0 -50 0 199 0 780 0 0 250 -133 800 600 0 -300 0 0 0 0 0 0 1000 0 800 566 0 300 0 0 30 0 0 -400 -400 587 0 0 0 -200 0 0 800 0 -600 0 525 0 0 -600 166 -260 -260 800 12 233 0 99 -66 0 -600 0 0 0 33 200 312 0 0 0 350 250 375 700 800 149 0 100 0 0 0 0 0
900 433 0 900 0 0 900 600 600 900 0 0 900 811 300 575 600 600 0 0 400 0 366 0 1000 0 0 500 200 400 900 0 400 0 0 0 0 0 0 300 0 900 400 0 500 0 0 230 0 0 400 400 400 0 0 0 800 0 0 400 0 700 1000 700 0 0 800 250 66 66 750 293 583 0 199 266 66 700 1000 0 0 366 200 200 0 0 0 400 625 825 600 400 500 0 200 0 0 0 0 0
#MUFC 2014-10-20
400 700 104 0 0 275 500 0 0 0 200 0 0 0 200 0 200 0 0 0 200 150 200 0 0 0 200 200 200 150 200 200 200 150 150 200 200 150 150 150 150 150 150 150 150 150 250 0 0 200 150 0 0 0 0 200 200 200 200 150 150 150 150 136 0 300 125 500 350 71 0 300 300 0 200 266 700 0 300 0 300 200 -21 275 -199 500 285 0 250 0 0 0 0 -83 213 300 -400 300 436 175
350 600 520 0 0 825 500 0 0 0 300 0 0 0 300 0 300 0 0 0 300 112 300 0 0 0 300 300 300 112 300 300 300 112 112 300 300 112 112 112 112 112 112 112 112 112 600 0 0 300 112 0 0 0 0 300 300 300 300 112 112 112 112 454 0 433 475 766 650 471 0 433 433 0 400 166 600 0 433 0 433 400 451 450 700 600 535 0 250 0 0 0 0 83 567 433 600 433 497 525
#SCFC 2014-10-19
0 231 0 0 0 0 0 100 0 -200 0 1000 0 700 275 0 275 0 0 416 0 0 -100 0 0 100 234 0 500 0 200 0 0 0 200 0 0 -155 0 -155 0 0 -155 0 0 0 0 0 0 0 275 0 0 0 0 0 275 0 0 -200 0 0 0 0 0 0 0 0 0 0 0 0 0 0 250 136 0 0 0 0 0 0 0 0 136 0 500 600 0 0 500 -155 0 191 100 0 0 136 0 0
1000 403 0 0 0 0 0 250 0 333 0 300 0 600 325 0 166 0 100 399 0 0 100 0 0 1000 560 50 500 125 500 0 125 0 500 0 0 288 0 288 0 0 288 0 0 0 0 0 0 0 166 142 0 0 0 0 166 0 0 300 125 0 0 0 0 0 0 0 0 0 125 0 0 0 1000 454 0 0 0 0 0 0 0 0 454 0 750 900 0 0 300 288 100 333 650 0 0 500 0 1000
#Swans 2014-10-19
0 0 -200 0 400 0 0 100 300 133 0 800 0 200 0 0 0 68 275 0 0 0 0 375 800 0 0 200 250 600 0 416 0 0 0 0 500 0 0 -1000 0 0 525 0 0 0 0 -200 0 0 0 0 0 0 0 0 500 500 500 0 136 0 700 0 500 0 0 0 0 0 433 0 0 0 0 0 0 0 312 0 0 0 500 0 500 8 0 0 0 0 0 0 0 350 0 0 0 0 335 0
0 66 50 1000 1000 0 0 250 100 408 0 600 0 100 0 0 0 477 166 50 0 500 0 449 1000 0 142 100 550 900 500 583 0 0 0 0 888 0 66 1000 1000 0 710 0 500 0 50 300 0 0 0 0 0 0 0 0 750 750 750 0 454 0 600 0 800 0 0 1000 500 66 833 66 0 0 0 0 0 0 333 0 0 0 500 0 500 312 0 0 0 0 0 0 0 550 0 0 0 0 602 0
#QPR 2014-10-19
0 0 -400 0 1000 0 0 -400 -250 0 500 77 1000 0 0 -200 0 1000 833 0 0 0 650 -999 -799 302 -1000 0 0 250 0 -799 199 -799 500 -799 -200 -100 0 125 0 -200 200 0 -699 -699 0 -699 0 0 625 213 0 0 0 0 800 0 411 0 0 -303 312 0 500 0 0 -400 800 213 187 0 0 0 -7 0 -83 0 0 0 800 0 0 0 213 0 0 250 0 700 0 0 0 0 0 0 125 0 0 800
0 0 600 0 900 0 1000 400 250 0 888 638 300 0 400 50 0 400 799 0 0 0 625 1000 1000 625 1000 0 0 333 0 1000 266 1000 500 1000 50 400 400 750 0 50 250 0 666 666 1000 666 0 0 600 454 1000 0 0 0 725 0 377 0 0 471 333 0 600 0 0 400 400 454 312 0 500 0 662 0 83 0 0 0 400 0 0 0 454 0 0 333 0 600 0 0 0 0 0 1000 200 0 0 400
#LFC 2014-10-19
0 0 0 0 0 -156 250 -66 0 0 250 -166 0 -300 0 -300 0 0 0 0 350 -500 -400 0 0 133 0 0 0 -1000 0 0 49 -141 0 -200 136 392 136 -300 -99 -218 0 0 -483 0 -154 -166 -15 0 -33 -103 -231 366 -400 0 250 0 0 100 0 0 400 475 -1000 0 136 -250 0 -400 0 -14 0 166 0 625 0 0 0 0 250 0 0 800 0 500 0 1000 400 333 136 0 0 0 0 0 0 -200 0 136
0 0 0 0 0 544 600 388 0 0 900 400 0 650 0 522 0 0 0 0 350 900 600 0 0 133 0 0 0 1000 0 0 800 680 0 800 454 517 454 500 399 550 0 0 550 0 718 166 638 0 825 700 577 733 600 300 250 0 0 900 0 0 550 350 666 0 454 500 0 600 0 627 0 700 0 500 0 0 0 0 300 0 0 750 1000 500 0 300 800 666 454 0 0 0 0 0 0 100 0 454
#AFC 2014-10-18
300 0 250 400 0 133 0 0 500 0 400 -400 0 625 0 0 0 0 136 0 133 800 0 0 0 0 -300 0 800 0 0 0 0 0 0 0 525 150 52 0 333 400 650 0 350 0 0 0 468 -300 -133 400 199 0 0 0 125 0 425 1000 0 650 0 0 200 0 800 0 0 0 0 0 0 1000 125 250 0 0 0 0 0 1000 450 500 0 0 -750 0 213 0 -150 0 -125 0 235 0 0 0 0 0
200 0 600 800 0 549 0 0 750 0 500 400 0 500 0 0 0 0 454 500 383 900 0 0 0 0 250 0 400 125 125 125 0 0 0 0 366 250 166 0 500 1000 500 0 650 0 125 0 427 600 441 250 633 0 0 0 383 0 825 1000 0 500 125 125 900 166 700 125 125 125 125 1000 0 300 500 850 0 0 0 0 0 300 300 500 0 0 900 125 454 0 700 0 250 0 664 0 0 100 0 0
#hcafc 2014-10-18
0 -400 -300 200 -5 0 0 0 33 58 0 189 0 0 0 350 0 900 0 800 0 0 349 750 -22 0 0 0 -100 -500 800 0 0 250 0 -400 400 400 500 320 0 0 -166 100 100 0 0 0 -131 0 0 166 0 0 1000 133 0 0 0 568 0 0 399 0 0 0 200 0 0 0 500 0 0 0 -150 0 0 0 433 -159 0 -500 234 0 0 0 227 88 0 0 0 0 650 0 700 -500 0 0 160 199
0 400 250 200 560 300 0 0 762 558 66 501 0 0 0 800 0 1000 100 750 0 0 666 950 466 0 0 0 449 500 750 0 0 400 0 900 700 700 1000 559 0 0 433 400 400 500 500 0 450 500 0 833 0 0 300 300 750 0 0 767 0 0 450 0 0 0 900 0 0 0 500 0 0 0 399 0 0 0 833 384 0 1000 375 1000 0 0 545 244 0 0 0 0 750 0 600 600 1000 0 539 350
#Clarets 2014-10-18
-400 0 0 0 0 350 0 -495 0 400 0 0 0 0 0 -350 0 200 400 0 0 -400 136 400 200 0 483 800 500 0 400 0 0 312 0 250 -56 390 0 375 175 1000 -56 0 0 375 0 0 0 400 -187 12 0 0 0 136 0 0 0 0 375 312 300 0 0 0 400 0 400 0 0 0 0 0 0 -300 0 100 0 0 0 0 0 0 0 0 0 0 0 350 0 0 800 0 0 162 860 1000 900 625
400 750 0 0 0 650 0 604 0 400 125 0 0 0 0 600 633 525 400 125 0 400 454 600 525 0 444 400 500 183 900 0 0 333 0 1000 443 1000 66 475 266 1000 443 0 0 475 0 0 0 900 500 62 0 0 0 454 0 0 0 0 500 333 800 100 0 0 600 0 233 0 0 100 0 0 0 600 0 1000 0 0 0 0 0 0 0 0 0 0 0 550 0 0 750 0 0 350 830 875 750 600
#WHUFC 2014-10-18
250 0 0 136 0 0 0 0 250 0 200 0 0 0 -431 400 875 0 0 -300 250 0 -155 116 500 -33 625 0 0 500 0 0 0 -300 0 1000 0 0 500 0 0 0 250 333 500 170 0 250 0 0 0 209 500 500 700 500 500 500 500 433 150 500 0 500 400 400 0 625 600 400 0 100 400 0 625 0 0 633 183 0 0 1000 0 0 170 0 0 500 533 125 500 0 0 0 0 0 600 0 0 0
500 0 100 454 0 100 0 100 750 100 100 100 0 0 627 649 800 0 0 600 350 0 288 962 900 833 900 0 0 900 0 0 0 600 0 1000 0 0 900 0 0 0 500 533 550 454 0 800 0 0 0 250 1000 1000 900 1000 1000 1000 1000 549 866 1000 0 1000 800 300 0 900 800 375 0 0 800 0 900 0 0 366 533 0 0 300 0 0 454 0 0 900 733 500 900 0 0 0 0 0 900 0 0 0
#CPFC 2014-10-18
0 0 -400 78 0 0 0 0 0 169 0 0 0 0 0 0 0 0 0 0 93 93 93 -300 700 56 0 0 195 0 600 0 0 700 0 349 500 600 -400 1000 0 0 0 169 200 0 350 0 0 0 -133 0 108 0 1000 0 0 -625 0 500 0 0 169 0 258 0 0 500 500 0 250 500 250 700 0 800 0 700 169 1000 1000 268 0 0 0 350 -133 0 0 -750 0 0 0 0 400 485 169 1000 -125 0
0 0 400 333 0 0 1000 0 0 277 0 0 0 0 0 0 0 0 0 0 477 477 477 600 600 300 0 0 277 0 1000 0 0 600 0 666 200 800 600 400 0 0 0 277 200 0 600 0 0 0 133 0 466 125 1000 0 0 1000 125 150 0 0 277 500 483 0 0 500 500 0 1000 500 875 600 0 400 0 600 277 400 400 196 0 0 0 550 566 0 0 1000 125 125 125 0 850 490 277 300 300 0
#CFC 2014-10-18
300 700 0 0 1000 0 366 0 0 0 0 183 0 129 183 -400 78 500 500 -200 0 0 0 0 0 0 183 250 250 130 0 0 500 0 0 0 0 0 0 0 0 0 200 0 0 0 100 0 1000 -125 0 0 0 0 0 237 0 0 0 0 0 0 0 0 533 0 -16 250 0 0 0 -520 0 0 0 0 0 0 0 800 580 0 0 0 0 0 0 0 900 93 0 0 0 0 68 0 136 500 0 0
200 850 125 0 1000 125 700 66 0 0 0 366 0 429 366 400 333 900 900 600 0 0 0 0 0 125 366 500 500 1000 0 0 1000 0 0 0 0 0 0 0 0 0 300 0 0 0 150 0 300 375 0 0 0 0 0 875 0 0 0 0 0 0 0 0 633 0 533 750 0 0 0 666 0 0 0 0 0 0 0 700 770 0 0 0 0 0 0 0 350 477 0 0 0 0 260 0 500 500 0 0
#EFC 2014-10-18
-193 350 250 0 -400 0 0 200 0 0 0 0 0 0 328 0 506 500 350 625 0 0 0 350 0 0 800 0 -51 0 0 0 0 -400 375 0 0 0 0 0 0 0 490 0 0 350 0 0 350 0 250 0 0 320 0 0 600 166 200 0 -625 -340 0 0 0 0 0 0 0 300 1000 -240 0 625 150 312 350 0 1000 0 0 712 0 -65 0 0 0 0 0 -312 625 0 0 0 500 0 0 0 0 0
375 300 600 0 400 0 0 500 0 0 0 0 0 0 378 0 425 900 300 900 0 0 0 300 0 0 1000 0 262 0 0 0 0 400 550 0 0 0 0 0 50 0 300 0 50 300 50 50 300 0 333 0 0 430 0 0 500 466 500 0 700 955 0 0 0 0 0 0 66 200 1000 539 0 516 650 333 550 0 1000 0 0 625 0 230 0 0 0 0 0 687 541 50 33 266 1000 0 0 0 0 0
#AVFC 2014-10-18
0 0 0 0 -400 0 0 0 0 -600 0 50 -125 0 0 -618 0 100 0 0 0 335 760 0 0 -300 0 0 0 0 -50 0 0 0 268 0 66 0 0 0 0 0 0 266 0 0 0 0 -225 -300 500 -366 0 700 333 0 0 -400 -454 0 6 800 0 0 0 700 300 268 0 -200 136 500 100 0 -475 0 0 100 -50 -50 -50 0 268 72 700 0 0 0 333 -400 -750 0 0 0 400 0 -53 0 0 -75
0 0 0 650 400 0 0 0 0 700 333 100 700 0 0 650 0 950 0 0 1000 411 750 0 0 533 0 0 0 0 400 33 0 0 677 0 633 0 0 0 0 0 0 500 0 0 0 0 500 400 500 633 125 600 333 0 0 750 583 0 575 1000 1000 0 0 600 500 677 0 100 454 625 400 0 550 366 0 400 400 400 400 0 677 273 350 500 0 0 99 500 800 0 0 0 1000 0 535 0 0 466
#NUFC 2014-10-18
0 184 250 0 0 251 0 0 -100 500 -400 0 -750 533 0 0 130 0 49 0 0 -100 500 107 0 628 0 -256 178 166 0 0 0 0 976 -75 250 0 900 -21 -166 0 1000 0 416 0 -275 0 0 0 0 49 -200 0 -200 0 0 -50 333 0 -179 -100 0 0 0 0 0 400 445 225 976 -1000 0 0 0 1000 -100 0 -266 0 425 -62 0 0 0 218 -55 0 -400 285 0 0 0 800 -86 0 0 350 250 0
0 588 600 0 0 518 0 0 500 500 400 0 1000 1000 0 0 357 0 450 0 0 500 500 535 0 445 700 750 335 166 700 0 0 0 800 725 500 0 1000 199 833 0 1000 0 500 0 400 0 0 0 0 450 400 0 50 0 0 800 833 0 525 500 0 0 0 0 0 800 668 650 800 1000 0 0 300 1000 500 0 266 0 525 187 0 0 0 475 244 0 400 535 0 0 0 700 622 0 0 450 300 0
#LCFC 2014-10-18
-400 0 0 0 0 49 0 350 0 0 -200 976 -266 425 0 350 -400 1000 400 -400 -150 229 24 0 0 0 0 0 68 -93 149 -49 1000 0 0 -150 250 500 0 500 500 0 550 0 285 233 0 0 250 -400 350 0 0 0 0 0 0 100 -150 -150 -150 0 0 -150 800 -199 -400 0 -125 -199 350 33 -199 -199 0 -150 -400 -400 -199 -100 0 0 0 -199 -199 0 1000 0 0 0 0 0 0 0 0 0 525 0 0 400
400 0 0 0 0 450 0 650 0 0 800 500 266 525 1000 650 400 1000 400 400 500 564 381 0 0 0 0 0 377 256 500 266 1000 1000 0 500 1000 750 0 900 500 0 250 0 345 466 0 100 500 600 480 0 0 0 0 500 0 400 500 500 500 500 0 500 1000 500 400 0 375 500 550 500 500 500 0 500 400 400 500 850 333 0 0 500 500 0 1000 0 0 0 0 0 0 0 0 0 366 0 0 400
#SaintsFC 2014-10-18
-400 -100 625 -187 0 500 800 0 850 -300 -300 400 590 0 0 375 781 0 0 0 250 450 350 -200 166 -300 0 0 500 1000 0 0 500 0 0 0 387 375 540 500 0 250 475 750 0 562 0 133 0 -400 0 0 0 317 766 0 988 766 0 0 500 400 61 -100 -600 350 1000 136 375 333 0 0 -714 800 191 0 100 0 -500 0 187 0 100 -400 625 0 356 -533 -155 383 0 0 0 433 16 0 0 750 0 400
400 600 666 425 0 500 750 0 500 600 600 625 780 0 0 1000 600 0 0 0 800 475 300 100 383 399 0 0 600 750 0 0 500 0 0 0 575 496 819 400 0 694 800 675 0 466 0 266 0 400 100 0 0 645 583 0 650 583 0 0 550 375 400 250 700 550 750 454 750 333 0 0 857 400 383 0 366 400 1000 0 375 0 100 400 600 0 436 799 288 795 0 0 0 638 183 0 0 400 0 425
#SAFC 2014-10-18
-50 0 -400 0 400 0 0 -55 0 0 0 0 0 -97 199 325 0 0 400 500 0 -250 0 0 0 0 0 0 0 625 0 500 0 -97 0 0 -125 95 0 100 128 0 0 800 200 500 0 31 136 0 0 136 575 550 0 245 -50 0 418 150 400 268 0 -400 500 0 0 -202 0 800 -500 0 -800 0 0 0 0 0 267 0 976 0 700 437 193 400 136 400 50 0 0 0 266 0 -112 300 0 0 0 0
150 0 400 66 800 0 0 244 1000 0 0 0 0 485 500 500 0 0 800 500 0 250 0 66 400 66 0 0 750 600 0 700 0 485 0 0 70 517 0 300 568 0 0 400 400 1000 0 545 454 0 66 454 333 774 125 618 400 0 527 366 400 577 0 400 800 0 0 344 0 750 1000 400 900 0 0 0 0 0 863 0 500 0 600 694 393 700 454 700 1000 0 0 0 383 0 650 0 0 0 0 0
#MCFC 2014-10-18
0 250 0 733 500 500 100 0 0 0 1000 -400 0 266 320 0 375 750 -400 227 -64 0 -400 1000 81 0 0 50 -200 525 0 0 0 0 -500 -16 0 0 0 750 142 0 525 0 500 300 0 0 -400 0 0 450 99 0 0 300 68 0 0 0 0 0 298 500 0 500 375 0 800 100 -250 0 0 -250 68 175 0 468 0 100 0 0 0 200 0 0 0 0 0 0 0 0 156 350 -33 633 1000 625 0 -16
0 600 0 833 1000 1000 300 0 1000 0 300 400 0 816 522 0 416 400 700 545 798 0 700 750 216 0 0 766 600 366 0 0 0 0 1000 533 0 0 0 950 767 0 366 0 1000 633 0 1000 700 0 0 850 800 0 0 350 289 0 1000 0 0 0 631 900 0 900 541 0 400 300 399 0 0 399 289 275 0 427 0 300 1000 0 0 400 100 500 1000 1000 0 0 0 0 416 450 666 966 1000 416 1000 533
#COYS 2014-10-18
0 -400 383 0 0 -506 0 800 0 -200 0 400 733 0 -44 0 0 800 437 0 0 800 -400 0 0 -133 0 0 500 375 1000 0 -437 178 100 0 0 0 0 0 0 700 250 27 0 300 229 0 781 400 0 0 0 -139 466 50 0 0 0 0 171 700 600 59 1000 0 0 136 -400 1000 62 158 0 0 0 0 833 0 136 319 700 0 0 250 -500 0 350 0 0 -250 200 500 166 136 400 92 0 0 650 1000
0 400 377 0 0 560 66 700 0 0 0 500 433 0 577 0 1000 1000 687 500 0 700 700 0 0 799 0 300 500 750 1000 0 500 484 1000 0 0 500 0 0 0 600 900 255 0 488 429 0 833 425 0 0 0 220 366 50 0 0 0 0 950 600 525 429 750 0 0 454 400 400 350 679 0 0 0 0 366 0 454 522 800 0 0 500 400 0 362 0 0 200 200 450 522 454 1000 466 0 0 625 200
#WHUFC 2014-10-05
0 68 0 500 0 136 136 0 0 112 0 -125 -400 0 0 0 0 0 0 0 0 0 0 0 0 625 0 0 0 0 -11 -50 0 334 250 0 0 0 0 0 0 488 300 0 -617 1000 0 0 -350 0 0 75 0 300 0 0 -100 800 488 0 0 0 500 446 0 0 136 0 -200 500 0 500 700 266 0 0 0 500 100 0 700 0 400 500 0 0 317 0 0 317 317 0 -12 0 0 0 -400 150 800 0
950 227 0 900 0 454 454 0 0 251 0 375 600 0 0 0 0 1000 0 0 0 0 0 95 0 888 0 0 0 0 255 200 0 463 500 0 0 0 0 0 100 222 200 0 678 300 0 0 900 0 0 900 0 512 0 0 200 400 850 0 0 0 900 535 0 1000 454 0 0 900 0 900 600 666 0 0 0 900 900 0 600 0 800 900 0 0 542 0 0 542 542 0 0 0 95 1000 400 550 400 0
#QPR 2014-10-05
0 0 -466 0 249 0 0 0 0 0 0 133 -400 350 0 133 0 0 0 167 0 1000 0 -155 -400 0 0 -50 350 0 0 0 0 0 0 0 -30 166 0 250 800 0 100 0 100 250 200 300 0 0 480 0 250 -1000 100 0 0 0 500 -200 136 625 500 433 200 0 0 0 0 0 0 0 0 0 0 287 0 0 0 0 500 0 0 0 0 0 133 250 0 0 0 0 0 0 0 0 0 0 524 -100
0 0 533 0 500 400 0 375 0 0 0 727 600 750 0 727 0 1000 0 636 0 400 0 288 600 0 0 836 600 0 0 0 0 0 0 0 269 727 0 333 400 0 100 0 100 500 100 483 0 0 720 0 625 900 100 0 0 0 1000 200 454 500 500 733 700 0 0 0 0 0 0 0 0 0 0 370 0 0 0 0 500 0 0 0 0 0 727 250 0 0 0 0 0 0 0 0 0 0 775 200
#CFC 2014-10-05
0 0 250 666 0 0 0 392 0 -316 0 0 -359 0 1000 0 0 0 0 0 0 833 -1000 402 0 0 0 700 0 0 0 0 -400 0 -79 0 -400 0 0 0 266 0 0 500 0 0 0 0 0 0 0 333 0 0 0 0 0 525 0 -400 -1000 0 0 0 -500 0 -500 0 333 800 283 0 333 136 0 0 400 200 250 0 300 166 333 -50 0 800 66 0 -50 400 500 -500 0 750 500 0 400 1000 250 333
0 0 1000 916 0 0 0 684 0 516 0 0 557 0 400 0 0 0 0 0 0 783 1000 680 0 0 50 600 0 50 0 0 600 0 333 0 400 0 0 0 366 0 0 888 0 0 0 0 0 0 0 666 0 0 0 0 100 666 0 400 1000 0 0 0 700 357 900 0 666 1000 450 0 666 454 0 0 500 200 433 0 0 333 666 700 1000 750 366 0 700 500 500 533 0 800 475 0 1000 1000 333 666
#AFC 2014-10-05
250 0 0 392 0 400 0 1000 0 -359 -300 525 0 0 0 0 0 0 0 0 850 0 0 -462 166 650 -187 0 -187 200 0 -500 100 250 100 0 0 -500 0 -400 0 0 0 360 0 -1000 500 0 136 0 0 0 -1000 -800 -166 -1000 -166 -1000 50 -166 -1000 0 0 400 -500 -1000 0 -166 0 350 -614 0 0 0 0 -75 0 250 800 200 400 0 -250 -75 0 0 0 0 0 0 0 0 0 0 0 500 500 -75 0 -125
600 0 0 684 0 425 0 1000 0 557 400 600 0 0 0 100 0 0 0 0 650 50 50 633 418 1000 500 0 500 262 0 700 200 250 200 0 0 700 0 400 0 0 0 950 0 1000 500 0 454 0 100 1000 1000 900 341 1000 341 1000 366 341 1000 0 533 1000 533 1000 0 341 0 650 770 0 0 0 0 550 0 312 750 100 900 0 450 550 0 0 95 125 0 95 125 0 95 125 0 500 500 550 66 200
#COYS 2014-10-05
0 800 0 -345 0 0 66 0 0 0 800 0 -260 0 -262 800 100 266 600 0 33 182 666 0 404 0 0 136 0 0 0 -425 625 0 250 431 266 -125 0 0 0 781 900 250 0 0 0 0 0 0 1000 0 250 -500 781 1000 0 208 0 0 0 200 -87 0 250 0 0 175 0 0 -47 166 0 390 500 175 0 0 0 0 0 0 0 -56 0 -125 0 0 112 -1000 0 812 700 190 120 437 122 0 600 52
0 750 650 470 0 0 833 0 1000 0 1000 0 166 0 444 1000 200 600 1000 0 600 534 916 0 666 0 0 454 0 0 0 466 700 0 1000 687 454 366 0 0 0 937 1000 400 83 0 0 0 0 0 1000 0 250 900 1000 300 0 666 66 0 0 700 451 425 1000 0 0 475 0 0 279 666 0 500 766 400 0 0 0 0 0 0 0 218 0 375 0 0 300 900 1000 1000 600 525 580 650 607 1000 650 566
#SaintsFC 2014-10-05
900 900 525 700 600 500 800 142 0 0 400 1000 0 533 50 550 333 0 0 166 800 566 1000 0 118 375 800 800 650 0 800 533 500 279 0 500 550 900 300 0 750 0 542 -155 400 0 333 0 900 0 412 -125 0 -266 0 0 0 0 0 436 708 0 0 285 500 0 0 250 0 181 0 0 0 0 -95 0 300 0 250 0 0 0 625 0 100 0 1000 0 340 136 0 0 0 375 250 -133 400 500 0 1000
1000 1000 366 600 825 500 750 767 1000 650 800 300 0 300 548 750 1000 0 0 493 750 700 750 800 327 329 750 1000 550 0 750 300 500 391 0 562 650 1000 100 0 1000 0 765 288 950 0 833 0 1000 0 620 375 0 733 1000 0 0 0 0 563 829 0 0 535 600 0 0 466 0 496 0 0 0 0 670 0 750 0 716 0 0 0 1000 0 377 266 300 0 513 454 100 0 0 500 250 450 550 600 100 1000
#MUFC 2014-10-05
440 0 0 162 -200 0 136 400 350 0 250 0 500 -666 0 0 0 250 -83 0 0 -400 800 0 0 0 100 500 -138 0 -66 200 500 -99 500 100 0 0 0 0 166 215 -430 -200 150 575 0 0 -50 0 750 0 0 1000 0 200 91 0 0 0 0 -66 0 0 625 200 433 0 500 200 0 0 325 136 0 200 214 0 0 266 0 0 850 416 600 270 0 0 500 200 0 0 0 -99 566 0 49 0 0 0
750 0 1000 300 441 0 454 416 550 0 500 0 500 833 0 100 0 600 33 0 0 600 400 0 0 0 100 500 600 0 433 500 1000 633 1000 300 0 0 0 0 333 364 250 200 700 1000 0 0 483 0 1000 0 0 750 50 450 411 0 100 0 0 583 0 0 600 200 833 0 500 100 0 0 566 454 0 100 500 0 0 799 0 0 650 583 1000 466 0 0 500 200 0 0 0 250 916 0 50 0 0 0
#EFC 2014-10-05
250 266 0 270 200 -144 0 0 0 -500 200 -125 68 0 0 450 0 500 350 0 0 365 0 0 0 0 0 250 0 0 49 0 0 -400 500 136 0 378 200 83 83 83 83 200 200 200 378 378 378 0 500 0 325 0 400 0 0 0 378 200 0 -750 100 0 0 0 0 0 100 -400 266 0 0 0 0 0 300 0 0 0 0 0 -133 208 0 250 380 -500 1000 399 438 0 400 0 0 -500 600 -349 1000 400
600 650 0 466 500 616 0 100 100 1000 500 375 227 0 0 300 0 900 350 0 0 538 0 0 100 100 0 1000 0 0 550 0 0 600 500 454 0 484 250 402 402 402 402 250 250 250 484 484 484 0 666 0 500 0 800 0 0 0 484 250 0 750 200 0 0 0 0 0 200 400 366 750 0 0 0 0 350 0 600 0 1000 0 488 333 0 300 671 666 300 250 300 0 400 100 100 666 600 333 1000 1000
#AVFC 2014-10-04
0 -31 0 250 0 -300 -99 0 250 66 -250 50 250 0 0 0 213 -445 0 -125 150 0 0 75 -333 -750 0 0 0 0 -538 0 0 0 0 0 0 0 0 0 0 -300 0 -116 0 0 0 0 0 0 468 0 0 0 0 0 0 285 -625 500 200 0 0 -99 0 -300 -300 -300 -300 -800 0 -252 700 -333 0 0 0 0 330 0 0 -300 0 0 0 -200 0 187 -250 0 150 0 75 0 0 0 -625 0 212 0
0 200 0 333 0 466 583 0 250 100 449 50 333 0 0 0 372 466 0 375 250 0 0 166 375 1000 0 500 0 0 634 0 0 0 0 0 0 0 0 0 0 600 0 366 0 0 0 0 0 0 449 0 0 0 0 0 0 535 1000 616 200 0 0 270 0 466 466 466 466 900 0 1000 600 666 0 0 0 0 639 0 0 466 50 0 0 200 0 375 400 0 250 0 166 0 0 0 1000 0 595 0
#MCFC 2014-10-04
0 250 0 -269 600 0 0 0 0 0 0 0 0 200 0 200 200 0 0 0 0 200 0 0 0 0 0 0 500 500 500 500 300 0 1000 800 450 900 0 0 583 0 650 0 0 0 158 0 0 0 0 0 0 475 0 350 0 0 0 125 0 0 0 416 0 400 100 0 0 0 0 812 0 300 250 200 0 0 395 0 100 0 0 349 400 0 0 1000 -131 0 0 0 0 381 520 0 0 400 0 0
0 600 0 692 1000 0 0 0 0 0 0 0 0 200 0 600 600 0 0 0 0 600 0 0 0 0 0 0 1000 1000 1000 1000 500 0 1000 400 350 350 0 0 550 0 454 0 0 50 491 0 125 0 0 0 550 825 0 450 0 0 0 166 0 0 0 454 0 800 200 0 0 0 0 400 0 455 600 1000 0 0 572 0 200 0 66 666 800 0 1000 300 427 0 0 0 0 725 454 0 0 233 0 0
#hcafc 2014-10-04
0 250 0 250 0 0 312 -133 0 0 0 -200 100 -18 83 -500 24 0 -125 75 700 0 375 0 216 0 0 625 0 0 -62 -400 0 300 0 0 0 0 100 0 0 0 0 0 0 0 136 0 0 666 0 0 0 0 0 -99 350 0 0 0 -25 0 200 0 350 -350 0 700 0 0 0 0 0 350 0 350 -18 0 433 0 -400 0 100 75 700 0 175 0 66 0 150 0 218 0 0 125 500 0 0 0
0 250 0 250 0 0 541 633 0 0 0 200 200 387 583 600 216 0 375 324 600 0 625 0 377 0 0 1000 0 0 400 400 0 550 0 0 0 0 200 0 0 0 0 0 0 0 454 0 0 666 0 0 0 0 0 466 550 0 0 0 575 0 491 0 550 600 0 600 0 0 0 0 0 550 0 550 387 0 533 0 400 0 200 324 700 0 275 0 427 0 100 0 329 0 0 450 888 0 0 0
#CPFC 2014-10-04
0 0 0 0 0 -400 0 -233 -208 0 0 -500 -500 -500 0 0 0 0 0 -200 100 400 350 500 -216 0 750 0 0 0 0 250 50 0 -50 0 0 705 0 500 0 0 600 0 0 227 600 0 0 500 -125 -66 -333 202 136 0 0 0 300 -400 0 850 600 0 0 0 0 675 0 500 0 0 600 780 400 0 0 0 0 -325 250 200 0 200 200 750 0 200 -71 0 200 100 0 0 0 0 0 200 200 0
0 0 0 0 0 400 0 466 166 0 0 900 900 900 0 0 0 0 50 200 200 233 550 600 600 0 500 0 0 0 0 300 700 0 400 0 0 890 0 1000 100 33 1000 488 500 422 700 0 0 750 416 166 422 447 454 0 50 1000 500 400 0 450 1000 0 0 0 0 700 0 500 0 0 1000 1000 800 0 0 0 0 333 333 100 0 100 100 900 0 100 214 0 100 150 0 0 800 0 0 100 100 0
#LCFC 2014-10-04
0 0 0 0 66 390 100 500 0 0 399 0 -200 31 100 0 0 375 0 0 0 0 0 0 0 0 0 47 0 225 0 0 350 566 250 266 500 -400 100 150 400 113 0 500 400 0 0 0 0 500 1000 1000 0 400 0 200 0 400 0 0 600 -600 -600 -600 500 0 100 100 100 0 0 500 0 0 0 -600 0 0 0 0 0 0 100 0 0 0 100 187 0 0 0 0 178 0 800 0 0 200 528 100
0 0 0 0 733 500 200 550 0 0 750 0 250 400 100 0 0 750 0 0 0 0 0 0 0 0 0 311 0 925 0 0 450 399 500 566 900 400 100 462 800 343 0 150 400 0 0 0 0 150 300 300 0 700 0 1000 0 600 0 0 350 700 700 700 150 0 400 400 400 0 0 1000 799 0 0 700 0 0 0 0 0 0 400 500 0 0 400 450 0 0 0 0 642 0 750 0 0 100 645 100
#Clarets 2014-10-04
312 0 400 0 0 0 0 0 0 0 0 400 136 0 400 100 0 0 100 200 400 0 300 0 0 0 0 0 0 100 0 100 200 0 -600 0 -600 -500 0 0 0 0 400 0 0 0 0 0 0 0 150 0 0 0 400 150 0 -200 0 212 0 0 0 0 400 -699 0 0 400 0 0 -699 0 0 0 0 500 0 0 0 0 25 0 0 333 0 -200 0 0 0 400 0 150 136 400 0 0 0 525 0
333 0 400 0 0 0 0 0 0 0 0 800 454 0 800 400 0 0 750 450 400 0 200 0 1000 0 0 0 0 400 0 750 450 0 900 0 900 500 0 0 0 0 800 0 0 0 0 0 0 0 300 0 0 0 800 650 0 100 0 355 0 0 0 0 800 666 0 0 1000 0 0 666 0 0 0 0 1000 0 0 0 0 50 0 0 500 0 200 0 0 0 800 0 100 500 800 0 0 0 366 0
#LFC 2014-10-04
0 0 250 -699 600 0 -699 -150 1000 0 0 -500 136 136 0 500 -233 -1000 0 0 0 0 400 0 0 800 625 200 -269 0 217 600 -83 400 0 500 0 -400 500 0 0 550 0 0 0 0 500 136 -800 250 0 -250 -100 0 0 600 800 0 0 237 0 168 0 300 -250 0 -100 0 0 0 -100 -250 600 0 0 136 800 0 0 300 0 0 -71 875 392 0 0 800 316 136 0 0 800 249 0 0 625 0 0 216
0 0 600 666 1000 0 666 250 1000 0 0 1000 454 454 0 1000 283 800 0 1000 0 0 425 0 0 1000 316 400 692 100 347 1000 83 400 0 750 0 400 500 0 0 650 0 0 0 0 900 454 800 678 0 400 100 0 0 1000 1000 0 0 512 0 377 633 0 888 0 100 0 0 0 100 400 1000 0 0 500 1000 0 0 50 0 1000 467 700 517 0 0 1000 511 454 0 0 1000 600 0 0 500 0 0 450
#WBA 2014-10-04
-250 0 0 0 400 -150 0 500 216 -800 400 800 0 0 375 333 -63 160 400 0 -83 350 -400 -116 50 0 199 0 -37 200 250 0 62 0 0 0 425 150 0 100 400 387 250 -142 -200 0 0 0 0 0 0 500 0 0 -102 0 250 0 0 0 0 0 -400 0 50 0 0 0 800 400 0 250 125 200 0 0 500 0 0 250 0 0 137 0 0 0 0 0 0 -50 0 200 0 800 0 0 0 0 0 500
500 0 0 0 200 300 0 500 533 900 650 750 0 0 750 833 480 552 700 0 762 300 400 191 533 1000 455 0 283 1000 333 0 375 0 0 0 719 277 0 400 700 587 333 480 950 0 0 0 0 0 0 150 0 0 144 0 200 0 0 0 0 0 400 0 575 0 0 0 900 400 0 333 666 300 0 0 500 0 0 900 0 0 350 0 0 0 0 0 0 200 0 300 0 700 0 0 0 0 0 600
#SAFC 2014-10-04
266 200 0 -50 -25 1000 0 250 800 587 500 0 0 800 0 0 400 909 500 0 -22 0 -799 0 500 0 212 700 800 100 500 -125 0 193 400 900 400 900 0 0 201 -187 0 0 339 0 -125 300 500 400 1000 0 0 227 0 0 400 500 0 800 0 400 0 0 0 0 200 0 800 50 0 -500 0 0 400 150 800 1000 0 -12 375 0 100 433 200 0 0 400 400 268 109 0 200 500 0 170 200 400 433 0
633 900 0 312 425 1000 0 449 900 250 500 66 0 1000 0 0 400 780 500 0 588 300 1000 0 900 0 501 900 875 700 1000 116 0 477 700 1000 800 1000 0 0 477 500 0 0 563 0 116 450 500 200 300 0 0 545 0 0 400 800 0 400 0 400 0 0 0 0 200 0 750 50 0 1000 0 400 800 300 750 1000 0 450 750 0 300 833 200 500 500 1000 400 650 394 0 500 500 0 454 200 400 733 400
#SCFC 2014-10-04
0 227 500 0 0 0 0 125 0 0 500 0 0 0 -150 0 -500 0 0 -200 100 -12 462 462 0 500 0 312 -349 0 0 0 0 0 1000 500 0 0 0 0 0 0 366 -1000 350 800 0 0 800 0 100 800 -187 -390 625 0 0 200 -699 400 0 0 136 0 250 269 100 534 0 0 0 700 0 350 0 0 0 700 0 0 227 227 437 400 0 0 -193 0 700 0 0 250 1000 500 0 0 43 0 0 600
0 545 500 0 0 0 0 500 0 0 500 0 0 0 750 0 900 300 0 400 200 450 925 925 0 183 0 678 333 0 0 0 0 0 900 900 0 0 0 0 0 0 629 1000 462 1000 0 0 400 0 255 1000 500 687 500 0 0 450 666 800 0 0 500 0 333 512 200 751 0 0 0 700 0 300 0 0 0 700 0 0 545 545 350 200 0 0 450 0 700 0 0 288 300 900 0 0 408 0 50 633
#Swans 2014-10-04
-500 0 0 -155 0 0 0 0 0 266 93 250 0 -237 0 -237 0 0 93 500 0 0 0 0 0 800 0 0 500 0 655 0 0 500 0 375 0 -500 0 0 0 0 0 0 -200 500 0 0 0 0 0 42 250 0 -200 350 200 0 0 0 187 379 0 0 100 400 400 333 0 700 -57 700 700 100 0 0 500 400 100 100 0 0 0 0 0 136 0 0 400 -150 375 0 0 375 500 -400 123 100 136 300
300 0 0 288 0 0 0 0 0 250 593 400 0 800 0 800 0 0 593 500 0 0 0 0 0 400 0 0 600 0 890 0 0 750 0 1000 0 1000 0 0 0 0 0 0 50 900 0 0 0 0 0 317 1000 0 300 300 1000 0 0 0 500 716 0 0 400 200 200 833 0 700 567 700 700 400 0 0 500 900 400 400 0 0 0 0 0 500 0 0 533 600 416 0 0 416 966 500 650 400 500 412
#NUFC 2014-10-04
250 178 0 500 0 0 400 0 0 300 0 0 0 0 0 -500 800 500 0 50 136 0 0 0 0 -400 0 0 0 -291 -324 -400 0 0 33 350 -375 700 200 0 0 0 -166 0 0 0 900 -500 0 634 350 0 0 0 -500 0 328 -500 0 -500 0 -250 650 -500 0 0 500 0 0 125 0 0 0 0 133 -510 266 -100 0 0 0 0 93 0 325 -500 149 0 520 -500 250 -300 250 0 1000 200 -25 -33 375 -166
600 335 0 522 0 0 800 0 0 500 0 0 0 0 550 1000 400 600 0 500 454 0 0 125 0 600 0 0 0 500 674 400 0 0 716 650 600 900 300 875 0 0 66 0 0 0 350 900 0 500 462 0 0 0 1000 1000 526 900 0 900 0 450 454 1000 0 0 625 0 0 500 100 0 0 0 488 560 333 88 0 0 0 0 483 0 725 900 600 0 909 900 250 475 200 0 300 525 425 700 666 333
#SCFC 2014-09-29
500 0 0 400 500 0 409 0 0 500 0 900 250 166 500 500 0 533 900 0 125 -100 400 0 0 0 500 0 0 250 330 -400 0 -156 0 -200 0 0 900 -750 0 500 216 0 700 750 414 875 500 400 500 258 0 0 368 0 0 300 250 366 0 500 0 0 0 500 500 0 18 0 0 -85 -83 0 0 0 0 500 -360 49 388 0 0 0 0 400 0 136 268 0 800 266 -200 875 233 0 0 1000 -200 0
833 0 0 700 1000 500 437 100 0 500 100 1000 312 250 833 833 0 733 1000 0 500 700 1000 0 0 0 1000 0 0 333 707 400 0 843 0 650 0 0 1000 1000 0 1000 366 0 600 1000 482 900 391 700 1000 566 0 0 643 950 0 750 775 700 0 500 0 0 0 1000 1000 0 575 0 0 496 279 0 0 0 0 500 666 833 400 0 0 0 0 800 250 500 600 0 850 466 700 900 316 0 0 750 200 1000
#NUFC 2014-09-29
250 -100 400 500 0 0 350 200 0 0 0 500 0 0 -250 0 0 500 400 0 0 700 200 0 0 250 0 0 250 0 562 -714 0 0 0 250 500 0 275 214 166 600 136 500 -99 250 0 0 -350 0 0 -500 -175 0 500 -350 1000 0 0 0 -625 350 0 566 -400 575 0 333 0 266 0 -127 0 0 -976 0 625 -350 0 0 375 0 -599 187 350 66 49 -157 700 0 400 500 1000 0 -83 0 0 -155 91 300
600 100 400 1000 0 0 350 346 0 0 0 1000 0 500 312 0 0 1000 800 0 0 600 100 0 125 399 0 125 678 400 700 857 0 0 0 312 833 0 675 571 250 1000 454 550 762 312 0 0 900 0 0 900 650 0 833 900 1000 0 0 0 1000 650 0 966 700 475 0 500 500 591 0 350 0 0 900 0 1000 900 0 1000 666 0 833 437 450 388 950 226 600 0 700 500 900 0 466 0 0 288 411 650
#WBA 2014-09-28
0 0 0 136 250 250 500 250 557 800 0 0 216 300 250 500 0 0 390 250 -111 0 366 0 0 500 -250 800 0 42 375 250 178 0 -200 -400 0 -50 -69 0 250 0 500 -50 -37 0 -41 0 0 -12 300 -100 800 250 100 172 250 -100 -500 400 300 250 650 0 400 0 250 250 750 0 -114 0 0 187 0 0 -400 0 0 0 0 80 0 250 500 0 0 1000 0 0 0 800 -100 0 0 500 0 0 0 0
0 0 0 454 250 250 537 250 666 400 0 300 333 491 450 888 0 0 533 250 214 0 650 0 0 750 550 750 0 517 750 444 289 0 400 600 333 344 566 1000 250 0 500 50 286 500 255 0 0 450 500 600 400 250 1000 393 250 600 300 400 200 250 750 1000 400 0 250 250 750 0 450 0 1000 550 0 0 600 0 0 0 0 520 0 250 750 0 0 1000 0 500 0 400 400 0 0 500 0 0 0 0
#Clarets 2014-09-28
500 -388 400 -100 0 0 0 0 0 -178 150 -388 0 0 -66 0 0 0 400 0 -400 0 0 0 0 0 0 0 0 0 350 250 0 0 400 750 250 700 -131 0 0 285 0 400 0 0 0 0 0 0 -66 136 0 0 0 0 800 400 0 0 0 0 400 0 0 166 166 0 350 0 0 166 600 0 0 350 0 0 0 0 0 0 0 1000 400 1000 400 0 433 0 0 650 500 433 400 -400 0 0 0 0
888 833 800 466 0 0 0 0 0 285 255 833 0 1000 133 0 0 0 800 1000 400 0 0 0 0 0 66 0 0 0 387 900 0 0 800 675 750 600 427 0 0 535 0 800 0 0 0 0 0 0 133 454 0 0 0 0 1000 800 0 0 0 0 800 0 0 666 666 0 550 0 0 833 1000 0 0 550 0 0 0 0 0 0 0 300 800 300 800 0 850 0 0 450 750 850 1000 400 0 0 0 0
#AFC 2014-09-27
0 200 250 0 0 0 0 0 0 0 300 0 0 100 0 0 0 400 0 75 0 136 166 0 0 0 0 0 0 0 0 0 0 0 0 0 0 0 -57 200 0 250 -400 700 0 0 300 0 0 0 225 0 0 0 1000 0 0 0 0 500 -83 0 0 0 0 250 0 0 -25 0 0 316 0 500 0 0 0 0 250 0 0 -50 0 -25 0 0 1000 300 0 0 0 100 0 0 466 -155 -100 0 400 511
0 500 600 0 0 100 0 0 0 0 750 0 0 133 66 0 1000 200 0 250 0 454 296 0 0 0 0 0 0 0 0 0 100 0 0 0 50 0 467 100 0 333 400 750 0 0 0 0 0 0 675 0 0 0 1000 0 0 0 0 1000 83 0 0 0 0 300 0 0 250 0 0 516 0 500 0 0 0 0 500 0 0 50 0 250 0 0 1000 750 62 0 0 600 0 0 616 288 100 1000 400 527
#COYS 2014-09-27
244 0 400 0 -49 200 -187 166 700 0 976 0 -394 0 300 700 200 0 0 500 0 0 1000 -400 0 -250 666 466 0 0 900 125 -33 0 800 800 -38 0 0 237 500 0 -16 0 -166 350 0 616 233 0 83 -135 0 458 0 -150 -200 533 976 488 250 -400 -400 -437 0 0 280 -125 976 -195 0 151 625 0 378 976 0 0 -100 0 400 0 325 0 -275 -200 233 511 357 -166 0 500 300 750 500 0 -500 800 275 800
511 0 640 0 350 100 500 400 600 0 500 0 616 0 0 600 100 0 0 600 0 0 950 400 0 500 783 716 0 50 1000 1000 522 0 750 750 311 0 0 875 888 0 533 0 166 650 0 616 633 0 175 360 0 833 0 894 800 666 500 750 300 600 400 500 0 0 689 494 500 750 0 729 600 0 273 500 500 0 450 0 900 0 400 0 533 800 650 527 535 166 0 833 525 899 500 0 450 900 791 400
#CFC 2014-09-27
0 0 0 0 750 150 150 99 0 0 0 0 0 150 0 0 -200 0 0 0 0 0 0 -400 478 0 0 150 0 0 1000 99 150 0 77 0 666 357 200 0 0 250 399 500 0 0 -400 0 0 136 0 0 0 250 0 200 0 500 200 0 0 0 0 0 0 200 700 0 0 0 600 166 700 0 136 600 0 700 0 0 33 0 49 500 -400 0 0 0 0 0 0 -357 0 136 0 -125 136 166 0 0
0 0 0 0 900 250 250 166 0 0 0 0 0 50 0 0 200 0 0 0 0 0 0 400 575 0 0 250 0 0 700 166 250 0 777 100 483 571 500 1000 0 666 900 650 0 0 400 0 0 454 0 0 0 500 0 600 0 600 300 0 0 0 0 0 0 600 800 0 0 0 1000 188 800 500 454 800 0 600 0 0 416 0 250 600 400 0 0 0 0 0 0 461 0 454 0 375 454 188 0 0
#AVFC 2014-09-27
625 -500 600 -500 68 68 0 0 600 250 0 0 0 0 -400 0 0 -400 0 0 0 0 0 -400 -400 -400 0 0 0 0 0 0 350 0 0 0 700 0 0 0 -200 225 0 316 0 0 500 0 -388 -500 750 500 550 0 250 333 333 333 333 333 136 0 0 -200 0 66 266 162 0 333 0 250 500 0 0 0 0 -500 0 0 -187 0 700 0 0 -200 200 500 209 200 200 200 0 0 0 162 0 0 107 205
600 299 950 299 477 477 0 500 950 544 0 0 0 0 600 0 0 600 0 0 0 0 0 600 400 600 0 0 1000 0 0 0 650 0 0 0 600 0 0 0 200 537 0 566 0 0 500 0 833 1000 750 900 500 0 500 500 500 500 500 500 454 0 0 750 0 258 300 600 0 500 0 300 600 0 1000 0 0 1000 0 0 500 0 900 0 0 200 100 833 413 100 100 100 0 0 0 475 125 0 285 255
#CPFC 2014-09-27
450 450 -234 0 500 250 0 -21 250 0 0 -333 -400 -212 0 -400 365 100 0 -250 -155 -333 68 500 150 136 -66 0 750 -131 1000 296 500 0 200 416 40 -181 0 166 500 0 0 68 400 -54 600 0 0 434 0 568 1000 -188 0 0 0 -291 -244 500 0 78 0 50 0 0 425 0 0 0 800 570 0 136 0 0 118 -400 562 145 -309 -150 -400 100 800 196 149 -250 150 349 0 183 433 -49 500 392 0 0 -131 68
300 300 900 0 600 250 0 350 350 0 1000 366 400 387 300 400 550 400 466 700 288 666 277 600 408 454 600 0 1000 427 300 666 600 0 200 500 307 677 0 283 700 0 0 227 800 351 600 66 0 801 0 377 300 238 0 0 250 541 683 900 0 384 0 350 400 0 533 0 0 66 400 593 0 454 0 0 327 400 944 151 550 399 400 133 400 350 588 200 466 444 0 458 633 500 500 517 1000 0 427 260
#LCFC 2014-09-27
625 250 0 -61 400 425 446 0 0 437 -194 0 600 0 416 0 0 468 0 468 800 500 0 0 -400 400 0 0 500 500 433 0 420 900 500 0 420 900 0 625 0 0 266 800 266 0 800 552 500 0 0 0 0 -250 0 0 625 500 0 0 285 400 -150 250 100 200 0 0 0 -200 -250 0 0 500 0 633 500 500 500 0 62 0 136 0 433 -166 -250 -200 625 0 0 -375 0 0 0 0 1000 0 0 0
1000 333 0 357 500 512 535 0 0 700 288 0 450 0 700 0 0 966 100 966 900 900 0 100 400 633 0 0 550 550 733 0 750 600 1000 550 750 600 550 700 0 0 366 900 366 0 900 466 1000 550 0 0 100 700 0 100 533 500 550 0 535 400 750 283 1000 300 0 0 66 200 700 0 0 500 550 566 500 500 500 0 450 0 454 0 688 1000 250 600 600 0 0 500 0 0 0 0 1000 0 0 0
#hcafc 2014-09-27
150 -400 99 137 500 136 800 550 400 0 0 406 0 -77 33 100 137 312 357 0 0 0 100 250 -333 -400 500 -500 250 -333 -400 -400 -400 81 -99 0 400 -600 350 0 0 0 0 0 237 -250 0 0 400 400 0 0 0 0 156 0 0 500 0 100 100 100 100 0 -125 357 0 1000 445 0 0 0 136 0 125 0 0 450 0 0 0 0 350 100 -94 0 525 200 0 -700 -400 0 200 200 0 200 -312 0 -125 16
250 400 650 687 500 454 750 700 733 0 0 625 0 144 366 400 577 283 571 0 66 0 450 750 355 400 1000 866 750 355 400 400 400 350 475 0 408 800 350 66 0 0 0 33 312 450 0 0 900 400 0 0 0 0 500 0 0 744 0 400 400 400 400 0 250 535 0 300 700 0 0 0 454 0 525 0 0 644 0 0 0 0 550 133 233 0 366 100 0 200 550 0 100 100 0 100 100 0 375 333
#MCFC 2014-09-27
-699 250 0 0 150 0 0 0 0 -262 250 645 0 0 -274 250 0 0 0 0 0 100 136 0 136 0 400 136 0 0 136 0 0 0 0 300 0 0 0 0 -400 0 0 0 136 0 0 0 0 136 0 0 0 0 -500 0 0 0 800 0 0 0 0 0 0 0 0 0 0 100 400 136 0 0 480 216 0 480 68 0 0 0 800 0 0 0 0 -150 0 0 0 0 0 200 0 0 0 0 0 0
666 600 0 0 250 0 0 0 0 387 200 700 0 0 458 666 0 0 0 0 0 400 454 0 454 0 800 454 0 500 454 0 0 0 0 466 0 0 0 500 400 500 0 0 454 500 500 1000 0 454 0 0 0 0 400 0 500 0 1000 0 399 500 500 0 0 0 0 500 1000 600 425 454 0 1000 430 866 1000 430 727 0 0 0 700 0 0 0 0 733 0 0 0 0 0 200 1000 0 0 0 0 0
#MUFC 2014-09-27
19 0 500 50 0 800 250 77 500 50 350 0 0 200 450 0 0 0 0 0 99 0 0 100 0 0 0 0 0 0 0 0 0 0 0 91 450 -431 -400 0 150 -250 0 550 -1000 325 136 0 0 0 0 -100 78 0 0 600 0 0 450 450 -800 100 0 0 0 0 525 37 0 37 78 0 0 550 0 0 250 78 -400 0 200 0 0 93 93 781 0 700 -66 0 350 0 -500 0 200 0 0 0 0 100
746 0 825 100 0 750 600 522 500 700 650 0 0 300 300 0 0 0 0 0 233 0 0 1000 100 0 0 125 0 0 0 0 0 0 0 411 300 727 700 0 0 100 0 350 1000 566 500 1000 0 0 0 200 233 0 0 746 0 0 300 300 900 400 66 0 533 0 950 287 0 287 233 0 0 350 0 0 250 233 400 0 400 0 0 343 343 500 0 800 700 0 550 0 1000 0 200 0 0 0 0 200
#WHUFC 2014-09-27
0 250 0 500 500 0 0 14 -166 -400 -400 99 450 0 200 500 0 0 -31 -291 0 -200 500 0 0 136 136 0 0 166 533 -93 0 0 0 -125 0 225 0 400 0 399 0 0 0 250 -600 0 315 -62 -68 0 0 0 0 0 400 0 400 0 0 400 212 0 100 -1000 100 100 100 178 0 0 0 -50 0 0 0 0 375 1000 -400 -200 -200 0 0 0 0 0 333 136 -400 0 0 -400 100 -155 0 100 250 450
0 483 0 750 900 0 0 162 233 700 700 633 700 0 200 500 0 0 377 541 0 300 888 0 1000 454 454 0 0 666 629 406 0 0 100 50 0 800 0 400 0 800 0 0 0 500 800 0 527 187 454 0 0 0 600 0 400 0 400 0 0 450 300 100 200 1000 200 200 200 300 0 0 125 250 0 0 0 0 750 300 400 400 400 0 1000 0 0 0 433 454 400 0 0 400 200 288 0 1000 500 900
#SaintsFC 2014-09-27
175 0 0 0 62 0 0 0 0 171 600 0 -77 -400 500 0 500 700 400 -200 500 0 0 83 700 500 466 0 0 500 -293 -600 -200 0 549 0 500 0 466 0 224 100 -100 687 433 170 0 300 0 342 0 33 719 700 0 100 150 116 -100 466 124 600 0 -166 500 600 250 0 0 500 -125 124 100 250 800 250 366 268 1000 -31 136 0 49 0 91 -325 250 0 0 100 200 0 0 146 1000 1000 -150 0 0 100
700 0 0 0 1000 0 0 0 0 437 1000 0 644 400 900 0 600 600 400 250 750 0 0 416 766 500 566 500 0 666 450 900 50 0 674 0 600 0 544 0 700 1000 100 800 400 454 0 300 0 576 0 300 423 600 0 416 725 350 100 600 500 550 0 166 900 1000 500 0 0 1000 200 275 400 500 400 750 433 475 300 627 454 0 700 100 558 550 1000 0 0 200 300 0 0 453 400 300 422 0 0 600
#QPR 2014-09-27
350 0 -400 124 -6 0 0 -155 200 106 0 0 224 133 0 0 133 600 266 -125 0 83 700 -437 0 1000 0 0 0 500 0 0 106 0 0 400 0 355 0 -62 -75 1000 70 0 0 -388 600 375 66 -155 500 0 703 0 0 0 0 106 0 0 0 200 0 -50 -500 -307 331 -390 433 0 0 136 0 66 0 -200 0 0 49 250 0 250 -123 -500 106 800 650 50 237 0 0 106 368 0 0 141 0 -500 533 -224
362 0 400 250 247 0 0 288 200 727 0 0 825 727 0 0 727 900 549 375 500 383 600 1000 0 1000 0 0 0 500 0 0 727 0 0 400 0 500 0 366 875 300 744 0 500 833 900 416 762 288 500 0 550 0 0 0 0 727 100 0 0 300 0 0 600 769 595 520 833 0 0 454 0 122 50 400 0 0 450 300 0 333 703 1000 727 400 616 350 575 0 0 727 491 0 0 533 0 1000 200 500
#SAFC 2014-09-27
-712 0 312 500 500 -9 0 0 0 318 -400 400 0 0 0 75 0 106 525 525 0 0 0 0 150 0 0 268 133 133 0 200 0 268 0 0 0 0 200 400 0 0 106 -166 0 333 0 0 -91 -200 500 100 0 0 0 200 0 0 106 0 0 500 332 13 200 0 200 0 500 106 0 -400 0 0 300 -130 106 0 0 0 -700 0 0 0 -166 -700 -700 0 -145 0 0 0 0 500 0 0 268 0 0 170
875 0 333 600 600 602 0 0 0 527 400 400 0 0 0 291 0 727 366 366 0 0 0 0 316 0 1000 427 727 727 0 300 0 427 0 0 0 0 100 900 0 0 727 1000 0 783 50 66 762 600 150 400 0 0 0 100 0 0 727 0 0 500 700 546 200 0 200 0 800 727 0 400 0 0 0 83 727 0 0 0 200 0 0 0 166 200 200 550 320 0 0 0 0 1000 0 0 427 100 0 454
#Swans 2014-09-27
-781 100 0 -333 500 333 312 -250 312 0 -781 0 100 0 0 250 1000 0 0 0 392 525 250 1000 0 800 568 1000 0 500 0 0 0 0 0 0 0 0 0 0 0 0 0 0 0 0 0 1000 0 0 1000 0 468 0 136 -400 0 0 0 850 247 500 200 800 0 0 0 600 0 0 0 0 0 0 400 400 0 136 -125 400 687 0 0 0 0 136 100 0 0 1000 0 0 0 0 136 0 0 0 0 0
700 566 0 666 500 833 575 233 250 0 700 0 650 0 0 300 300 0 0 0 517 366 1000 300 0 700 727 300 0 950 0 0 0 0 0 0 0 0 0 0 0 0 0 0 0 0 0 300 0 0 300 0 727 0 454 350 0 0 0 1000 405 900 300 400 0 0 0 700 0 0 0 0 0 1000 1000 1000 0 454 375 1000 600 0 0 66 0 454 1000 500 0 1000 0 0 0 0 454 0 0 0 0 1000
#LFC 2014-09-27
-200 0 250 0 0 0 0 0 400 250 214 0 0 250 136 99 700 -200 500 0 -100 0 0 0 0 800 0 0 0 505 0 500 357 -100 0 0 781 100 -35 0 500 0 0 500 0 0 250 0 350 350 800 0 196 0 -524 0 0 0 0 0 0 0 0 136 136 -199 362 0 0 -41 0 0 0 566 200 544 0 0 0 -50 -400 136 -50 -50 0 0 800 0 250 500 136 0 0 250 0 250 433 0 250 0
200 0 333 0 0 0 0 0 1000 600 428 0 0 333 454 233 600 262 866 0 450 0 0 0 0 900 0 0 0 527 500 900 571 200 0 0 1000 566 71 0 600 0 0 1000 0 0 250 0 550 450 400 500 658 0 591 0 0 0 0 500 0 0 0 454 477 836 568 0 0 458 0 0 0 866 100 711 100 0 0 400 400 454 400 400 0 0 750 0 250 1000 454 0 0 250 0 200 833 0 200 0
#EFC 2014-09-27
250 0 0 357 0 0 0 -35 0 0 0 500 0 0 0 0 0 0 0 0 -50 0 400 0 1000 -400 300 0 800 0 0 250 -62 0 0 700 0 500 500 0 250 -26 -38 700 0 800 -400 112 500 214 0 -700 -700 0 0 0 0 0 0 0 0 -166 500 -600 45 100 -262 100 0 -187 366 -225 0 600 0 500 0 0 0 0 -500 300 500 400 -100 -400 0 0 625 0 -50 800 -200 0 0 0 0 0 187 0
600 1000 0 571 0 0 0 71 0 0 0 750 0 0 0 0 0 0 0 0 400 0 1000 0 300 400 450 0 400 0 0 250 375 0 0 600 0 500 500 0 391 353 345 600 0 700 750 649 500 571 0 200 200 0 0 0 0 0 0 0 0 562 500 1000 484 300 262 450 0 500 483 550 0 575 0 900 0 0 0 0 400 0 550 800 600 400 100 0 500 0 50 400 750 0 0 0 0 66 625 1000
