#WBA 2015-09-28
0 0 0 0 0 1000 0 0 583 49 0 0 -57 0 1000 0 500 0 0 333 0 1000 344 0 0 160 500 500 1000 -291 0 -71 0 412 437 0 350 0 0 466 0 312 0 0 -500 1000 0 0 0 0 0 0 0 0 0 0 0 0 0 500 -400 0 0 0 366 -75 -175 0 0 0 283 1000 0 199 -41 -93 0 800 -500 96 437 375 0 255 255 255 0 -350 100 0 378 200 800 0 0 0 0 0 0 0
0 0 0 66 0 400 0 0 550 650 0 0 617 125 400 0 750 0 125 666 0 400 488 0 0 539 500 833 400 541 0 214 0 575 333 0 300 0 0 616 300 333 0 0 1000 400 0 0 0 0 0 0 0 300 0 0 0 66 66 1000 400 0 0 0 590 775 825 100 0 0 516 1000 0 350 491 950 33 400 500 738 875 750 66 602 602 602 0 600 266 0 251 300 750 0 0 0 0 0 0 500
#EFC 2015-09-28
49 378 1000 0 0 0 1000 1000 33 600 0 250 0 0 1000 1000 0 333 -71 100 100 0 1000 68 0 0 0 0 0 800 800 1000 136 375 0 0 0 0 0 -71 0 0 0 0 500 0 0 0 0 400 375 0 0 -100 362 0 0 0 0 0 0 0 0 0 0 0 -125 -83 199 -166 0 375 800 0 0 1000 0 -600 0 -237 0 0 -400 0 0 400 495 591 288 0 0 0 366 166 0 0 0 -500 0 49
450 251 1000 0 0 100 1000 1000 33 1000 0 250 0 0 400 400 0 833 214 200 200 0 1000 227 0 0 0 0 0 400 400 400 500 500 0 0 0 0 0 214 0 0 0 0 1000 0 0 0 0 250 500 0 0 1000 600 0 0 0 0 0 0 0 0 0 500 0 750 33 355 600 0 500 400 0 100 300 100 733 66 384 0 0 700 0 262 233 600 325 400 125 0 0 633 294 66 0 66 400 66 575
#WatfordFC 2015-09-27
0 0 144 0 0 0 0 0 0 0 -71 300 450 250 0 0 0 0 0 0 136 377 0 0 800 -146 0 144 400 266 0 250 0 -155 0 600 0 0 0 420 -71 0 -400 0 0 0 0 0 191 0 700 -250 -250 0 -500 0 178 0 -100 0 0 234 200 0 0 500 0 0 0 0 0 0 0 0 700 312 0 250 0 0 0 250 0 0 0 233 0 0 0 0 0 0 0 0 0 0 -77 0 0 -234
0 0 533 0 0 0 0 0 1000 1000 214 650 350 200 0 0 0 0 0 0 454 355 0 0 750 466 0 533 633 466 0 200 0 288 0 900 0 0 0 570 214 0 400 0 0 0 0 0 308 0 600 250 250 0 700 0 289 0 0 0 0 583 100 0 0 833 500 1000 0 0 0 0 0 0 600 333 0 375 0 0 0 333 0 0 0 966 0 0 0 0 0 0 1000 0 0 0 644 0 0 427
#CPFC 2015-09-27
0 200 0 0 136 0 144 0 -500 0 0 -71 325 233 0 0 312 0 0 0 0 0 0 0 700 0 0 0 0 0 100 0 437 700 100 312 0 -250 0 0 -250 -250 0 250 0 0 136 -155 0 377 87 0 0 700 1000 625 1000 0 800 0 0 0 0 144 400 1000 250 0 700 -62 0 250 0 0 -71 250 250 0 -250 800 250 250 0 0 0 0 100 416 250 0 200 100 0 0 200 0 100 200 0 100
0 300 0 400 500 0 533 0 900 0 0 214 1000 366 0 0 200 0 0 0 0 0 0 0 750 0 0 100 0 0 100 0 550 799 100 300 0 250 0 0 250 250 0 333 666 0 454 561 0 355 300 0 0 600 750 600 300 0 750 0 0 0 0 533 633 1000 200 0 799 250 0 200 0 0 214 333 333 0 250 575 333 333 0 0 0 0 400 691 333 0 100 400 100 0 100 0 400 100 100 400
#NUFC 2015-09-26
400 400 -166 136 0 500 800 0 0 0 800 0 0 199 -400 0 500 0 -333 100 149 -400 0 0 79 400 800 100 0 -250 800 -400 -131 0 500 -583 -33 0 118 0 0 0 -150 0 0 0 200 375 0 0 400 208 0 0 0 400 400 384 0 0 0 400 0 200 0 0 250 200 500 0 200 254 0 0 -133 178 0 136 0 0 0 0 0 0 383 200 495 0 99 0 1000 0 0 0 0 -650 0 400 0 316
800 800 666 454 0 850 400 0 0 0 400 0 1000 216 600 0 150 0 916 350 505 600 0 100 439 800 750 150 0 500 750 600 427 0 600 1000 633 100 327 0 100 0 800 0 0 0 200 100 0 0 800 300 0 0 100 800 800 513 300 0 0 800 0 500 0 0 333 300 500 0 283 645 0 1000 966 392 0 454 100 0 0 0 0 0 666 300 578 0 800 0 1000 33 0 0 0 1000 0 800 0 516
#CFC 2015-09-26
0 68 700 0 0 0 400 400 -262 1000 0 0 0 0 -550 200 -400 0 0 0 0 0 0 0 0 0 -1000 0 0 -155 0 1000 0 200 500 -100 0 0 0 0 0 300 0 200 0 0 500 -550 -550 0 0 100 0 525 0 500 -550 -100 -123 -600 -400 0 0 -300 0 625 0 -100 0 -100 1000 200 0 0 0 -71 0 0 62 700 -71 0 166 0 0 0 0 -181 -131 0 0 0 214 -100 100 0 200 0 50 -699
0 227 1000 0 0 0 800 800 575 300 0 0 0 0 850 200 600 0 0 0 0 0 0 66 0 0 1000 0 0 288 0 300 0 300 500 0 0 0 0 0 0 200 0 200 0 0 500 850 850 100 0 0 0 500 100 500 850 350 251 900 400 0 0 500 100 900 1000 200 0 200 300 100 100 0 100 214 0 0 875 950 214 0 222 0 0 250 0 368 427 50 0 0 500 200 200 0 100 0 533 666
#LCFC 2015-09-26
0 0 0 0 500 0 -100 800 0 0 0 100 0 0 0 180 800 200 0 600 100 0 -150 0 0 0 0 650 0 0 0 0 0 403 433 0 368 437 0 136 0 0 250 87 0 0 0 750 0 285 285 -71 700 300 0 0 0 0 0 -333 0 0 0 0 0 0 0 475 1000 0 0 0 85 1000 0 0 330 0 -166 83 0 0 -291 0 100 0 0 0 0 -400 1000 250 0 -145 500 0 0 0 0 800
0 0 0 0 500 0 200 400 0 0 0 900 0 0 0 488 400 400 0 1000 900 0 400 0 0 0 0 850 0 0 0 0 0 861 799 0 750 700 0 500 0 0 900 875 0 0 0 450 100 535 535 214 600 200 0 0 0 0 0 666 0 0 0 0 0 0 66 475 1000 0 0 0 293 1000 0 0 570 0 166 83 0 0 541 500 900 0 0 0 0 400 1000 333 1000 770 500 0 0 0 0 400
#AFC 2015-09-26
300 0 -199 400 400 250 0 318 0 0 0 -66 0 0 0 0 0 0 0 512 0 0 0 500 -550 250 136 500 -300 0 0 0 0 0 62 0 -550 0 800 800 0 800 0 0 0 0 0 0 -600 0 0 0 1000 -125 0 0 800 50 -750 800 0 50 -750 0 400 400 0 800 -200 0 0 800 0 800 0 0 266 0 100 170 800 525 0 0 800 800 0 500 -21 -93 0 0 250 0 -100 0 0 0 256 400
900 0 300 800 800 500 66 477 0 0 0 0 0 0 0 0 0 0 0 787 0 0 0 500 850 500 454 500 500 1000 0 0 0 0 875 0 850 0 400 400 0 750 0 0 0 0 0 0 900 0 0 0 300 375 0 0 400 512 1000 400 0 512 1000 0 800 800 0 400 400 0 400 750 500 900 0 0 466 0 900 500 900 562 0 0 400 400 0 500 300 375 0 0 533 0 400 0 0 0 651 900
#LFC 2015-09-26
175 0 0 200 68 0 0 0 125 800 0 200 0 -62 0 0 0 68 0 0 500 250 568 500 0 0 316 300 200 0 0 350 -31 800 0 0 0 0 0 0 0 0 -699 69 0 0 333 0 0 0 233 0 250 -1000 233 0 0 566 400 250 533 642 750 200 0 1000 66 0 500 -16 156 0 -937 0 0 0 0 212 0 0 -200 0 0 0 -350 200 0 -1000 0 0 500 0 0 400 0 -24 33 0 300 -16
525 0 0 100 227 0 0 500 678 1000 0 200 0 187 0 0 0 227 0 0 1000 733 377 850 0 0 716 750 100 0 0 650 527 400 0 0 0 0 0 0 0 0 666 513 0 125 583 0 0 0 233 0 525 857 233 0 0 616 400 300 650 417 400 300 0 400 133 0 850 311 675 0 800 0 1000 0 0 575 0 0 775 0 0 0 700 100 0 1000 0 1000 600 0 0 700 0 575 633 0 500 585
#AVFC 2015-09-26
0 500 400 400 0 0 0 0 500 -625 0 625 -71 -187 0 0 0 200 0 0 0 0 0 700 0 519 250 500 1000 -50 200 0 471 556 68 0 0 500 -125 0 0 -50 100 0 0 0 0 0 0 700 0 0 -71 0 400 400 0 437 0 625 500 136 500 0 0 800 0 0 -300 0 400 800 400 0 500 500 199 -200 0 0 0 0 500 0 0 0 0 600 -50 400 0 275 0 200 0 0 0 0 0 0
0 600 800 800 0 0 0 250 550 1000 0 500 214 500 0 0 0 900 0 0 0 0 0 600 0 690 675 500 300 350 1000 0 666 666 727 0 0 900 625 0 0 550 288 0 0 0 0 0 0 600 0 0 214 0 800 500 0 687 500 500 500 454 600 0 0 575 0 1000 400 0 1000 400 400 1000 500 900 308 100 0 0 0 0 888 0 0 0 0 1000 250 500 0 600 0 1000 0 0 0 0 0 0
#MUFC 2015-09-26
0 200 0 -176 -155 0 0 0 68 200 0 -133 400 0 400 0 0 0 400 0 0 500 0 0 -50 0 0 0 500 0 320 -50 0 0 0 0 625 0 0 0 800 0 0 0 0 0 333 0 0 0 0 0 0 0 -333 0 0 500 0 0 0 1000 1000 1000 1000 33 0 0 0 0 -800 100 500 500 150 150 0 0 -250 0 0 0 0 0 -800 -800 -800 68 0 500 250 0 0 0 0 357 0 0 -125 -800
0 650 500 818 288 0 0 0 227 200 0 355 800 0 800 0 0 0 800 500 0 500 0 0 483 100 400 0 850 355 339 250 0 0 0 0 900 0 0 0 400 0 0 0 0 0 666 0 0 0 0 0 0 0 666 0 0 150 125 0 0 1000 1000 1000 400 422 0 0 0 125 1000 300 1000 850 250 50 0 0 600 0 1000 0 0 0 1000 1000 1000 250 0 500 333 0 0 0 0 538 0 0 375 1000
#SAFC 2015-09-26
0 525 0 0 -77 0 0 0 0 0 -71 0 -400 99 0 -166 375 66 750 0 0 375 0 383 0 0 0 0 500 -400 200 0 250 0 0 0 0 0 0 125 254 -250 0 0 0 0 0 -71 287 -166 -350 0 400 -1000 0 150 0 0 -175 1000 175 250 0 -150 400 433 0 409 -200 0 0 450 0 400 400 225 133 0 0 -77 250 0 -75 83 800 400 0 0 0 275 75 -166 0 0 500 -12 0 31 100 0
100 366 0 0 194 0 0 0 0 0 214 0 600 333 0 66 100 633 800 0 300 1000 0 666 0 0 0 0 1000 400 700 1000 250 0 0 0 0 0 0 200 470 800 0 0 0 0 0 214 287 166 766 0 500 1000 0 300 0 0 850 1000 325 200 300 355 800 733 0 515 700 0 100 475 100 800 400 316 733 0 0 144 333 0 366 83 400 375 0 0 0 437 850 66 100 0 500 341 0 475 383 0
#SaintsFC 2015-09-26
0 0 0 0 100 0 100 0 0 0 0 0 100 1000 0 450 0 0 0 0 0 268 0 0 0 -400 0 0 0 0 418 109 -450 0 0 250 0 433 149 -400 0 0 0 0 500 -200 0 149 300 0 -50 0 0 -66 -77 500 149 270 149 -71 211 0 0 500 0 0 -375 700 0 0 -200 0 625 0 0 200 250 250 500 -100 350 0 625 100 166 0 1000 136 0 0 0 500 500 500 200 0 0 15 -16 0
0 0 0 0 0 0 0 0 0 0 0 0 0 1000 0 500 0 0 0 62 0 408 0 0 0 400 125 0 0 500 527 540 600 0 291 300 0 600 500 400 0 366 0 0 500 0 0 500 750 0 300 0 0 366 144 500 500 366 500 214 327 0 0 1000 0 0 625 600 0 0 400 0 500 0 0 300 200 200 650 300 433 0 600 50 166 0 1000 454 66 0 0 666 900 666 500 0 0 293 349 0
#Swans 2015-09-26
0 0 500 0 0 -200 -71 0 0 500 0 0 -812 0 0 0 0 0 0 0 0 0 0 0 -75 300 227 166 0 0 0 0 200 -71 0 200 0 285 500 0 0 500 250 0 100 0 0 0 0 350 500 0 300 0 350 350 0 350 0 0 0 0 0 0 0 -394 0 375 312 400 357 300 525 500 0 500 500 400 0 0 357 0 0 -71 0 800 0 0 100 0 0 250 250 0 0 350 200 0 0 -200
100 100 900 0 0 700 214 100 100 1000 0 0 1000 500 0 125 0 0 0 0 0 0 0 0 700 500 457 666 0 0 0 0 300 214 0 300 0 535 666 0 0 650 312 0 400 0 0 50 0 550 900 33 200 0 550 550 0 550 0 0 0 0 0 0 0 616 0 500 333 500 571 400 366 666 0 666 666 400 0 0 571 0 0 214 0 1000 0 0 400 0 0 312 312 0 0 800 400 0 0 271
#SCFC 2015-09-26
-71 0 0 0 250 0 0 0 0 0 -400 0 0 -71 433 0 -700 0 0 250 175 0 0 0 0 -400 -100 0 0 333 93 250 0 500 437 400 500 0 400 0 400 400 0 -50 781 0 0 0 400 0 0 -71 400 100 0 0 200 0 0 0 0 0 0 0 0 -225 -9 0 0 250 0 250 250 200 0 812 0 350 0 0 0 350 0 466 0 350 0 0 0 0 0 0 0 316 0 350 0 400 0 136
214 0 0 0 333 0 0 0 0 0 600 0 0 214 733 0 200 0 0 250 325 50 0 0 1000 600 550 0 0 600 159 450 0 500 875 1000 666 1000 1000 100 500 1000 100 150 1000 0 0 0 1000 0 300 214 500 400 0 0 250 0 200 0 0 0 0 0 0 275 371 0 100 312 0 312 312 250 150 1000 0 550 0 0 0 550 0 646 0 550 0 0 0 0 0 0 1000 233 0 550 0 1000 0 454
#AFCB 2015-09-26
0 422 -71 0 0 0 0 -243 0 -200 133 400 250 0 375 0 0 0 5 -400 125 -187 175 166 0 0 0 0 243 -71 0 243 0 318 200 -221 136 250 0 0 268 224 0 136 500 0 200 500 0 0 0 466 -125 0 139 533 0 166 1000 0 250 583 0 312 0 -71 200 250 0 0 136 425 31 136 781 0 0 250 0 68 200 0 250 250 0 -71 100 800 0 -750 -400 100 400 268 -625 0 -31 0 99 0
0 294 214 0 0 0 0 450 0 700 433 400 333 0 1000 0 0 0 522 400 1000 500 462 555 0 0 0 0 502 214 1000 502 500 477 700 418 500 850 0 0 750 416 0 454 500 750 200 500 0 0 0 533 375 0 382 500 1000 666 300 0 250 725 0 333 0 214 200 250 0 0 454 575 679 500 1000 0 0 250 0 227 600 95 250 250 0 214 200 750 0 700 400 400 1000 750 900 0 450 0 700 0
#WHUFC 2015-09-26
0 0 0 500 0 136 -100 175 0 0 0 0 327 0 600 0 0 0 200 318 0 1000 1000 261 0 0 0 0 4 400 400 0 0 0 350 0 0 0 500 0 0 0 0 300 -75 0 0 0 650 -300 0 281 0 266 500 -175 285 0 0 468 366 1000 0 375 0 0 100 0 500 233 318 625 0 136 250 250 0 175 295 0 0 0 166 600 0 800 500 -300 412 0 200 62 125 1000 1000 700 1000 400 425 625
0 100 0 500 0 454 200 275 0 0 0 0 651 0 700 0 100 0 900 539 0 300 300 616 0 0 0 500 250 900 900 0 0 0 350 0 0 0 1000 0 0 0 0 800 500 1000 0 0 616 500 450 750 100 633 500 666 535 0 25 602 700 1000 0 733 0 0 1000 0 1000 200 677 600 0 454 200 200 0 450 418 0 0 0 416 900 0 750 500 100 449 0 900 437 491 300 300 766 300 500 950 600
#ncfc 2015-09-26
333 -100 800 500 700 0 200 300 700 0 700 0 350 -400 0 333 780 0 333 -600 1000 500 0 -100 333 0 350 -50 0 0 0 0 800 0 125 208 110 -16 200 100 -113 0 0 0 -71 100 0 -200 533 625 0 33 136 0 366 0 500 0 0 700 412 350 200 800 550 800 0 0 0 -62 0 500 -400 0 0 0 0 412 0 0 154 0 0 0 0 500 400 625 400 149 0 -500 0 0 136 49 0 0 0 0
833 1000 750 1000 700 0 200 100 700 1000 700 0 500 700 0 833 1000 0 833 700 1000 1000 66 600 833 0 300 400 0 0 0 0 400 1000 500 591 433 177 700 383 180 0 0 100 214 383 0 450 455 500 0 66 454 0 366 0 500 0 0 600 449 500 200 400 600 400 0 0 0 400 0 500 400 0 0 1000 0 350 0 0 426 0 0 0 0 500 200 900 1000 925 1000 1000 0 0 500 216 0 0 0 0
#COYS 2015-09-26
500 298 266 0 266 800 0 0 -71 191 -200 0 375 800 500 712 0 -166 116 -49 625 0 800 437 350 0 0 0 100 -100 0 200 -250 -100 800 -200 200 400 -233 0 0 0 250 100 0 100 593 0 0 0 -500 500 -162 350 113 0 -66 507 0 0 -200 -186 0 0 0 0 0 0 0 600 0 -400 0 0 0 0 357 0 0 -1000 -25 250 0 0 750 0 0 700 -633 0 0 0 800 0 800 0 0 566 0 542
600 644 533 0 454 700 0 0 214 387 800 0 944 700 875 625 0 633 316 650 888 0 750 650 650 0 0 0 500 100 0 266 300 100 1000 233 300 500 888 0 0 0 937 549 0 100 750 0 0 0 900 500 237 400 272 0 300 556 0 0 200 445 0 0 500 1000 0 0 0 950 0 400 0 0 0 0 535 0 0 900 1000 333 0 0 600 0 0 816 600 0 0 0 750 0 750 0 0 799 0 767
#MCFC 2015-09-26
0 68 0 0 400 400 0 0 0 625 0 0 0 0 1000 675 0 900 500 1000 0 600 0 0 0 0 0 0 0 0 0 0 383 100 0 62 0 875 0 0 0 800 800 0 0 100 -300 1000 1000 1000 150 0 0 277 0 0 0 200 -300 -291 0 400 400 125 125 0 400 0 0 200 500 800 0 0 -200 500 0 0 428 0 0 0 0 0 261 0 250 100 0 0 0 0 -150 136 0 -71 400 250 0 1000
0 227 0 0 800 800 0 0 0 900 0 0 0 0 400 650 0 1000 900 300 0 566 0 0 0 0 0 0 0 0 0 0 491 900 0 875 0 600 0 0 0 1000 400 0 0 900 550 300 400 400 550 0 0 355 0 0 0 300 399 541 0 800 800 391 391 300 800 0 0 900 1000 750 0 0 600 500 0 0 660 0 0 0 0 0 378 0 250 900 0 0 0 0 400 454 0 214 875 500 0 400
#LFC 2015-09-20
-50 0 629 500 136 0 0 250 99 -1000 0 0 333 -400 400 0 0 136 890 0 -250 0 -600 800 500 0 250 0 0 168 91 800 0 0 50 0 0 0 0 0 0 0 0 0 0 500 500 0 0 0 0 150 0 0 500 400 0 1000 500 0 500 0 500 0 500 0 650 437 0 500 136 500 399 0 500 600 0 0 400 0 500 300 0 285 0 0 0 0 0 0 0 85 500 0 0 433 250 125 0 0
100 0 715 500 454 0 0 250 362 1000 0 0 833 400 400 0 0 454 750 0 888 0 800 700 850 100 300 0 0 477 391 400 0 0 533 0 0 0 0 0 0 0 0 0 0 850 500 0 400 0 0 50 0 0 900 300 0 400 500 0 500 0 500 0 500 0 750 350 0 850 454 500 366 0 500 600 0 0 625 0 500 200 0 535 0 0 0 0 0 125 0 477 500 0 0 400 500 200 0 0
#ncfc 2015-09-20
304 0 0 136 0 214 136 136 0 0 457 0 0 0 0 50 0 266 -650 166 0 0 0 0 -71 1000 125 0 0 0 0 500 0 226 0 166 0 130 0 0 0 0 100 350 0 400 0 0 0 0 500 0 0 0 0 -125 0 136 500 0 0 0 0 100 -291 200 0 0 0 0 500 -200 -1000 0 0 200 800 0 0 0 -212 250 -300 390 175 0 -187 62 0 400 25 -71 0 300 1000 0 0 0 0 0
666 0 0 454 0 571 454 454 0 0 477 0 0 0 0 450 0 799 800 527 0 0 0 0 214 300 1000 0 0 0 0 500 0 447 0 166 0 583 0 0 0 0 500 550 0 233 0 0 0 0 500 0 0 0 0 125 0 454 1000 0 0 0 0 400 500 100 0 0 0 0 800 200 666 0 0 700 750 0 0 0 300 1000 400 333 491 0 500 500 0 200 400 214 0 550 1000 0 0 0 0 0
#SaintsFC 2015-09-20
0 -142 112 0 1000 800 -150 0 1000 0 0 200 200 0 -25 -100 -199 136 -71 0 0 -100 0 166 -200 0 0 200 62 200 937 0 0 -400 150 0 500 0 168 0 18 0 166 166 0 0 0 229 0 0 0 150 -33 -213 0 0 800 0 0 0 800 0 353 0 0 0 0 0 0 0 0 700 -400 325 566 0 -71 0 625 700 700 583 700 -400 0 0 -38 625 0 500 200 0 0 0 -162 -122 500 0 300 0
0 411 647 0 780 400 441 0 900 0 0 100 100 250 200 83 500 500 214 0 0 500 0 500 450 0 0 100 604 100 800 0 0 400 575 400 150 0 327 0 477 0 333 333 0 0 0 366 0 0 0 649 650 472 0 0 750 0 0 0 750 0 498 0 0 300 500 0 0 0 0 600 400 441 466 0 214 0 600 600 600 666 600 400 0 0 666 600 0 183 300 0 0 0 575 155 600 0 200 0
#MUFC 2015-09-20
0 0 0 0 0 0 400 0 400 0 0 0 0 400 400 0 0 0 0 0 400 0 0 0 400 400 400 400 400 400 400 400 400 400 400 400 0 0 0 333 100 0 0 0 200 400 400 550 0 0 1000 0 80 0 -1000 0 0 425 136 0 250 0 0 500 255 500 -325 625 400 800 16 0 0 0 -155 0 0 -312 0 0 0 0 0 0 0 500 -125 541 900 0 -150 0 0 -430 0 0 0 0 0 1000
0 0 333 333 333 333 500 333 500 333 333 333 333 500 500 0 333 333 333 333 500 333 333 333 500 500 500 500 500 500 500 500 500 500 500 500 0 0 0 666 200 0 0 0 300 800 800 250 0 0 300 0 520 100 1000 0 0 575 454 0 750 0 0 833 277 850 600 900 800 400 496 0 0 0 288 0 0 687 0 0 0 0 500 0 0 850 472 733 900 0 399 0 0 547 0 0 0 0 0 400
#COYS 2015-09-20
60 0 116 0 -250 500 -500 500 -499 0 0 -500 0 399 333 1000 -200 300 0 200 533 383 500 600 300 800 650 0 466 200 600 200 400 333 0 350 375 0 200 200 0 200 200 0 200 0 833 0 0 200 200 0 0 500 0 275 362 -70 0 -240 200 0 -60 0 800 0 0 600 500 0 250 0 500 0 0 500 0 0 0 909 0 400 0 400 0 0 0 700 1000 0 500 -292 -250 0 137 492 781 0 150 300
500 0 444 100 250 1000 600 600 716 0 0 400 0 583 666 750 633 475 0 950 716 650 629 466 100 1000 562 100 666 250 950 200 375 600 0 550 575 0 200 200 0 200 200 0 200 0 683 0 0 200 200 0 0 1000 0 425 550 695 0 550 200 0 480 0 750 0 0 1000 1000 0 850 0 500 0 0 500 33 0 0 780 0 233 0 375 0 0 0 937 400 0 500 500 500 0 625 567 600 0 150 483
#CPFC 2015-09-20
0 0 0 0 0 0 0 0 0 0 0 -71 0 150 -250 -50 0 0 0 0 0 0 200 0 0 0 200 0 0 0 -50 0 -100 -71 416 0 100 100 100 100 0 0 -99 200 0 875 0 0 0 0 0 0 100 0 800 600 -400 399 1000 0 780 250 250 0 545 700 1000 -400 400 800 400 0 0 0 0 0 200 0 0 350 0 0 0 0 0 0 0 0 0 0 0 0 0 0 0 0 0 0 1000 0
0 0 0 0 0 0 0 0 0 0 0 214 0 450 250 0 0 733 0 0 0 0 500 0 0 0 950 0 0 0 400 0 250 214 500 0 400 400 400 400 0 0 950 300 0 600 0 0 416 0 0 0 400 0 400 900 400 833 750 0 1000 200 200 0 661 600 1000 400 700 400 200 0 0 0 0 0 200 0 0 300 0 0 0 0 0 0 0 0 0 0 0 0 0 0 0 0 0 0 300 0
#MCFC 2015-09-19
-97 400 400 68 500 462 625 0 0 0 550 -500 0 142 625 500 1000 1000 500 -187 500 0 0 0 0 433 0 136 0 0 0 0 0 0 0 500 83 0 0 0 0 400 -71 -291 1000 0 0 0 0 0 0 -212 68 400 250 211 211 400 400 0 0 0 -100 0 0 -250 0 250 0 0 625 -49 0 891 799 1000 400 0 400 500 450 0 0 -71 -600 0 625 0 68 500 1000 0 0 909 -400 500 0 0 475 392
194 800 800 296 500 508 900 0 0 0 1000 900 0 267 900 500 400 300 500 400 600 0 0 0 0 400 0 454 0 0 0 0 0 0 0 1000 111 0 0 0 0 600 214 541 400 0 0 0 0 0 0 650 227 800 400 495 495 400 800 0 0 0 400 0 0 250 0 400 0 0 900 825 0 783 750 1000 400 0 200 825 500 0 0 214 633 0 900 0 227 500 400 0 0 780 400 1000 0 0 800 642
#WHUFC 2015-09-19
0 0 0 0 0 0 0 -400 800 0 0 0 0 101 -291 -291 168 0 0 500 0 0 0 0 412 0 0 0 0 800 0 285 -100 0 0 0 -400 500 0 -400 0 0 -71 250 0 0 0 -95 333 416 -50 136 1000 0 416 0 0 111 0 0 0 466 250 375 500 150 0 0 0 500 0 47 -437 0 -291 0 800 0 -500 0 800 0 250 -283 250 800 0 136 0 275 0 200 800 136 800 -308 -291 600 136 500
0 0 0 0 0 0 0 400 1000 0 0 0 0 310 541 541 468 0 0 500 0 0 0 0 400 0 0 0 0 400 0 535 200 0 0 0 400 500 0 400 0 0 214 333 0 0 0 370 416 500 400 500 300 0 500 0 0 416 550 0 1000 616 200 750 833 150 0 0 0 750 0 791 600 0 541 0 400 0 1000 0 400 0 250 283 200 400 100 454 0 700 0 200 400 500 400 391 541 900 454 500
#AVFC 2015-09-19
400 400 0 -71 0 0 0 350 0 -625 0 -244 0 0 0 433 0 500 -33 -250 0 0 -250 0 0 -500 0 333 0 200 0 -500 500 725 0 250 0 475 700 0 0 500 100 800 800 -500 0 200 250 450 450 0 0 0 0 -71 0 0 0 0 433 250 0 49 0 0 0 150 250 0 0 0 0 0 0 400 0 0 0 0 0 0 200 -500 0 -400 0 0 0 0 250 200 625 500 1000 0 16 0 150 0
800 800 0 214 0 0 0 700 0 1000 0 422 0 0 0 400 0 500 799 250 0 0 250 0 0 1000 0 666 0 100 0 1000 600 700 400 400 0 400 600 0 0 600 83 400 400 1000 0 500 400 850 850 300 0 0 0 142 0 0 0 0 833 400 0 700 0 0 0 550 400 0 0 0 0 0 0 800 0 0 0 0 0 0 200 400 100 400 0 0 0 0 400 400 500 500 750 0 116 0 550 194
#WBA 2015-09-19
0 0 500 400 84 0 0 725 0 100 200 200 0 0 0 625 -100 500 0 0 -71 333 0 250 0 0 0 0 0 0 0 285 0 0 0 0 0 200 200 -216 -216 -200 0 300 0 462 0 0 -99 500 500 100 -500 -125 0 187 187 187 187 650 0 0 0 -400 -700 170 733 0 650 650 650 650 650 0 0 500 300 0 300 0 0 0 0 0 -83 0 1000 650 650 500 -125 333 -500 0 0 266 500 0 0 0
0 0 500 378 260 0 0 700 0 83 100 100 0 0 0 500 100 500 0 0 214 666 0 250 100 100 0 0 0 0 0 535 100 0 0 0 0 650 650 216 216 700 0 455 0 350 0 0 750 833 833 383 900 375 0 750 750 750 750 625 0 0 0 400 1000 500 716 0 625 625 625 625 625 0 0 500 900 0 0 0 0 0 0 0 333 0 1000 625 625 600 100 666 900 0 0 333 500 0 0 550
#AFCB 2015-09-19
-71 0 0 -125 0 0 0 550 0 0 0 49 0 0 99 400 412 -137 -137 0 -41 0 250 0 0 -71 136 0 383 550 0 -625 -163 0 1000 0 0 0 50 -400 -71 0 0 449 342 0 100 0 312 136 225 0 0 0 493 116 0 0 0 50 50 0 0 0 0 325 0 116 0 0 400 0 500 116 0 0 0 0 0 0 0 0 150 0 500 0 194 0 800 133 366 0 0 500 400 -31 0 500 -71 266
214 0 0 1000 0 1000 0 550 0 0 0 600 0 0 308 900 630 700 700 0 83 0 200 0 0 214 454 0 416 550 0 1000 213 0 900 0 0 0 1000 400 214 0 0 500 767 0 100 0 333 454 316 0 0 0 737 666 0 0 0 1000 1000 0 0 0 0 625 0 666 0 0 800 0 900 666 0 0 0 0 0 0 0 0 600 0 500 0 466 0 750 383 366 0 0 500 400 510 0 500 214 650
#SAFC 2015-09-19
400 0 0 0 -125 0 500 0 0 0 -100 25 0 0 0 0 0 0 250 -50 0 -277 0 0 0 111 50 0 0 0 0 200 -137 -83 -83 -71 -137 0 223 750 0 -55 -55 0 -250 -83 250 0 250 366 0 400 0 800 800 268 500 150 0 0 0 250 500 500 -78 516 116 500 136 100 900 0 0 -400 500 0 400 0 225 -500 0 0 100 500 500 500 500 100 0 100 100 0 500 136 100 0 0 312 0 136
800 0 0 0 1000 0 500 0 0 0 50 500 100 0 0 0 0 0 500 400 0 344 0 0 0 311 200 0 0 0 0 400 700 216 216 214 700 0 451 500 0 144 144 0 450 216 300 0 200 516 0 800 0 1000 400 577 400 875 100 0 0 750 500 500 233 633 473 500 454 400 1000 0 0 400 500 0 700 100 600 300 0 0 300 500 500 500 500 300 0 300 300 0 500 454 400 0 0 333 0 454
#NUFC 2015-09-19
350 400 400 800 500 400 0 45 0 0 800 0 400 350 233 0 225 0 0 -500 139 33 0 0 223 500 400 1000 0 600 700 0 181 0 0 976 400 0 500 400 227 0 0 25 400 600 -200 0 0 -300 0 0 -50 -155 800 -800 200 400 0 0 0 400 0 0 1000 200 0 0 200 200 200 0 -131 0 0 0 0 0 0 0 350 1000 0 0 800 850 0 400 0 0 -400 825 116 -200 0 -150 400 0 111 100
550 800 800 400 850 500 0 423 0 0 400 0 800 300 533 0 925 0 0 900 580 366 0 178 285 500 800 833 0 1000 600 0 500 0 0 800 800 0 500 800 545 0 0 500 800 1000 100 0 0 400 0 0 600 288 1000 900 500 700 0 0 0 700 0 0 300 300 66 0 400 400 400 0 427 0 0 0 1000 1000 1000 0 800 875 250 0 750 450 0 800 71 33 600 1000 166 100 0 408 600 0 416 200
#WatfordFC 2015-09-19
0 400 0 0 0 0 -166 400 0 175 0 781 500 -100 0 0 0 275 -71 -400 0 400 0 225 0 136 0 0 0 0 0 250 0 350 500 250 0 0 -100 0 33 0 0 0 0 0 -133 0 0 -400 300 0 0 0 0 0 -416 0 312 136 0 0 0 -400 -327 0 0 350 0 0 -150 -400 100 0 0 0 0 0 0 0 500 0 200 0 0 600 0 0 0 0 0 600 525 0 0 0 0 100 0 600
0 400 0 0 0 0 166 400 0 1000 0 600 716 100 0 0 0 819 214 600 0 500 0 925 66 454 0 0 0 0 0 900 0 362 500 200 650 0 400 1000 66 0 0 0 0 0 166 0 0 400 449 0 0 0 0 0 666 0 333 454 400 0 100 600 320 0 0 700 500 0 500 600 825 0 0 0 0 0 0 0 500 0 400 0 0 900 0 0 0 0 0 900 366 100 100 500 0 900 0 1000
#SCFC 2015-09-19
0 0 0 0 0 0 566 725 400 500 0 0 -99 700 -99 400 800 400 0 0 0 0 -71 0 0 0 275 0 1000 136 500 0 16 0 0 0 -99 333 166 700 0 1000 0 0 0 250 0 -400 0 0 0 500 0 0 0 500 0 0 0 0 0 449 0 357 -327 250 0 0 -71 0 275 800 275 138 -475 350 500 200 449 500 308 250 250 500 0 0 0 68 0 0 200 -99 0 500 500 0 0 200 400 0
0 0 0 0 0 0 716 700 375 500 33 0 700 600 700 375 750 425 0 0 0 0 214 125 0 0 700 0 1000 454 500 0 577 0 0 0 700 333 333 550 0 300 0 0 0 333 0 400 0 33 0 500 0 0 0 833 0 0 0 0 0 450 0 571 320 333 0 0 214 0 700 750 700 650 399 550 833 500 450 833 775 644 450 833 0 0 0 227 0 100 500 700 0 833 833 0 0 500 800 0
#LCFC 2015-09-19
0 0 0 0 0 0 0 0 0 0 0 700 0 725 366 227 0 350 0 0 0 0 800 0 0 300 1000 383 0 0 366 500 500 500 0 0 500 500 0 0 366 0 287 0 0 283 0 -500 0 0 0 0 -200 0 500 0 500 250 100 0 900 0 0 0 250 0 400 275 -400 375 352 -800 0 0 366 383 0 62 308 800 1000 0 0 0 500 700 781 0 0 0 0 0 1000 500 0 0 0 337 750 0
0 0 0 0 0 0 0 0 0 0 0 600 0 700 700 500 0 750 0 0 0 0 400 0 0 100 300 750 0 0 700 400 400 400 0 0 1000 500 0 0 700 0 440 0 0 400 0 900 625 100 0 0 500 0 500 0 150 444 0 0 875 0 0 0 437 0 350 700 600 100 833 900 0 0 700 750 0 875 775 750 400 0 0 0 550 550 500 0 0 0 0 0 300 250 0 0 0 425 800 0
#Swans 2015-09-19
400 0 0 500 800 1000 0 0 500 0 0 0 500 227 0 0 0 300 0 0 500 0 0 0 1000 0 1000 449 0 300 0 0 1000 0 0 0 250 250 1000 300 0 0 0 1000 1000 227 0 -625 0 0 -71 0 0 157 1000 0 350 0 250 0 227 0 250 1000 1000 500 0 0 0 0 0 -400 0 1000 1000 0 0 0 375 312 449 0 449 -400 449 0 0 -50 191 216 -71 200 0 0 449 0 0 0 449 0
400 0 0 500 900 300 0 0 500 0 0 0 833 545 0 0 0 0 0 0 500 0 0 0 1000 0 300 450 125 200 0 0 300 0 0 0 250 250 1000 0 0 0 0 300 300 545 0 400 0 0 214 0 0 385 1000 0 550 250 200 0 545 0 625 1000 1000 1000 0 0 0 0 0 400 0 300 300 0 0 0 500 333 450 100 450 400 450 125 0 97 295 377 214 100 0 0 450 0 0 0 450 0
#EFC 2015-09-19
400 -71 0 900 142 0 0 0 0 0 278 0 0 0 0 0 0 500 0 0 0 0 700 0 0 0 0 0 475 875 0 125 300 533 0 -5 0 0 0 0 500 0 0 1000 0 0 350 0 384 500 0 0 483 0 500 437 0 0 0 0 0 0 0 0 0 0 60 0 500 0 142 0 250 0 0 625 0 0 0 800 125 350 112 800 250 0 50 0 500 -97 0 0 -71 0 175 0 58 0 -97 0
400 214 0 700 267 0 0 0 0 0 484 100 0 0 0 0 0 500 0 0 0 0 600 0 0 0 0 0 525 800 0 166 0 399 100 666 0 0 0 0 500 0 0 300 0 100 650 0 388 500 500 0 666 0 500 275 0 0 0 0 0 0 0 0 0 0 413 0 500 0 392 500 50 0 700 1000 0 0 0 750 450 550 718 750 283 0 100 0 500 202 0 0 214 0 391 125 866 0 202 0
#CFC 2015-09-19
400 400 0 500 0 0 559 0 0 -71 309 0 568 0 0 0 541 0 0 0 -300 0 0 1000 200 0 0 0 0 0 0 0 200 0 95 161 371 0 95 142 0 105 300 450 0 150 1000 0 0 0 500 0 433 0 559 0 0 0 0 559 200 -750 0 500 357 200 0 1000 -287 -400 300 0 0 309 0 0 0 0 0 0 0 0 -71 0 0 314 0 0 1000 0 800 0 0 800 0 0 0 0 -100 500
800 800 0 500 0 0 563 0 0 214 404 0 377 0 0 0 611 400 0 0 1000 0 0 300 200 400 400 400 400 0 400 400 500 0 350 414 633 600 178 267 1000 278 433 700 0 649 300 0 125 100 900 0 400 0 563 0 1000 0 0 563 500 900 66 900 280 200 0 1000 518 600 0 0 0 404 0 0 0 0 0 0 0 0 214 0 100 392 0 0 1000 0 900 0 0 400 0 0 0 0 300 833
#AFC 2015-09-19
0 0 400 400 100 0 0 0 0 0 -300 0 0 100 0 1000 200 0 0 0 0 0 0 0 0 0 0 0 0 0 0 0 0 433 -400 100 -750 -300 0 0 50 0 0 200 0 0 0 0 0 0 0 0 -50 366 0 800 0 0 -71 0 0 0 500 0 0 142 -66 0 -400 0 -400 500 104 -38 0 0 -100 49 0 0 -200 49 -155 0 500 0 -50 -211 400 250 0 0 100 450 0 136 0 0 100 0
1000 1000 800 800 700 0 0 0 0 0 1000 0 0 250 0 300 200 0 0 0 0 0 0 0 600 0 0 0 0 0 0 0 0 400 400 300 900 450 0 0 475 0 0 100 0 0 0 0 0 0 0 0 216 399 0 400 0 0 142 0 0 0 500 0 0 517 200 0 400 411 400 500 604 311 100 50 449 450 0 0 450 450 288 0 1000 0 750 455 800 400 0 600 1000 650 0 454 0 0 400 0
#WHUFC 2015-09-14
0 0 0 350 0 0 0 -1000 -26 -50 700 0 1000 0 163 0 500 0 1000 0 1000 0 340 0 -131 0 500 0 -100 0 -400 0 0 0 0 0 0 0 0 375 433 541 562 0 0 800 0 0 -400 800 -333 -162 0 500 200 250 0 733 0 0 0 0 0 0 175 0 0 525 500 0 350 300 312 0 -155 0 0 0 200 0 0 0 200 0 350 312 -250 375 -71 0 533 0 0 166 100 295 -600 0 136 233
0 0 0 400 0 0 0 900 756 400 600 0 400 0 422 0 500 0 1000 0 1000 0 613 0 450 0 888 0 400 0 600 0 0 100 0 0 0 0 0 416 388 833 350 0 0 750 0 0 400 400 666 362 0 900 600 200 0 566 0 0 0 0 66 1000 466 0 0 450 1000 0 300 733 566 0 288 0 0 0 100 0 0 0 600 1000 650 333 888 500 214 0 704 0 0 166 383 645 800 100 500 500
#NUFC 2015-09-14
400 400 500 0 0 -333 500 0 0 800 0 500 -192 0 168 -17 0 0 0 0 -200 575 0 0 500 225 400 0 400 50 -150 0 300 0 -200 0 -1000 500 0 200 0 650 400 300 1000 400 0 -192 400 400 0 0 0 0 163 0 0 400 0 -392 -28 0 -400 200 0 976 350 0 1000 0 525 0 0 214 625 0 0 83 0 0 0 -125 0 0 -55 -100 -33 0 0 500 200 0 500 350 1000 285 0 -131 -131 0
800 800 850 0 0 666 850 0 0 400 0 500 821 0 277 462 0 0 0 0 700 825 0 0 500 625 800 66 900 650 283 0 566 0 333 0 1000 500 0 445 0 819 800 750 400 800 0 821 800 400 0 0 0 0 422 0 0 800 0 821 714 0 600 500 0 800 550 0 1000 0 366 0 112 571 500 66 0 383 0 0 0 250 0 0 144 400 333 0 0 541 200 125 500 350 300 535 0 450 450 0
#LCFC 2015-09-13
0 0 0 250 0 625 -200 500 375 0 0 0 0 0 200 0 0 200 100 800 433 781 400 0 0 875 0 250 0 250 0 350 0 -69 546 0 0 500 325 500 136 433 0 0 500 875 0 0 0 0 136 150 249 0 250 350 0 350 550 550 0 -155 0 200 316 57 500 0 0 400 0 0 350 0 0 0 0 0 0 0 0 0 0 0 0 0 300 -500 0 -500 0 0 29 0 0 587 -400 0 285 285
0 0 0 750 0 600 800 150 400 0 0 0 0 0 100 0 0 100 350 750 783 500 400 0 0 600 0 250 0 250 0 550 1000 547 550 0 650 1000 347 500 500 700 0 0 600 700 0 0 0 0 454 283 350 0 900 550 0 550 500 500 0 288 750 200 716 385 500 0 0 400 0 0 550 0 0 0 0 0 0 0 0 0 0 0 750 0 500 900 0 800 0 0 595 0 1000 775 400 0 535 535
#AVFC 2015-09-13
400 400 0 0 0 400 1000 0 0 0 0 -250 375 0 -250 -250 136 0 625 400 -200 400 -316 500 25 345 0 0 500 0 200 0 0 200 200 0 0 0 0 -250 0 0 0 687 0 200 0 200 225 0 200 0 500 500 500 700 -309 -71 0 0 0 200 -33 0 -500 0 0 0 0 0 687 0 -200 125 0 0 0 0 0 0 0 0 0 450 400 0 0 0 0 -100 0 0 0 325 0 0 -71 200 -400 0
800 800 0 0 0 800 750 0 0 0 0 400 525 0 400 400 500 0 600 800 800 800 300 500 225 950 0 0 500 0 200 0 0 200 200 0 0 0 0 400 0 0 0 550 0 200 0 200 216 1000 200 0 500 500 500 600 718 214 0 0 0 100 133 0 900 125 0 0 0 0 800 0 250 133 0 0 0 0 0 0 0 0 0 616 400 0 0 0 0 650 0 0 0 850 0 0 214 300 400 0
#SAFC 2015-09-13
68 0 136 0 -41 0 0 500 155 0 -238 0 500 512 502 0 200 100 250 700 0 400 0 0 267 200 0 490 136 0 0 0 0 500 0 0 0 0 -400 0 500 458 125 -449 0 420 500 0 450 0 0 0 0 0 200 333 0 0 0 400 400 458 458 0 136 458 500 0 0 0 -277 -71 354 0 0 0 400 400 500 0 -71 354 437 500 -71 0 400 458 416 458 0 0 0 -800 166 147 0 200 149 100
227 0 454 0 325 1000 0 150 412 0 778 0 500 687 625 0 400 700 500 900 0 200 0 1000 642 500 633 568 454 0 0 0 100 500 0 0 666 0 400 0 500 427 125 600 0 459 500 0 750 0 0 100 0 0 400 466 0 0 0 500 500 427 427 0 454 427 700 0 0 0 633 142 770 0 0 0 500 500 425 0 142 770 350 500 142 0 800 427 411 427 0 0 0 900 666 570 0 300 650 300
#COYS 2015-09-13
0 937 1000 250 0 0 285 0 0 0 0 0 0 0 0 0 0 0 0 0 0 0 0 0 0 0 0 0 0 800 250 0 0 400 -327 0 0 0 0 0 229 0 0 533 0 0 800 800 250 0 0 250 0 0 0 250 0 0 100 0 0 0 0 0 0 0 0 0 0 359 1000 0 500 0 0 766 0 50 -178 200 0 0 0 0 0 625 0 100 390 -400 0 0 0 350 0 -500 -155 449 50 0
0 1000 300 333 0 0 535 0 0 0 0 0 0 0 0 0 0 0 0 0 0 0 0 0 0 0 0 0 0 750 300 0 0 700 644 0 0 500 1000 0 562 0 0 833 0 0 750 400 200 0 0 333 0 0 0 333 0 0 300 0 0 0 0 0 0 0 0 0 100 444 300 0 1000 0 0 466 100 254 285 200 0 0 1000 0 0 500 0 538 471 533 0 0 0 300 0 1000 288 400 550 0
#MUFC 2015-09-12
0 -250 100 0 403 100 250 650 83 400 400 400 -225 0 0 -625 136 -187 750 400 262 1000 0 0 168 0 1000 530 0 0 0 0 0 875 500 449 0 0 500 0 200 0 0 136 468 0 400 136 0 500 0 500 500 500 500 500 500 500 500 500 500 500 500 500 500 441 0 0 800 200 0 0 0 505 234 168 0 133 -62 0 0 0 0 0 0 1000 318 0 0 0 0 0 0 0 0 349 0 0 178 0
0 300 550 0 451 200 150 725 152 700 800 800 475 0 0 875 454 250 400 500 450 1000 100 0 377 0 1000 330 100 0 125 0 0 800 850 450 0 0 150 0 300 0 0 454 450 0 800 454 0 150 0 150 150 150 150 150 150 150 150 150 150 150 150 150 150 433 0 0 400 100 50 0 0 577 477 568 0 191 583 0 0 0 0 0 0 300 671 0 0 0 0 0 0 0 0 666 0 0 285 0
#LFC 2015-09-12
-250 66 300 600 0 0 -125 0 0 650 0 0 0 -200 0 -71 1000 0 0 0 0 0 0 0 25 500 25 -166 0 800 0 0 0 0 500 0 0 0 600 0 216 0 0 0 0 0 0 0 0 0 200 216 216 0 390 200 0 0 1000 0 0 0 0 0 0 0 0 0 1000 -283 -283 400 0 0 500 0 -229 0 199 0 1000 -250 1000 0 0 0 0 0 0 0 0 600 0 0 0 0 0 350 0 0
250 422 550 633 0 0 187 0 0 625 0 0 0 600 0 214 400 0 0 0 0 0 100 0 300 850 300 166 0 400 0 50 0 0 600 0 0 0 900 0 533 0 1000 0 0 0 0 0 1000 0 300 533 533 0 333 300 0 0 400 0 0 0 0 0 0 0 0 0 300 466 466 900 0 0 850 0 460 0 266 0 1000 100 1000 366 0 0 100 0 0 0 100 200 0 0 0 0 0 650 0 0
#AFC 2015-09-12
333 0 0 400 400 136 0 0 0 175 0 -155 0 0 -37 0 100 158 0 0 0 -6 0 700 700 700 600 0 0 0 0 0 0 0 325 400 0 0 0 0 0 45 45 125 125 0 0 0 0 0 0 0 125 0 0 0 468 0 0 653 0 0 -200 1000 0 0 0 0 800 0 750 100 0 400 212 68 500 0 0 -400 0 0 0 0 0 0 0 0 0 800 0 100 0 500 0 200 312 0 0 0
500 0 0 800 800 454 0 0 0 450 0 288 0 0 484 0 400 274 0 0 0 33 0 600 600 600 1000 0 0 0 0 0 0 1000 300 800 0 0 0 125 125 193 193 1000 1000 0 0 0 0 0 0 1000 166 0 0 500 577 0 0 500 0 1000 233 1000 0 0 0 375 750 0 750 300 0 800 351 227 500 0 0 400 0 0 0 0 0 0 0 0 0 400 0 1000 0 750 0 500 333 1000 0 0
#SCFC 2015-09-12
900 468 0 0 0 0 0 0 0 250 -100 0 0 350 0 0 500 0 0 250 300 0 350 275 500 700 350 0 0 250 150 400 0 0 250 500 -800 170 0 275 -155 39 200 0 0 875 0 700 48 0 700 148 333 0 750 0 0 0 -500 -400 0 0 0 0 0 0 170 0 0 0 0 0 0 1000 0 0 0 0 500 400 0 0 500 0 0 0 0 0 1000 -125 0 850 0 0 0 150 400 0 416 0
1000 602 0 0 0 0 0 0 0 1000 250 0 0 300 0 0 400 0 0 1000 233 0 549 500 900 600 549 0 0 1000 300 500 0 0 1000 900 900 500 0 500 288 322 300 0 0 600 0 700 429 0 600 429 333 0 400 0 0 0 400 400 0 0 0 0 0 0 454 0 0 0 0 0 0 300 66 0 0 0 500 900 0 0 833 95 0 0 0 0 300 100 0 800 0 0 0 300 1000 0 666 100
#CPFC 2015-09-12
-71 0 136 0 0 0 285 0 0 0 0 285 0 0 0 0 285 -166 0 0 0 0 0 0 175 0 0 350 -350 0 0 0 0 0 -388 0 0 -175 0 300 -388 0 0 0 0 -175 -388 0 -175 500 0 0 0 166 0 166 0 0 625 -699 116 100 583 83 0 1000 0 68 0 200 100 285 1000 1000 0 0 68 0 68 200 0 200 0 0 0 200 800 750 -500 170 250 0 0 0 100 0 -131 0 1000 100
214 0 454 0 0 100 535 0 0 0 100 535 0 0 100 0 535 500 0 0 0 0 0 0 366 0 0 500 100 0 0 0 0 0 833 500 0 175 0 0 833 0 500 0 0 175 833 500 175 500 0 0 125 533 0 366 0 0 500 666 183 1000 833 516 0 300 0 477 0 300 300 535 300 300 0 0 477 0 477 300 0 300 1000 0 0 450 575 400 600 500 1000 0 0 0 600 0 427 0 650 400
#MCFC 2015-09-12
0 400 400 0 -333 -71 0 375 250 1000 0 0 1000 0 1000 0 0 0 1000 66 0 0 0 -400 168 0 400 0 99 468 800 0 0 -25 0 0 0 0 100 625 -99 200 150 0 300 0 0 545 0 -71 500 625 500 1000 0 0 -388 0 -175 0 0 0 136 0 -250 -250 25 -75 383 0 345 300 400 0 0 400 611 125 0 0 -200 -699 0 0 0 0 700 900 583 0 1000 136 0 0 83 0 0 468 0 0
0 800 800 0 666 214 0 416 333 300 0 0 300 0 400 0 0 0 300 108 0 0 0 700 277 0 800 0 800 677 400 0 0 575 0 0 0 0 400 900 766 400 649 0 0 0 0 418 0 214 500 900 900 400 0 0 833 500 175 0 0 0 454 0 1000 1000 233 366 666 357 518 0 800 0 0 800 805 300 0 799 600 666 0 0 0 0 825 875 833 0 1000 454 0 100 516 0 1000 1000 0 0
#ncfc 2015-09-12
500 -71 0 166 0 406 0 700 0 285 0 0 0 0 0 100 0 -500 0 -500 0 0 100 0 800 337 -500 0 0 33 -500 0 -500 0 0 -388 0 -175 437 0 0 0 106 -233 166 0 620 393 0 0 -400 -166 -400 250 0 0 0 800 0 16 0 0 68 0 200 100 -390 -400 900 0 285 0 0 500 0 0 0 875 300 0 0 -500 0 93 -175 1000 0 133 700 1000 333 250 0 170 49 0 -312 0 0 -223
1000 214 66 666 0 700 66 900 100 535 0 0 0 0 0 400 0 1000 0 1000 0 0 100 1000 1000 637 1000 0 0 750 1000 0 1000 0 0 833 500 175 650 0 0 100 573 608 583 0 613 413 0 0 700 166 700 1000 0 125 0 1000 1000 550 0 0 477 0 300 100 1000 700 700 0 535 0 0 500 0 0 0 900 633 400 0 1000 0 593 550 900 0 566 600 300 416 250 0 500 450 0 687 0 0 415
#AFCB 2015-09-12
-71 0 0 0 0 0 -600 500 500 -394 337 500 0 -50 0 0 -100 -166 0 300 170 -390 0 50 0 250 168 0 142 232 433 350 100 500 200 0 400 300 0 0 0 -333 900 0 200 200 0 0 0 -600 -600 97 0 0 -71 0 0 280 0 0 199 1000 349 -600 0 199 175 -200 0 -400 -100 0 -71 136 0 0 0 333 450 400 475 600 200 250 0 250 0 0 0 0 0 0 0 500 -33 0 500 0 500 800
214 0 66 0 0 0 900 833 500 900 566 750 0 50 0 125 100 166 0 633 500 1000 0 150 0 250 477 0 330 640 733 300 100 533 200 0 408 575 0 0 0 666 1000 0 200 200 0 0 0 900 900 477 0 0 214 0 0 520 300 0 233 300 666 900 0 255 366 100 0 800 300 0 214 454 500 0 0 666 500 500 425 500 300 750 0 750 0 0 250 0 0 0 0 500 338 0 533 0 533 400
#WatfordFC 2015-09-12
0 68 0 -500 375 -50 0 2 0 170 -100 0 625 0 0 0 311 250 441 0 -71 -400 100 0 0 -166 136 366 -25 0 49 375 0 0 0 0 0 -71 500 500 0 0 0 0 357 200 0 0 55 0 136 0 0 0 -100 800 800 0 0 0 0 -312 800 -453 0 492 875 100 45 800 0 -400 0 258 800 0 357 -200 0 0 0 0 0 0 250 0 400 800 600 0 100 -194 0 -400 100 -388 -500 -500 0 0
0 227 125 700 583 400 0 566 0 500 200 0 500 0 0 0 583 333 618 500 214 400 1000 500 0 166 454 600 408 0 950 583 500 0 500 0 500 214 500 500 0 100 0 0 571 300 0 0 133 0 454 0 0 0 200 1000 1000 0 0 0 0 437 400 562 0 717 900 300 526 400 0 400 0 708 400 0 571 200 0 0 0 0 825 0 333 0 800 400 900 100 300 416 0 400 300 833 866 300 0 0
#Swans 2015-09-12
443 0 285 0 0 0 0 0 0 0 300 1000 0 0 0 708 0 700 200 0 0 200 0 0 200 300 400 0 300 350 400 750 1000 0 68 0 200 649 400 200 0 0 500 500 170 200 0 0 0 0 178 178 178 0 0 -125 0 30 -125 131 700 0 200 225 700 600 500 250 0 311 450 400 0 0 0 350 0 700 -400 -133 416 500 0 800 166 0 0 800 0 0 -312 0 0 0 0 0 0 0 0 0
602 100 535 0 0 0 0 0 0 0 233 300 0 0 0 783 0 600 200 0 0 200 0 0 100 233 700 0 233 550 450 625 300 0 477 0 300 750 600 200 0 0 500 500 500 200 125 0 0 0 451 451 451 0 1000 375 0 316 375 287 600 0 200 250 600 475 875 250 0 583 650 400 0 0 0 550 0 600 400 133 833 500 0 400 233 0 0 750 0 0 250 0 0 390 0 0 0 0 0 0
#WBA 2015-09-12
0 285 0 0 0 0 333 0 0 -166 0 0 0 399 0 49 399 -187 800 170 0 125 100 0 0 0 0 166 0 0 0 0 -75 0 400 -71 0 0 0 0 0 0 -54 0 400 50 0 0 0 -100 0 0 0 377 0 0 -100 0 0 0 0 0 0 0 0 175 -71 136 500 -187 -200 0 0 0 0 0 0 250 0 0 800 0 0 166 0 0 0 750 1000 0 0 100 0 -283 1000 0 0 0 312 0
100 535 0 0 0 0 666 0 0 500 0 0 0 750 0 950 750 500 700 500 0 375 400 400 0 0 0 333 50 0 0 0 366 250 375 214 0 0 0 0 0 0 296 0 600 50 0 0 0 250 1000 0 0 513 0 0 366 0 0 0 0 0 0 0 0 275 214 500 500 500 400 533 0 0 0 0 0 333 0 0 400 0 0 408 0 0 0 594 1000 0 0 400 0 416 300 0 0 0 750 0
#SaintsFC 2015-09-12
-71 0 0 0 0 0 0 0 0 0 0 800 0 125 0 0 0 0 500 0 0 787 0 0 0 0 200 -50 200 283 -250 275 625 170 125 0 500 166 0 0 0 166 0 -250 -625 0 400 450 0 0 0 0 0 -296 500 0 0 700 233 0 0 416 0 -500 0 0 74 224 0 800 -312 0 0 0 170 0 0 -100 0 0 0 0 0 0 -112 0 0 0 0 175 0 0 175 0 0 0 175 0 -112 0
214 0 0 0 0 0 0 0 0 0 0 750 0 166 0 0 0 0 900 0 0 700 0 0 0 0 200 400 400 416 150 774 650 500 733 0 583 333 66 0 0 508 0 150 1000 0 800 700 0 66 0 66 0 433 800 0 0 600 233 0 66 833 0 500 0 0 250 500 0 750 687 0 0 0 454 0 0 366 0 0 0 0 0 0 141 0 0 0 0 275 0 0 275 0 600 0 275 0 375 0
#EFC 2015-09-12
400 412 800 -71 0 0 0 0 0 0 0 0 0 0 0 0 285 285 0 0 0 0 285 0 0 0 0 0 0 0 -166 0 -175 0 285 0 0 0 209 0 68 0 0 -225 83 700 250 500 0 0 285 0 0 0 0 0 0 0 136 200 437 700 -154 -154 -184 625 0 0 0 0 0 0 0 0 0 500 0 0 700 0 0 -300 0 -100 166 0 0 300 300 1000 0 0 0 0 -300 0 0 0 1000 0
1000 549 900 214 0 0 0 0 0 0 0 0 0 0 100 100 535 535 0 100 0 0 535 0 0 0 0 0 0 0 500 0 175 100 535 0 0 0 513 0 277 0 0 475 333 700 600 500 0 1000 535 0 0 0 500 0 0 0 454 650 625 600 484 484 236 500 0 0 0 0 500 500 500 0 500 500 0 0 600 0 0 400 0 200 208 0 0 0 0 300 0 0 0 0 400 0 0 0 300 0
#CFC 2015-09-12
400 0 136 0 0 0 0 0 0 412 400 400 0 0 0 0 625 0 0 0 -244 -100 -71 0 0 0 0 266 -375 399 0 0 0 0 0 0 0 0 250 0 0 0 500 0 0 0 0 0 0 -300 100 0 0 0 216 200 0 200 -66 0 0 -244 0 262 0 -244 0 0 0 0 0 0 100 -6 0 0 0 350 0 200 0 200 -468 500 0 0 0 0 400 0 0 0 -50 200 0 136 0 200 -244 -66
1000 0 500 0 0 0 0 0 0 549 800 800 0 0 0 0 900 0 0 0 488 400 214 0 0 0 100 266 550 200 0 0 0 0 0 100 0 100 250 0 0 0 500 0 0 0 0 0 0 400 100 0 0 0 533 300 0 300 411 0 0 488 0 762 0 488 0 0 0 0 0 0 100 33 0 0 0 300 0 300 0 300 400 1000 0 0 0 0 900 0 100 0 350 300 0 500 0 300 488 411
#Swans 2015-08-30
0 0 0 -71 1000 68 0 -500 0 0 33 0 0 0 0 -388 0 0 230 0 0 400 0 0 0 0 0 500 250 250 1000 366 0 136 -400 -260 0 0 357 0 0 0 -200 875 0 240 500 0 0 0 -400 0 1000 -200 100 500 0 0 0 0 0 0 300 0 0 -138 0 0 -93 1000 0 500 0 -100 600 0 -488 0 0 0 0 0 0 0 500 0 0 375 0 1000 0 0 0 0 500 0 -300 0 0 433
0 0 0 214 300 727 0 666 0 0 322 0 0 0 0 833 0 0 666 0 0 400 0 0 0 0 0 500 250 333 400 733 0 454 400 166 0 0 535 0 0 0 233 600 0 193 500 0 0 0 400 0 300 786 100 500 0 66 0 750 0 0 0 0 33 138 0 0 500 300 0 750 0 600 900 0 687 0 0 0 0 0 0 0 650 0 0 750 0 400 0 0 0 0 500 0 400 0 0 833
#MUFC 2015-08-30
700 250 -500 200 55 550 0 -166 -500 700 0 0 0 125 0 -200 700 0 0 1000 400 400 800 0 0 0 0 500 0 0 0 0 0 200 0 0 0 0 0 800 0 800 250 0 0 0 0 0 -71 0 350 -46 0 -166 0 800 200 0 0 0 0 0 0 0 -300 -300 0 0 0 0 0 750 -174 200 0 -750 -400 0 250 500 0 1000 0 0 1000 0 0 -66 100 100 100 100 100 100 100 100 100 100 100 100
900 444 299 300 194 850 0 433 600 900 0 0 0 325 100 0 600 0 0 300 800 800 400 0 0 750 0 500 0 400 0 0 0 300 0 0 0 0 100 750 0 400 250 0 0 0 0 0 214 0 650 436 0 322 0 400 100 0 0 0 0 0 0 0 600 600 0 0 0 0 0 800 916 300 0 1000 400 0 950 900 0 300 0 0 1000 0 0 466 50 50 50 50 50 50 50 50 50 50 50 50
#SaintsFC 2015-08-30
0 -83 -50 0 -179 0 0 0 0 0 -50 0 -50 0 0 0 525 360 0 0 0 -300 0 -50 0 -50 50 0 0 500 -69 100 0 400 0 0 -50 0 525 200 0 0 0 0 0 0 139 800 0 366 -200 0 0 500 -625 0 600 -208 0 121 0 0 0 329 0 0 0 0 0 0 250 700 200 -108 625 700 -155 0 500 -600 -100 500 -300 0 750 0 333 -200 0 0 1000 0 0 0 0 0 875 0 -250 378
0 116 400 0 733 0 0 0 0 0 400 0 400 0 0 0 300 350 0 0 0 399 0 400 0 400 83 0 0 888 503 400 250 400 0 0 400 0 733 100 0 0 0 0 0 0 440 750 0 333 400 0 0 500 400 0 900 408 0 355 0 500 0 563 0 0 0 0 0 0 400 600 400 758 1000 800 288 0 500 900 83 350 200 0 650 0 500 950 0 0 300 0 0 0 0 0 600 0 500 685
#ncfc 2015-08-30
0 0 0 0 0 0 285 0 0 0 0 0 0 0 0 0 0 525 12 0 300 285 0 0 483 0 0 0 0 550 976 0 500 0 -97 0 450 0 500 625 0 0 0 546 136 0 379 125 400 383 0 0 0 0 0 -250 0 -400 300 0 0 0 0 0 0 0 0 850 0 166 600 187 41 137 0 145 0 133 0 304 0 600 0 0 625 500 -234 750 0 0 0 0 0 0 0 0 0 0 0 -12
0 0 0 0 0 0 535 0 0 0 0 0 0 0 0 0 0 300 525 0 500 535 0 66 444 0 66 0 0 900 888 0 1000 0 400 0 549 0 1000 900 0 0 0 650 500 0 567 694 450 750 0 0 0 0 0 470 0 550 275 0 0 0 0 0 0 0 0 1000 0 833 900 437 450 412 0 309 0 366 0 647 0 1000 0 1000 500 500 450 900 0 0 0 0 0 0 0 0 0 0 0 450
#COYS 2015-08-29
0 0 625 -100 0 750 -50 1000 700 250 1000 -62 150 300 100 0 750 0 0 0 0 300 250 0 0 0 0 285 0 458 0 -25 0 0 0 536 0 -633 0 0 111 600 0 375 -300 0 192 0 500 350 0 0 -166 350 -225 0 500 50 -150 -500 166 500 500 0 350 0 187 350 675 0 100 0 200 -125 166 0 0 136 333 0 -1000 0 549 -500 425 150 650 -500 0 -232 0 -133 0 -133 0 136 125 -175 0 0
0 0 866 0 0 750 50 1000 600 500 1000 500 433 475 650 0 400 0 0 0 0 475 444 0 0 0 0 535 0 433 0 262 0 0 0 620 0 777 0 1000 511 1000 0 275 600 0 467 0 300 550 0 0 500 462 775 0 449 616 650 600 866 600 600 0 550 0 50 650 800 583 1000 0 1000 375 666 0 1000 454 383 0 900 0 783 400 575 50 649 400 0 928 0 433 0 600 0 454 199 544 0 0
#EFC 2015-08-29
0 976 0 0 0 125 750 0 333 500 311 0 211 0 -162 -71 0 0 700 -86 0 -150 0 -230 200 0 0 -187 0 0 186 -77 0 516 0 700 0 -153 0 150 102 0 1000 -50 -400 0 0 0 0 0 0 0 0 -350 207 0 0 0 0 0 500 500 500 0 0 0 0 0 0 49 -937 0 0 0 450 -140 -71 0 -300 125 0 0 0 250 316 1000 0 136 112 -300 -800 100 0 -199 306 -250 0 99 0 0
100 600 0 0 0 375 950 1000 433 500 411 0 463 0 612 214 0 0 600 723 0 350 0 461 200 95 0 500 0 0 539 144 0 511 0 950 0 500 0 411 468 0 1000 400 400 0 0 0 0 0 0 0 0 600 385 0 0 0 0 0 400 400 400 0 0 0 0 0 0 637 900 0 0 0 700 355 214 0 600 550 0 0 0 375 600 300 0 454 251 200 900 50 0 950 401 400 0 396 0 0
#AVFC 2015-08-29
400 400 0 -71 0 0 0 -187 0 0 500 350 0 0 -250 136 306 0 0 0 0 0 261 800 -200 -400 0 0 0 0 0 500 -83 0 500 -166 0 83 0 500 0 0 -71 -222 150 0 200 0 250 0 275 333 0 0 -200 100 400 -166 500 600 0 0 0 200 270 0 0 0 318 0 0 0 700 -200 66 0 0 0 500 0 100 0 100 0 -155 0 -262 136 100 285 350 0 0 0 500 0 -166 -400 0 0
800 800 0 214 0 0 0 350 0 500 750 750 0 0 944 454 750 0 1000 0 0 0 601 1000 400 400 0 0 0 0 0 600 341 0 600 433 0 800 0 500 0 0 214 577 350 0 200 0 250 0 675 671 0 0 700 162 350 166 500 750 0 300 0 200 541 0 0 0 477 0 0 0 600 800 399 0 0 0 750 0 1000 0 600 0 288 0 615 454 200 535 300 0 0 0 900 400 199 500 166 0
#SAFC 2015-08-29
-466 0 -13 0 0 0 -99 0 0 0 0 49 0 -66 0 0 1000 150 250 -33 0 0 -400 -71 285 0 -62 74 0 0 -250 -350 500 125 0 0 200 -133 -106 0 -390 -600 -166 142 500 0 -468 0 0 0 400 -257 0 0 500 0 600 250 325 0 0 500 625 0 0 45 250 0 16 0 416 223 500 0 -400 -150 0 375 0 0 0 700 0 0 0 0 158 0 50 0 0 -54 0 -400 333 0 0 -71 0 0
633 0 634 0 250 250 233 0 0 0 0 800 100 733 0 0 300 750 444 500 0 0 600 214 535 0 437 675 0 0 888 400 500 583 0 0 300 733 543 0 0 800 433 767 625 0 400 0 0 100 400 478 0 33 625 0 900 1000 500 0 0 625 600 0 0 351 200 0 283 0 183 451 625 0 400 550 0 750 600 0 0 600 0 0 0 0 608 0 191 0 0 416 1000 600 366 0 0 214 0 1000
#AFCB 2015-08-29
0 0 -71 0 500 520 -400 0 0 0 -71 0 350 -125 0 625 0 166 100 0 0 0 0 0 399 318 0 0 0 0 0 0 0 100 383 800 500 0 750 136 0 0 -800 0 66 250 0 0 0 0 0 136 333 -16 0 0 325 0 0 62 0 -100 0 350 500 0 -195 0 500 375 -100 350 0 -155 500 0 687 500 0 0 700 0 0 0 -400 136 500 14 83 500 0 375 0 0 -53 -250 260 0 8 -156
0 0 214 0 500 650 400 0 0 0 214 0 500 238 0 600 0 666 300 0 100 0 0 0 750 527 0 0 0 300 0 0 0 241 508 1000 500 600 675 500 0 0 800 100 213 233 0 0 0 0 0 454 633 383 50 100 481 0 0 312 0 260 0 550 500 0 1000 0 500 975 300 550 0 288 500 0 744 500 0 0 600 100 0 0 400 454 500 318 366 450 100 975 687 0 324 250 702 0 683 400
#LCFC 2015-08-29
0 0 0 0 0 0 0 100 0 0 520 0 800 -50 0 0 0 0 0 0 0 0 -33 0 0 0 -500 0 0 0 0 0 199 0 416 0 0 0 0 416 0 0 0 278 -71 0 399 0 -155 0 0 0 216 0 0 0 0 1000 0 0 0 274 500 0 300 66 136 0 -83 0 500 450 -150 0 -200 285 0 0 0 0 0 -400 0 562 0 0 0 0 212 100 300 400 350 1000 -500 566 -250 0 -156 0
0 0 0 0 0 0 0 200 0 0 650 0 1000 400 0 0 0 0 0 0 0 0 422 0 0 0 500 0 0 0 0 0 266 0 500 0 0 0 0 500 0 0 0 435 214 0 750 0 288 0 0 0 600 400 0 0 0 300 0 0 500 550 475 0 425 466 454 0 777 0 500 875 650 0 250 535 0 0 0 0 0 400 0 500 0 0 1000 0 475 400 900 1000 550 1000 1000 633 250 1000 400 0
#CFC 2015-08-29
608 976 550 100 800 0 357 194 -125 350 -133 0 0 400 400 900 433 0 0 100 50 466 0 271 200 500 0 0 170 250 136 0 100 0 125 200 -71 0 0 475 78 316 125 100 433 0 0 100 0 0 18 0 0 0 0 0 100 0 0 0 0 0 -400 0 -71 200 0 500 200 0 -100 0 170 0 0 136 500 0 0 250 0 0 0 0 0 0 0 0 0 0 433 -600 0 0 625 733 0 0 0 0
450 600 850 400 1000 0 571 833 375 350 600 1000 1000 800 800 900 833 0 0 400 200 666 0 529 350 833 0 0 500 333 500 0 400 0 750 250 214 0 0 800 500 716 533 400 833 0 0 400 0 0 277 0 0 0 500 1000 400 0 0 0 0 0 400 0 142 400 0 500 450 0 500 0 500 0 0 500 1000 0 0 625 0 0 0 0 0 0 0 0 33 0 750 800 0 0 900 533 0 0 0 0
#CPFC 2015-08-29
0 -71 0 0 0 0 0 0 0 0 466 0 -50 -400 0 0 -71 0 0 0 136 468 0 136 0 0 781 800 200 -500 37 583 0 0 -1000 0 416 75 0 500 0 0 136 0 800 -77 0 142 175 -437 136 800 0 976 0 625 0 0 0 0 233 100 0 136 287 200 976 312 0 562 500 136 350 0 0 0 68 0 0 250 0 0 0 0 0 800 -400 0 0 1000 0 136 0 1000 0 136 0 500 0 0
0 214 0 0 0 0 0 0 0 0 600 0 400 400 0 0 214 0 0 66 454 602 0 454 0 0 600 1000 200 1000 487 516 0 0 1000 0 666 300 0 900 0 0 454 0 700 344 0 522 325 454 500 400 0 500 0 500 0 0 0 0 733 300 0 454 350 500 500 333 0 694 1000 454 650 0 0 0 277 0 0 500 0 100 0 0 0 400 400 0 0 1000 0 500 0 1000 0 500 0 500 0 0
#LFC 2015-08-29
0 350 0 550 25 83 0 500 236 0 0 0 166 166 -300 -799 0 150 0 705 0 300 285 -200 0 266 500 0 0 0 0 203 483 -75 500 0 249 0 -200 0 466 323 0 49 0 0 0 -200 300 0 -208 250 -100 233 0 0 49 0 400 700 324 299 0 0 0 0 340 0 0 0 107 0 -125 214 0 0 -1000 146 -99 0 0 0 -266 0 375 181 0 214 0 350 0 0 0 0 0 750 0 233 0 0
76 362 0 850 700 466 0 500 280 0 0 76 833 833 400 1000 0 650 0 640 0 575 535 800 0 700 1000 0 0 0 0 643 716 325 500 0 700 0 400 0 283 750 0 250 0 0 0 250 450 0 666 100 100 600 0 0 950 0 800 600 500 600 0 0 0 0 430 0 0 0 500 0 875 428 0 0 1000 508 288 0 0 33 488 0 500 411 0 428 0 650 0 0 125 400 0 1000 0 666 76 0
#WHUFC 2015-08-29
0 0 0 0 125 0 0 0 0 300 0 0 -400 0 0 0 0 0 600 850 0 0 245 0 368 368 0 233 441 0 500 0 0 -100 0 0 -125 274 212 0 0 -150 312 -437 83 0 0 0 -300 350 500 -416 -100 -66 0 83 -200 -250 0 183 621 0 500 0 0 0 267 0 -1000 0 0 209 231 0 0 -41 0 500 0 0 283 -300 0 136 80 0 0 0 0 -500 0 0 -600 -390 243 -384 500 366 -99 100
0 0 0 0 500 500 0 0 0 950 0 0 400 0 0 0 1000 0 900 450 0 0 451 1000 677 677 0 450 662 0 500 0 0 388 0 0 375 436 275 0 0 900 400 729 633 333 0 0 400 550 500 549 250 600 0 833 100 1000 0 633 683 0 600 0 0 0 428 0 800 0 1000 588 441 0 0 777 0 500 0 0 433 400 0 500 676 0 0 666 0 1000 750 0 500 0 1000 475 500 433 214 150
#MCFC 2015-08-29
0 0 400 -100 400 400 800 1000 437 200 0 -46 78 550 214 0 0 -50 0 0 0 0 466 625 0 0 0 0 500 212 0 0 733 0 390 200 0 0 170 650 -19 0 -19 800 -50 -400 0 0 0 78 0 333 0 0 0 175 566 500 0 0 0 0 0 0 0 -200 0 800 0 0 0 0 0 0 0 100 600 204 78 0 0 0 800 500 800 0 0 0 350 0 0 139 0 0 0 0 0 0 0 -388
0 0 1000 400 800 800 1000 900 666 350 0 472 500 700 500 0 0 200 0 0 0 0 533 900 0 550 0 0 1000 250 0 0 533 0 634 300 0 0 454 625 383 600 383 1000 400 400 0 0 0 500 0 666 0 0 0 275 533 900 0 550 0 0 0 0 1000 600 0 750 0 0 0 0 0 0 0 150 600 570 500 0 0 100 400 200 1000 0 0 0 550 0 0 549 0 0 0 0 0 0 0 833
#WatfordFC 2015-08-29
250 0 0 0 0 0 250 0 0 0 -125 0 500 0 800 0 0 100 0 400 0 800 0 206 600 0 0 -100 412 0 188 0 0 700 500 0 0 0 0 400 -300 0 500 250 0 -100 -100 0 400 0 0 0 262 0 0 0 300 250 0 100 0 100 -125 83 500 68 0 1000 377 168 700 -400 0 66 0 0 0 550 800 0 700 62 0 0 250 0 0 149 0 0 0 0 214 800 0 0 700 0 -50 0
333 0 0 0 0 0 500 0 0 0 125 0 500 0 1000 0 0 250 0 350 0 1000 0 700 550 0 66 550 750 0 388 0 0 600 500 0 0 0 0 400 400 0 1000 312 0 50 300 0 400 0 0 0 575 0 0 0 100 428 0 800 0 652 625 1000 600 227 0 300 366 522 600 400 0 166 0 0 0 750 750 0 700 500 0 0 750 0 0 500 1000 0 0 0 428 900 0 0 600 0 150 400
#SCFC 2015-08-29
0 0 0 800 -50 0 0 306 -100 0 0 0 525 -231 0 166 283 500 0 99 0 -71 0 0 0 700 150 0 136 -277 0 0 0 68 600 0 -333 327 1000 0 267 -466 1000 423 0 0 500 -250 0 700 0 0 0 0 -400 0 -1000 0 0 285 0 291 -200 -71 0 0 -333 0 20 0 0 525 0 0 0 0 500 433 -145 -291 -388 0 0 0 0 0 0 -50 0 500 200 0 200 0 0 0 0 0 0 357
0 0 0 1000 400 0 0 750 700 0 0 0 366 427 0 666 466 500 0 466 0 214 0 0 0 900 191 600 500 722 0 0 0 289 550 0 1000 366 750 0 500 577 400 505 0 0 500 1000 0 600 0 0 0 0 400 0 1000 0 0 535 0 525 200 214 0 0 375 0 416 0 0 366 0 0 0 125 500 833 270 541 833 0 0 250 0 0 0 100 500 900 900 0 200 0 0 0 0 0 0 535
#WBA 2015-08-29
750 0 0 -400 -400 100 0 0 0 0 -300 0 98 0 0 -266 0 55 -151 -62 0 0 285 100 0 0 750 -600 0 700 0 500 62 312 107 500 0 0 0 0 -399 0 0 800 100 -500 0 0 200 -750 0 0 625 0 250 25 75 -404 0 150 0 250 250 124 -1000 180 0 0 -700 400 0 0 -150 0 0 0 0 0 100 433 -200 233 0 0 250 -50 285 200 -335 0 800 -357 -237 75 175 250 -300 -300 0 -406
400 0 0 800 700 550 0 0 0 0 550 0 520 0 0 733 0 488 562 712 500 1000 535 300 0 0 594 700 0 600 0 650 700 300 364 550 0 0 0 0 750 0 0 1000 550 500 100 0 400 850 0 0 500 0 333 224 794 385 0 100 0 1000 250 260 1000 220 0 0 200 400 0 0 250 0 0 0 0 0 200 533 399 216 0 0 200 400 535 200 466 0 750 478 675 350 950 375 733 600 0 843
#NUFC 2015-08-29
0 550 400 400 0 0 0 0 0 0 500 0 0 0 0 0 800 0 0 875 400 416 -200 400 0 311 -400 0 0 750 0 516 0 800 0 0 200 976 705 0 100 -750 250 0 180 -900 125 500 100 0 366 400 0 0 0 -166 468 0 312 122 0 0 -500 -400 400 250 -699 800 0 400 166 500 200 466 400 0 -700 400 0 375 0 200 -200 0 0 0 400 625 0 171 -25 0 416 0 500 500 600 200 -350 -200
0 850 800 800 0 0 100 0 0 0 1000 0 0 0 0 66 400 0 0 600 400 566 250 400 0 492 400 0 0 625 0 494 0 750 0 0 300 800 740 0 400 750 450 0 486 950 400 625 400 0 422 800 0 400 0 333 602 0 200 366 0 0 300 400 600 300 666 750 0 800 833 500 900 583 800 0 200 800 0 375 0 500 500 0 100 0 800 500 0 584 581 0 505 0 650 600 800 300 400 300
#AFC 2015-08-29
0 550 400 400 0 200 500 0 350 500 0 500 500 0 0 41 -400 500 -87 -300 -195 49 800 300 0 0 0 500 -133 0 0 412 0 1000 0 193 400 -800 0 800 0 0 400 285 0 0 0 -625 0 0 0 0 0 0 0 0 136 -500 136 468 0 800 1000 -302 0 -200 700 200 0 100 0 -300 0 0 0 0 550 0 0 0 316 62 128 800 300 0 0 0 500 -133 300 0 0 300 250
0 650 800 800 0 350 500 0 566 1000 0 1000 1000 0 0 516 700 500 238 600 300 500 400 450 0 0 100 833 633 0 0 237 0 300 0 393 400 900 66 750 0 0 850 535 0 0 0 1000 0 0 0 0 0 0 0 524 500 900 454 602 0 750 300 683 0 800 600 300 0 100 0 1000 0 0 0 33 700 0 0 0 399 500 268 400 450 0 0 100 833 633 500 0 0 500 500
#AFC 2015-08-24
0 0 0 136 400 400 0 200 0 309 0 0 0 500 0 0 -43 -92 500 0 200 233 200 375 200 200 0 450 0 -750 0 -155 100 200 0 0 -41 -500 0 -500 0 0 0 -500 -400 500 0 0 0 0 0 200 800 0 45 0 0 233 0 0 0 300 0 333 -312 500 266 -150 0 399 652 -800 0 -400 0 0 0 250 0 0 500 500 900 0 -50 0 300 366 1000 137 1000 125 0 300 0 0 500 0 0 0
66 0 0 454 800 800 0 500 0 625 0 0 125 500 0 0 475 411 500 0 366 266 500 350 500 500 0 450 0 650 0 288 650 300 0 0 491 700 0 700 0 0 0 400 700 900 0 0 0 0 1000 500 750 0 184 0 0 266 1000 0 0 200 600 500 812 888 425 700 750 400 457 900 0 400 0 0 0 550 0 100 600 600 650 0 533 0 700 733 1000 500 300 483 66 700 0 0 500 0 0 0
#LFC 2015-08-24
-394 0 0 550 0 0 0 900 -25 500 0 0 250 0 500 0 0 525 558 -295 0 400 500 0 0 0 0 250 0 0 0 0 0 800 650 433 433 433 0 0 0 400 0 0 500 0 0 0 0 283 500 800 -192 300 0 0 125 500 125 70 0 500 0 318 200 0 136 -400 0 500 0 700 50 0 400 -137 0 0 500 500 0 487 71 150 0 0 0 1000 -100 0 0 208 566 0 -500 0 170 -50 0 0
616 0 0 850 0 0 100 350 675 687 0 0 283 0 500 0 0 541 549 570 0 400 500 0 0 0 0 350 0 0 0 0 0 400 700 733 733 733 100 0 0 800 0 0 500 0 0 0 0 799 500 400 663 450 0 0 500 500 500 429 0 500 0 477 100 0 454 400 0 500 0 600 200 100 600 575 0 0 500 500 0 575 408 100 0 0 0 1000 900 0 0 166 866 0 1000 0 443 400 0 0
#EFC 2015-08-23
0 -1000 233 0 0 250 315 0 266 0 0 1000 500 250 0 0 -1000 0 0 800 0 0 0 500 1000 -75 -95 500 1000 500 500 500 0 0 100 -599 0 -599 150 333 50 0 0 700 500 125 0 0 0 0 266 0 800 800 100 1000 -400 0 -450 0 399 700 375 266 0 0 315 0 303 315 0 0 700 454 375 0 266 0 0 0 0 1000 0 0 312 0 0 49 0 166 200 0 159 500 0 0 0 0 0 0
0 1000 233 0 0 1000 499 600 666 100 0 1000 500 333 0 0 1000 0 0 400 0 0 0 600 300 116 516 500 1000 400 400 400 0 0 100 833 0 833 250 833 200 0 0 900 900 0 0 0 0 0 666 1000 400 1000 300 400 600 0 533 0 650 600 420 666 1000 0 499 600 386 499 0 600 600 517 420 0 666 100 1000 0 0 300 0 0 333 0 0 616 0 666 200 0 438 750 0 500 0 0 0 0
#MCFC 2015-08-23
166 0 0 0 200 -145 400 400 0 0 300 250 0 500 0 125 0 700 500 750 625 500 0 0 0 0 0 0 -100 500 200 0 500 200 0 0 250 0 136 -250 1000 0 0 0 0 200 0 0 68 500 500 400 0 0 0 800 100 0 0 37 183 195 0 0 700 0 0 700 0 0 500 -75 700 700 -166 500 -500 0 -400 328 0 0 500 0 700 0 260 0 258 750 -200 175 845 0 1000 1000 625 136 333 0
133 0 0 100 950 320 800 800 100 0 266 333 500 500 0 400 125 600 500 650 900 600 0 0 0 300 0 0 400 500 200 0 500 200 0 0 250 66 454 183 400 0 0 0 0 300 0 0 727 500 500 800 0 0 0 400 100 0 0 416 341 1000 0 0 750 0 0 600 0 0 183 366 600 600 366 600 875 0 600 268 500 0 183 0 600 0 442 0 358 675 200 325 640 0 300 400 900 454 133 0
#WatfordFC 2015-08-23
500 -200 -216 0 0 516 700 500 0 0 0 285 333 0 0 136 0 349 0 0 0 0 500 -400 300 -100 250 -50 -200 68 0 0 466 0 0 -150 650 0 0 0 0 -166 -193 500 0 0 -500 0 250 250 136 775 0 653 0 0 0 0 0 0 0 0 100 300 136 468 50 0 0 0 -400 -400 136 0 650 0 0 300 0 0 0 0 0 125 0 0 0 -500 0 0 0 0 -50 100 0 136 0 -400 0 -218
500 450 833 0 0 633 600 500 0 0 1000 535 666 0 0 454 0 666 0 0 0 0 500 700 594 350 950 250 400 727 0 300 516 0 0 900 600 0 0 0 0 166 253 750 0 0 1000 0 300 1000 454 725 0 676 0 0 0 0 0 0 0 0 150 100 454 727 950 0 0 0 400 400 454 0 650 0 500 600 0 0 0 0 0 216 0 0 0 1000 0 0 0 0 350 400 0 454 0 400 0 455
#SaintsFC 2015-08-23
-200 0 0 600 0 -108 200 0 -200 -400 0 0 0 136 250 500 -250 0 0 800 0 450 0 500 0 0 191 133 0 0 0 0 325 0 400 0 250 200 -291 200 350 -234 0 368 -150 -300 0 500 0 0 0 568 325 -283 500 -388 500 1000 400 0 0 0 0 -400 0 -400 175 0 0 0 272 433 0 -312 0 200 490 0 0 0 -155 0 0 0 0 800 52 0 200 500 0 0 0 0 0 136 136 0 0 0
300 0 0 200 0 466 100 0 450 700 0 0 0 454 500 1000 250 0 0 400 0 694 50 1000 0 0 444 366 0 0 0 0 616 0 300 0 283 100 541 100 300 427 0 702 200 400 0 750 0 0 0 727 616 866 833 833 750 700 586 0 0 0 0 400 0 400 275 0 0 0 444 833 0 50 0 100 600 0 0 100 288 0 0 0 0 400 1000 0 100 500 0 0 0 0 0 454 454 0 0 0
#WBA 2015-08-23
0 1000 390 266 200 350 350 150 0 450 0 -400 0 500 0 0 0 500 333 0 -250 357 250 -125 0 0 350 0 50 0 633 0 0 0 0 93 116 0 150 0 200 216 0 0 1000 100 0 0 0 -500 289 -170 -312 500 0 0 400 0 0 0 0 0 0 0 0 0 0 400 -200 233 400 200 0 0 0 333 0 68 0 156 0 0 -30 200 0 399 0 170 0 0 0 -155 250 0 237 300 500 0 400 0
0 1000 250 500 600 350 500 550 0 500 0 400 0 1000 0 0 0 550 666 0 850 650 506 375 0 0 550 125 350 0 566 0 0 0 100 593 266 0 133 0 500 483 0 0 900 150 0 0 0 1000 383 340 850 800 0 0 1000 0 0 0 0 0 0 0 0 0 0 500 100 433 1000 300 0 0 0 583 0 300 0 1000 250 0 247 200 0 350 0 500 0 0 0 288 400 0 466 1000 500 0 800 0
#CFC 2015-08-23
0 -400 0 0 0 0 0 225 0 102 550 0 200 268 0 0 0 0 0 216 0 0 125 136 0 400 400 0 233 -100 -83 0 0 0 0 512 0 0 0 0 225 0 0 0 0 0 0 -250 0 50 0 0 -145 0 50 0 0 0 0 0 0 0 315 0 0 266 -70 0 0 114 261 700 0 0 0 0 0 156 0 0 0 0 0 0 0 -100 0 0 -100 214 400 0 -400 0 0 0 0 500 136 107
0 400 0 0 0 0 0 266 0 610 850 0 200 427 0 0 0 0 0 699 0 0 300 454 0 800 800 0 233 100 433 0 0 0 0 700 100 0 0 0 412 0 0 0 0 0 0 700 0 178 0 0 520 0 50 0 0 0 0 0 0 0 499 0 600 666 330 0 0 596 447 600 0 0 0 0 0 550 0 0 0 0 0 0 0 400 0 0 100 571 300 0 400 0 0 0 0 500 454 821
#CPFC 2015-08-22
0 0 0 0 0 0 0 375 0 150 171 125 0 0 0 150 0 466 909 0 500 -400 0 0 0 0 0 -341 0 0 100 268 0 0 0 0 250 -100 0 500 0 136 -131 50 0 -100 0 1000 0 700 -50 0 500 -250 0 0 312 0 399 0 0 0 -400 166 0 0 0 800 400 0 0 0 375 600 0 250 75 1000 350 0 0 0 200 0 -200 266 100 377 250 0 100 140 0 700 0 0 0 0 800 0
0 0 0 0 0 0 0 1000 0 0 437 187 0 0 0 50 1000 600 780 66 500 450 0 883 0 66 100 675 0 0 300 477 0 0 0 0 250 550 0 750 0 454 427 250 0 200 0 1000 0 600 400 0 600 888 0 0 200 0 800 0 0 0 400 833 0 0 0 750 900 0 0 0 700 700 0 300 761 400 650 0 1000 95 200 0 800 133 100 546 333 0 300 700 0 900 0 100 0 0 700 1000
#AVFC 2015-08-22
400 400 0 0 0 0 -50 500 700 0 0 800 0 0 0 0 0 0 0 0 800 312 316 136 800 -287 500 0 0 0 0 0 568 136 -131 0 0 0 0 378 0 -200 136 0 500 0 307 0 700 312 0 0 200 160 357 0 0 0 112 700 0 500 -400 449 -50 -400 0 0 0 -800 500 0 -300 0 0 350 0 0 0 0 375 200 -266 -500 49 -700 0 800 500 0 0 0 -1000 136 400 -250 -312 0 136 -400
800 800 0 0 0 0 450 500 600 0 0 400 0 0 0 0 0 0 0 0 400 250 570 454 400 525 900 225 0 1000 0 0 727 454 427 0 500 0 0 484 0 100 454 0 600 0 485 0 600 1000 300 0 400 539 571 0 0 375 484 600 0 500 450 400 400 600 0 0 0 1000 900 0 400 0 0 550 0 0 0 0 750 200 733 600 775 850 1000 400 600 0 187 0 1000 454 800 400 604 0 454 400
#LCFC 2015-08-22
0 0 0 800 136 0 0 500 -337 0 0 0 0 0 0 0 0 0 0 0 0 -600 215 0 0 0 0 0 800 0 0 0 199 500 0 625 0 312 400 125 428 116 750 0 0 0 0 0 500 0 250 0 0 500 350 0 0 0 0 -200 0 0 0 500 1000 0 642 -400 0 0 0 0 500 -625 0 0 0 178 0 0 0 0 0 0 170 0 400 0 0 0 0 250 0 0 0 550 0 0 -133 500
0 0 0 400 454 0 0 500 900 0 0 0 0 0 0 0 0 0 0 0 0 1000 333 0 50 0 100 0 400 0 0 0 266 475 0 500 0 500 400 400 678 191 950 0 0 0 0 0 700 0 300 0 0 500 550 0 0 0 0 350 0 0 0 500 300 0 767 600 0 888 0 0 500 900 0 0 0 785 1000 0 0 0 0 0 454 0 200 0 0 0 0 1000 0 0 0 500 0 0 133 500
#COYS 2015-08-22
0 0 212 0 0 0 334 0 0 0 0 -341 308 0 0 -600 909 700 800 136 208 0 625 399 0 136 0 500 909 87 0 225 568 0 -200 0 500 0 700 318 -250 0 400 400 400 0 0 -400 -74 250 -194 0 0 350 125 0 -423 350 -214 166 356 0 700 450 -77 0 500 318 0 800 0 200 21 528 1 0 500 0 0 136 0 375 125 0 1000 -1000 0 350 -750 0 0 37 700 0 0 0 250 0 0 0
0 0 150 0 0 0 571 0 0 0 0 1000 433 0 0 1000 780 600 400 500 283 0 500 366 0 454 0 525 780 675 0 800 377 100 800 0 500 0 600 527 750 0 400 400 400 0 0 600 925 333 666 0 125 300 500 66 504 650 500 666 750 0 600 566 644 0 500 477 0 700 0 725 412 567 566 0 1000 0 0 454 322 450 250 0 750 1000 0 512 700 0 0 500 600 0 0 0 400 0 0 0
#ncfc 2015-08-22
0 136 0 0 0 0 0 0 0 0 125 506 0 0 200 -312 800 -1000 0 -500 83 0 0 0 500 0 318 250 500 0 500 400 278 0 -600 0 1000 300 0 0 -400 -699 611 400 0 150 0 0 500 0 136 0 -116 0 136 133 400 -125 0 0 16 1000 0 49 0 400 -166 0 16 -300 500 500 0 0 200 0 502 99 200 0 312 312 0 0 0 250 -1000 136 162 0 66 562 0 0 0 0 600 900 0 400
125 454 0 0 0 0 0 0 0 0 250 529 0 0 500 687 750 900 0 1000 433 0 0 0 500 0 500 200 600 0 888 500 418 0 800 0 300 750 0 0 700 666 616 800 0 500 0 0 500 0 454 0 366 0 454 683 900 125 0 0 144 1000 0 550 0 700 66 0 716 300 600 533 0 0 500 0 445 366 400 0 450 250 0 0 0 333 1000 454 450 0 674 500 0 0 0 0 900 1000 0 375
#SCFC 2015-08-22
0 0 312 0 0 0 194 0 100 0 0 0 0 0 350 160 0 200 0 0 800 0 0 0 -312 0 0 0 0 0 -200 0 0 400 400 -400 100 312 0 0 566 0 0 262 0 333 333 0 0 0 333 0 399 0 0 300 0 0 0 312 100 0 0 0 0 0 312 312 312 0 500 0 68 366 43 0 199 875 0 0 0 200 -500 0 0 150 0 700 0 118 500 300 0 -187 0 0 1000 0 0 100
0 0 662 0 0 0 372 0 100 0 0 0 0 0 591 539 0 262 0 0 400 0 0 0 400 0 0 0 0 100 450 0 0 400 375 400 1000 333 400 0 600 0 100 516 0 452 452 0 0 0 333 0 450 0 0 425 500 0 0 662 100 0 0 0 250 0 662 662 662 0 900 0 227 533 593 500 333 600 0 0 0 500 700 0 0 575 0 600 0 327 500 800 0 500 0 1000 300 0 0 400
#SAFC 2015-08-22
0 0 0 0 0 500 500 500 500 500 500 500 500 500 500 500 500 0 850 0 0 800 227 -200 0 -291 -66 0 0 0 800 -155 0 350 133 0 100 274 0 533 -83 -500 0 0 0 50 285 0 0 -250 -350 0 -312 0 285 -250 0 800 0 62 -9 0 0 62 0 -100 1000 300 1000 850 150 125 150 0 0 62 166 -625 0 800 1000 187 800 62 0 600 600 0 1000 400 700 -500 0 0 0 -107 120 -1000 400 0
0 0 0 0 0 1000 1000 1000 1000 1000 1000 1000 1000 1000 1000 1000 1000 0 800 0 0 400 545 700 0 541 716 100 0 0 400 288 0 650 594 0 450 575 0 566 166 1000 0 0 0 350 535 0 66 150 550 0 637 0 535 400 1000 1000 0 500 371 0 0 500 100 400 300 366 300 1000 300 224 966 0 0 500 666 1000 0 400 400 250 400 500 0 1000 1000 0 750 700 600 500 0 0 0 204 246 1000 800 0
#Swans 2015-08-22
0 0 0 300 0 133 0 100 500 0 625 100 0 0 -75 200 837 0 250 1000 1000 200 0 166 0 0 83 -400 324 200 0 166 0 195 0 -400 250 200 250 -500 0 0 0 198 0 300 0 250 -155 0 0 200 287 0 0 100 0 0 500 500 650 0 136 0 0 0 -133 0 0 -155 700 0 0 -187 0 0 0 0 0 0 0 170 112 0 -155 500 0 0 0 0 -165 0 0 400 0 0 0 250 250 0
0 0 0 700 33 594 0 450 900 0 500 100 0 0 525 300 675 0 750 300 300 400 0 166 0 0 83 400 672 300 0 533 0 200 0 400 750 300 400 500 0 0 0 317 0 950 0 750 288 0 0 400 591 0 0 400 0 0 500 833 800 0 454 0 0 0 533 0 0 288 600 0 0 500 0 0 500 0 0 0 0 454 512 650 288 662 0 0 0 0 475 0 0 233 0 0 0 750 750 0
#WHUFC 2015-08-22
0 136 136 0 0 0 -166 0 0 500 200 -216 0 -333 0 150 0 1000 -312 -300 0 -500 -400 50 -200 -500 500 0 300 337 175 245 300 -200 -175 170 1000 -200 0 0 0 0 400 0 0 0 411 0 -162 -200 125 250 0 0 16 600 0 200 0 350 0 -250 -500 0 500 -125 -75 600 -200 -500 550 0 0 0 -250 800 322 0 137 0 0 -1000 101 0 -350 200 190 700 0 -50 -400 0 100 0 0 399 49 -1000 -9 125
0 454 454 0 0 0 158 0 0 500 300 600 0 666 500 766 66 1000 687 333 0 1000 600 262 300 1000 500 0 200 562 518 451 450 300 650 454 1000 300 0 0 0 0 800 0 0 0 505 0 337 300 133 250 1000 0 350 400 0 433 0 400 0 150 500 0 500 375 558 700 300 500 950 0 0 0 750 1000 344 0 515 0 0 1000 373 0 100 300 357 900 0 400 400 0 200 0 0 366 600 1000 371 800
#AFCB 2015-08-22
-450 0 0 625 0 1000 0 0 312 500 300 0 375 0 0 285 600 -425 500 199 0 0 0 0 500 100 -500 -625 45 0 875 0 -62 266 375 -130 0 0 200 0 -125 533 0 0 0 100 -200 400 0 0 0 0 0 0 -260 0 62 0 550 0 0 0 0 -400 200 0 1000 0 500 0 0 0 400 400 800 0 -300 0 66 125 0 33 325 -200 -75 0 0 400 100 -200 0 0 0 0 0 100 500 0 0 0
600 0 0 600 0 750 0 0 333 500 200 0 750 0 0 535 400 775 500 650 66 0 0 0 500 200 1000 1000 484 0 800 0 409 799 350 780 0 0 300 100 375 626 0 0 0 200 375 400 0 0 0 0 0 0 700 0 500 0 750 0 0 0 0 600 600 0 300 0 500 0 250 0 400 400 1000 0 200 0 175 291 0 366 625 400 366 0 0 400 250 233 0 0 66 0 0 100 500 0 0 0
#MUFC 2015-08-22
500 0 0 -400 0 0 1000 -200 550 0 0 -400 0 136 0 -400 136 0 0 0 -133 0 0 0 0 0 0 0 0 400 400 -500 0 0 0 0 285 8 0 233 0 0 223 0 0 0 0 0 -500 0 0 0 59 0 0 0 0 0 0 0 0 0 0 166 0 500 0 0 0 0 750 0 300 0 136 -33 475 0 0 0 0 0 200 0 0 0 0 0 0 0 0 0 125 0 72 0 650 0 0 0
500 0 0 400 0 0 300 400 850 0 0 600 0 454 0 700 500 0 0 0 600 0 0 0 0 0 0 0 0 800 800 588 0 0 0 0 535 133 0 700 0 0 683 0 0 0 0 50 666 0 0 0 163 0 0 0 0 0 0 0 0 100 0 500 0 500 0 0 0 0 500 0 100 125 500 133 425 0 0 0 0 0 950 0 0 0 0 100 0 125 0 0 325 0 519 0 675 0 700 0
#NUFC 2015-08-22
0 550 100 -175 0 -1000 -1000 0 400 400 0 0 -175 0 -175 -1000 0 -1000 0 0 -100 400 0 -150 0 0 0 800 220 171 250 800 0 0 0 0 0 -100 0 0 250 0 0 0 -500 93 -300 500 0 0 200 -37 500 0 0 1000 400 -1000 0 477 500 0 0 0 -300 0 200 -75 -312 112 -99 136 0 0 625 400 300 0 187 400 145 0 208 0 400 400 0 500 500 700 0 250 300 500 500 500 100 725 0 300
0 850 200 825 850 1000 1000 250 800 800 0 0 825 850 825 1000 850 1000 0 0 200 399 0 250 0 0 0 750 300 437 500 750 0 0 0 0 0 100 0 0 750 0 0 0 900 593 600 650 0 0 300 525 500 100 0 750 425 1000 0 477 750 500 0 0 400 0 900 366 250 684 733 454 0 0 500 800 200 0 549 550 541 100 166 0 800 800 0 500 500 500 0 250 250 500 500 500 400 750 400 100
