#LFC 2018-10-07
282 100 0 134 0 -185 0 0 178 47 -400 100 450 33 -49 125 68 0 278 -400 0 1000 53 234 175 0 -12 0 0 -250 0 568 1000 -699 200 -500 -149 0 0 0 0 0 700 1000 0 0 107 125 200 0 1000 506 0 0 234 187 0 0 0 -77 0 350 134 568 52 0 0 500 -246 -1000 400 875 178 0 0 0 -185 0 375 107 0 0 36 33 0 506 0 476 -200 133 0 357 400 100 0 500 384 0 134 -625
470 100 0 813 0 229 0 0 751 283 700 383 875 666 700 500 727 0 657 400 0 300 562 763 275 0 462 0 0 625 0 427 1000 666 200 500 733 600 0 0 0 1000 600 1000 0 0 670 500 750 0 400 427 0 0 763 408 0 0 0 144 0 650 813 427 522 0 0 500 545 1000 800 600 751 0 0 0 229 0 400 670 500 0 572 338 0 427 0 450 0 466 463 297 800 100 533 888 713 0 813 1000
#MCFC 2018-10-07
250 134 0 178 125 0 -12 234 250 568 -500 0 300 0 0 107 125 0 0 234 134 568 141 400 178 0 -185 107 0 0 384 134 200 178 170 0 568 0 0 0 500 1000 568 0 0 0 280 139 800 500 562 0 -800 0 249 500 300 0 134 0 266 0 250 284 0 0 500 107 0 0 0 0 0 500 0 0 134 178 0 -398 0 350 0 191 0 700 0 0 125 -500 350 107 234 -600 0 74 0 0 384 568
311 813 0 751 500 1000 487 763 1000 427 500 600 700 0 0 670 500 0 0 763 813 427 405 800 751 0 229 670 0 0 713 813 600 751 283 0 727 0 0 0 500 750 727 0 0 0 470 500 700 600 1000 0 800 0 325 750 200 0 813 0 500 0 333 713 0 0 500 670 0 0 0 0 0 600 0 0 813 751 0 738 62 550 0 866 0 600 0 0 500 1000 550 670 763 900 0 625 0 0 713 427
#SaintsFC 2018-10-07
250 287 0 658 400 0 449 0 125 0 283 -125 -66 200 200 800 0 0 800 0 800 500 -312 0 0 416 0 700 0 0 66 49 350 -26 566 318 160 0 0 0 170 -700 400 237 -600 0 625 199 0 800 136 521 450 200 160 93 800 -150 0 163 0 0 450 -200 277 450 300 500 136 450 416 500 625 277 200 -83 0 0 0 0 0 0 0 100 0 500 -5 0 437 0 116 0 221 250 250 -400 0 200 0 0
500 580 0 658 425 0 400 0 250 550 416 500 700 950 950 750 0 0 750 0 750 150 637 0 0 450 0 800 0 0 600 650 550 467 616 425 340 0 0 0 446 1000 800 312 700 0 1000 633 0 1000 500 508 549 950 539 275 400 700 125 722 0 0 550 400 420 725 200 1000 500 350 583 328 500 722 581 320 0 0 0 0 0 0 0 559 0 500 700 0 500 0 166 0 563 1000 408 400 0 950 0 0
#CFC 2018-10-07
500 79 43 0 0 178 250 250 0 -66 403 318 350 136 0 -400 568 -156 0 -125 27 333 411 360 411 77 100 0 650 200 437 568 375 0 0 178 0 0 0 0 0 333 0 -50 0 625 250 0 175 0 178 136 136 0 275 475 500 175 566 700 90 30 72 -350 0 -125 0 350 0 0 800 0 0 800 0 214 -150 800 350 187 0 200 200 0 0 -63 0 0 0 0 0 0 584 0 0 0 500 0 -93 0
500 536 593 0 0 751 500 650 0 233 409 527 633 454 0 600 427 468 0 500 388 666 588 500 661 416 200 0 450 700 737 427 850 0 0 751 0 0 0 0 0 355 0 850 0 1000 300 0 447 0 751 454 454 0 489 453 500 447 616 600 454 233 509 600 0 500 0 550 125 950 750 0 0 750 0 678 300 750 333 512 0 950 950 0 0 491 0 0 0 600 0 0 233 0 0 0 150 0 95 0
#FFC 2018-10-07
0 0 0 214 200 0 0 0 0 0 0 400 0 136 383 136 136 0 -221 200 500 200 0 0 0 500 300 0 100 150 500 0 125 80 0 0 0 0 0 500 -600 500 0 383 0 0 0 200 0 0 0 158 35 220 0 0 0 -300 127 -77 500 450 0 0 0 175 0 277 -275 125 0 -275 0 -275 0 0 -100 0 0 0 0 200 0 400 0 383 166 800 0 133 -400 200 595 200 0 625 0 250 800 800
0 0 0 571 100 0 0 0 0 0 0 900 0 500 338 500 500 0 418 950 500 950 0 0 0 500 350 0 583 875 500 0 1000 126 0 0 0 0 0 500 400 150 0 338 0 0 0 950 0 0 0 315 440 770 0 0 0 500 270 144 833 350 0 0 0 250 1000 722 375 166 0 375 0 375 0 0 300 0 0 0 0 600 0 900 100 338 516 900 0 441 400 950 541 400 0 725 0 333 900 900
#AFC 2018-10-07
-318 0 333 333 0 172 0 300 0 0 61 400 800 -400 0 468 700 0 0 0 216 0 492 0 -625 0 800 0 329 200 500 200 0 0 553 0 245 0 208 0 0 500 369 0 0 0 0 -75 0 378 0 0 0 0 0 0 -166 0 333 0 300 -75 500 500 0 0 0 80 32 333 400 0 333 0 -100 0 0 0 0 0 350 0 0 0 400 0 350 0 0 0 0 0 0 500 0 -100 0 -600 287 350
475 0 366 366 0 519 0 200 100 0 227 800 1000 600 0 700 900 0 0 100 616 0 688 0 1000 0 400 0 680 950 500 950 0 0 380 0 350 0 366 0 0 500 607 0 100 0 0 366 0 484 0 0 0 0 0 0 66 0 500 0 800 366 500 750 150 0 0 126 334 604 500 0 633 0 175 0 0 0 0 0 635 100 0 0 800 0 650 0 0 66 0 0 0 750 750 162 0 1000 408 650
#MUFC 2018-10-06
0 0 68 347 178 0 0 107 266 151 568 107 257 500 -125 300 33 -20 68 0 214 -418 0 0 100 -114 68 -442 1000 9 0 0 100 550 75 0 0 95 107 58 250 -50 212 0 0 200 0 343 0 0 0 0 0 0 0 0 0 0 0 0 0 0 0 0 -67 100 250 234 130 0 700 0 116 0 178 0 150 0 568 0 0 214 100 300 0 -19 100 400 0 0 0 400 416 171 0 0 193 0 0 25
0 0 427 791 751 0 0 670 400 281 427 647 447 800 375 200 441 418 427 0 571 558 0 0 200 443 427 718 900 290 0 0 375 600 450 0 0 378 670 413 250 356 450 0 0 300 0 493 0 0 0 0 0 0 0 0 0 0 0 0 0 0 0 100 635 200 750 763 486 0 600 0 244 0 751 0 100 0 427 0 0 571 300 100 0 433 200 400 0 0 0 200 816 428 0 0 393 0 0 562
#NUFC 2018-10-06
0 0 0 0 285 178 568 50 700 -205 0 -12 0 433 424 0 212 183 -75 0 0 450 -12 0 291 -200 178 -262 750 300 568 -233 0 0 0 -400 0 0 0 1000 250 200 -12 0 0 -358 -12 0 200 0 139 332 238 0 0 0 -781 156 0 305 -1000 357 400 62 0 321 -12 136 0 0 466 900 0 500 0 -175 -200 0 0 -12 -500 200 250 466 285 0 200 0 0 0 0 -141 0 0 529 175 -247 200 0 0
0 0 0 0 535 751 427 691 700 799 0 237 0 666 659 0 450 379 366 100 0 700 237 0 616 400 751 472 675 100 427 333 0 625 0 400 0 0 0 600 250 200 237 0 0 575 237 0 500 0 339 562 565 0 0 0 600 571 0 453 1000 535 233 350 533 540 237 454 0 1000 450 1000 0 900 1000 775 300 0 0 237 650 400 550 433 535 0 200 0 0 0 0 558 0 1000 616 275 558 200 0 0
#Clarets 2018-10-06
0 83 0 0 0 233 0 200 0 0 0 0 0 0 -700 -124 170 541 312 0 0 0 0 -80 500 800 -45 -45 400 0 500 800 -99 -1000 800 0 0 0 0 0 136 0 800 0 -211 0 400 0 800 500 266 -25 400 -400 700 0 0 0 -300 250 0 4 800 400 1000 0 0 33 150 400 0 0 450 0 1000 0 45 500 0 500 175 0 0 1000 1000 0 0 50 149 175 462 350 0 0 0 -170 0 0 0 0
0 549 0 0 0 366 0 950 0 0 1000 1000 0 0 200 650 500 566 333 0 0 0 0 363 833 400 890 890 800 0 900 1000 875 1000 900 0 0 0 0 0 396 0 400 0 288 0 1000 0 700 500 466 700 500 400 700 0 0 0 600 500 400 320 400 800 300 0 0 508 450 500 0 66 700 0 300 0 201 500 0 433 579 0 1000 300 300 0 0 875 500 775 300 550 0 0 0 529 1000 0 0 0
#HTAFC 2018-10-06
0 -200 0 337 400 0 1000 0 0 0 0 0 175 0 500 183 0 100 0 0 -66 0 410 450 600 525 0 0 0 136 0 0 0 193 250 600 500 0 0 0 0 0 0 0 500 0 -699 0 -77 227 0 0 0 0 -71 -345 0 259 200 0 166 136 1000 0 136 400 800 399 450 596 90 0 22 0 0 750 0 500 0 -500 136 0 -131 0 550 1000 0 0 136 0 850 0 0 641 600 0 0 0 0 400
0 600 0 387 900 0 1000 0 0 0 0 0 300 0 500 642 0 550 0 0 366 0 770 600 950 366 50 0 0 454 0 0 0 433 500 950 500 0 0 0 0 0 0 0 500 300 666 0 277 545 0 0 0 0 214 470 0 538 950 750 666 454 300 0 454 700 750 400 387 645 444 1000 634 1000 0 400 0 500 0 500 454 0 450 0 1000 400 0 0 454 0 1000 0 0 644 950 0 0 0 0 700
#CPFC 2018-10-06
-600 0 0 0 212 291 0 136 500 0 0 0 0 -299 900 125 0 0 400 500 0 0 0 250 200 0 300 83 0 500 -200 442 0 -166 0 1000 1000 1000 79 0 0 133 0 100 500 0 0 0 1000 0 0 200 200 0 0 0 0 200 0 0 0 -400 1000 49 100 0 0 66 400 0 500 -33 0 0 0 0 399 -100 -200 -333 500 0 0 -264 0 -133 -250 0 0 178 0 0 -100 0 0 500 59 0 0 0
800 0 0 0 450 616 0 454 750 0 0 650 0 600 1000 400 0 0 425 500 0 0 0 450 500 0 533 611 0 500 800 767 0 433 0 1000 300 900 533 1000 0 666 100 250 500 1000 666 0 1000 0 0 200 200 1000 1000 1000 0 200 0 0 0 400 1000 350 300 650 0 433 883 0 500 233 0 0 0 0 375 200 200 1000 500 0 0 560 0 155 500 0 0 767 0 0 200 0 0 500 300 0 0 0
#wwfc 2018-10-06
0 0 0 212 158 485 266 0 190 0 -300 500 700 800 900 258 0 800 875 0 -72 0 0 90 200 600 55 0 500 -117 275 176 0 86 500 200 125 67 500 0 250 0 300 350 400 0 0 0 46 400 0 133 -224 0 437 0 0 275 -343 0 100 378 0 0 500 616 616 0 0 -155 49 0 175 500 0 0 0 160 0 312 -224 312 -500 -312 337 -143 0 50 0 0 900 0 0 0 333 357 500 0 0 0
0 0 0 450 448 516 341 0 338 0 400 600 900 1000 1000 533 0 750 600 100 204 0 0 251 200 1000 412 0 500 273 500 369 100 306 500 200 425 485 900 0 266 1000 525 550 483 0 0 0 287 572 500 133 412 500 625 122 0 500 500 0 300 456 0 0 500 377 377 400 0 288 283 0 325 600 0 0 0 511 0 333 650 333 500 683 575 516 0 500 0 0 1000 0 0 0 141 571 500 0 0 0
#LCFC 2018-10-06
0 0 0 0 212 0 291 216 0 0 0 407 0 500 305 -200 600 0 0 0 0 500 0 176 0 0 266 500 0 341 0 0 500 0 550 0 0 400 800 133 0 -50 375 200 0 125 500 0 0 159 1000 83 0 700 0 -100 0 266 0 0 0 0 0 0 0 0 625 500 250 0 68 0 183 0 62 300 600 -54 400 0 300 250 500 -50 -400 0 500 0 0 0 650 312 0 0 0 500 0 0 400 250
0 0 0 0 450 0 616 566 0 0 0 471 0 1000 453 600 750 0 0 0 0 900 250 363 0 0 454 500 362 575 0 0 500 0 1000 0 1000 250 400 966 0 250 416 100 0 325 500 0 0 444 750 244 0 600 0 400 0 454 0 600 500 0 1000 0 0 0 500 600 1000 0 260 0 277 0 375 200 1000 399 200 0 475 333 500 400 400 0 183 0 0 0 944 825 0 0 0 675 0 0 1000 333
#EFC 2018-10-06
0 178 0 568 130 0 0 0 212 0 234 178 0 568 0 0 -162 0 -83 0 0 0 0 0 0 0 0 -155 400 75 0 -390 0 0 650 65 -200 0 200 234 0 0 -200 0 178 568 500 300 500 166 0 -125 0 0 0 1000 88 0 0 0 0 625 0 1000 -33 812 -200 0 -200 0 -200 -200 0 -200 0 503 0 65 0 0 234 0 0 0 0 0 178 568 0 0 0 0 0 0 0 0 0 357 250 0
0 751 0 427 436 0 0 0 450 0 763 751 1000 427 0 0 433 0 83 0 0 0 0 0 0 0 0 288 400 525 0 687 0 0 400 412 800 0 200 763 0 0 600 0 751 427 750 550 500 833 100 375 0 0 0 300 361 0 0 0 0 500 0 300 341 1000 500 125 500 125 500 500 125 500 125 551 0 412 0 125 763 0 66 0 0 0 751 427 0 0 0 0 0 0 0 0 0 571 250 0
#COYS 2018-10-06
148 -525 0 0 0 0 0 0 0 0 -187 19 0 375 222 -200 0 0 0 -100 0 1000 0 200 350 0 310 0 0 0 -300 0 0 0 0 0 0 0 0 0 0 0 0 0 81 600 0 -150 0 0 0 0 449 700 500 100 0 0 0 0 -250 0 400 0 350 0 0 66 0 0 0 718 55 14 200 0 -400 600 149 183 0 450 0 0 100 0 190 -133 0 0 0 0 0 0 450 350 -25 -350 700 -166
497 700 0 0 0 0 0 0 50 0 500 420 0 200 311 537 0 0 0 200 0 1000 0 200 550 0 260 0 0 0 350 0 0 0 0 0 0 0 0 0 0 0 0 0 420 600 0 575 0 0 0 0 600 600 1000 433 0 0 0 0 1000 0 533 0 650 66 0 555 0 0 0 600 733 459 500 0 600 1000 500 683 0 450 750 0 100 0 550 466 0 0 100 0 0 0 533 500 250 600 600 66
#cardiffcity 2018-10-06
0 800 0 0 500 -262 0 0 0 0 0 -262 -262 100 500 600 281 0 200 0 500 116 0 0 0 -400 600 500 500 650 0 0 500 500 0 285 -400 0 0 0 0 0 0 0 400 0 281 0 500 136 318 0 246 0 0 500 -25 0 0 500 70 0 50 500 136 142 318 0 250 -45 -45 500 307 0 650 0 400 0 0 0 0 500 500 0 0 500 0 0 0 500 0 136 -200 0 0 500 0 0 -24 0
0 1000 0 0 500 387 0 500 0 0 0 387 387 100 500 900 750 100 950 0 500 583 0 0 0 400 900 150 500 700 1000 1000 500 737 0 535 400 0 400 0 0 0 0 0 400 0 750 0 500 454 477 0 606 0 0 500 275 0 0 500 577 0 191 500 454 267 477 0 312 890 890 500 414 0 450 0 900 0 0 0 0 500 500 0 0 500 0 0 0 500 0 396 400 0 0 500 0 0 875 0
#WatfordFC 2018-10-06
0 193 291 1000 0 -400 800 0 399 0 -166 400 268 150 0 0 800 0 0 250 333 0 375 -16 600 330 366 1000 50 0 0 183 0 383 250 -400 0 133 -43 0 0 134 0 0 -100 550 177 333 0 500 383 325 0 225 300 0 50 0 0 200 300 0 700 400 -59 183 0 75 0 0 150 300 0 400 375 -500 0 0 0 0 1000 350 125 -30 0 0 -166 204 0 900 900 250 0 -12 712 425 700 750 466 0
0 352 616 300 0 600 400 0 800 0 411 500 493 177 0 250 700 0 0 300 433 0 475 466 400 809 233 750 616 0 0 377 0 450 300 400 0 683 700 0 0 613 0 780 433 650 311 433 0 833 633 366 0 750 500 0 616 1000 0 250 500 0 700 400 411 377 0 531 0 0 730 466 0 400 475 1000 0 0 0 0 400 450 570 613 400 0 399 620 0 1000 1000 1000 0 597 616 662 600 449 566 0
#AFCB 2018-10-06
0 700 212 291 0 512 0 383 266 -400 160 62 125 0 -25 100 0 125 812 0 -80 1000 147 136 0 136 -100 500 0 0 0 0 -93 350 266 500 0 100 337 200 -400 500 0 68 800 157 150 136 92 0 350 237 318 0 0 0 -83 -78 136 0 0 211 64 299 168 0 0 45 -250 -175 136 416 200 250 500 50 0 0 350 0 0 136 500 -122 199 -800 0 66 -37 0 450 -43 68 0 0 625 250 -400 200 -45
0 600 450 616 0 950 0 450 133 400 318 584 100 0 425 550 0 500 400 0 630 1000 360 454 0 454 650 500 0 0 0 0 300 300 366 500 0 275 625 200 400 500 0 227 400 406 425 454 284 0 300 373 671 0 0 0 283 448 454 0 0 622 540 716 381 0 0 151 766 472 454 483 450 1000 500 454 0 75 450 0 0 454 500 447 696 800 0 650 568 0 450 521 277 0 0 500 250 700 950 557
#BHAFC 2018-10-05
178 317 178 0 500 0 450 33 178 0 200 0 0 400 329 500 375 178 0 125 0 178 54 -1000 0 0 500 100 350 122 178 0 0 0 0 0 0 500 178 178 333 350 0 0 0 178 -291 0 0 200 0 0 0 250 -65 0 0 0 0 0 0 100 316 -625 -125 285 0 200 0 0 178 0 467 0 500 500 0 0 -50 -100 100 178 0 331 0 0 500 0 0 0 0 0 243 120 0 100 340 266 200 214
751 567 751 0 833 0 512 300 751 0 200 0 0 700 476 500 750 751 0 166 500 751 483 1000 0 0 500 466 550 455 751 0 0 0 0 0 0 300 751 751 700 725 0 0 0 751 541 0 0 900 0 0 0 350 520 0 0 0 0 0 0 279 344 400 375 535 0 600 0 0 751 0 642 0 500 500 1000 66 200 400 279 751 0 700 0 0 500 0 0 158 0 0 273 313 0 200 559 266 300 571
#WHUFC 2018-10-05
-500 312 500 0 0 0 0 0 0 0 500 1000 0 0 0 0 0 0 0 -25 175 175 136 5 68 0 136 500 175 0 0 0 0 875 -416 0 197 0 0 400 158 300 0 800 253 400 0 0 250 -500 -500 -500 0 0 0 0 1000 500 0 0 333 -475 0 0 0 133 -40 -500 400 -200 500 0 0 0 -27 72 600 40 0 0 500 1000 0 200 0 0 489 0 0 0 500 0 377 600 -49 -45 0 0 0 -300
700 443 1000 1000 0 0 0 0 0 0 900 1000 0 500 0 0 0 1000 0 233 535 535 500 437 283 0 500 500 535 0 0 0 0 900 750 0 460 0 0 400 308 450 0 400 546 500 62 0 100 700 700 700 0 0 0 0 1000 500 0 0 355 375 0 0 0 666 130 1000 400 200 1000 0 0 0 244 683 900 473 0 100 900 300 0 200 0 0 642 0 0 1000 500 0 655 900 433 890 0 0 0 500
#AFCB 2018-10-01
0 0 0 800 -300 250 0 0 0 208 -100 395 0 65 850 0 49 0 -100 0 62 0 600 423 0 0 0 166 214 0 500 0 0 0 0 0 0 166 0 0 0 0 0 0 0 700 136 -500 0 218 -77 0 500 -150 0 266 -166 0 0 150 0 800 0 0 -291 350 285 0 350 0 350 -400 500 200 350 0 500 0 -50 40 100 0 -66 0 0 0 0 0 0 -200 0 0 0 -33 0 0 500 -462 0 0
0 0 0 750 400 550 0 66 0 666 200 750 0 228 800 0 316 0 200 0 1000 0 1000 784 0 0 0 241 407 100 500 0 0 0 0 100 0 166 0 0 0 0 0 0 0 1000 454 400 0 300 269 0 500 750 0 466 750 0 0 649 0 1000 0 0 541 650 535 0 650 1000 300 400 500 200 762 0 833 0 400 600 300 0 155 0 0 0 0 0 0 450 0 0 0 500 0 0 500 400 1000 1000
#CPFC 2018-10-01
0 0 55 0 -1000 0 0 -75 100 -200 578 -100 0 0 0 0 -300 0 -210 291 -116 -100 0 0 0 0 -200 0 -100 -800 0 -100 0 0 1000 0 99 75 -54 -699 91 0 0 700 -239 -349 0 66 -25 258 800 -1000 -200 223 -150 -125 -216 -781 -600 -200 0 -16 0 0 349 -155 83 423 212 0 500 -200 0 0 0 500 0 0 166 0 433 1000 425 -500 0 -100 0 -111 0 -400 0 0 0 0 0 500 -194 322 -100 350
0 0 554 666 800 0 0 200 400 400 467 200 66 66 66 0 533 0 500 583 663 200 0 0 0 0 400 0 200 900 0 200 0 0 600 0 700 327 495 666 508 100 0 600 326 833 0 466 533 408 1000 900 333 583 400 475 266 600 800 400 0 233 0 0 666 288 641 784 333 0 400 100 0 0 0 500 0 0 166 0 583 750 575 650 0 200 0 166 0 400 0 0 0 0 0 500 416 388 433 300
#cardiffcity 2018-09-30
500 100 0 0 0 0 800 0 0 500 0 200 0 0 233 -291 0 137 0 392 0 0 -60 500 200 0 800 800 0 -400 650 0 0 500 0 0 370 0 0 100 100 0 600 0 0 0 291 0 0 350 0 500 0 0 0 1000 100 1000 100 500 875 -250 0 650 0 650 -91 -104 199 199 358 800 0 399 0 0 0 0 0 0 0 406 0 0 0 0 1000 0 525 0 300 0 150 0 0 0 0 0 0 -10
500 100 0 0 0 0 400 0 0 500 0 200 0 0 433 541 0 409 0 517 0 0 540 500 250 0 750 750 0 400 450 400 0 500 0 0 244 0 0 1000 1000 0 288 0 0 0 366 0 0 700 0 500 0 0 0 300 300 300 300 500 600 750 0 450 0 425 369 445 425 425 490 400 0 472 0 0 0 0 0 0 0 562 0 0 0 0 300 0 366 0 500 0 275 0 0 0 0 0 0 284
#Clarets 2018-09-30
0 0 0 0 199 0 0 0 0 500 200 0 0 0 -200 500 0 0 0 0 -55 0 -500 0 0 0 -83 0 350 0 0 0 0 0 0 738 333 0 -90 0 -91 300 562 81 0 -100 -382 100 -83 350 0 81 250 -91 -125 0 0 81 0 0 0 54 -10 183 -10 81 0 81 0 350 0 500 125 0 0 800 20 -600 -600 0 0 0 -25 500 0 136 0 0 -31 0 0 -500 0 0 0 214 0 0 0 800
0 0 0 0 483 0 0 0 0 400 500 0 0 0 225 500 0 1000 0 0 388 0 700 0 0 0 350 0 244 0 0 0 0 0 0 500 147 0 486 0 369 449 894 400 0 200 613 100 350 650 0 400 250 116 200 0 0 400 0 0 0 720 284 344 284 400 575 400 100 300 0 900 385 0 0 1000 104 900 900 0 0 0 366 500 0 454 0 0 518 0 0 400 0 0 0 642 0 0 0 400
#CFC 2018-09-29
350 300 -31 400 168 0 0 268 125 0 0 0 0 0 0 0 500 0 0 0 0 0 0 0 0 0 0 0 0 0 0 0 0 0 0 0 0 145 0 850 0 0 0 0 0 357 0 0 500 0 0 0 250 0 900 0 -31 0 0 -900 0 0 0 0 0 -400 0 492 0 450 0 0 400 166 583 136 287 0 0 -100 614 175 250 475 362 444 250 800 0 700 0 642 200 0 500 0 127 -31 600 0
550 620 377 500 268 0 0 627 200 0 0 0 0 0 0 0 900 0 0 0 0 0 0 0 0 0 0 0 0 0 0 0 0 0 0 125 0 618 0 500 0 0 0 0 0 571 0 0 1000 0 0 0 450 0 650 0 377 0 0 1000 0 0 0 0 0 600 0 567 33 950 0 0 420 388 477 454 625 0 0 350 671 614 312 637 675 388 312 400 0 600 0 417 100 0 500 0 485 377 900 0
#LFC 2018-09-29
44 200 0 0 -108 0 0 250 250 333 0 600 268 0 0 0 700 0 0 0 325 0 0 0 0 0 0 0 0 0 0 268 0 0 0 0 0 0 0 0 800 0 200 250 550 50 -68 350 0 0 0 250 0 0 0 -100 0 0 506 0 -250 237 0 600 -150 0 302 0 250 1000 0 0 506 400 0 0 510 500 0 0 111 800 400 597 0 0 0 0 1000 262 300 198 0 200 133 131 0 0 49 100
566 200 0 0 83 400 0 500 500 650 0 825 627 0 0 0 900 0 0 0 566 0 0 0 0 0 0 0 0 0 0 627 0 125 0 0 0 0 0 0 750 0 300 250 1000 549 600 250 100 0 0 875 100 0 0 200 1000 0 427 0 483 543 0 550 700 0 547 0 428 400 0 0 427 500 0 0 399 833 0 0 158 1000 400 611 50 0 0 0 400 737 350 355 0 233 300 642 0 0 450 766
#AFC 2018-09-29
0 0 0 104 0 134 -488 531 0 1000 -133 400 0 0 0 0 0 -100 0 0 324 0 375 -75 0 -166 0 288 150 -50 833 0 199 136 16 500 240 325 -64 0 0 0 500 -37 33 0 600 0 291 0 68 0 0 200 218 350 450 500 402 600 0 350 136 187 44 0 0 175 0 147 308 -408 166 0 233 0 0 500 -400 91 0 750 0 0 500 300 0 129 600 0 195 0 450 0 0 0 0 283 0 -233
0 112 0 708 0 307 350 550 0 571 555 400 0 0 0 0 0 500 400 0 750 0 541 366 300 341 0 755 50 650 783 0 475 454 666 500 339 450 548 0 0 0 1000 347 491 0 900 0 741 0 352 1000 0 300 325 694 600 500 500 600 0 550 454 487 498 0 0 275 0 631 300 750 333 0 366 0 0 500 633 861 0 400 0 0 500 591 0 500 600 0 366 0 525 0 0 0 0 683 0 933
#WatfordFC 2018-09-29
600 0 0 43 525 0 0 428 0 266 283 300 0 500 -100 1000 0 125 800 0 325 0 0 0 0 0 318 0 375 633 0 0 261 0 300 800 318 300 766 0 0 1000 500 450 212 192 0 16 -100 0 500 0 -200 400 0 0 0 0 0 0 0 0 733 0 500 0 380 0 130 360 0 0 400 550 500 -75 0 0 320 45 0 500 1000 500 -175 0 550 0 295 0 400 550 0 114 0 -16 125 0 233 0
1000 50 0 235 525 0 0 550 0 405 630 0 0 500 450 1000 0 250 400 0 460 0 0 0 0 0 527 150 0 808 0 0 345 0 0 750 527 0 633 0 0 1000 500 666 351 527 0 496 100 0 500 0 266 408 0 0 0 0 0 0 0 0 633 0 500 66 325 0 498 640 0 0 1000 700 500 450 0 0 413 378 0 750 300 500 350 0 750 1000 395 0 233 500 0 534 0 233 375 0 511 0
#EFC 2018-09-29
0 0 0 0 -72 0 500 0 250 25 -99 350 -94 445 136 136 136 136 400 1000 475 237 243 136 100 400 0 136 -300 781 -500 0 250 -455 -450 0 445 400 445 0 0 136 0 700 0 0 0 0 -250 357 0 0 1000 0 400 0 0 283 0 0 0 0 0 0 650 97 0 0 0 0 337 0 0 -50 0 350 0 226 -77 500 0 0 0 0 0 133 0 0 0 1000 1000 66 0 215 -55 -255 0 0 1000 475
500 0 0 0 472 166 500 0 333 279 466 550 413 551 454 454 454 454 500 1000 350 543 500 454 50 400 1000 454 400 600 300 0 750 541 400 0 551 400 551 0 0 454 0 600 0 0 0 0 250 571 0 0 600 0 200 0 0 683 0 0 0 0 0 0 700 251 0 0 0 0 487 0 0 150 0 366 0 601 344 500 0 0 0 0 0 600 0 0 0 300 300 441 166 515 97 653 0 0 1000 350
#FFC 2018-09-29
500 0 0 0 193 0 0 0 0 246 0 0 193 75 200 452 200 200 337 1000 350 500 0 0 0 133 193 -250 375 318 0 100 66 235 0 100 0 -33 0 550 1000 0 0 0 100 1000 0 342 200 0 0 0 69 733 0 0 0 -106 81 500 200 133 250 133 -50 0 0 1000 0 91 0 0 136 0 700 99 733 -50 0 243 -100 66 500 0 366 -750 0 366 0 0 266 1000 400 0 -200 0 0 -9 83 0
500 0 0 0 393 0 0 0 633 370 0 0 393 533 200 799 200 200 487 750 750 500 0 533 0 600 393 500 500 677 0 200 188 275 0 650 0 500 0 750 950 500 0 0 500 300 0 767 300 0 500 0 486 466 0 0 0 175 430 500 200 600 575 600 400 0 0 300 0 391 0 0 454 100 600 816 466 200 0 386 400 188 500 625 600 1000 0 600 500 0 425 300 1000 0 200 0 500 371 300 0
#HTAFC 2018-09-29
0 0 0 576 0 187 700 350 0 700 0 113 -150 312 781 100 0 -900 0 135 800 0 700 0 -400 400 0 0 0 0 0 0 100 0 0 0 -125 600 416 0 437 318 0 80 0 0 0 0 -25 0 0 0 100 500 500 133 175 166 199 292 30 0 0 337 312 399 50 -150 0 90 0 0 875 0 -100 68 -200 375 700 0 -210 31 400 -166 50 166 0 485 0 0 0 -1000 0 0 0 237 0 0 0 68
0 1000 0 629 0 450 700 550 0 600 0 272 333 333 600 400 0 950 0 368 400 0 600 0 400 250 0 0 0 0 0 0 400 0 0 0 375 1000 500 0 825 700 0 520 0 450 0 0 475 0 0 0 712 700 888 674 200 433 1000 495 306 0 0 562 670 422 600 410 0 444 0 0 600 0 525 750 200 611 600 0 253 188 900 633 800 475 0 525 0 0 0 1000 0 0 0 366 0 0 0 227
#COYS 2018-09-29
0 0 600 283 0 600 800 600 0 1000 -89 0 0 0 0 300 0 -100 0 -333 400 250 0 400 0 1000 5 0 0 -87 0 209 0 350 133 500 0 0 125 33 0 333 66 104 0 800 0 0 400 500 0 0 0 0 0 1000 333 0 642 0 -100 333 0 0 0 -49 800 1000 0 433 0 0 0 147 0 133 533 0 -400 -125 0 -150 0 450 82 247 -235 -225 48 350 400 357 224 -49 -125 0 156 100 289 500
0 0 900 311 0 1000 875 1000 0 300 589 0 0 0 0 300 0 400 0 666 200 250 0 550 0 900 602 0 0 316 0 269 0 550 600 150 0 0 329 451 0 500 361 257 0 750 100 0 500 475 125 0 0 0 0 300 183 0 417 0 200 300 66 0 0 150 1000 300 0 716 0 0 0 631 0 405 533 1000 400 200 0 333 0 683 564 538 307 400 467 550 366 571 475 700 200 0 400 400 314 900
#MCFC 2018-09-29
0 0 0 0 0 350 0 0 500 0 400 0 0 350 0 909 136 0 0 0 0 500 -400 325 302 0 200 0 0 0 100 0 0 -250 318 500 0 0 147 -66 0 0 0 0 48 136 0 0 357 0 0 875 0 283 0 500 0 0 1000 266 0 225 0 0 175 0 0 0 350 175 850 0 -400 0 0 0 147 -102 0 0 0 300 500 62 0 0 0 -98 0 0 0 0 650 178 0 107 134 0 0 500
0 0 0 400 0 750 0 0 500 0 400 0 0 550 283 780 454 0 0 0 0 500 450 625 547 0 300 0 0 0 650 0 0 500 477 500 0 0 631 233 400 0 0 0 477 454 0 0 571 0 0 600 0 683 0 1000 0 0 300 155 0 400 0 0 548 0 0 0 462 548 800 1000 700 0 0 0 631 522 0 0 0 300 500 175 0 0 125 560 0 0 125 1000 894 751 0 670 813 0 0 1000
#BHAFC 2018-09-29
0 0 0 350 0 500 0 -125 200 170 0 200 850 300 0 0 176 -208 416 0 250 625 0 350 0 0 390 0 0 533 266 0 0 0 -150 700 312 0 0 150 500 0 350 500 0 187 178 0 611 0 0 100 104 0 485 37 312 0 625 -34 0 33 0 0 0 410 0 0 -250 0 625 0 -50 500 159 178 500 500 400 285 0 700 0 500 0 312 357 500 500 711 0 0 650 0 350 312 1000 175 -200 -83
0 0 0 550 0 500 0 375 900 500 0 797 1000 475 100 100 180 375 500 0 200 725 0 650 0 0 500 250 0 500 155 1000 0 0 300 600 458 0 0 300 500 0 200 750 0 454 751 0 644 0 0 500 487 0 690 331 458 0 500 179 0 200 0 0 0 446 50 0 250 0 500 0 400 600 688 751 500 700 549 535 0 600 100 600 0 458 571 900 900 544 0 0 450 0 475 200 1000 600 100 33
#NUFC 2018-09-29
131 256 0 0 0 0 -50 0 0 100 0 500 0 0 0 0 0 300 350 250 0 0 0 0 -400 0 0 0 0 500 -183 200 0 0 0 142 200 500 -50 -100 0 -500 0 -1000 600 -199 0 0 395 366 0 325 0 0 0 250 0 500 300 166 -475 200 0 400 0 200 0 0 357 250 -50 428 -699 0 0 250 0 -600 0 0 300 0 0 0 0 0 166 0 0 0 0 345 -640 400 500 -375 -1000 0 0 -699
447 496 0 0 0 0 800 0 0 0 0 750 0 0 0 0 0 500 550 250 0 0 300 0 400 0 0 0 0 500 433 200 0 0 0 442 900 500 800 200 0 550 0 1000 900 708 100 0 395 508 0 372 0 0 0 250 0 600 100 666 616 300 0 425 0 850 0 0 571 450 800 628 666 0 0 500 0 900 0 0 425 0 0 0 0 0 333 0 0 100 0 584 750 400 650 600 800 0 0 666
#LCFC 2018-09-29
0 0 0 0 500 500 350 0 0 0 0 0 -800 395 168 0 0 0 357 0 752 0 0 318 290 0 0 0 0 0 0 0 0 350 0 0 0 -24 0 0 100 1000 90 0 99 136 -1000 500 500 0 -400 0 -25 0 0 0 -750 427 650 0 543 0 1000 0 0 1000 1000 500 0 400 0 -16 -699 370 0 -47 0 0 0 700 700 0 296 1000 0 400 500 300 283 500 -400 142 170 350 -400 500 583 262 500 1000
0 0 0 0 500 500 550 0 0 0 0 0 800 395 277 0 0 0 571 0 799 0 0 477 477 0 0 0 0 0 0 0 0 550 0 0 0 806 0 0 500 300 243 0 522 454 1000 500 900 0 400 0 475 0 0 0 800 519 625 0 850 0 300 0 0 300 300 600 570 1000 0 266 666 800 0 577 0 0 0 600 600 0 546 300 0 400 850 273 833 500 400 332 500 666 700 500 833 495 500 300
#wwfc 2018-09-29
0 0 445 250 0 0 1000 0 133 0 625 700 66 0 437 -249 800 766 230 445 0 445 268 0 0 -16 -637 -637 357 500 400 0 0 550 0 525 0 90 175 1000 0 0 800 500 -89 0 0 0 700 316 0 500 0 400 250 166 166 600 -125 -700 500 0 100 1000 -62 775 0 0 0 0 -71 183 0 0 -250 -125 -50 900 -400 37 0 0 125 250 0 0 0 136 312 170 0 500 -125 166 0 0 0 1000 -100 -70
0 0 551 900 0 0 900 0 637 0 725 800 133 0 350 433 400 399 366 551 125 551 500 1000 0 548 700 700 571 750 200 0 0 700 0 366 0 684 266 1000 0 0 1000 500 653 0 0 0 733 416 0 650 1000 425 750 416 416 600 400 1000 533 0 500 300 237 875 0 0 0 0 214 783 0 0 400 375 750 1000 400 258 0 0 200 250 300 0 0 454 484 454 0 500 375 316 0 0 0 300 100 611
#SaintsFC 2018-09-29
416 -600 0 0 0 -137 0 300 0 136 0 0 250 0 68 0 0 0 0 230 500 -390 166 200 0 0 0 -637 -637 169 357 0 155 0 0 525 500 -66 266 0 0 350 -4 700 650 700 700 -49 -16 0 500 0 0 0 0 0 0 0 0 333 -275 1000 0 -700 600 800 0 0 -500 500 -50 500 500 0 0 0 0 0 -500 0 0 0 0 0 0 171 0 0 0 0 0 0 -4 50 -141 0 -50 500 175 0
433 700 0 0 0 449 0 750 0 454 0 0 500 0 277 0 0 0 0 366 500 250 366 283 0 0 0 700 700 587 571 0 466 0 0 366 1000 533 816 0 0 350 240 200 916 200 200 700 466 0 650 1000 0 0 0 0 0 0 0 533 400 750 0 1000 1000 400 100 0 1000 500 400 500 475 0 0 1000 0 0 1000 0 0 0 0 0 0 516 0 0 0 0 0 0 240 287 637 0 400 500 600 0
#WHUFC 2018-09-29
0 0 0 0 0 200 800 0 0 0 500 500 0 200 260 0 0 0 200 -125 500 136 0 136 0 0 500 357 100 500 -199 0 0 661 125 258 49 -1000 0 0 0 400 0 100 -750 250 500 1000 0 0 0 0 0 533 -266 175 100 562 600 0 0 0 133 200 -200 500 0 0 -100 0 0 250 250 -12 500 -400 350 0 0 0 0 0 0 312 400 -600 281 0 -600 -600 -600 0 0 0 0 800 300 500 -449 562
0 0 0 0 0 200 400 0 0 0 900 500 0 200 211 0 0 0 200 616 500 500 125 500 0 0 500 571 300 500 500 0 0 694 200 491 616 1000 0 0 0 950 0 100 900 500 900 300 0 0 0 0 0 683 688 275 500 944 700 1000 1000 1000 575 200 0 500 0 0 200 0 0 444 444 337 1000 600 650 0 0 0 0 0 0 1000 500 700 600 1000 700 700 700 0 0 0 0 400 250 500 533 500
#MUFC 2018-09-29
210 0 391 379 0 270 49 224 500 0 0 0 0 -50 0 450 450 450 0 -22 0 0 0 225 379 100 60 312 0 0 379 268 208 1000 -33 0 0 285 0 -274 200 40 0 0 333 0 0 -9 0 0 0 0 0 0 0 -69 0 0 0 0 0 0 0 0 0 -50 0 449 100 83 0 400 250 0 80 318 150 575 0 0 0 0 87 -83 0 600 500 -138 0 0 162 392 0 0 0 187 0 -100 500 0
533 0 516 666 0 695 316 258 500 0 0 0 0 483 400 350 350 350 0 274 0 0 0 400 666 0 380 200 0 0 666 627 188 1000 333 0 0 535 0 750 100 193 0 0 383 0 0 395 0 0 0 0 0 0 0 144 0 0 0 0 0 0 0 0 0 400 0 550 400 400 0 400 333 0 269 477 325 625 0 0 0 0 362 816 0 900 800 445 0 0 635 517 0 0 0 312 0 1000 750 0
#AFC 2018-09-23
0 0 289 0 375 600 0 416 316 289 0 0 0 700 1000 0 0 -100 34 0 200 900 900 0 0 500 172 250 -66 500 0 -262 0 0 -781 0 300 500 500 133 289 -200 875 0 0 0 199 199 645 0 500 0 0 312 0 0 700 307 0 289 250 350 0 0 0 0 42 500 0 0 0 0 136 0 -125 0 199 900 40 0 0 0 0 433 289 0 550 0 -375 0 0 219 0 -156 206 0 -400 304 600 363
0 0 640 0 333 1000 0 683 658 640 0 0 0 600 300 0 0 200 441 0 200 1000 1000 0 0 500 561 600 533 500 0 600 0 125 900 0 550 500 395 258 640 450 600 0 0 0 199 199 750 0 500 0 0 333 0 0 600 410 0 640 850 550 0 100 0 0 364 500 0 0 0 0 454 0 375 0 399 1000 193 0 0 0 0 833 640 0 750 0 875 0 0 592 0 377 637 0 633 442 766 650
#EFC 2018-09-23
433 0 178 0 712 455 200 234 0 265 178 125 780 500 0 800 0 500 234 0 0 87 250 537 175 172 0 0 1000 0 328 0 0 175 537 0 0 175 537 625 0 175 537 250 0 175 537 0 0 0 500 0 0 225 -199 400 0 0 0 0 645 234 1000 0 0 0 500 500 -388 500 500 500 600 170 250 712 350 250 178 0 50 234 0 0 1000 -77 -77 -77 -77 0 433 -216 -194 433 433 -75 0 712 0 0
533 0 751 0 418 816 200 763 50 630 751 666 1000 900 0 400 0 900 763 0 0 370 1000 687 275 561 0 0 1000 1000 486 0 0 275 687 0 0 275 687 1000 0 275 687 1000 0 275 687 500 0 0 750 1000 0 525 255 800 0 0 0 0 750 763 300 0 0 0 500 500 833 500 500 500 800 500 850 418 550 200 751 0 150 763 357 0 300 194 194 194 194 0 833 833 541 833 833 366 500 418 0 1000
#WHUFC 2018-09-23
800 650 0 700 0 400 400 0 0 0 0 0 600 1000 0 100 0 100 0 0 645 399 0 0 0 0 800 0 477 621 -125 0 450 0 -600 0 192 192 192 192 192 392 192 135 32 100 0 0 -388 93 500 0 260 -51 450 0 0 140 0 519 -200 0 -388 0 600 375 156 136 0 0 0 0 0 0 -600 0 358 0 550 0 0 0 500 200 0 -357 400 0 0 477 0 0 0 0 -150 -216 -175 0 170 125
750 750 0 650 300 450 450 0 0 0 0 0 900 1000 0 400 0 400 0 0 750 400 0 0 0 0 750 0 711 797 250 0 500 0 900 0 563 563 563 563 563 455 563 427 222 400 0 0 833 437 833 0 398 496 350 0 0 393 0 711 200 0 833 0 900 750 400 454 0 0 0 0 0 0 900 0 291 0 1000 0 0 0 500 450 0 767 400 0 0 711 0 0 0 1000 150 216 225 0 290 300
#CFC 2018-09-23
-400 -300 356 600 125 178 500 0 712 375 440 500 0 500 415 600 227 0 0 0 178 0 600 0 0 0 0 356 -699 200 800 283 100 600 0 408 350 0 0 0 800 100 0 -125 800 0 0 0 1000 0 650 -140 415 8 0 1000 0 0 0 0 600 0 100 0 229 500 -166 0 178 800 0 0 500 200 556 425 205 0 0 -65 645 348 800 250 0 1000 0 356 0 0 0 0 -400 0 600 500 0 0 0 0
400 600 509 375 166 751 500 0 418 387 470 600 0 200 290 375 596 83 0 0 751 0 375 0 0 0 0 509 666 300 750 352 300 375 0 791 550 0 0 0 750 300 0 312 700 0 0 0 1000 0 850 527 290 382 0 1000 0 0 0 0 375 0 400 0 420 900 266 0 416 750 0 0 900 200 525 975 590 0 0 434 750 385 750 450 0 300 0 509 0 0 0 0 800 0 375 450 0 0 0 0
#BHAFC 2018-09-22
-49 0 -100 666 1000 -100 0 136 0 0 500 350 0 800 0 0 -206 178 350 -100 275 83 1000 300 333 0 -50 500 0 0 276 -300 0 664 0 313 83 512 200 0 61 133 225 0 178 0 216 0 390 -200 0 -166 -125 0 437 0 -76 250 -87 0 0 0 500 -151 0 156 45 136 45 127 68 78 -800 136 68 -87 0 193 -81 136 0 45 136 178 18 524 113 -7 -131 136 -152 -41 136 307 38 10 136 309 178 12
550 0 200 616 300 200 500 454 100 0 350 550 0 1000 0 0 593 751 550 200 550 483 300 575 355 0 133 600 66 0 657 500 0 715 0 416 366 637 900 0 338 422 750 0 751 0 646 0 678 200 0 166 375 0 399 0 733 950 307 0 0 0 500 229 0 333 166 500 484 400 750 399 900 500 250 300 0 416 550 500 0 166 500 361 450 625 293 166 600 500 493 458 500 679 570 600 500 681 751 300
#COYS 2018-09-22
50 0 137 500 50 0 0 500 445 200 411 0 0 176 0 0 0 350 142 242 300 575 0 0 0 150 0 0 266 0 -250 350 49 66 0 0 0 600 0 0 0 625 0 0 -22 600 0 -50 0 900 200 0 0 200 50 0 136 200 0 0 0 0 183 0 0 0 0 0 0 0 0 -133 400 320 250 0 125 -400 146 -19 0 2 0 0 0 16 -50 1000 0 114 400 500 100 -300 0 0 0 -43 280 0
241 0 637 500 500 0 0 1000 551 133 533 0 0 214 0 0 0 550 772 417 525 687 0 0 0 510 0 0 566 0 533 550 550 350 0 0 0 700 0 0 0 500 0 0 544 550 0 0 0 600 166 0 0 300 100 0 454 500 0 0 0 0 400 0 0 0 0 0 0 0 0 166 450 625 312 1000 200 700 433 240 0 758 0 0 0 433 406 300 0 596 375 500 400 399 0 0 0 373 520 50
#Clarets 2018-09-22
-41 0 350 0 0 107 -183 0 350 -100 100 0 400 0 24 0 74 0 41 200 227 350 0 0 0 0 170 333 0 1000 -75 0 0 0 0 227 0 0 0 216 400 0 -99 136 0 0 500 -400 0 600 800 -400 0 500 0 0 0 0 500 -400 0 100 200 0 0 0 -133 1000 0 0 0 0 0 625 800 83 100 0 0 0 50 0 400 0 -24 550 133 -172 0 -150 0 0 0 -216 -274 0 -1000 350 0 7
125 0 462 0 0 371 283 0 550 300 100 0 375 66 341 0 325 0 333 450 433 550 500 0 0 0 500 399 0 1000 366 0 0 0 345 545 1000 0 0 583 375 0 288 500 0 0 833 400 0 900 1000 400 0 500 0 0 0 0 700 700 0 200 400 0 0 0 566 300 0 0 0 0 0 600 400 866 1000 0 650 0 800 0 633 0 366 750 133 644 0 600 1000 0 0 705 766 0 1000 550 1000 825
#AFCB 2018-09-22
0 250 550 0 0 -250 166 0 0 0 0 0 0 0 0 487 250 -800 300 0 0 300 200 0 100 300 1000 300 133 0 50 0 450 0 -200 -300 0 200 0 0 -16 0 487 0 136 250 0 0 0 -400 0 125 0 0 487 0 500 -150 0 0 99 0 74 100 350 781 262 500 212 0 0 0 0 0 -10 0 0 0 0 500 0 0 0 -150 0 0 -200 600 800 0 185 0 0 156 -600 0 250 0 185 0
0 333 650 0 0 250 533 0 0 0 0 0 0 0 0 558 500 900 100 0 0 0 850 0 400 350 300 0 22 0 112 0 875 0 200 200 500 200 0 0 783 0 550 0 500 333 0 0 0 400 0 229 0 0 550 0 950 399 0 0 199 0 325 100 244 600 183 500 450 0 0 0 0 500 322 0 0 0 0 600 0 0 0 341 0 0 233 250 400 0 542 0 0 300 900 0 333 0 542 0
#cardiffcity 2018-09-22
500 500 500 0 0 0 650 400 100 0 133 250 800 357 0 0 0 0 650 0 250 74 0 1000 0 300 0 0 0 0 500 -200 -390 68 0 312 0 0 780 0 0 0 12 399 266 62 399 50 -400 0 156 100 0 -166 250 1000 250 400 -400 0 0 0 0 0 0 -83 558 0 -144 99 0 0 500 250 0 500 0 50 50 500 0 500 450 0 283 0 0 0 0 0 49 800 0 0 447 650 366 200 85 0
500 550 500 0 0 0 450 800 100 0 266 333 400 535 0 0 0 0 700 0 500 325 0 1000 0 100 0 0 0 0 888 450 644 227 0 375 0 0 1000 0 0 0 200 733 300 500 733 400 700 0 900 50 0 866 550 1000 550 900 400 0 0 0 0 0 0 83 449 0 916 333 0 0 750 250 0 500 0 650 650 600 0 600 750 0 508 0 0 0 0 0 150 400 0 0 525 450 333 300 750 0
#MCFC 2018-09-22
0 0 -450 50 234 166 445 500 234 1000 541 445 356 500 445 712 -75 178 83 0 0 445 234 100 0 1000 134 134 525 234 0 0 0 0 0 99 107 0 350 -166 78 350 356 -234 570 0 136 0 0 150 712 0 0 178 0 650 100 0 0 0 0 0 0 533 134 134 107 500 0 -31 500 234 428 33 0 -169 445 -10 0 0 0 0 0 375 234 186 210 0 800 230 0 0 445 0 0 0 500 -4 0 500
0 0 700 625 713 466 551 500 763 300 650 551 509 500 551 418 366 751 583 0 0 551 763 400 0 300 813 813 366 713 0 0 0 0 0 333 670 0 300 166 1000 300 509 485 580 0 454 0 0 350 418 0 0 751 0 780 400 50 50 50 0 0 0 433 813 813 670 500 0 627 500 713 534 66 0 438 551 323 0 0 0 0 66 350 713 408 727 0 1000 390 0 0 551 0 0 0 900 275 0 750
#CPFC 2018-09-22
0 0 0 0 0 0 0 700 0 0 136 -71 900 0 0 150 -71 533 0 250 50 0 250 380 0 250 0 0 250 0 325 233 -183 0 1000 1000 1000 558 500 1000 0 96 0 168 0 -500 1000 50 594 0 0 0 0 136 0 418 100 -600 0 476 0 0 0 800 -500 0 -127 0 583 250 78 -71 700 0 218 266 750 0 0 0 0 0 116 199 0 0 0 0 0 33 500 -400 0 0 0 -19 -187 462 431 0
0 0 0 0 0 100 0 600 0 125 454 214 1000 500 0 466 485 383 500 675 500 500 675 677 500 675 0 0 312 0 700 633 83 0 300 300 300 571 500 300 0 344 50 327 50 1000 300 516 690 0 0 0 0 238 0 527 400 900 0 521 0 0 0 700 900 0 179 0 783 577 200 485 600 0 750 166 450 0 0 0 0 0 463 900 0 0 0 0 0 408 500 400 0 0 0 441 500 575 670 0
#NUFC 2018-09-22
-312 0 178 0 300 0 0 0 577 200 -100 0 0 0 1000 0 0 178 -203 0 134 134 468 1000 0 91 -126 0 136 0 0 -300 287 333 0 -300 0 0 0 0 0 39 178 -21 250 134 134 0 500 300 300 0 0 0 77 99 0 0 0 0 349 976 600 0 -19 0 -566 375 400 250 0 -100 233 0 1000 100 250 183 0 -100 500 500 500 0 -31 166 0 558 500 0 0 0 0 0 0 0 0 0 0 0
687 0 335 152 100 0 0 0 694 500 355 0 0 152 750 33 0 751 580 33 813 813 750 1000 0 766 643 0 500 0 0 400 508 500 0 400 0 0 0 0 0 679 751 584 333 813 813 0 500 900 900 100 0 1000 401 450 0 0 0 0 666 800 1000 0 659 0 933 800 300 675 666 50 816 0 300 100 523 450 0 250 833 833 833 0 427 311 0 571 500 0 0 50 50 0 0 152 1000 0 0 0
#LCFC 2018-09-22
166 0 0 0 350 0 0 200 -350 -350 350 -450 150 161 0 0 400 0 -400 0 0 400 400 0 0 0 0 0 558 66 154 -400 -46 0 -166 475 -500 200 200 162 200 100 218 0 0 500 350 700 0 550 24 0 0 0 0 205 -68 0 -90 -125 0 251 0 0 0 -250 -293 500 0 0 0 -62 0 0 625 -6 -72 -21 -400 -9 0 -400 0 0 110 600 800 0 0 0 200 0 0 0 0 -150 150 0 4 166
833 0 0 0 550 0 0 200 600 600 800 650 649 772 0 0 250 0 400 100 0 500 1000 0 0 0 0 0 571 483 393 400 546 0 538 800 1000 400 400 586 200 0 595 0 0 400 500 600 0 616 462 0 0 0 500 765 454 0 245 375 0 444 0 0 0 250 450 500 0 0 0 787 0 0 500 350 216 318 400 394 0 400 0 0 318 600 400 0 0 0 100 0 0 0 0 400 750 0 195 700
#HTAFC 2018-09-22
0 350 0 0 0 0 100 0 56 400 0 136 -450 283 0 366 0 87 100 162 99 225 156 0 0 0 0 0 0 -50 0 0 0 0 0 0 225 0 -107 666 185 0 0 440 500 500 153 -800 50 500 -200 172 253 0 800 0 400 650 0 500 0 136 0 0 500 160 220 105 -116 319 700 0 87 0 800 250 1000 0 250 0 190 0 0 0 350 -200 0 -200 -200 500 -291 0 0 136 500 -200 433 228 136 0
0 550 0 0 0 0 100 1000 470 633 0 454 500 533 0 533 0 512 200 586 199 279 750 0 0 0 0 0 0 400 500 0 0 0 0 0 279 0 485 535 476 0 0 420 600 1000 750 900 150 550 250 394 370 0 400 0 408 450 66 900 0 454 0 523 1000 539 293 723 444 620 800 150 387 0 400 316 1000 0 300 0 334 0 0 0 449 750 0 750 750 625 541 0 0 500 833 233 533 452 454 1000
#LFC 2018-09-22
0 0 133 0 136 0 1000 1000 400 0 0 0 300 200 234 166 445 234 0 1000 0 0 0 0 0 0 0 0 0 0 0 0 100 0 -287 445 400 0 500 0 0 -150 356 0 34 185 1000 800 100 0 0 66 0 -500 445 0 0 0 712 0 100 0 0 178 250 0 136 68 0 1000 800 445 234 100 233 0 1000 134 134 0 234 0 900 136 0 0 0 -187 107 285 625 -800 50 250 0 0 356 0 1000 0
0 0 300 0 454 0 400 400 800 0 0 0 100 200 713 466 551 763 0 300 0 0 0 0 0 0 0 0 0 0 0 0 100 0 740 551 200 0 600 0 0 588 509 0 400 485 1000 900 100 0 0 333 0 500 551 0 0 0 418 0 300 0 0 751 333 0 454 300 0 1000 750 551 763 400 341 0 300 813 813 0 713 0 1000 454 0 0 0 500 670 535 633 800 325 750 0 0 509 0 750 0
#SaintsFC 2018-09-22
0 0 -155 78 0 400 875 0 0 500 -200 -166 -637 700 -637 -700 -400 0 357 0 0 0 0 500 0 558 600 50 17 0 -75 278 378 136 0 0 0 0 -699 -57 0 -62 0 0 83 0 0 65 -400 0 -47 0 0 0 0 200 0 246 500 19 0 120 -148 0 533 -600 0 0 0 -400 437 0 0 85 -107 0 0 0 0 136 0 0 0 500 250 0 0 0 250 -300 0 800 0 -166 75 0 0 -99 0 350
0 0 288 151 0 800 600 0 0 500 800 166 700 400 700 1000 400 0 571 0 0 0 0 522 0 571 950 366 460 0 450 434 500 454 0 0 0 0 666 467 0 400 1000 0 433 0 0 300 400 0 194 0 0 0 0 300 0 549 500 523 0 591 531 0 933 900 0 0 0 400 725 0 0 260 642 0 0 0 0 500 0 0 0 500 416 0 0 100 200 450 0 400 1000 166 616 0 0 608 66 550
#MUFC 2018-09-22
-400 293 293 0 166 500 0 90 125 0 0 234 166 445 378 234 0 100 1000 0 500 541 0 500 0 0 0 0 0 0 0 0 0 0 0 0 0 0 0 445 0 400 378 0 0 356 500 378 375 0 0 0 800 500 800 -166 445 0 -88 200 712 0 1000 0 50 0 0 178 500 0 0 445 234 0 0 1000 134 134 234 -550 0 0 107 109 541 0 0 356 500 416 0 333 80 0 250 0 100 0 100 -51
400 379 379 0 833 500 0 304 199 0 0 713 466 551 541 763 0 200 300 0 150 650 0 600 0 0 0 0 0 0 0 0 0 0 0 0 0 0 0 551 0 400 541 0 0 509 900 541 416 0 0 0 750 500 750 433 551 0 88 400 418 0 1000 0 100 0 500 751 900 0 0 551 763 0 66 300 813 813 713 387 0 0 670 315 266 0 0 509 625 700 0 99 269 0 416 0 300 1000 200 337
#wwfc 2018-09-22
0 200 0 0 39 -337 -400 0 0 225 366 144 193 400 500 0 781 533 199 169 550 -700 781 136 0 341 0 0 125 -83 0 0 0 285 -199 700 750 -500 -400 890 350 525 0 700 0 43 0 558 0 0 0 75 0 500 0 -133 50 168 0 285 200 0 1000 285 450 400 0 0 705 0 66 350 0 -394 250 900 0 400 1000 0 150 500 437 -157 24 527 150 0 0 274 0 0 75 1000 0 199 500 0 92 0
850 525 0 0 506 433 600 0 625 614 629 583 525 700 550 0 750 645 475 641 650 800 750 500 0 475 0 0 420 216 0 0 0 535 600 900 400 900 1000 900 550 366 0 600 0 444 0 571 0 0 0 546 0 750 0 88 100 435 0 535 250 0 300 535 1000 700 0 0 765 0 350 533 0 616 750 900 0 800 1000 0 549 1000 875 604 575 611 646 0 0 527 0 0 1000 1000 0 433 500 0 347 0
#FFC 2018-09-22
350 600 38 0 378 0 0 0 -200 149 0 0 0 0 175 -131 96 0 0 0 0 0 0 150 0 50 0 0 -162 120 600 250 800 0 0 0 250 0 0 1000 0 500 0 0 -62 0 400 0 0 300 0 350 83 0 -100 -100 -100 175 0 800 136 285 575 400 8 0 206 -125 500 -100 160 -100 0 500 0 500 500 0 0 0 0 0 1000 400 1000 434 1000 500 0 0 0 750 250 318 400 0 96 0 0 0
550 1000 436 0 251 0 500 0 233 750 0 0 0 0 512 427 270 0 0 0 0 0 750 850 0 400 0 0 387 220 800 333 750 0 0 0 333 0 0 300 0 833 0 0 187 0 550 0 0 656 0 550 416 0 400 400 400 512 0 750 454 535 500 550 225 0 725 100 1000 300 539 175 0 500 0 500 500 0 0 0 0 0 300 800 300 330 300 500 0 0 0 800 500 477 375 250 420 0 0 0
#WatfordFC 2018-09-22
350 0 475 0 -155 625 0 275 800 -250 160 0 6 -194 0 0 550 0 0 -400 125 0 -50 0 0 0 -150 625 0 0 370 0 50 0 150 120 0 0 0 -50 0 214 0 400 267 0 390 175 0 -49 33 1000 0 250 87 0 275 750 500 0 0 550 375 0 0 0 0 0 0 766 0 275 0 300 0 489 500 0 0 800 233 -15 0 0 0 0 750 0 300 128 74 0 0 0 0 300 -200 0 38 0
550 0 725 1000 288 912 300 700 750 888 420 0 190 288 0 0 650 0 0 600 187 0 100 0 0 12 700 900 500 0 564 0 400 0 231 220 0 0 0 100 0 655 0 1000 410 0 900 425 0 750 633 300 500 333 337 0 525 700 500 0 0 700 500 300 66 0 0 0 0 966 0 440 0 950 0 765 500 0 0 700 391 481 0 0 0 0 700 0 562 334 325 33 0 0 0 750 200 33 443 0
#SaintsFC 2018-09-17
0 0 20 188 0 -400 136 0 32 416 0 500 700 800 -500 -100 -400 0 0 0 0 1000 0 0 0 500 -50 375 400 375 0 180 -250 750 0 0 134 -175 237 0 0 0 1000 0 0 700 -153 0 516 -400 125 -75 -250 250 -137 0 225 -400 0 500 700 0 0 6 0 0 0 0 0 600 250 283 600 0 800 0 375 0 33 300 0 0 500 0 -300 -300 0 -150 0 0 1000 0 666 0 425 500 200 500 450 0
0 0 256 477 100 637 454 0 399 433 125 900 600 750 1000 575 400 0 66 0 250 300 0 0 0 1000 600 384 549 525 0 259 512 800 100 0 305 500 375 0 1000 0 300 0 0 600 680 0 866 400 260 450 400 662 250 0 591 650 1000 700 600 100 333 721 0 0 66 0 0 800 300 962 1000 0 900 125 500 0 666 100 50 0 1000 125 550 550 0 233 0 500 300 100 666 0 666 250 450 700 733 0
#BHAFC 2018-09-17
0 0 258 188 0 500 -200 250 -400 0 0 -100 800 -400 1000 -200 700 0 1000 0 0 0 0 1000 0 -362 583 212 0 0 0 -155 0 0 0 1000 245 136 1000 -75 250 0 0 1000 456 0 1000 0 250 0 0 0 0 1000 291 555 -300 250 1000 178 0 500 0 0 0 178 1000 0 0 178 1000 399 0 0 178 1000 133 178 0 178 1000 0 178 284 0 266 333 178 539 178 333 1000 0 318 333 -55 0 284 0 333
0 0 708 322 0 600 350 1000 400 0 0 575 750 400 300 350 600 0 300 0 0 0 66 300 0 650 550 283 0 100 0 288 0 0 125 300 445 393 300 450 283 0 0 400 546 0 300 0 450 0 0 1000 0 300 458 733 400 675 300 751 0 450 0 0 0 751 300 500 355 751 300 1000 1000 0 751 300 199 751 0 751 300 500 751 513 0 133 99 751 530 751 99 300 0 477 99 55 0 513 0 99
#EFC 2018-09-16
0 -125 0 166 0 -221 0 0 0 0 750 0 333 -500 0 0 0 0 0 0 0 -300 28 1000 136 600 1000 68 1000 -400 0 0 0 450 -250 -37 0 0 0 1000 0 0 400 0 0 0 0 0 312 0 0 212 0 0 -58 1000 0 -400 0 0 0 -500 1000 300 0 0 0 300 300 0 -394 0 -500 0 0 1000 0 0 312 325 -61 0 0 -300 -600 0 0 417 285 0 -150 -500 0 1000 104 50 -500 -250 350 0
150 1000 0 533 0 433 0 0 0 0 750 0 666 500 0 0 0 0 0 0 0 300 445 300 454 900 1000 289 300 400 1000 0 0 350 1000 529 0 0 0 300 0 0 400 0 0 0 0 0 618 0 0 450 0 0 83 300 0 400 50 0 0 1000 300 0 0 0 0 0 0 0 616 0 600 0 1000 300 0 0 618 466 548 0 650 200 1000 0 0 758 535 0 550 500 0 300 570 200 1000 325 550 0
#WHUFC 2018-09-16
0 0 127 136 0 610 -138 -125 0 0 0 1000 0 200 0 -66 0 -349 1000 450 0 500 447 212 300 350 0 -61 -500 136 0 800 136 -181 95 68 97 136 136 0 5 0 20 136 129 136 -87 21 325 118 568 0 136 -31 136 0 18 0 45 213 350 90 -349 -500 0 -250 -131 118 73 0 118 350 0 18 0 68 -131 34 136 49 350 245 136 18 137 -700 140 65 412 75 500 -42 0 -699 183 136 -70 0 0 0
0 0 610 500 0 583 638 375 0 0 0 1000 0 200 0 383 750 333 1000 350 0 900 725 450 433 550 0 390 1000 500 0 750 500 600 833 250 581 500 500 500 437 0 384 500 433 500 300 475 466 441 750 0 500 450 500 0 450 0 166 454 550 390 333 1000 1000 325 600 300 333 500 450 550 0 450 0 250 600 445 500 400 550 544 500 450 532 200 345 480 627 333 1000 523 0 666 444 500 483 0 0 0
#wwfc 2018-09-16
0 166 0 0 0 500 0 900 0 900 0 1000 466 -50 -59 500 125 -600 0 0 100 -133 150 0 800 193 300 450 -200 -250 0 0 366 0 0 -75 212 0 300 0 -500 500 0 -162 0 0 0 0 0 -545 -500 400 0 112 500 0 287 -500 0 -200 -1000 -125 500 420 0 0 0 150 291 0 0 -400 542 0 0 0 350 0 166 0 33 0 0 400 1000 1000 -66 425 0 0 0 0 0 0 500 400 0 111 -99 0
0 488 0 0 0 600 0 1000 0 1000 0 1000 533 725 95 550 500 900 0 50 250 366 375 0 1000 327 900 350 800 750 0 0 466 1000 0 475 450 0 433 0 1000 500 66 587 0 100 0 0 0 720 1000 375 0 558 566 0 500 1000 0 800 800 666 600 708 0 0 0 250 533 0 0 400 642 0 0 0 500 0 416 0 366 0 0 375 300 300 825 525 0 0 0 0 0 0 600 200 0 477 250 0
#Clarets 2018-09-16
75 250 -500 -500 257 -500 0 378 49 0 166 0 100 0 0 0 0 250 0 437 0 -100 0 350 -500 0 0 0 -187 0 0 0 0 0 700 0 350 200 0 800 0 -400 183 466 0 166 500 0 0 0 0 0 0 0 0 71 128 172 0 100 400 50 50 175 0 0 0 466 0 49 -14 0 0 -100 0 400 0 0 285 0 0 400 500 0 0 345 0 0 0 0 99 0 0 0 100 0 -100 8 0 0
366 611 400 1000 359 1000 0 651 458 345 166 0 1000 0 0 0 416 250 0 337 0 400 0 550 1000 0 0 0 518 0 0 66 0 0 400 0 650 500 0 400 0 400 350 700 345 875 500 0 0 0 0 600 0 0 0 276 355 507 0 100 1000 500 200 275 0 0 0 633 0 458 321 0 0 200 0 375 0 0 535 0 0 350 400 0 0 781 0 0 0 0 466 0 0 0 300 0 200 357 0 0
#WatfordFC 2018-09-15
0 1000 600 625 0 0 0 350 350 350 350 -84 -400 636 600 0 500 0 0 666 412 100 -650 166 0 -312 325 0 -200 0 -155 0 0 100 500 400 0 259 0 -155 29 1000 -29 -28 -155 0 0 233 0 375 -75 0 0 99 400 0 0 0 0 600 156 252 137 0 0 0 400 0 -193 -150 0 12 500 -155 0 0 0 500 0 0 366 700 0 500 0 0 -500 -50 580 -94 177 500 0 218 0 100 400 -200 -150 0
0 300 1000 500 0 0 0 550 650 550 550 318 600 593 1000 0 500 0 0 666 618 200 800 427 0 283 625 0 200 0 288 0 0 440 1000 425 0 279 0 288 394 1000 426 462 288 0 0 275 0 750 518 0 0 199 500 1000 0 0 0 250 500 416 500 1000 0 0 1000 0 633 350 125 308 245 288 0 0 0 500 0 0 666 550 0 791 0 0 1000 350 770 516 533 500 0 692 0 700 800 850 350 0
#MUFC 2018-09-15
250 0 100 1000 1000 500 284 400 0 0 284 284 200 0 0 0 1000 0 250 66 677 781 320 0 0 0 0 0 0 0 0 0 0 0 0 0 0 0 284 0 766 234 70 -133 356 12 0 0 800 0 0 0 0 0 0 284 350 732 0 500 400 250 0 0 0 350 337 400 0 433 1000 1000 -31 700 0 0 0 416 0 340 136 800 66 200 100 0 281 108 -150 108 1000 268 -300 0 0 0 100 234 0 356
300 0 400 300 300 1000 513 400 0 0 513 513 200 0 0 0 900 0 1000 366 511 500 400 0 0 0 0 0 0 0 0 0 0 0 0 0 0 0 513 0 666 763 150 188 509 375 0 0 750 0 0 1000 1000 0 125 513 550 1000 0 600 700 550 0 0 0 550 550 400 0 500 300 300 650 600 0 33 0 816 0 581 580 750 411 200 150 0 381 375 750 375 1000 627 500 0 0 0 285 763 0 509
#AFCB 2018-09-15
0 0 0 116 0 0 0 -16 166 166 437 800 -400 0 33 0 900 500 -33 0 125 0 0 0 -342 0 0 0 0 0 291 600 150 -325 100 0 0 0 0 120 300 0 122 1000 39 0 350 1000 187 -185 80 662 377 0 0 0 333 0 0 212 0 -250 288 0 500 0 0 156 0 0 0 0 0 136 400 0 -161 400 43 250 0 -33 58 -400 156 -49 -125 0 0 250 0 0 200 -75 875 0 0 250 -83 0
0 0 0 150 1000 0 0 533 333 333 550 400 400 0 208 0 1000 500 600 0 199 0 0 95 408 0 0 0 0 0 300 566 83 325 199 0 0 0 0 360 0 0 279 1000 521 0 550 400 312 262 633 600 620 0 0 0 533 0 0 450 0 500 300 0 500 0 0 583 0 0 0 0 0 500 1000 0 270 1000 358 375 0 511 450 400 266 450 700 0 0 250 0 0 200 366 600 0 0 333 211 0
#LCFC 2018-09-15
0 500 400 600 0 0 0 0 0 350 -400 0 100 0 0 0 223 500 0 550 0 475 -150 40 631 0 33 -33 0 37 0 625 -200 0 87 305 250 0 57 355 0 625 600 0 500 -62 0 0 0 -125 0 -125 39 200 616 200 0 0 0 0 0 0 125 0 136 0 500 -200 459 0 833 -8 -100 600 0 0 500 0 0 -200 383 0 0 0 700 0 0 0 112 -100 0 -143 19 -137 166 500 300 318 -50 0
0 833 1000 1000 0 0 0 0 0 550 700 0 200 0 0 0 517 900 0 875 0 550 400 298 654 0 208 488 0 350 0 600 400 0 550 200 350 0 259 597 0 300 1000 0 500 187 0 0 0 375 0 375 539 500 585 399 0 0 0 0 0 0 199 500 500 0 900 200 369 0 496 900 100 350 0 0 500 0 0 550 796 0 0 0 600 0 0 500 462 100 0 479 600 447 333 500 450 477 229 250
#CFC 2018-09-15
1000 1000 0 400 0 0 0 0 0 0 0 0 0 0 -36 0 0 0 0 0 0 0 -700 0 0 0 0 347 83 134 256 0 0 0 356 312 328 0 43 0 0 0 0 700 337 0 357 0 1000 1000 587 0 0 0 54 200 0 356 -116 0 0 0 0 0 0 0 0 400 -125 0 0 1000 1000 0 0 500 0 0 166 0 -177 0 300 -500 0 137 -400 300 0 0 0 1000 0 400 300 0 0 0 0 0
300 300 1000 750 0 0 0 0 0 0 0 0 0 0 557 0 0 0 0 0 0 0 900 0 0 0 0 833 946 613 634 0 0 0 509 484 667 0 450 0 0 0 0 600 550 0 571 0 300 300 408 0 0 500 550 200 0 509 533 0 0 0 0 0 0 0 0 400 125 0 0 300 300 66 0 888 0 0 333 0 169 0 450 300 0 387 400 750 1000 833 0 300 0 600 1000 0 0 562 0 0
#cardiffcity 2018-09-15
0 0 0 0 500 -116 550 0 0 0 0 0 450 0 0 0 0 500 250 0 0 0 0 -22 0 0 0 0 562 0 0 0 500 0 650 0 0 0 800 0 500 0 400 0 0 -93 0 500 -37 0 500 500 0 500 500 500 500 500 500 301 500 562 500 0 150 900 900 900 500 50 0 500 0 0 0 0 0 500 400 362 812 199 200 0 500 400 0 -600 500 562 0 0 0 0 700 0 500 0 0 322
0 0 0 0 800 533 375 66 0 0 0 0 450 0 0 0 0 500 408 0 0 0 0 355 0 0 0 0 500 0 0 0 500 0 700 0 0 0 950 0 500 0 400 0 0 312 0 500 433 100 500 400 0 400 400 400 400 400 500 409 500 500 500 0 450 350 350 350 800 500 0 500 0 0 0 0 0 500 400 500 750 833 900 0 500 400 0 900 500 500 0 0 0 0 600 0 500 0 100 530
#HTAFC 2018-09-15
0 0 0 0 300 550 0 0 625 0 0 -537 -250 0 0 0 0 83 500 800 0 500 0 0 -400 500 93 0 0 0 0 1000 386 533 0 -100 800 250 500 0 0 0 0 375 130 0 500 0 0 0 250 150 -500 0 0 0 0 0 350 250 0 445 -800 0 0 0 500 0 300 0 200 266 77 0 250 350 1000 0 0 268 1000 0 0 130 0 250 0 200 0 50 0 400 1000 416 216 -400 0 655 0 0
0 0 0 0 825 500 0 0 850 0 0 700 750 0 0 0 0 199 500 400 0 150 0 0 400 533 391 0 0 0 0 1000 613 466 0 383 400 333 500 0 0 0 0 366 260 0 1000 0 0 0 1000 112 900 100 0 0 0 100 483 312 0 312 1000 0 0 0 500 0 100 0 200 133 394 0 300 550 1000 0 66 427 300 0 0 260 0 300 1000 400 0 525 0 233 300 333 666 400 0 688 0 0
#CPFC 2018-09-15
0 0 0 0 0 0 0 0 0 0 0 0 62 0 75 71 0 0 0 400 0 0 0 800 -45 0 500 0 0 133 0 0 0 345 0 0 0 -49 0 -49 -49 -49 -49 0 0 0 0 0 800 254 0 625 0 0 0 -116 0 -600 0 250 0 233 0 0 193 0 0 0 0 0 0 700 0 0 0 0 -150 0 0 0 0 0 0 0 0 0 0 500 0 399 0 0 0 0 0 0 0 500 0 0
0 0 0 0 0 0 0 0 0 0 1000 1000 50 1000 566 671 0 0 125 400 500 0 125 750 370 0 500 125 0 133 0 0 0 597 0 125 125 300 0 300 300 300 300 1000 125 0 125 0 1000 507 125 1000 0 0 125 383 125 900 0 900 125 275 125 125 570 0 125 66 0 0 0 600 500 0 0 0 800 0 125 125 0 0 0 0 125 125 125 550 125 799 125 0 125 0 0 0 0 500 0 125
#MCFC 2018-09-15
0 1000 1000 284 284 0 0 0 0 0 125 0 0 234 356 200 0 284 337 1000 1000 350 0 45 200 234 356 -400 0 0 0 0 0 218 0 284 1000 1000 0 500 50 0 0 -24 350 0 0 0 0 500 0 0 135 500 1000 0 0 0 625 0 400 0 -500 284 500 -150 0 0 -375 0 0 -125 0 0 0 0 0 0 0 0 -200 0 325 242 0 350 350 100 0 0 24 0 0 0 68 -400 0 433 0 33
0 300 300 513 513 0 0 0 0 0 300 0 0 763 509 300 0 513 550 300 300 650 0 318 300 763 509 400 0 0 0 0 0 275 0 513 300 300 0 616 450 0 0 525 361 0 0 0 0 525 0 0 485 500 300 0 0 0 500 66 600 0 900 513 500 300 0 0 400 0 0 375 0 0 0 0 0 0 0 0 537 333 850 261 0 650 650 1000 0 0 633 0 0 0 227 400 0 833 0 466
#FFC 2018-09-15
0 0 0 1000 0 0 0 0 0 0 0 0 175 0 300 0 0 250 0 333 500 0 0 27 0 83 0 -29 -400 250 0 500 0 0 200 0 0 0 -300 0 0 0 0 -250 281 -400 -174 677 0 0 0 0 250 0 500 0 0 400 350 136 136 136 400 250 58 300 -250 500 125 0 250 0 0 0 433 83 -100 0 -100 0 0 0 183 450 0 160 100 136 100 136 100 136 0 0 0 600 0 0 250 500
0 0 0 300 0 0 0 0 0 0 1000 0 400 0 691 0 0 391 0 500 750 0 66 188 0 377 0 466 400 283 0 900 0 0 500 0 0 0 462 500 0 0 0 250 500 400 643 700 0 0 0 0 312 0 500 0 66 250 500 500 500 500 700 500 450 300 1000 500 591 0 391 0 0 0 833 377 400 0 400 400 0 50 525 450 0 539 1000 500 1000 500 1000 500 0 0 0 825 0 0 333 1000
#NUFC 2018-09-15
0 0 1000 1000 170 0 25 -312 49 0 0 0 -66 750 -250 0 -125 500 800 7 0 287 49 1000 1000 25 0 -218 -362 0 0 136 0 225 449 31 0 99 -100 500 0 -388 0 0 0 0 800 -155 650 1000 1000 0 800 -400 250 0 312 0 0 50 0 0 0 250 0 400 133 300 0 0 268 -400 -66 0 0 -1000 0 0 500 -33 1000 0 500 0 -4 0 0 -66 700 0 -53 562 450 163 -87 0 700 68 0 476
0 300 300 300 500 0 351 687 450 0 0 0 333 800 550 0 708 500 400 650 0 600 450 300 300 250 0 529 737 0 125 454 0 325 475 451 0 466 100 600 0 833 0 0 100 1000 400 288 575 300 300 0 400 600 333 0 250 0 0 391 0 0 0 750 0 400 233 750 0 0 477 600 700 0 0 1000 0 0 1000 416 300 0 600 0 235 250 0 433 800 0 513 850 562 472 650 0 600 727 0 742
#AFC 2018-09-15
-166 0 0 0 0 0 -36 0 0 0 0 0 -293 0 0 250 0 -600 337 0 625 148 0 0 150 -500 -129 99 250 0 68 250 0 0 285 136 112 -224 0 0 150 41 125 -166 0 0 337 136 -400 0 500 0 0 0 500 0 0 0 200 0 -400 331 0 0 -59 103 0 -3 316 357 0 0 0 0 0 0 68 700 -231 136 0 68 0 150 0 0 250 285 -125 441 194 0 0 -125 0 606 0 250 104 200
333 0 0 0 0 0 557 0 0 0 0 0 706 591 0 500 0 900 550 0 750 378 0 0 150 400 366 466 333 0 427 333 0 0 535 454 450 722 0 0 216 565 66 433 0 0 568 454 400 0 888 66 0 0 500 0 500 0 100 0 400 356 0 0 367 475 0 283 577 571 0 0 0 0 0 0 377 600 727 454 0 227 0 520 0 0 450 485 375 583 461 0 0 375 0 550 0 300 592 300
#COYS 2018-09-15
0 400 450 0 66 401 445 0 116 270 445 -200 0 0 1000 0 400 99 0 0 193 350 136 0 0 800 0 200 541 0 445 -166 265 -233 333 225 100 0 45 100 0 1000 0 136 19 318 0 600 0 -450 550 -125 0 445 125 500 0 0 0 625 99 0 350 445 200 193 147 0 128 800 357 0 136 812 445 -400 75 0 -308 0 0 0 -133 0 0 800 333 150 0 0 -91 0 -25 68 600 600 500 400 200 0
0 1000 375 0 366 751 551 0 627 595 551 460 0 0 500 0 425 500 0 187 416 300 454 0 0 900 0 200 833 0 551 166 799 500 833 275 400 0 534 1000 0 750 0 454 590 500 0 1000 0 550 730 375 0 551 166 500 0 0 0 500 500 0 300 551 300 393 420 0 294 750 571 0 500 1000 551 400 450 0 522 0 0 0 633 0 750 1000 833 316 0 0 211 0 200 727 575 1000 600 400 300 0
#LFC 2018-09-15
600 -125 0 -781 500 506 1000 1000 0 -300 333 284 266 100 0 0 268 0 0 -10 250 506 0 312 -400 284 136 0 0 200 0 500 125 0 0 0 0 0 0 0 0 0 0 0 0 284 0 0 234 0 356 0 250 74 0 145 221 116 425 200 0 0 506 0 284 0 -333 268 0 337 500 268 0 400 0 180 1000 1000 0 100 416 0 66 0 150 0 0 568 0 75 234 312 312 356 0 0 0 0 -600 550
433 366 0 400 833 427 300 300 0 900 133 513 566 418 0 0 627 0 0 522 500 427 0 618 400 513 454 466 0 400 0 750 166 0 0 0 0 0 0 0 0 0 0 0 0 513 0 0 763 0 509 0 333 500 0 601 500 607 588 300 0 0 427 0 513 0 666 627 0 550 500 627 0 200 1000 600 300 300 0 300 816 375 291 0 725 0 0 400 750 525 763 618 618 509 0 0 0 0 800 950
#Clarets 2018-09-02
455 0 500 700 0 0 0 400 -400 500 0 0 83 0 333 168 0 500 0 -199 150 1000 57 166 500 0 1000 400 500 0 433 200 160 -109 0 -433 0 -250 0 0 124 495 -66 400 199 -100 -100 -25 166 0 216 183 0 0 1000 0 333 400 0 -100 400 400 125 0 316 -133 0 0 625 0 400 300 700 0 0 -200 100 0 400 250 500 0 250 0 400 0 0 633 500 0 -75 249 100 -100 0 300 0 250 -222 0
733 1000 450 700 1000 0 0 800 400 500 0 0 583 0 583 700 0 700 0 644 500 1000 127 833 533 0 300 800 533 0 733 200 539 99 0 600 0 750 0 0 638 756 300 900 666 250 200 200 233 0 500 416 0 0 1000 0 500 1000 0 200 900 1000 166 0 700 222 0 0 500 500 900 300 550 0 150 100 400 0 900 450 650 1000 350 0 900 0 0 616 500 0 570 381 100 200 0 300 0 250 333 0
#MUFC 2018-09-02
450 178 0 -66 0 142 375 0 0 150 0 134 124 0 0 352 450 178 0 48 0 1000 0 0 285 142 0 49 200 500 0 215 262 134 227 0 800 800 498 1000 1000 400 0 309 1000 -91 0 0 0 0 0 0 234 800 -187 0 200 0 0 1000 334 0 70 -125 0 334 -75 -80 -100 0 0 218 0 0 128 550 0 446 -500 212 0 200 283 250 0 262 800 85 500 291 202 100 0 0 294 100 0 1000 0 100
597 751 0 533 0 267 500 0 0 522 750 813 233 0 0 320 750 285 0 498 0 1000 0 0 535 267 0 300 200 1000 0 449 501 813 433 0 400 400 587 1000 1000 700 0 538 300 516 0 0 0 0 0 62 763 400 200 0 100 0 0 300 663 100 566 718 100 663 537 697 400 0 0 390 0 0 568 500 0 571 875 466 0 100 725 1000 0 501 400 352 500 556 376 200 0 400 441 200 0 300 0 200
#WatfordFC 2018-09-02
0 575 0 0 -375 0 366 -141 800 200 0 0 -50 0 0 -41 100 500 100 0 0 800 0 700 132 0 350 433 339 -56 400 0 0 0 -59 512 0 98 166 0 0 0 400 0 0 0 136 -333 0 0 0 -150 250 500 183 0 500 0 0 0 -750 0 0 0 0 0 391 400 116 333 633 227 253 315 0 0 162 400 0 0 350 0 433 339 0 0 -300 800 0 0 0 0 0 0 500 0 0 0 0 0
0 925 0 0 399 0 777 461 1000 537 333 333 300 333 0 391 350 500 400 0 0 1000 0 600 664 0 550 466 580 450 375 0 0 0 686 320 0 326 566 0 0 0 626 0 0 0 454 666 0 0 0 400 200 475 549 0 500 0 0 0 750 0 0 0 0 0 666 625 205 533 900 545 367 363 0 0 287 625 0 0 550 0 466 580 0 0 600 750 0 0 0 0 0 0 500 0 0 0 0 0
#COYS 2018-09-02
0 512 0 0 0 0 0 62 625 268 300 0 0 0 -462 0 584 -500 0 285 63 0 0 650 -100 450 500 250 99 250 0 687 0 500 0 1000 0 0 0 0 224 0 188 33 0 0 500 -37 0 425 287 -175 0 512 500 0 0 0 500 121 0 0 241 132 0 60 0 150 -500 75 230 0 584 584 0 -12 164 0 114 1000 0 0 274 1000 800 200 0 49 50 400 200 0 0 1000 247 121 300 250 0 0
0 518 0 0 0 0 0 500 600 343 570 0 0 0 800 0 488 1000 0 535 330 0 0 1000 400 800 900 200 774 200 0 817 0 500 0 1000 0 0 0 0 639 0 397 300 0 0 900 259 0 462 650 275 0 518 900 0 0 0 600 385 0 0 825 370 0 220 0 649 400 400 549 0 488 488 0 299 350 0 497 1000 0 0 256 1000 400 700 0 100 0 500 200 100 0 1000 583 607 750 650 0 0
#cardiffcity 2018-09-02
0 0 0 0 0 0 0 0 0 -400 400 0 333 -250 411 0 62 33 799 0 0 203 682 600 83 0 500 -10 400 0 -100 -75 625 700 62 875 400 500 -300 0 400 0 0 0 350 199 400 327 300 0 633 180 180 0 400 166 725 668 525 -388 725 0 400 0 -100 666 1000 -6 100 350 500 0 0 -160 -100 0 -100 328 0 370 0 0 -100 0 500 200 0 0 375 625 0 0 -100 0 -100 0 0 0 0 0
0 0 0 0 0 0 0 0 0 400 400 0 833 500 455 0 354 333 399 0 0 603 642 1000 462 0 1000 321 900 0 250 366 900 600 500 200 900 1000 600 0 900 0 0 0 700 633 900 760 516 0 500 710 710 0 900 333 975 687 1000 833 975 0 1000 0 200 666 300 346 500 450 500 0 100 193 200 0 200 577 0 777 0 0 200 0 900 200 0 0 416 900 0 0 200 0 200 750 0 0 0 0
#AFC 2018-09-02
-200 0 0 700 0 800 0 0 500 500 91 500 0 150 800 85 0 425 0 -250 625 1000 1000 200 0 0 0 0 -177 -177 0 875 0 0 0 -400 160 0 0 0 0 -200 383 100 -77 208 145 -100 800 416 0 250 -76 0 0 1000 -97 223 0 0 800 550 0 0 -193 500 259 0 0 -800 400 350 -400 800 800 0 0 0 0 -49 0 -150 0 0 0 875 0 -24 438 -23 125 -200 -50 0 100 0 250 145 0 200
100 0 0 600 0 400 0 0 500 500 558 1000 0 433 400 352 0 525 0 300 500 750 1000 450 0 0 0 0 500 500 0 600 0 0 0 400 539 0 0 0 0 100 783 400 206 446 380 100 400 500 0 350 269 0 500 400 187 318 0 0 750 693 0 0 338 750 500 0 0 900 500 550 400 700 400 0 0 0 0 400 0 300 0 0 0 600 0 250 679 508 166 437 400 0 1000 0 300 500 0 670
#MCFC 2018-09-01
500 0 0 0 0 268 600 0 1000 -200 480 600 500 0 136 337 0 0 0 512 -37 250 -100 -400 0 -200 0 0 0 0 0 150 0 500 0 0 300 0 0 0 0 200 200 0 1000 134 203 0 271 309 -87 192 100 178 400 0 800 487 -333 16 0 0 0 0 700 125 400 136 0 250 333 134 0 0 0 0 639 250 250 250 250 250 250 250 -200 0 0 600 0 0 318 512 1000 375 0 0 0 600 293 500
500 0 0 0 0 627 900 0 300 350 440 675 600 0 500 376 0 33 0 518 550 333 250 400 0 100 0 0 100 500 0 350 0 500 0 0 399 0 0 0 0 200 600 0 300 813 680 0 457 538 333 417 1000 751 1000 0 400 425 666 183 0 0 0 0 600 166 600 454 0 750 322 813 0 0 0 0 620 200 200 200 200 200 200 333 350 66 0 1000 0 0 677 518 300 100 0 0 0 1000 533 500
#NUFC 2018-09-01
0 -235 0 0 0 0 0 0 0 0 0 0 -12 1000 0 -12 0 368 0 250 -12 -83 0 0 -16 0 0 399 0 143 0 400 0 0 0 -10 0 0 0 0 -400 350 232 0 -12 -150 -109 0 -49 0 0 0 0 0 250 -100 0 0 0 -31 250 0 -275 0 -200 280 0 0 0 700 -300 0 0 333 0 125 400 0 0 200 0 -3 350 0 83 0 587 1000 134 0 600 178 -375 243 0 700 0 -16 0 -333
0 605 0 0 0 0 0 0 0 0 0 0 237 300 0 520 0 600 0 477 237 216 0 0 583 0 0 692 0 291 0 900 0 0 0 527 0 0 0 0 700 350 339 0 237 672 536 0 561 0 0 0 0 272 550 250 0 0 0 925 200 100 800 500 100 600 0 0 16 350 850 0 0 500 0 875 375 0 0 100 66 485 550 500 133 100 750 300 813 0 502 751 600 793 0 600 0 733 0 322
#BHAFC 2018-09-01
0 1000 1000 400 -1000 -150 -100 -200 1000 97 375 266 178 -155 0 0 0 0 1000 250 200 0 0 0 1000 1000 0 350 0 212 178 0 83 402 0 1000 0 0 400 1000 0 272 0 0 1000 216 170 170 0 0 0 0 712 0 1000 399 -125 500 0 0 0 400 0 -60 0 1000 0 178 0 0 250 -500 0 0 0 400 325 600 0 0 33 1000 155 500 200 135 400 0 700 50 1000 0 50 0 -400 0 100 219 700 297
0 300 300 900 1000 800 250 100 300 507 700 533 751 288 0 0 0 0 300 250 200 0 0 0 300 300 0 333 0 625 751 0 416 678 0 300 275 0 900 300 0 444 0 0 300 420 454 454 0 0 0 0 675 0 300 1000 375 800 0 0 0 900 0 253 0 300 0 751 0 66 348 1000 0 0 0 1000 566 350 0 0 300 1000 647 500 550 347 375 0 600 141 300 0 141 158 400 1000 300 515 600 557
#FFC 2018-09-01
200 800 400 -400 -200 -100 0 0 366 0 0 -349 0 0 120 787 -208 0 0 175 0 -400 0 0 -40 0 600 0 0 -100 0 0 0 -200 0 0 0 0 0 800 150 -100 -50 263 0 -100 -21 0 100 -100 400 -100 800 -200 375 0 -100 0 228 -100 -120 136 -86 0 437 -125 183 -200 71 600 170 170 400 0 500 800 0 800 800 100 185 -549 500 0 1000 300 0 0 400 0 0 -200 0 0 0 0 312 -100 -100 -100
100 750 900 400 100 250 0 1000 900 0 0 333 0 0 682 600 600 525 0 400 0 400 0 0 413 0 900 0 0 200 0 0 0 100 100 0 0 50 0 1000 450 200 400 355 0 200 300 0 600 200 900 200 1000 100 700 0 200 0 511 200 280 500 472 0 300 375 333 225 533 716 454 454 400 0 500 400 0 400 400 400 611 533 500 0 400 200 388 0 900 0 0 100 0 0 0 100 233 400 400 400
#CFC 2018-09-01
-100 0 0 0 0 436 0 0 0 0 0 0 0 0 0 0 0 0 0 0 0 0 0 0 0 0 0 0 0 1000 0 0 0 0 1000 0 0 68 193 -200 0 312 83 0 0 375 50 399 0 400 0 400 200 0 0 0 566 399 0 0 500 -100 447 0 0 0 45 150 0 625 400 250 0 0 0 -400 0 650 0 600 296 687 0 250 0 300 600 575 0 62 0 -100 99 -525 1000 0 0 0 0 309
50 0 0 0 0 847 0 0 0 0 0 0 0 0 0 0 0 0 0 0 0 0 0 0 0 0 0 0 0 300 0 0 0 0 300 0 0 227 368 800 0 333 516 0 0 750 500 687 100 900 0 800 600 0 0 0 510 200 0 0 500 250 677 66 0 0 151 650 0 316 1000 333 0 0 0 600 0 450 0 1000 283 750 0 250 0 600 1000 770 0 336 0 200 300 700 300 0 0 0 66 538
#AFCB 2018-09-01
357 0 -200 0 800 400 -100 -50 0 -100 0 25 0 500 0 0 0 369 -75 600 0 0 0 0 0 222 -256 0 -250 -100 400 800 700 116 0 -100 0 500 0 -21 0 -150 0 0 400 -100 383 250 0 400 0 500 0 0 0 800 -56 -200 -119 0 166 0 -222 49 0 155 0 0 9 0 50 125 -500 125 650 500 0 -975 -400 0 -357 0 400 -230 262 0 0 0 0 0 0 0 0 200 0 0 -250 -250 500 -230
378 0 300 1000 400 900 250 400 0 200 0 1000 0 1000 0 0 0 456 366 550 0 350 0 0 0 637 543 0 250 200 900 1000 700 205 0 200 0 750 0 300 0 350 0 0 900 400 717 694 0 900 0 150 0 0 0 750 477 100 525 0 521 0 471 600 66 647 1000 0 640 0 850 1000 1000 875 450 500 0 975 600 0 478 0 900 461 462 1000 0 0 0 0 500 0 0 400 0 0 250 250 150 461
#CPFC 2018-09-01
0 0 0 0 0 0 150 136 150 380 150 400 0 0 0 0 -150 -100 450 0 0 41 1000 316 -150 600 625 0 0 600 0 625 366 0 -100 600 200 33 0 109 0 0 0 0 500 0 207 145 0 300 -100 0 276 -500 -166 175 0 0 0 312 -500 0 -100 0 -100 500 -100 -100 -100 -21 0 1000 -100 50 400 66 625 0 -1000 -100 500 0 800 -400 0 -150 -200 0 -250 275 0 -200 -100 -396 0 318 650 0 121 781
0 0 0 0 0 0 100 500 100 527 100 900 0 0 0 400 800 250 450 0 0 66 300 258 475 1000 600 0 0 1000 0 600 666 0 200 1000 422 422 0 350 0 0 0 0 600 0 522 508 0 656 200 0 454 875 166 288 0 0 0 483 500 0 200 0 200 500 200 200 200 300 0 750 200 533 900 466 1000 0 1000 200 500 0 400 600 0 800 800 0 400 725 0 800 200 611 0 527 450 0 633 600
#SaintsFC 2018-09-01
0 -100 0 1000 0 0 0 0 90 0 0 0 0 400 0 500 0 0 182 0 166 0 0 -100 0 450 308 -388 0 0 1000 0 0 0 0 875 -388 0 -100 99 0 0 0 500 0 0 700 0 34 -100 0 0 -176 191 190 550 600 33 -83 201 0 0 279 -312 0 -100 720 200 0 66 0 0 195 0 0 0 0 281 0 500 0 0 500 0 312 -56 0 -50 0 0 0 0 500 416 0 400 800 0 0 -200
0 200 100 1000 0 0 0 0 303 0 0 0 0 900 100 900 0 0 750 0 266 0 0 250 0 450 479 833 500 100 300 0 0 0 0 600 833 0 200 300 0 0 0 500 0 0 600 0 320 200 0 0 540 466 480 500 1000 422 300 612 0 0 581 687 0 725 940 300 0 100 0 0 770 0 0 0 0 433 0 566 0 0 500 0 483 352 0 400 0 0 0 0 500 500 0 550 400 0 0 800
#EFC 2018-09-01
0 150 466 0 -200 200 350 500 0 200 0 0 0 200 -300 1000 169 0 0 0 500 500 500 500 -93 0 500 0 0 400 250 0 400 0 0 0 0 250 -100 145 433 -100 -100 -100 800 -100 450 0 0 -333 400 500 700 0 0 0 219 0 1000 399 0 800 0 500 500 500 324 143 178 333 0 500 62 250 200 466 0 -200 200 0 466 200 466 0 -200 200 0 0 -200 -100 200 466 0 -200 200 0 0 200 466 0
0 350 816 0 200 300 462 1000 0 300 0 0 0 300 400 300 481 0 0 0 833 833 833 833 283 0 833 0 0 900 333 0 300 900 0 0 0 412 250 351 488 200 200 200 750 200 850 0 0 500 800 833 900 0 0 0 401 0 300 433 0 700 0 833 833 833 500 576 751 666 0 833 500 333 300 816 0 200 300 0 816 300 816 0 200 300 0 0 200 200 300 816 0 200 300 0 0 300 816 0
#HTAFC 2018-09-01
0 400 233 0 -100 700 600 331 0 200 -50 100 -125 875 350 600 16 800 399 -315 433 600 0 1000 0 300 781 0 -51 400 24 0 0 0 0 -140 283 0 331 199 -100 0 0 100 700 0 0 0 0 285 0 200 0 -125 0 0 -300 400 600 0 558 0 -200 0 0 -216 175 625 0 0 0 400 0 600 62 -166 100 0 0 268 250 155 225 800 330 0 0 0 650 500 0 400 -230 0 0 0 -93 277 125 0
0 900 566 0 250 600 1000 357 0 400 400 200 300 600 300 1000 233 1000 408 825 596 633 0 1000 0 545 500 0 486 900 475 0 0 0 0 633 833 0 549 316 333 0 0 666 600 0 0 0 0 535 0 475 0 300 0 0 500 550 1000 0 700 0 200 0 0 700 325 500 0 0 0 900 0 844 500 250 350 0 0 427 250 647 600 750 505 0 0 0 450 500 0 900 461 0 0 0 450 411 400 250
#WHUFC 2018-09-01
74 0 0 0 0 0 450 400 0 350 200 -100 212 400 -100 -33 309 109 0 600 350 89 0 350 150 -25 309 -176 700 190 74 -100 -100 -100 136 400 26 17 -33 0 433 -100 200 68 400 150 200 -100 0 0 -100 -200 -155 0 0 25 433 0 0 0 -200 0 0 382 0 0 0 -155 0 85 400 600 309 0 333 160 492 68 400 400 -77 0 0 166 0 0 0 200 0 285 0 114 0 -155 0 0 -155 333 160 183
625 0 0 0 0 0 575 900 0 550 500 250 333 375 200 833 538 350 1000 1000 550 232 312 550 250 475 538 354 900 450 625 200 200 200 500 600 427 367 166 0 450 200 700 727 900 700 466 200 0 0 200 400 288 0 0 308 733 0 0 0 700 0 0 452 0 0 0 288 0 227 900 900 538 300 600 525 748 300 700 400 144 0 0 666 0 100 100 833 0 535 0 262 0 288 0 0 288 600 525 577
#wwfc 2018-09-01
1000 0 0 0 0 -55 0 400 0 0 357 0 -100 0 400 0 0 -62 0 -17 -500 0 95 0 0 0 0 0 -200 0 0 0 -300 333 0 1000 300 380 390 380 0 250 0 0 407 375 140 0 500 0 500 0 0 0 1000 0 0 500 0 -349 -21 66 0 380 0 0 393 -100 525 400 166 0 -100 -200 0 300 212 -200 -125 -200 0 0 0 -277 0 0 0 1000 0 -100 99 -125 0 150 500 0 0 216 0 0
300 0 0 0 0 255 0 900 0 0 535 0 250 0 250 50 0 187 0 616 400 250 220 0 0 0 0 0 200 0 0 0 500 833 0 300 100 445 1000 445 0 550 0 0 539 594 650 0 500 0 750 0 0 0 750 0 0 500 0 833 284 466 0 560 0 0 653 200 600 900 666 0 200 400 0 533 491 400 200 400 0 0 0 622 0 0 0 1000 0 200 466 200 0 494 600 0 0 350 0 0
#LCFC 2018-09-01
-16 0 0 0 0 177 225 0 0 400 0 500 -100 524 350 -400 0 0 500 0 0 125 0 250 0 0 316 0 591 0 0 250 0 -200 118 0 800 333 800 781 700 250 -100 375 0 150 800 0 0 166 0 0 400 350 0 0 0 0 -349 -200 457 -21 66 -200 99 33 -100 400 0 -100 0 174 -125 99 0 1000 -100 0 0 -100 0 625 0 0 0 0 -175 250 -21 205 100 362 200 600 1000 200 0 266 600 100
555 0 0 0 0 677 431 0 0 900 0 500 250 700 338 400 0 0 888 0 0 100 0 250 0 0 311 0 691 66 0 491 1000 250 377 0 400 833 700 888 600 550 200 400 0 297 400 0 0 375 0 0 1000 650 0 0 0 0 833 400 585 284 466 800 300 366 200 900 0 200 0 333 200 300 0 1000 200 0 0 200 0 600 0 0 0 0 375 300 300 766 400 450 500 1000 400 300 0 766 900 400
#LFC 2018-09-01
0 0 0 0 0 -100 0 133 375 0 0 312 155 125 50 0 0 0 28 -62 491 -100 142 0 -100 -199 0 0 0 666 0 -44 116 -200 116 -100 500 -205 600 100 216 0 125 0 200 -699 143 437 508 400 0 512 1000 0 27 0 0 0 0 0 0 0 0 0 0 0 250 0 0 177 0 0 300 625 0 0 333 600 375 425 0 0 512 -825 0 0 0 0 0 0 -77 0 250 136 -200 0 -325 0 625 16
0 0 0 0 0 200 1000 333 597 0 0 450 866 525 200 533 0 0 300 281 810 200 417 0 400 391 0 0 0 700 0 816 549 200 304 800 1000 443 800 500 377 0 300 0 200 666 408 825 650 726 0 518 300 0 583 0 0 0 0 0 0 0 0 0 0 0 500 0 0 677 0 0 800 575 0 0 525 600 750 688 0 0 518 1000 0 0 0 0 0 0 522 0 300 500 800 0 600 0 500 600
