#LFC 2015-08-17
625 0 0 0 550 0 1000 0 0 0 0 0 33 0 0 200 0 0 -388 0 0 0 0 0 400 150 195 0 -300 136 0 100 600 0 400 450 0 433 433 0 250 0 1000 132 0 -175 500 0 0 0 350 0 250 0 0 235 0 0 0 1000 0 -500 -500 400 400 0 0 566 0 0 0 0 0 0 200 250 -200 0 0 300 0 -500 0 0 176 200 285 0 0 0 214 233 0 425 700 0 976 75 562 0
500 0 0 0 850 0 1000 0 0 0 0 0 466 0 562 100 0 0 833 0 0 100 0 0 900 800 429 0 225 454 100 100 1000 0 800 449 0 733 733 0 333 0 400 500 0 550 500 0 0 0 950 0 350 0 0 739 0 0 0 600 0 1000 1000 900 1000 0 0 866 0 66 0 100 0 0 300 450 233 0 0 825 0 1000 0 0 647 100 650 0 0 0 346 433 0 412 550 0 500 324 450 66
#AFCB 2015-08-17
136 0 0 0 250 0 0 640 -83 437 -500 0 550 0 0 516 -145 250 0 0 0 0 287 0 0 62 0 -500 -500 0 -800 0 199 0 500 250 0 350 0 0 541 0 66 0 -200 0 0 500 500 0 500 500 500 500 211 0 0 0 1000 170 0 0 -500 625 0 0 0 0 -230 500 175 146 199 0 500 -750 0 800 0 333 0 700 525 -25 700 333 350 250 550 0 0 0 -234 0 0 0 0 170 -200 0
500 0 0 0 450 0 0 750 411 550 1000 0 900 0 750 933 270 1000 0 0 0 0 583 750 100 437 0 550 800 0 900 0 700 1000 500 500 0 700 0 0 783 0 341 0 200 0 0 500 500 0 500 500 500 500 394 0 0 0 900 454 0 0 1000 500 0 0 0 0 347 600 400 535 887 0 500 1000 0 750 0 600 0 600 866 200 600 883 800 1000 700 0 0 0 500 0 0 0 0 500 399 0
#MCFC 2015-08-16
0 0 400 400 250 0 700 500 500 0 0 0 0 -125 0 200 250 500 600 500 492 625 0 0 -1000 0 0 66 0 625 75 0 1000 0 100 0 0 0 0 0 0 -291 0 0 0 600 93 0 0 0 0 -325 250 0 0 0 0 0 650 200 0 -500 0 0 600 0 280 800 0 59 0 500 500 0 0 781 275 700 800 600 0 0 800 0 -166 0 0 0 0 1000 1000 500 0 0 -437 0 0 0 0 12
0 0 800 800 333 0 600 900 500 0 0 0 0 375 0 100 750 1000 900 600 567 900 0 0 1000 0 0 133 0 900 248 0 400 0 400 100 0 0 0 0 0 541 0 0 0 600 593 0 650 0 0 475 250 100 1000 0 0 0 575 333 0 1000 0 0 800 0 350 400 0 463 0 600 500 0 0 500 650 1000 400 900 0 0 1000 0 600 0 650 0 0 400 400 800 0 100 900 0 0 0 0 187
#CFC 2015-08-16
136 0 0 -100 550 0 400 400 700 500 312 500 0 0 0 0 136 0 0 0 0 136 0 0 0 0 0 136 0 0 0 0 0 0 0 0 0 0 -155 0 0 300 0 100 100 50 0 100 -125 0 200 500 0 350 0 0 0 25 93 1000 0 500 0 -250 149 625 0 0 0 0 0 142 0 0 0 0 0 0 -200 0 0 416 0 1000 0 0 0 357 0 0 0 0 0 -800 0 0 0 0 136 0
454 0 0 400 850 0 800 800 600 900 300 500 0 0 1000 0 454 0 0 1000 0 454 0 0 0 1000 0 454 0 0 0 0 0 125 0 0 0 0 288 0 0 100 150 1000 1000 500 0 100 375 0 100 600 0 550 0 0 0 808 593 300 0 500 0 400 650 900 0 0 0 0 0 267 0 0 0 0 0 125 350 0 0 583 0 400 0 0 0 571 0 100 0 0 0 1000 0 0 0 0 454 0
#CPFC 2015-08-16
0 500 0 800 0 0 0 0 0 0 0 0 0 0 0 0 0 0 0 0 600 600 0 0 0 537 600 937 166 -200 0 -400 0 0 0 0 200 0 0 0 0 0 0 0 0 -125 0 0 0 800 650 468 300 -149 800 0 0 0 -400 0 0 800 800 0 0 0 800 0 0 0 0 0 0 0 0 600 400 500 0 0 100 -194 170 500 389 -200 450 0 0 0 -200 500 500 500 500 500 0 -500 0 0
0 500 0 400 0 0 0 0 0 0 0 0 0 0 0 0 0 0 300 0 475 800 0 0 0 400 800 675 700 300 0 400 0 0 0 0 500 0 0 0 0 0 0 0 0 375 0 0 0 400 875 602 750 533 750 0 1000 0 400 1000 1000 750 750 0 0 1000 750 0 0 0 0 0 400 0 0 800 500 500 0 0 325 666 454 500 541 200 425 0 0 0 250 500 500 500 500 500 0 500 0 0
#AFC 2015-08-16
200 200 0 500 400 400 -400 -183 170 0 -800 -155 0 250 136 0 0 250 250 133 0 0 -54 0 0 0 0 0 800 0 -23 -283 200 0 800 0 -12 0 0 0 -450 0 -200 380 89 0 316 0 400 400 0 0 50 -200 200 0 0 0 500 -12 200 0 400 200 500 0 0 200 0 -50 -50 25 0 0 0 700 0 12 0 0 800 250 800 0 500 400 0 68 400 0 83 0 -50 0 0 650 136 468 0 0
500 100 522 500 800 800 400 633 454 0 900 288 0 283 454 0 0 283 283 133 0 0 418 0 0 0 0 0 750 0 404 533 500 0 400 0 0 0 0 0 800 0 800 560 410 66 445 0 900 800 1000 0 216 400 500 100 0 0 900 0 100 0 1000 500 500 0 0 400 0 400 400 325 0 0 0 850 250 187 0 0 400 500 400 0 500 1000 0 227 800 0 458 0 400 0 0 875 454 602 0 0
#SAFC 2015-08-15
25 250 0 0 0 0 500 0 0 0 0 0 0 0 0 0 0 0 125 0 300 0 500 0 0 0 0 0 0 0 0 -140 0 0 0 100 1000 0 0 0 0 -200 0 0 49 -750 0 0 0 -100 187 0 520 0 0 525 182 0 0 0 500 -62 0 -37 -67 -100 0 1000 0 500 0 0 125 0 0 0 450 0 0 900 250 166 -500 0 700 471 600 -200 -346 0 500 0 800 70 0 0 0 400 0 116
600 550 0 0 0 0 1000 0 0 0 0 0 0 0 0 0 0 0 191 0 466 0 1000 0 0 0 0 0 100 0 0 649 0 0 0 1000 300 0 0 0 100 400 0 0 316 800 0 619 0 200 649 0 550 0 0 700 725 0 0 0 888 604 0 833 635 200 0 750 0 500 0 0 666 0 0 0 600 0 0 1000 283 366 1000 0 600 633 1000 100 478 0 1000 0 1000 687 0 0 0 800 0 444
#ncfc 2015-08-15
-13 -125 -66 0 -400 0 350 0 -100 333 0 -100 0 670 0 0 0 -104 0 0 0 166 500 0 0 0 -500 -331 200 0 0 500 275 0 0 370 0 0 0 0 0 0 0 0 333 0 -100 650 166 -100 -399 0 0 0 0 99 0 333 0 249 550 0 500 800 249 -200 700 0 224 0 0 193 0 -37 -100 -450 500 -100 700 -99 -100 0 0 250 690 0 118 -750 -83 -156 0 1000 0 -600 0 -300 0 206 -1000 -87
455 125 133 0 400 0 550 0 200 500 0 200 0 525 0 0 0 133 500 0 0 250 183 0 0 0 500 677 362 0 0 500 516 0 500 700 0 0 0 0 0 0 0 0 500 0 200 644 250 200 466 0 0 0 0 666 0 500 0 500 366 0 500 1000 500 400 816 0 700 0 0 500 0 833 200 850 500 200 600 1000 200 1000 0 750 1000 0 527 750 327 250 0 750 0 800 0 600 0 750 900 400
#Swans 2015-08-15
-100 150 -100 0 0 0 0 -200 0 0 0 -100 500 166 0 0 0 -58 1000 0 -100 400 -750 0 -200 -100 500 -200 0 800 0 0 0 -22 0 0 0 0 0 -200 -159 0 250 -200 -750 500 400 240 0 466 -38 199 500 256 150 337 350 -100 800 -125 500 800 0 0 0 0 225 -100 -100 1000 -625 0 0 0 0 1000 0 -93 0 800 -208 0 0 0 0 0 600 381 -400 0 433 0 0 -58 850 0 136 0 0 -400
200 399 200 0 0 1000 0 450 0 0 0 200 500 355 0 0 0 266 300 0 200 700 750 0 400 200 500 400 0 700 0 0 0 300 66 0 0 0 0 233 558 0 333 400 800 500 900 417 0 605 222 650 1000 225 575 637 650 200 1000 366 700 1000 0 0 0 0 575 200 200 1000 400 0 0 0 0 300 0 250 0 400 166 0 0 0 0 0 800 512 400 0 833 1000 0 266 1000 0 500 0 0 400
#NUFC 2015-08-15
550 400 400 -163 625 0 0 0 0 0 0 0 0 0 0 -400 -100 0 0 291 250 -200 0 0 0 -250 0 0 345 0 0 -104 -25 0 125 0 0 0 -450 99 100 0 400 0 500 -400 0 0 0 0 450 225 500 0 0 300 0 650 600 550 0 225 976 0 -72 -500 0 0 200 -200 0 -100 0 0 0 800 -200 -37 300 -200 373 500 175 0 0 -625 0 400 -200 366 433 49 0 625 91 249 500 800 0 0
850 800 800 547 516 0 0 0 0 0 333 0 0 0 0 400 200 0 1000 483 333 450 0 0 0 337 0 0 950 0 0 133 125 0 1000 0 0 0 500 300 600 0 200 0 900 400 0 0 500 0 600 416 500 0 0 900 0 625 250 550 100 266 600 0 508 900 0 233 400 400 0 200 100 0 0 750 400 800 562 400 462 625 525 500 0 400 0 800 400 516 433 316 0 888 308 500 575 1000 0 0
#COYS 2015-08-15
0 0 600 600 162 0 0 437 0 825 0 0 0 0 1000 1000 0 199 0 250 312 0 -27 250 750 200 466 500 0 0 1000 0 -100 0 800 0 366 -800 0 0 -1000 0 0 475 500 0 0 0 -31 136 1000 200 700 0 0 422 0 -400 0 0 -400 0 0 500 0 0 0 0 0 500 285 0 375 0 433 100 -200 0 312 0 1000 0 0 0 0 0 0 575 285 -74 0 109 0 400 0 900 0 0 550 0
0 0 900 550 775 0 0 550 0 912 0 0 0 0 1000 1000 0 333 0 250 250 0 594 1000 1000 400 633 600 0 0 300 0 200 0 900 0 475 900 0 0 900 0 0 466 600 0 0 0 600 454 900 520 600 0 0 594 400 400 0 66 600 0 0 500 0 0 0 0 0 500 535 0 750 0 533 550 400 0 1000 0 400 0 0 0 0 0 0 550 535 700 0 650 0 900 0 950 0 0 800 0
#SCFC 2015-08-15
0 500 0 0 0 0 0 0 -4 -100 0 0 800 -125 0 0 0 0 800 316 0 0 0 0 -125 136 193 0 0 0 0 0 -200 -400 400 136 0 0 0 800 0 -100 0 0 -250 -400 500 0 800 0 0 0 1000 0 0 -200 0 0 0 149 800 0 0 0 0 266 0 -62 0 0 0 -100 -125 -37 0 0 0 0 0 237 800 0 0 300 0 -100 -100 -699 0 0 -200 0 0 -200 0 335 450 800 0 0
0 533 0 0 0 0 0 0 133 200 0 0 1000 375 0 0 1000 0 1000 799 0 0 0 0 200 454 393 300 0 0 0 0 400 400 500 454 0 0 0 750 0 200 0 0 250 400 500 0 1000 0 0 0 300 0 0 400 0 0 0 500 700 0 0 0 0 546 0 187 1000 0 0 200 694 833 0 0 0 0 0 600 400 0 0 200 0 200 200 666 0 0 800 0 0 400 0 694 1000 1000 66 0
#WatfordFC 2015-08-15
-300 0 -200 0 0 -187 -200 0 0 400 116 -333 -125 0 375 0 0 -100 -500 -333 0 0 -187 65 500 -125 0 0 250 0 0 166 -100 -54 650 -100 554 619 200 -100 0 100 -350 0 0 625 -66 -375 -200 0 187 -75 -100 -77 0 0 500 100 -100 0 0 0 24 0 0 -437 0 0 -46 0 0 0 900 -100 0 0 400 0 0 215 0 0 0 0 -429 0 0 0 0 -800 0 0 -381 0 537 0 0 0 -350 0
400 0 400 0 0 500 400 0 100 1000 350 466 366 0 750 0 0 200 450 666 0 0 500 260 500 500 0 62 968 0 0 666 200 625 600 200 600 500 200 200 0 1000 400 0 0 500 233 300 200 0 625 366 200 177 0 0 183 644 200 0 0 0 650 0 0 950 0 0 575 0 0 0 1000 200 0 0 650 0 0 360 0 0 0 0 183 0 0 0 0 900 0 0 616 0 400 0 0 0 400 0
#WBA 2015-08-15
-200 -100 0 0 -200 0 0 0 400 0 0 566 47 0 0 212 0 700 0 0 0 0 0 -350 333 0 0 512 -166 -200 600 700 74 0 0 800 0 800 -100 -100 -100 -100 -100 0 0 31 0 0 700 0 449 -137 0 0 0 -400 -250 -300 -166 700 0 249 183 0 -200 0 0 200 700 0 372 -100 0 0 137 1000 0 0 136 0 175 0 0 700 700 -283 0 0 -100 -150 0 400 249 0 -33 0 -200 0 0 0
400 450 0 0 400 0 0 0 262 0 0 766 492 0 0 418 0 600 0 0 0 0 0 531 716 100 0 844 166 400 700 600 475 0 0 400 0 400 200 200 200 200 200 0 562 550 0 0 600 0 400 750 0 0 0 400 100 400 166 600 100 300 483 0 400 0 0 266 600 0 755 200 0 0 387 750 0 0 500 0 575 0 1000 600 600 500 0 0 200 900 0 400 500 0 133 0 400 0 0 0
#WHUFC 2015-08-15
0 -366 0 -250 400 200 0 0 0 0 0 0 0 0 666 0 0 0 69 0 0 0 0 0 500 0 0 176 133 0 0 1000 -333 0 -66 0 -200 0 1000 -125 172 0 0 0 750 -125 200 533 0 0 0 1000 0 0 700 0 0 666 0 200 0 488 0 0 -100 -50 -200 0 500 -166 136 200 -200 0 0 0 400 226 133 0 136 -400 -150 0 0 800 0 0 366 100 0 -77 500 0 0 7 500 200 0 -312
0 388 0 750 900 725 0 0 0 0 0 0 0 0 833 0 0 0 434 0 0 0 0 0 900 0 0 260 466 0 0 300 700 100 322 0 233 0 1000 506 311 0 0 0 500 1000 100 500 0 0 0 1000 0 100 600 100 0 433 500 500 500 333 500 0 75 0 500 0 500 250 454 200 300 0 0 0 399 477 633 0 454 400 200 0 0 1000 0 0 566 950 50 394 900 0 0 685 500 500 50 337
#LCFC 2015-08-15
0 629 250 -116 416 270 -200 0 -16 0 0 400 0 0 69 1000 0 -322 85 0 0 0 0 0 0 0 0 -100 0 0 -200 500 1000 -250 0 800 0 0 0 520 199 0 0 0 0 0 0 -400 0 0 600 0 -500 0 700 214 0 100 99 800 0 0 0 0 136 -100 333 0 -191 200 500 250 0 0 625 0 -500 800 500 500 500 -781 800 99 0 0 466 0 250 0 468 100 0 500 500 0 0 -50 0 -438
0 715 650 516 500 866 400 0 683 0 0 900 0 0 434 1000 0 388 227 0 1000 0 0 0 0 0 0 100 0 0 400 500 300 100 0 1000 0 0 0 616 266 0 0 0 0 66 0 1000 0 125 550 0 700 0 600 571 0 400 300 1000 0 0 0 0 454 200 766 0 416 200 500 333 0 0 500 0 300 900 400 400 400 1000 1000 300 0 0 266 0 250 0 750 100 0 500 500 0 0 150 0 647
#SaintsFC 2015-08-15
0 0 0 0 250 0 350 0 250 0 0 0 0 0 450 -400 0 0 0 0 -66 0 500 500 -125 -300 500 0 800 500 425 0 -200 250 0 187 -250 0 49 0 0 0 300 -100 0 0 0 500 0 0 0 0 0 166 0 0 0 0 0 216 400 0 750 200 250 0 100 150 600 0 0 0 0 285 166 0 -1000 0 -500 0 800 0 0 200 -100 0 250 -71 -400 250 500 400 500 62 -250 68 0 781 -200 0
0 500 0 0 250 0 650 0 506 0 0 0 0 0 600 400 0 0 0 0 466 0 500 500 666 600 750 0 650 600 825 0 400 300 100 437 750 0 500 0 100 0 100 200 0 0 0 500 0 0 0 0 0 666 0 0 0 0 0 808 400 0 900 400 500 0 900 150 950 1000 0 0 0 535 333 0 1000 0 1000 0 750 0 0 700 250 0 250 142 400 533 500 900 800 500 466 227 0 800 200 0
#EFC 2015-08-15
0 0 0 -100 0 0 -99 425 700 500 0 0 0 0 -100 0 0 -100 0 -100 0 0 -300 0 -300 12 0 0 0 0 0 -100 0 0 -100 -100 0 0 0 0 0 0 0 199 291 0 -74 275 400 0 -300 -100 -100 0 -388 900 100 0 0 233 -196 -196 500 199 0 -300 0 549 0 0 0 0 -400 -500 -700 -100 0 0 11 0 0 0 0 0 -333 0 0 0 0 400 0 0 0 0 -12 -699 500 0 333 196
0 0 0 200 0 0 250 525 600 600 0 0 0 1000 200 0 100 200 0 200 0 0 400 0 400 150 0 0 100 100 0 200 100 0 200 200 0 0 0 0 0 0 0 466 558 0 491 500 900 0 400 200 200 0 833 900 278 0 0 233 411 411 900 416 0 400 0 544 0 0 0 0 400 600 800 200 100 0 355 0 0 0 100 0 666 0 0 0 0 1000 0 0 0 0 0 666 500 0 500 133
#AVFC 2015-08-14
0 0 0 0 0 0 400 400 0 0 400 400 0 0 0 -200 800 0 0 0 0 1000 0 0 620 0 285 50 0 0 357 -100 375 700 350 -33 0 400 100 100 50 800 239 500 0 500 -100 168 0 1000 500 1000 210 0 500 0 250 100 50 0 0 -4 0 0 0 375 0 0 283 0 0 485 -66 0 450 0 136 0 150 0 0 0 625 468 -781 250 -125 0 0 203 700 0 0 1000 502 50 187 300 0 -400
100 0 0 0 0 0 800 800 0 0 800 800 0 0 0 700 400 0 0 0 0 300 100 0 1000 500 535 100 0 0 535 200 750 850 550 533 0 600 400 400 350 400 416 625 0 500 400 393 0 1000 500 1000 578 100 500 0 363 100 100 0 0 395 0 0 0 750 0 0 450 0 0 450 466 0 475 0 454 0 649 0 0 0 500 602 1000 350 1000 0 0 658 600 0 100 300 695 700 631 200 0 400
#MUFC 2015-08-14
0 -66 0 0 0 0 0 0 400 0 0 0 0 0 0 0 0 -250 400 400 0 250 0 0 50 0 18 0 1000 100 350 350 350 350 350 350 350 350 350 350 350 350 350 0 350 350 350 0 0 18 500 0 166 0 0 0 0 300 375 0 0 0 0 350 0 433 0 0 -200 400 0 0 66 0 0 -200 -200 0 0 400 400 0 0 0 350 400 0 0 214 -112 0 268 49 0 0 0 200 0 0 1000
0 300 0 0 0 0 0 0 800 0 0 0 0 100 0 0 0 250 800 800 0 1000 0 0 500 0 350 0 1000 383 300 300 300 300 300 300 300 300 300 300 300 300 300 0 300 300 300 0 0 350 600 0 333 0 0 0 0 400 350 0 0 0 0 550 0 650 0 0 300 250 0 0 455 541 0 600 533 0 0 800 800 0 0 0 500 400 0 0 512 300 0 627 249 0 0 0 300 0 1000 500
#WBA 2015-08-10
0 454 300 0 0 0 0 0 166 75 416 0 0 0 -300 0 0 0 -375 0 700 0 375 0 224 0 100 0 287 -400 0 0 300 -400 0 0 0 0 250 0 625 505 312 0 300 -450 0 0 0 170 0 250 0 -50 -125 0 0 0 0 0 600 155 368 0 -500 0 0 -312 350 -400 412 -500 0 0 0 -78 378 400 400 0 0 266 500 0 0 0 5 0 136 500 0 0 0 0 136 0 0 0 520 -125
0 640 500 0 0 0 0 0 450 250 500 0 0 0 400 0 0 0 600 66 600 0 350 0 675 0 383 0 762 400 0 0 800 400 1000 0 0 0 300 0 600 527 774 0 500 750 0 0 750 500 0 1000 0 400 375 0 0 0 0 0 1000 727 702 0 1000 0 0 687 650 600 400 1000 0 0 0 400 784 408 375 0 0 371 450 0 0 0 738 0 500 900 0 0 0 0 500 0 0 0 811 366
#MCFC 2015-08-10
250 0 0 0 0 168 0 0 0 250 600 400 400 732 0 700 0 0 350 0 0 542 0 0 100 0 0 0 0 500 800 0 375 0 -575 0 500 0 533 0 500 0 0 0 545 166 0 491 800 0 0 0 0 0 136 0 0 0 0 0 800 50 0 500 0 0 700 0 -500 0 151 0 500 0 0 350 136 0 0 500 0 0 0 0 0 -468 0 0 184 0 800 0 -100 150 587 400 -250 -166 200 136
750 0 0 1000 0 400 0 0 0 416 950 800 800 750 1000 800 0 0 462 0 0 625 0 0 400 0 0 0 0 150 1000 0 750 0 725 0 600 0 433 0 300 0 0 0 660 166 0 166 750 0 0 0 0 0 454 0 0 0 0 0 1000 200 0 900 0 0 600 0 500 0 393 50 900 0 0 300 454 0 0 1000 0 0 0 0 0 762 0 0 288 0 700 0 100 300 937 900 350 333 533 454
#SCFC 2015-08-09
0 0 0 0 0 0 0 500 -107 0 0 0 0 0 0 0 0 500 0 0 0 0 -657 0 0 0 200 0 -487 -500 0 0 0 0 0 0 0 0 0 0 0 0 62 0 0 0 0 0 0 0 0 0 0 0 0 500 0 520 0 612 0 0 68 0 0 0 0 0 0 0 0 0 0 136 0 0 0 0 0 0 0 0 0 125 0 0 0 0 0 0 0 0 0 0 700 0 0 0 0 0
0 0 0 0 0 0 0 900 488 0 0 0 0 0 0 0 0 500 0 0 0 0 828 0 0 0 300 0 812 500 0 0 0 0 0 0 0 0 0 0 0 0 900 0 0 0 0 0 0 0 0 0 0 0 0 1000 0 666 0 800 0 0 227 0 0 0 0 0 0 33 0 0 0 454 0 0 0 0 0 0 0 0 0 575 0 0 0 0 0 0 0 0 0 0 600 0 0 0 0 0
#LFC 2015-08-09
0 0 0 0 375 0 0 0 0 0 0 0 0 0 0 0 200 500 0 0 800 0 0 0 0 0 0 0 0 0 200 166 0 -155 200 0 0 0 0 0 400 0 0 0 -200 -312 0 0 625 0 0 0 0 0 316 0 800 136 0 0 0 0 0 500 0 0 0 0 -500 0 243 800 0 0 0 0 0 0 260 0 0 255 0 0 285 0 0 0 0 0 200 0 0 150 0 0 0 500 0 0
0 0 0 0 750 0 0 0 0 0 0 0 0 0 0 0 300 1000 0 0 1000 0 0 0 0 0 0 0 0 0 200 333 0 288 300 0 0 0 0 0 1000 0 0 0 200 687 0 0 500 0 100 0 0 0 516 0 400 454 0 0 0 0 0 500 625 0 0 0 900 0 502 400 0 0 0 0 0 0 260 0 0 602 0 0 535 0 0 250 0 0 300 0 0 600 0 0 0 500 0 0
#AFC 2015-08-09
400 500 0 0 0 0 0 400 400 250 500 0 0 188 100 0 0 0 0 0 0 0 0 136 400 0 0 0 666 375 0 0 0 0 0 0 0 400 0 0 0 0 0 400 0 0 400 0 0 0 0 0 -1000 -500 125 0 0 0 1000 -400 250 428 0 542 0 600 0 0 400 0 0 136 0 0 700 136 0 200 -41 0 0 200 0 600 399 0 781 0 85 241 0 0 0 0 0 136 0 0 500 800
600 500 0 0 0 0 0 800 800 500 500 0 0 700 100 0 0 0 0 0 0 0 0 454 400 0 0 0 1000 750 0 0 0 0 0 0 0 450 0 0 0 0 0 600 0 0 600 0 0 0 0 750 1000 1000 1000 0 500 0 1000 400 283 730 0 552 0 500 0 250 400 0 0 454 0 0 600 454 500 300 291 0 0 100 0 500 650 0 888 0 227 339 0 0 0 0 0 454 0 375 500 400
#WHUFC 2015-08-09
0 0 0 0 0 0 0 0 0 0 0 0 0 0 0 500 0 0 0 0 0 0 0 0 500 0 0 0 0 0 0 0 0 -175 0 0 0 0 0 375 0 0 0 0 0 0 0 0 0 0 0 0 0 0 0 0 0 0 0 0 0 25 0 0 0 625 0 0 0 0 0 -200 0 0 500 0 0 0 500 0 0 500 0 520 0 0 0 0 0 0 0 0 0 0 0 0 0 -500 600 0
0 0 0 0 0 0 0 0 0 66 0 0 0 0 0 1000 0 0 0 0 100 0 0 0 500 0 0 0 0 0 0 0 0 436 0 0 0 0 0 750 0 0 0 0 0 0 0 0 0 0 0 0 0 0 0 0 0 0 0 0 0 900 416 0 0 600 0 0 0 0 0 250 0 0 1000 0 0 0 500 0 0 1000 0 666 0 0 0 0 0 0 0 0 0 0 0 0 0 1000 1000 0
#NUFC 2015-08-09
0 0 -124 0 0 0 0 -150 0 0 0 400 400 0 97 0 0 0 0 0 0 100 -714 0 0 0 0 568 136 0 0 0 0 0 0 0 218 0 0 0 -657 0 0 0 0 0 0 0 0 0 0 237 0 136 0 0 0 124 0 0 0 -178 0 0 0 0 250 537 62 0 0 0 -175 0 0 -199 0 0 -62 0 -83 0 0 0 0 500 24 0 354 0 0 0 0 0 0 0 333 333 100 0
0 0 312 0 0 0 0 400 0 0 0 800 800 0 500 0 0 0 0 0 0 100 857 0 0 0 0 377 454 0 200 0 0 0 0 0 227 1000 0 0 828 0 1000 0 1000 0 0 0 0 0 0 575 0 454 0 0 0 475 0 0 0 539 0 0 0 0 400 750 100 0 0 0 750 0 0 330 0 0 950 0 799 0 0 0 0 1000 875 0 420 0 0 0 0 0 375 0 833 833 300 0
#SaintsFC 2015-08-09
0 0 0 0 0 500 0 500 0 0 -750 0 0 333 0 0 0 200 0 433 0 500 1000 1000 0 0 225 0 0 0 750 0 -76 0 800 0 300 0 0 0 0 0 0 0 0 0 -50 0 0 0 216 0 0 0 0 0 0 0 0 0 0 500 0 0 400 0 0 800 -500 0 0 0 0 300 800 0 0 0 0 0 0 0 0 0 0 0 512 0 0 0 0 0 640 0 0 0 0 0 0 800
1000 0 0 0 0 1000 0 500 0 0 1000 0 0 666 0 0 0 200 0 99 0 500 400 400 0 0 291 0 0 0 1000 0 269 0 1000 0 200 0 0 0 0 0 0 0 0 0 400 0 0 0 366 0 0 0 0 0 0 0 0 0 0 1000 0 0 350 0 0 700 900 0 0 0 0 188 700 0 0 0 0 0 100 0 0 0 0 0 583 0 0 0 0 0 750 0 0 0 0 0 0 400
#CFC 2015-08-08
0 0 550 1000 750 400 400 733 0 -250 136 205 625 500 0 0 0 378 0 0 0 300 800 166 -500 300 0 0 250 0 0 0 0 500 0 0 0 0 -300 0 0 378 0 0 375 0 0 0 0 0 0 0 0 216 -50 0 0 0 550 0 1000 733 0 1000 1000 800 888 0 0 256 200 -125 159 0 -62 0 300 450 -200 0 255 0 378 0 -500 750 0 0 300 0 0 0 -750 200 100 300 0 0 400 0
0 0 250 300 650 800 800 266 0 283 454 333 900 500 0 1000 0 633 0 0 0 100 900 333 500 100 0 0 333 0 0 0 0 275 0 0 0 0 400 0 0 633 600 0 500 0 0 0 0 0 0 0 0 377 150 0 0 0 250 0 300 266 0 300 300 400 422 0 0 540 500 125 488 0 187 0 700 750 250 125 477 0 633 0 500 400 0 0 100 0 0 0 1000 500 50 799 0 0 400 0
#Swans 2015-08-08
0 0 208 0 391 0 0 450 0 250 0 -400 250 -133 -200 500 318 0 800 0 700 0 400 136 100 100 0 0 500 568 0 0 800 468 200 0 0 0 0 568 0 0 136 136 -400 0 0 136 49 125 375 750 214 0 750 200 0 500 600 0 0 -277 0 0 0 136 136 0 136 -76 136 0 100 0 168 0 0 0 0 0 -16 0 0 136 0 136 0 136 136 200 136 136 0 0 0 0 136 400 136 136
0 0 416 0 616 0 0 950 100 283 0 400 550 600 100 500 477 0 400 0 600 0 400 454 50 50 0 0 833 602 1000 0 750 427 500 0 0 0 0 727 0 0 454 454 400 1000 0 454 950 313 750 400 379 0 400 900 0 500 900 0 0 444 0 0 0 454 454 0 454 269 454 0 400 0 327 0 500 0 0 0 411 100 0 454 0 454 0 454 454 500 454 454 0 0 0 0 454 875 454 454
#AFCB 2015-08-08
0 0 0 -400 0 156 0 0 500 -166 0 0 400 0 0 136 -83 0 0 800 0 0 0 0 -250 -300 0 102 0 100 700 -166 0 -126 300 200 0 214 -75 -75 375 0 500 0 449 0 0 0 0 0 0 0 -775 0 0 1000 625 -400 500 0 450 812 350 -400 109 33 200 0 0 400 400 600 -49 600 -388 0 0 100 250 -200 0 0 0 0 0 0 0 100 278 -388 0 -54 0 0 300 500 0 -166 200 0
0 0 0 400 0 500 400 0 1000 250 0 100 700 0 66 454 116 0 0 750 0 1000 0 0 100 400 0 311 66 1000 600 166 0 643 100 400 0 418 366 450 750 0 1000 0 450 0 0 0 0 0 0 0 950 0 0 1000 888 700 600 0 844 1000 300 700 671 333 872 0 0 800 800 600 650 600 833 0 0 100 333 262 0 0 0 250 0 100 0 300 518 833 0 529 100 66 100 1000 0 333 400 250
#AVFC 2015-08-08
0 400 400 0 250 700 -500 42 0 0 312 0 233 500 0 0 0 283 0 0 500 68 0 0 -33 -33 -166 0 100 300 100 625 175 0 0 -33 0 100 0 136 0 0 -600 -83 0 0 600 -100 0 -300 0 800 150 230 49 533 -699 0 700 -250 -312 -250 -24 0 0 0 175 250 -412 69 400 -400 66 0 222 200 38 0 0 -16 -500 133 700 125 0 0 0 0 625 0 -125 0 300 0 700 0 66 600 0 -33
0 800 800 0 1000 600 900 317 0 0 500 0 829 500 0 0 0 583 0 0 500 227 199 0 433 433 66 0 200 356 200 500 825 66 0 433 150 644 0 454 0 0 800 116 0 0 600 200 0 400 0 400 650 500 950 500 666 0 600 800 691 1000 500 0 0 0 275 812 600 425 400 400 166 750 430 500 799 0 0 291 300 255 600 275 0 0 0 0 888 0 375 0 800 0 600 0 333 550 0 433
#EFC 2015-08-08
0 0 136 0 -250 -450 -341 0 -150 200 0 -450 0 0 0 0 0 0 0 -500 0 187 -300 0 0 0 250 -599 162 600 0 -250 -250 -250 -250 -9 0 0 800 130 0 160 0 0 0 -133 0 0 -62 130 -500 0 180 -600 -550 136 318 0 0 0 0 -125 0 1 0 0 0 130 0 -500 0 -500 0 0 0 0 0 -500 0 0 162 0 250 250 0 130 -500 -500 350 0 -500 800 368 -500 0 0 0 350 125 136
0 0 454 0 283 650 558 0 700 500 0 650 0 0 0 0 0 0 0 700 0 375 200 0 0 0 650 733 383 1000 0 250 250 250 250 371 0 0 700 498 0 539 0 0 0 588 0 0 437 498 700 0 573 900 600 454 677 1000 0 0 0 375 0 293 0 0 0 498 0 900 0 700 0 0 100 0 0 500 0 0 337 0 577 500 0 498 500 700 510 0 500 900 553 500 0 0 0 550 283 454
#WatfordFC 2015-08-08
0 350 0 -100 0 0 300 0 0 0 0 500 0 0 -24 -400 136 -66 0 300 600 0 1000 350 125 100 0 0 0 0 0 0 -31 0 100 150 0 500 0 -349 9 -125 0 -151 0 0 800 0 392 0 600 625 500 227 0 136 0 0 149 0 266 500 0 0 0 0 0 200 0 199 0 0 0 -39 0 0 0 199 0 0 -77 0 0 -666 1000 0 0 0 0 500 350 -150 400 -400 178 0 0 0 0 0
0 650 0 200 0 0 900 0 0 0 1000 500 0 0 275 600 454 608 0 400 800 66 400 350 694 175 0 0 0 0 0 100 200 0 100 200 0 475 0 833 416 1000 0 644 0 0 650 0 517 0 616 600 500 545 0 454 0 0 451 0 566 500 0 0 0 0 0 200 0 500 0 0 0 529 0 0 0 550 0 0 144 0 1000 1000 300 0 0 0 0 900 500 700 400 400 484 0 0 0 0 0
#LCFC 2015-08-08
0 0 0 500 200 500 399 187 0 0 0 0 0 0 0 0 0 200 200 100 121 75 133 375 200 -100 199 75 136 0 0 172 25 0 136 0 0 0 200 0 0 250 0 250 0 200 0 0 0 166 416 0 0 200 500 399 600 0 0 0 -155 -140 500 0 0 0 0 0 0 0 400 -800 200 -400 0 -625 399 625 850 250 250 -312 -312 250 500 0 -400 136 0 0 0 0 0 0 0 0 168 112 -31 381
0 0 0 500 100 500 388 375 0 0 0 0 0 0 0 0 0 600 100 50 263 250 366 750 100 200 266 250 454 0 0 394 400 0 454 0 0 0 200 0 0 283 66 1000 0 100 0 0 0 666 583 0 600 500 600 366 950 0 100 100 288 331 500 0 0 0 0 66 0 0 400 900 350 600 0 900 388 700 1000 750 750 200 700 200 500 0 833 454 0 0 0 0 0 0 1000 0 477 575 630 466
#SAFC 2015-08-08
0 700 0 0 0 0 0 416 0 0 -714 0 0 800 900 0 0 -253 800 136 375 0 0 800 212 78 100 0 200 199 25 0 250 216 -500 166 0 0 200 375 0 100 0 -250 0 250 66 0 -250 104 0 0 0 468 450 -625 0 -400 0 109 0 -400 500 400 0 0 -300 0 350 -166 566 145 400 0 1000 -375 0 133 0 350 0 250 125 0 104 0 193 0 0 -69 0 100 0 0 0 125 -166 0 0 0
0 600 0 100 0 0 0 700 0 0 857 0 0 1000 950 0 0 488 1000 454 709 125 0 400 384 334 400 0 500 441 400 0 625 366 500 333 0 0 500 750 0 300 0 149 0 1000 466 0 150 383 0 100 0 427 566 900 0 400 0 671 0 600 1000 750 0 0 733 0 675 500 496 384 800 0 400 475 0 233 0 600 0 531 250 1000 715 0 393 0 500 438 0 200 100 100 0 300 133 0 0 0
#ncfc 2015-08-08
-400 0 0 0 0 0 0 0 0 0 0 0 0 136 700 0 0 0 -125 0 0 0 0 0 800 136 -125 -250 214 0 600 278 0 500 0 600 0 136 0 0 0 -71 0 0 314 0 0 0 350 -156 0 0 0 312 800 0 0 0 0 0 800 0 136 0 800 183 625 -71 250 1000 200 0 781 224 837 212 136 0 0 500 0 500 136 500 0 0 200 234 0 333 399 168 0 218 0 0 200 136 68 608
400 0 333 0 0 0 0 0 0 0 0 0 0 454 600 0 0 0 125 0 0 0 0 0 750 454 425 150 571 0 900 418 175 500 0 900 0 454 0 0 750 245 0 300 529 0 0 0 350 800 500 1000 0 437 400 0 0 0 0 0 400 1000 454 0 400 400 900 583 500 300 200 0 900 350 500 651 454 0 0 500 0 500 454 500 0 1000 500 560 0 500 500 327 1000 277 0 0 300 454 477 708
#CPFC 2015-08-08
0 0 0 -155 0 0 0 0 800 0 0 68 -216 800 435 0 0 136 0 0 0 0 0 0 500 -187 0 500 500 -50 0 0 0 -100 0 343 500 400 500 0 0 0 250 0 0 0 0 0 500 800 500 -300 -500 291 -75 -100 136 0 -17 0 62 500 -308 0 311 -250 0 -12 0 0 0 0 625 300 0 166 433 250 700 -181 0 0 0 -400 0 0 0 400 100 550 0 1000 0 0 0 583 0 125 50 700
0 0 0 288 0 0 0 0 750 0 0 227 388 750 527 0 0 454 0 0 0 0 0 0 600 500 0 500 600 400 125 125 125 500 0 700 700 800 500 0 0 0 500 0 66 0 0 0 500 400 500 200 700 280 366 200 454 0 503 0 375 888 458 0 444 500 0 416 0 0 0 0 700 475 0 166 683 875 900 477 1000 0 0 400 0 0 0 800 550 600 0 300 0 125 0 444 0 541 350 600
#MUFC 2015-08-08
0 0 0 0 0 136 750 400 500 0 -195 100 400 150 400 150 0 400 150 0 400 400 400 400 150 150 150 400 400 400 150 150 400 150 150 150 0 400 400 400 400 400 150 150 150 150 150 150 -260 900 50 -50 0 750 400 400 0 0 0 66 175 -500 0 0 170 400 0 250 333 0 500 350 0 0 283 0 250 875 187 0 0 0 -275 0 175 400 175 191 0 175 0 175 0 175 175 175 0 136 0 100
250 0 0 0 0 454 1000 800 500 0 464 200 200 50 200 50 0 200 50 0 200 200 200 200 50 50 50 200 200 200 50 50 200 50 50 50 0 200 200 200 200 200 50 50 50 50 50 50 577 700 262 244 0 650 800 800 0 0 0 333 325 600 0 0 454 550 0 750 666 0 500 550 0 357 733 0 283 600 437 0 0 500 575 0 325 550 325 566 0 325 0 325 0 325 325 325 0 454 0 400
#COYS 2015-08-08
0 625 0 0 0 800 200 500 0 0 160 500 500 0 0 0 0 0 0 0 142 -277 200 0 0 0 -100 75 483 0 500 -800 500 0 0 25 100 50 -187 142 -100 605 0 150 -1000 -187 575 0 0 0 0 300 0 800 0 0 149 200 0 700 0 0 -283 0 350 -500 375 250 -139 156 150 136 -140 0 0 0 0 0 53 68 0 -150 568 400 0 0 400 400 400 708 0 300 300 0 0 781 200 0 100 433
0 600 0 1000 0 400 500 375 0 0 539 1000 500 0 0 0 0 0 0 0 517 888 550 0 0 0 0 675 577 0 500 900 500 0 0 400 400 200 500 767 0 440 0 175 1000 500 600 0 0 0 0 100 0 400 0 0 500 200 0 600 0 0 433 0 550 1000 750 250 697 587 275 500 331 0 0 0 0 0 334 477 0 300 427 400 0 0 400 400 400 441 0 475 100 0 0 500 300 0 300 762
#AFC 2015-05-24
0 0 400 400 0 100
0 0 800 800 0 216
#WBA 2015-05-24
0 0 250 0 0 0 0 0 0 0 0 136 300 -199 -262 0 0 0 200 392 976 0 0 275 -108 0 166 0 312 0 250 -250 0 0 500 500 0 500 0 500 0 0 0 261 -100 400 400 0 0 0 0 0 0 0 0 0 0 0 0 0 733 0 0 0 0 0 0 0 0 0 0 266 -166 0 0 0 0 0 100 0 0 0 0 0 0 0 0 0 0 0 0 0 0 0 0 -200 333 0 600 0
0 0 950 0 0 0 0 0 0 0 0 454 400 333 600 0 0 0 200 517 500 0 0 425 750 0 333 0 416 0 950 500 0 0 600 750 0 750 0 500 0 100 0 678 100 800 800 0 0 0 0 0 0 0 0 0 0 0 0 0 750 0 0 0 0 0 0 0 0 0 0 366 250 0 500 0 0 0 200 0 0 0 0 0 0 0 0 0 0 0 100 0 694 0 0 200 666 0 583 0
#AVFC 2015-05-24
400 400 0 0 0 -224 1000 0 0 0 0 0 800 0 200 0 200 0 0 0 0 62 267 0 433 0 0 0 -233 525 0 168 0 0 0 0 200 99 0 200 0 800 400 0 0 0 0 0 500 0 0 550 1000 750 168 -699 -312 0 0 0 500 0 0 0 0 0 0 0 0 0 0 500 500 500 168 800 400 0 800 168 168 500 500 0 800 400 0 700 0 168 0 0 583 625 168 500 114 0 0 0
800 800 0 0 0 833 1000 0 0 0 0 0 400 0 100 0 200 0 1000 0 0 100 540 0 483 0 0 300 533 600 0 477 0 0 0 0 100 477 0 500 0 750 400 0 0 0 0 0 1000 0 0 950 300 650 327 666 687 0 0 0 900 0 0 0 0 0 0 0 0 0 0 900 900 900 477 750 400 0 750 477 477 833 833 0 750 400 0 600 0 477 0 0 377 725 477 500 596 450 0 0
#Clarets 2015-05-24
250 0 0 0 0 0 0 0 66 0 0 0 400 0 0 0 0 0 0 0 0 0 0 375 0 0 0 900 0 750 0 0 0 450 500 0 0 0 136 400 0 0 0 0 350 0 350 0 0 700 800 800 166 0 159 0 0 350 0 350 -137 328 136 400 -625 0 0 375 0 0 0 0 0 0 266 0 0 0 0 0 312 0 0 0 0 0 0 0 166 0 0 -337 0 0 0 0 0 0 0 0
333 0 0 0 0 0 195 0 422 0 0 0 366 0 0 0 0 0 0 0 0 0 0 416 0 0 0 1000 0 725 0 0 0 650 833 0 0 0 454 500 0 0 0 0 650 0 650 0 0 700 1000 1000 166 0 588 0 0 650 0 650 400 385 454 900 1000 0 0 500 0 0 0 0 0 0 900 0 0 0 0 0 333 0 0 0 0 0 0 0 166 0 0 700 50 0 0 0 0 0 0 0
#CFC 2015-05-24
0 0 0 0 350 0 400 400 0 800 166 0 387 0 0 0 0 0 0 0 0 0 0 0 0 0 0 -49 0 159 0 -250 0 0 50 350 1000 -250 -166 0 -400 700 0 -50 0 0 0 -250 0 500 0 0 0 500 0 -750 1000 0 200 0 0 0 475 399 0 0 0 433 136 500 136 -600 0 0 0 0 0 0 175 0 0 -83 -181 0 0 0 0 0 0 107 0 0 100 0 178 0 0 500 0 0
0 0 400 0 700 0 800 800 0 1000 583 0 950 0 0 0 0 0 0 0 0 0 0 0 0 0 390 700 0 593 0 233 0 0 1000 550 300 888 66 0 400 600 0 700 0 0 0 250 0 1000 0 390 0 500 0 1000 300 0 300 0 0 0 525 350 0 0 0 566 500 500 500 650 0 0 0 0 0 0 450 0 0 116 677 0 0 0 0 0 0 312 0 0 133 0 767 0 0 500 0 0
#SAFC 2015-05-24
-250 -600 200 0 625 200 500 200 112 100 0 0 333 -350 166 500 0 0 0 0 0 700 191 0 0 1000 0 200 0 166 250 0 0 -200 437 0 0 0 0 0 0 0 0 0 800 160 900 0 0 0 0 0 59 0 0 0 0 0 175 0 -400 272 0 400 322 68 0 0 -155 75 0 83 -250 500 -68 0 0 500 254 0 0 200 -29 0 0 650 0 500 174 0 0 0 0 -266 0 0 0 0 0 416
250 700 100 0 500 100 500 200 600 250 0 0 366 500 300 300 0 0 0 0 0 600 325 0 0 750 0 100 0 300 500 0 0 650 650 0 0 0 100 0 0 0 0 0 1000 539 1000 0 0 1000 0 0 702 100 0 0 0 0 575 0 575 444 0 650 722 227 0 0 288 199 300 483 600 1000 762 0 0 500 552 0 0 900 451 100 0 800 0 500 434 0 0 0 0 333 0 0 0 0 0 700
#CPFC 2015-05-24
0 285 500 500 0 350 -87 200 0 0 0 350 34 0 0 0 600 0 183 -68 800 0 0 470 0 0 0 0 0 0 0 0 225 0 0 0 950 200 0 0 0 0 400 0 0 816 0 350 350 400 350 0 300 0 428 489 200 800 0 700 0 800 750 0 0 500 632 0 136 0 0 -500 -200 0 228 -155 625 0 -100 0 0 0 100 0 0 0 0 600 0 0 0 0 0 600 0 350 0 0 416 0
1000 535 1000 1000 0 350 625 650 0 0 0 550 398 0 0 50 250 0 533 500 750 0 0 799 0 0 0 0 0 0 0 0 250 500 500 500 1000 500 66 500 500 0 550 0 0 833 0 550 800 800 950 0 800 0 660 633 300 1000 0 600 1000 750 800 0 0 533 871 0 454 0 1000 625 100 0 697 288 600 0 50 0 0 1000 500 1000 0 0 0 600 0 0 1000 1000 600 600 0 650 0 0 666 0
#Swans 2015-05-24
0 0 0 700 0 0 0 0 350 0 0 500 0 0 0 0 0 100 100 600 0 1000 0 0 0 0 0 5 100 0 400 0 0 500 500 136 400 400 0 0 0 0 416 0 -200 0 0 0 -300 0 0 1000 600 0 1000 0 300 0 0 0 0 136 136 0 400 400 1000 0 0 0 0 0 537 316 0 0 0 0 0 416 0 -400 0 0 0 0 0 -83 276 163 0 138 500 0 537 0 0 0 600 0
0 0 0 400 0 0 0 0 350 0 0 850 0 0 0 0 0 300 300 900 1000 300 0 0 1000 0 125 750 300 0 400 0 0 750 750 454 400 800 0 0 0 0 750 0 100 0 0 0 400 0 0 300 1000 0 300 0 200 0 0 0 0 454 454 0 850 800 300 0 0 0 0 0 527 416 0 0 0 0 0 750 0 400 0 0 0 0 0 216 477 622 0 753 500 0 527 0 0 375 1000 0
#EFC 2015-05-24
-200 0 600 -300 0 500 0 0 -150 0 136 0 0 400 100 -50 700 800 0 0 0 0 0 0 0 350 0 50 600 500 -375 0 0 0 193 0 500 0 170 100 -41 512 -200 0 0 -33 237 400 -400 -133 0 0 0 -50 0 -54 0 0 400 136 0 0 500 43 500 0 18 136 0 400 0 266 200 100 300 0 0 0 83 500 250 226 146 136 -50 136 0 136 0 45 1000 -16 -299 0 250 0 625 0 0 0
400 0 1000 650 100 500 0 0 350 0 454 1000 0 1000 466 700 800 400 100 100 0 0 0 0 0 650 0 500 1000 200 425 1000 0 1000 393 0 900 0 454 650 491 450 800 0 0 210 1000 800 400 399 0 0 0 400 0 666 0 125 700 454 0 0 800 427 900 0 727 454 0 800 0 650 300 387 600 500 0 500 444 500 944 701 463 454 400 454 0 454 0 573 1000 466 550 0 250 0 750 0 0 0
#COYS 2015-05-24
213 -400 0 0 -312 0 250 0 287 227 -300 -200 0 0 199 1000 800 0 193 0 200 0 0 -54 0 0 300 656 500 205 700 199 -316 750 -233 0 0 100 1000 0 700 200 0 475 0 0 200 200 800 0 800 0 0 0 433 0 0 0 -53 -200 500 800 400 0 666 500 0 0 500 81 0 0 0 170 0 600 0 0 937 0 250 -909 850 0 0 0 0 0 -83 0 1000 700 0 0 500 0 0 -172 363 0
454 400 0 0 687 0 550 0 500 595 399 400 0 0 488 875 700 0 393 0 200 0 0 233 0 0 450 937 1000 791 825 466 480 1000 766 0 0 400 750 0 600 100 0 650 0 0 575 150 400 0 400 1000 0 0 466 0 0 0 285 700 600 575 700 125 799 300 0 0 700 525 0 0 0 500 0 550 0 0 950 0 500 1000 1000 0 0 0 0 0 216 33 750 600 0 0 625 0 0 226 300 0
#hcafc 2015-05-24
-250 -250 100 0 160 0 138 160 160 160 -155 160 133 0 -600 0 0 -225 88 0 -150 0 0 400 0 416 0 0 0 -400 100 -400 250 0 0 0 -312 -200 0 0 425 -49 500 1000 100 -340 416 250 300 136 0 399 136 700 250 0 0 500 -100 0 0 250 0 0 0 0 285 62 174 49 0 0 161 0 -155 -155 0 136 287 0 0 500 65 200 0 0 136 0 100 0 0 0 0 0 -125 0 0 0 500 -55
250 250 200 533 539 0 644 539 539 539 288 539 199 0 600 0 0 300 394 0 950 0 0 549 0 766 0 1000 0 400 900 400 1000 0 125 125 687 600 0 0 775 750 1000 300 100 687 500 333 425 500 1000 762 454 600 283 0 0 562 800 0 0 312 0 0 0 0 535 500 799 550 0 0 322 0 288 288 0 500 675 0 0 500 195 300 0 0 500 0 383 0 0 500 1000 0 375 1000 1000 0 1000 177
#MUFC 2015-05-24
0 0 300 400 400 0 625 -750 -250 328 0 -400 0 1000 0 0 0 -699 0 -500 100 0 500 0 136 0 0 200 0 83 0 450 0 0 0 0 0 500 400 0 0 500 83 0 -200 0 0 625 0 136 -333 1000 625 0 0 0 0 0 800 0 0 -187 0 250 1000 0 0 1000 100 500 1000 0 0 0 0 0 0 100 0 500 0 0 0 0 625 0 -400 0 66 50 250 250 136 500 266 200 400 -250 0 0
0 0 800 800 800 0 1000 1000 350 608 0 400 125 300 0 0 0 666 0 900 900 0 900 0 454 0 0 300 0 729 0 500 0 0 50 0 0 633 900 0 0 500 412 0 233 0 0 800 0 454 1000 1000 1000 0 0 0 0 0 1000 0 0 500 0 291 300 0 0 300 400 833 1000 0 100 0 0 1000 0 400 0 500 0 0 0 0 900 0 600 0 75 200 416 500 454 833 416 200 800 500 0 0
#LCFC 2015-05-24
68 45 750 0 24 -250 136 0 0 500 93 -250 0 0 0 0 100 0 0 0 0 0 1000 300 0 300 0 -400 695 -49 540 733 0 0 0 170 500 200 675 -800 0 400 0 0 0 200 0 0 0 -414 114 0 775 0 0 -200 0 0 750 98 0 0 -488 -781 0 0 0 0 0 100 0 0 0 0 -400 700 136 500 356 -118 0 -31 136 0 0 0 0 400 -125 400 146 0 850 128 200 0 250 -200 -200 200
277 518 750 1000 366 366 454 0 0 350 402 500 50 0 0 0 900 0 0 0 0 0 1000 500 0 575 0 400 466 900 650 875 0 0 0 454 600 500 875 800 0 900 0 0 0 200 0 0 0 727 296 0 700 0 0 100 0 0 750 664 0 0 400 400 0 0 0 0 0 400 0 0 0 0 600 600 454 650 651 196 0 627 454 0 0 0 0 425 494 800 485 0 675 614 100 0 333 233 233 200
#QPR 2015-05-24
0 212 0 -50 0 0 0 800 0 100 0 0 0 0 86 250 200 100 0 0 575 0 0 375 343 483 316 266 0 0 233 750 0 0 0 112 0 0 100 0 600 0 433 0 0 0 433 -500 136 0 875 -50 0 0 100 0 -200 0 0 0 0 -145 136 400 385 500 0 0 1000 0 -388 0 -200 -50 -291 100 0 207 0 1000 400 0 0 0 0 0 0 0 75 0 -250 1000 150 366 250 -200 350 0 766 99
0 476 0 366 66 100 0 750 0 600 0 0 0 0 522 283 700 150 0 0 675 66 0 475 343 511 783 466 0 0 275 400 0 0 1000 351 0 0 400 0 1000 0 399 0 66 0 416 625 454 0 799 200 0 0 333 0 200 0 0 0 0 270 454 700 757 700 0 0 300 0 833 0 200 577 541 300 0 335 0 300 800 0 0 0 0 0 0 1000 333 0 525 400 354 766 333 233 550 0 866 216
#MCFC 2015-05-24
0 400 400 0 0 625 0 0 0 0 0 0 175 0 0 89 1000 0 0 0 0 500 0 100 224 0 178 0 500 500 0 0 100 136 800 0 200 200 0 200 136 0 625 100 100 0 0 0 0 0 0 1000 0 0 0 0 0 650 0 0 0 0 0 0 400 400 0 500 0 500 200 200 800 -50 0 500 0 0 0 0 0 0 200 0 0 0 0 0 0 0 0 0 0 0 500 0 0 0 500 0
0 800 800 125 0 900 0 0 0 0 0 0 315 0 0 517 300 0 0 0 0 562 0 500 425 125 767 0 500 500 0 1000 500 454 750 0 100 100 0 100 454 0 900 500 500 0 1000 0 1000 0 0 1000 0 0 0 0 0 616 0 0 125 0 0 0 800 800 0 800 0 1000 100 100 1000 262 0 500 0 433 0 0 0 66 250 0 0 0 0 125 0 125 0 0 0 1000 833 0 0 0 1000 0
#SaintsFC 2015-05-24
500 0 600 349 0 166 283 0 0 800 68 0 -400 0 0 400 0 0 875 0 0 500 -200 100 0 0 0 357 0 0 383 0 0 166 0 0 0 550 0 0 0 349 1000 0 0 83 285 0 0 375 0 -462 0 0 500 500 136 0 0 33 500 0 116 585 -206 0 100 0 68 75 0 0 666 0 136 900 0 0 0 0 0 0 0 0 0 0 0 0 0 0 275 0 0 0 0 250 0 -194 0 136
900 0 700 666 0 397 583 0 0 750 227 0 600 0 0 700 0 0 200 1000 0 888 233 700 0 0 0 571 0 0 650 0 0 166 0 0 0 944 0 0 0 666 1000 0 500 333 535 100 0 1000 0 800 0 0 500 500 454 0 0 545 500 1000 465 427 600 0 300 0 227 350 1000 1000 1000 1000 454 875 0 0 0 0 0 0 1000 0 0 0 0 0 0 0 775 0 0 0 0 533 0 416 0 454
#NUFC 2015-05-24
400 400 -933 -366 0 0 129 500 1000 0 -600 266 -294 0 -200 781 -450 -266 0 172 607 250 0 -200 500 500 500 -49 0 -12 566 0 225 100 300 500 160 160 160 160 0 160 500 500 66 500 -300 112 0 160 0 0 0 0 303 208 172 -226 0 0 200 0 0 -195 0 0 0 416 0 0 650 160 0 -155 170 0 160 0 0 -471 0 -714 -500 100 350 500 -431 0 0 0 100 0 0 0 900 0 0 170 0 0
800 800 966 933 0 0 487 150 300 533 700 197 601 0 383 500 800 433 0 394 400 510 0 800 550 600 1000 825 0 337 516 0 375 1000 510 1000 539 539 539 539 0 539 500 500 133 500 562 600 0 539 0 0 0 0 410 916 394 372 0 1000 350 0 0 700 0 0 0 500 0 0 500 539 0 288 454 0 539 0 0 619 0 857 1000 162 725 150 612 0 1000 0 200 0 0 0 350 0 533 401 0 0
#WHUFC 2015-05-24
781 0 0 100 88 200 0 650 0 0 0 500 0 -500 0 300 0 350 800 1000 0 0 0 0 0 0 0 800 0 600 250 112 500 0 250 350 287 136 50 250 -400 312 0 138 0 500 -166 0 0 350 425 0 1000 0 -75 -75 0 8 -75 0 -75 -75 -75 -625 -300 0 0 0 0 -500 500 136 250 -166 433 0 333 0 300 500 650 0 -266 0 0 0 0 -222 1000 366 250 200 1000 0 430 0 -291 0 0 0
500 0 0 312 555 200 0 500 0 0 0 888 0 1000 0 562 0 300 1000 1000 0 0 0 0 0 300 0 750 0 650 333 600 500 0 250 300 487 454 191 500 400 675 0 423 0 800 300 0 0 450 1000 0 300 125 262 262 0 541 262 0 262 262 262 1000 450 0 0 0 0 1000 500 263 475 383 755 0 500 0 562 888 750 125 333 100 0 0 1000 322 300 566 250 900 750 0 342 0 541 650 0 0
#SCFC 2015-05-24
0 0 -200 0 495 0 0 -71 0 0 0 136 0 350 400 0 0 500 -750 0 0 0 500 750 500 0 0 0 0 400 0 43 700 500 166 0 0 700 650 68 0 400 0 0 200 0 0 400 500 95 533 0 0 136 218 0 0 -500 477 0 -12 0 500 500 0 0 285 0 0 0 533 533 533 533 533 533 533 0 533 533 533 533 500 533 533 218 59 350 0 0 0 500 0 0 0 0 0 0 0 0
0 0 0 0 600 0 0 214 0 0 0 454 125 350 800 0 0 600 1000 0 0 433 600 950 600 0 0 0 0 800 1000 429 850 500 333 0 0 850 1000 293 0 400 0 0 300 0 0 550 611 333 900 0 0 454 277 0 0 700 488 0 204 0 800 500 0 0 535 0 50 0 900 900 900 900 900 900 900 0 900 900 900 900 500 900 900 491 211 450 0 0 0 500 100 0 0 0 0 0 0 0
#LFC 2015-05-24
-350 0 0 0 600 400 200 -937 0 0 0 700 0 200 0 99 500 400 233 -25 200 500 172 71 500 0 422 0 -291 77 0 -93 500 0 100 0 0 266 -600 500 350 500 700 354 333 0 500 0 229 0 0 800 0 625 -400 250 0 0 353 -50 125 0 0 0 0 700 285 99 136 0 233 0 -250 250 0 136 -500 0 136 172 172 433 750 500 0 0 400 136 0 0 392 136 0 0 354 136 136 136 478 0
900 0 0 0 1000 800 300 1000 0 0 0 600 0 300 357 533 888 625 199 200 100 888 588 500 888 0 294 1000 541 545 0 400 625 0 550 62 0 750 500 500 650 888 600 770 1000 0 500 0 525 0 0 400 0 400 600 250 0 0 506 200 284 0 0 0 0 600 535 375 454 0 833 400 250 444 0 500 500 0 500 588 588 566 600 500 0 0 400 500 125 0 517 500 0 500 770 500 477 500 418 0
#AFC 2015-05-20
136 333 0 224 0 400 400 50 0 0 -281 500 -100 0 0 37 0 0 -155 -62 0 700 0 666 0 100 -62 100 0 500 350 0 0 400 83 0 0 0 400 0 100 250 0 200 0 0 0 700 317 0
454 333 0 425 0 800 800 500 0 0 788 500 400 500 0 500 0 0 288 250 0 600 0 733 0 400 250 900 0 500 650 0 0 200 375 0 0 0 800 0 383 450 0 700 0 0 0 600 527 1000
#SAFC 2015-05-20
0 0 166 -125 45 0 0 500 200 0 0 0 0 0 0 0 500 500 150 -350 -155 111 200 0 200 0 200 -400 0 111 284 200 400 0 0 350 0 -200 0 0 0 0 0 0 -500 0 0 0 0 0 0 0 650 0 0 -400 0 250 0 0 100 800 0 0 0 0 0 0 -874 -20 312 1000 0 -13 0 0 400 0 -1000 0 0 -356 0 500 0 -349 130 11 0 0 0 0 0 0 -77 0 0 0 0 250
0 100 300 375 184 0 0 200 200 125 0 0 0 0 0 0 900 500 875 100 288 386 100 0 100 0 100 400 0 386 701 100 700 0 0 300 0 700 0 0 0 0 0 0 1000 0 0 0 0 0 0 0 625 66 0 600 0 762 0 0 600 1000 0 0 0 0 0 0 666 345 1000 1000 0 486 0 0 900 0 1000 0 0 643 0 500 0 333 205 433 0 0 0 0 455 0 144 0 0 0 0 450
#WBA 2015-05-18
0 -200 0 -100 633 500 318 587 175 0 0 0 725 666 277 0 0 0 166 1000 587 1000 700 141 136 0 0 0 0 -208 225 0 -62 225 -12 0 0 0 0 0 250 0 166 -273 333 700 0 41 -500 0 0 0 166 -29 0 0 -300 1000 64 100 86 700 500 256 0 0 375 0 0 1000 -234 0 0 0 85 125 414 0 -200 0 22 0 0 0 0 0 0 0 0 -250 0 0 0 0 0 0 0 0 450 250
0 400 0 500 966 1000 683 750 450 0 0 1000 600 605 411 100 0 0 455 300 750 1000 600 704 454 0 0 0 0 208 450 0 400 500 600 0 0 0 0 0 300 0 333 554 355 600 0 546 500 0 0 0 333 529 0 0 1000 750 312 150 456 600 600 605 0 0 200 0 0 750 250 1000 0 0 727 166 679 0 700 0 607 0 0 0 400 0 0 0 0 291 0 0 0 0 0 0 0 0 500 1000
#CFC 2015-05-18
200 -199 300 60 0 95 200 0 -199 300 0 0 0 60 -300 -125 -41 800 400 400 800 550 0 0 500 162 49 350 0 16 0 0 200 0 520 200 -83 0 0 0 0 0 -137 575 322 125 200 400 0 0 -500 0 0 0 0 1000 0 0 0 300 0 0 0 0 200 0 0 0 -199 500 0 300 0 0 0 0 60 0 0 0 -349 -300 -41 0 800 800 550 0 150 0 0 136 -250 0 333 200 -500 -500 133 0
300 550 300 347 0 345 300 0 550 300 0 0 0 347 488 375 58 875 800 800 400 750 0 0 750 395 244 900 0 566 0 300 500 0 833 500 33 0 0 0 0 0 400 412 519 819 500 375 0 0 900 0 0 0 125 900 0 0 1000 300 0 0 0 0 300 0 0 0 550 500 0 300 0 0 0 0 347 0 0 0 333 488 58 1000 875 400 750 0 425 0 0 454 487 0 833 500 900 900 308 0
#MUFC 2015-05-17
75 0 500 0 0 500 0 0 0 136 100 500 0 0 272 200 0 550 0 300 0 0 400 400 700 0 350 -800 -200 0 0 125 1000 0 100 0 100 100 420 781 0 0 -375 200 0 0 250 0 0 0 0 0 49 -155 625 781 0 0 0 -166 50 200 0 0 0 600 0 225 0 0 0 375 350 -312 449 0 1000 200 125 -537 800 -158 -200 0 0 0 0 0 400 0 0 0 0 -150 0 0 0 625 0 812
450 0 1000 0 0 500 0 0 0 454 300 500 0 1000 425 300 0 399 0 100 0 0 800 800 900 0 300 900 533 0 0 166 300 0 200 0 200 200 620 1000 0 0 1000 300 0 0 300 0 0 0 0 0 550 288 900 500 0 0 0 133 650 800 0 0 0 1000 0 400 0 0 0 300 800 687 550 0 400 550 300 533 400 316 700 0 0 0 0 0 400 0 0 0 0 650 0 500 0 900 0 750
#AFC 2015-05-17
400 400 0 0 800 0 0 175 0 500 0 0 0 0 0 0 0 -500 0 -100 0 400 0 0 700 0 0 0 300 0 0 0 0 0 0 0 0 0 68 0 68 0 400 800 0 68 0 0 0 0 0 0 0 -200 0 500 112 0 500 -300 900 -200 500 0 0 0 100 0 0 -500 0 0 250 0 0 250 200 133 133 50 -333 350 0 0 0 500 0 600 -400 1000 0 0 0 0 625 0 400 0 0 0
800 800 0 125 750 0 1000 200 0 600 1000 1000 1000 0 0 0 0 700 0 88 0 400 1000 0 600 0 0 1000 650 0 500 0 0 1000 0 0 1000 0 227 0 227 0 1000 900 0 227 0 0 0 0 0 0 0 500 0 500 312 0 500 600 700 50 250 100 100 0 400 0 0 866 1000 1000 250 0 0 300 500 366 366 600 466 550 1000 0 0 600 0 1000 700 1000 0 0 0 0 500 100 800 0 0 0
#Swans 2015-05-17
0 700 500 0 250 136 -155 0 0 -200 0 0 480 0 0 0 0 -333 -250 0 0 -250 0 0 -150 -150 225 -250 12 0 136 0 0 0 0 100 500 0 0 0 600 300 325 0 250 0 0 -113 0 187 368 375 0 0 0 500 400 500 136 0 0 345 0 0 0 0 136 0 0 0 500 500 0 102 375 800 136 0 300 318 0 800 -50 300 0 250 600 300 50 0 0 -166 0 -400 0 136 136 0 0 700
0 600 300 0 250 500 288 0 0 0 0 0 470 600 0 0 0 700 250 0 0 250 0 0 550 550 300 250 637 0 454 0 0 0 0 400 1000 0 0 0 900 550 488 0 450 0 0 335 0 750 725 275 0 0 0 500 800 500 454 125 0 484 0 0 0 0 500 0 0 0 500 1000 0 685 900 400 454 0 525 727 0 1000 900 525 0 550 600 525 262 0 0 166 0 400 0 454 454 0 0 750
#MCFC 2015-05-17
125 0 400 400 0 -250 625 -375 0 350 -500 625 0 1000 0 0 466 0 0 0 0 -291 0 -500 0 0 0 625 -133 -150 0 0 0 187 0 100 625 0 0 0 100 133 133 -250 250 0 0 0 0 0 0 -200 0 0 625 0 0 0 0 0 0 100 800 400 100 99 0 0 0 -600 -65 86 0 -250 400 0 -250 0 0 0 -200 400 125 400 625 0 1000 0 0 -99 100 -150 0 0 500 145 145 300 0 0
325 0 800 800 0 250 900 750 0 550 1000 900 0 400 0 0 566 125 0 0 0 541 0 1000 0 0 0 1000 155 550 0 1000 125 375 0 200 500 0 0 0 200 366 366 250 250 0 0 0 0 0 100 400 0 100 500 0 100 100 100 0 0 900 900 800 200 533 0 0 0 900 520 513 0 500 800 0 250 0 0 0 800 800 166 800 900 0 300 125 0 366 200 550 0 0 500 443 443 950 0 0
#LFC 2015-05-16
-50 0 0 250 65 400 533 500 0 0 22 0 0 1000 0 0 0 488 0 -183 533 300 0 33 0 0 0 500 0 1000 -216 0 0 0 350 1000 1000 33 -145 0 0 304 0 0 1000 375 800 360 199 -200 0 500 0 51 1000 88 1000 0 0 0 0 0 0 0 24 500 -800 0 500 0 500 136 136 500 750 400 0 0 0 0 800 0 -100 0 500 0 -194 0 500 120 500 500 500 500 136 136 136 54 366 450
322 0 0 333 328 800 600 500 0 0 744 0 0 300 0 0 0 283 0 700 600 800 0 633 0 1000 0 900 0 300 405 0 1000 0 650 400 300 633 320 0 0 612 0 0 300 750 1000 925 566 600 0 500 0 509 400 300 300 0 0 0 0 0 0 0 475 500 1000 0 500 0 500 454 454 500 800 800 0 500 500 500 750 0 397 0 500 0 416 0 500 580 500 500 500 500 454 454 454 266 799 850
#CPFC 2015-05-16
0 0 0 0 100 500 0 -200 600 0 0 0 0 333 0 0 0 0 500 0 125 150 0 -312 0 229 150 425 0 172 1000 1000 1000 100 -200 74 200 500 -66 0 905 136 0 68 150 500 500 417 0 600 99 0 0 0 0 0 0 0 0 0 0 100 200 900 -234 -40 0 0 0 -99 -1000 0 -500 0 500 700 170 136 568 633 0 500 286 0 410 318 500 500 0 0 200 0 0 200 200 318 318 0 318 318
0 0 0 0 300 600 0 700 600 0 0 0 0 99 0 0 0 133 1000 0 216 83 0 687 0 962 341 675 0 549 300 300 300 300 400 425 200 500 222 0 890 454 0 260 50 500 750 708 0 900 355 0 0 0 0 0 0 0 0 0 0 600 400 1000 500 519 0 0 0 333 900 650 500 0 675 900 454 454 727 333 0 500 457 0 657 477 600 183 0 0 500 0 0 500 500 477 477 0 477 477
#Clarets 2015-05-16
0 0 400 0 175 -200 0 0 0 0 87 0 285 0 160 0 0 0 0 0 0 0 0 0 233 0 0 433 0 136 0 500 433 0 3 0 400 0 136 0 0 0 136 0 33 0 0 0 0 0 0 500 0 400 0 0 213 1000 0 0 0 0 1000 50 0 0 136 468 0 0 0 0 0 136 0 0 0 172 0 0 0 166 26 500 200 200 400 0 0 61 204 50 0 0 455 -175 0 91 -500 -500
0 0 1000 0 275 233 0 0 0 0 270 0 535 1000 539 0 0 0 0 0 0 0 0 0 200 0 0 733 0 454 0 500 733 0 276 0 400 0 454 0 0 0 454 1000 399 0 0 0 0 0 0 500 1000 800 0 0 454 300 0 1000 0 0 300 500 0 0 500 750 0 0 0 33 0 454 0 0 0 444 0 0 0 199 746 500 200 200 525 0 0 396 720 200 0 125 765 250 0 391 1000 1000
#SCFC 2015-05-16
400 0 0 0 495 500 1000 1000 50 500 200 0 500 0 500 0 125 800 1000 450 0 100 0 0 -300 0 750 0 0 800 300 495 400 350 533 0 250 0 0 0 0 0 0 0 200 200 -500 -714 533 533 -500 533 533 0 0 250 0 100 0 0 0 0 0 0 0 0 600 0 0 533 533 0 0 600 0 0 -300 0 0 0 0 0 200 495 0 625 0 0 156 0 0 0 625 0 0 1000 0 500 112 1000
800 0 0 0 600 900 1000 300 100 900 500 0 625 0 1000 0 650 1000 1000 400 0 200 0 0 300 0 750 0 0 900 1000 600 1000 550 900 0 333 562 0 0 0 1000 1000 0 100 100 700 857 900 900 700 900 900 0 0 333 1000 400 0 0 562 0 125 0 0 0 750 0 0 900 900 0 0 750 0 0 300 0 0 0 0 0 500 600 0 500 0 0 416 0 0 0 500 0 0 1000 0 600 600 1000
#QPR 2015-05-16
500 -194 300 0 0 -1000 -100 221 0 0 142 0 33 0 -500 0 25 119 0 0 -200 425 -57 0 0 133 0 375 0 0 1000 160 0 333 0 350 100 -260 500 -133 25 0 0 0 0 136 500 50 100 0 100 0 0 0 0 0 -937 -400 -131 0 0 136 0 166 -133 350 500 0 -183 400 400 0 -50 400 -433 200 250 -433 300 700 -157 500 -12 0 0 0 0 100 -133 -93 500 66 0 0 0 0 0 600 0 0
500 288 900 0 0 1000 83 563 0 50 767 0 494 0 400 0 716 700 0 0 550 575 512 0 0 799 1000 100 1000 0 1000 539 0 533 0 500 1000 475 1000 750 275 66 0 0 0 454 833 200 700 0 200 0 0 0 300 0 833 400 427 0 0 454 0 166 750 550 500 66 816 900 1000 0 400 900 533 200 850 366 200 600 667 500 575 0 0 0 0 383 66 250 500 388 0 0 0 0 0 1000 0 125
#NUFC 2015-05-16
0 400 400 0 0 0 100 281 -200 21 500 100 -300 -300 0 0 0 0 500 0 0 0 385 479 285 0 0 200 100 80 0 136 0 0 -16 -50 -500 0 150 285 66 0 0 0 285 0 285 0 -155 37 700 22 -200 250 0 -108 -55 0 0 0 -262 1000 400 0 0 0 400 250 457 500 -400 0 -200 400 116 0 -405 0 0 -250 1000 0 0 250 0 136 175 -83 0 100 0 0 0 -41 48 -400 150 600 500 0
0 800 800 100 0 0 400 650 350 700 600 383 1000 400 0 0 0 0 600 0 0 0 728 500 535 0 0 100 331 269 125 454 0 0 175 300 1000 0 300 535 408 0 0 0 535 0 535 0 288 462 600 244 100 333 0 275 477 0 0 0 487 300 800 0 0 0 800 944 771 500 400 0 0 800 366 0 744 0 0 250 300 125 0 750 125 500 358 799 0 500 0 0 0 258 617 400 375 900 500 0
#SAFC 2015-05-16
0 0 0 0 0 0 166 0 -194 200 0 200 150 -133 500 0 0 600 -750 400 136 0 0 285 0 0 0 0 0 66 0 0 0 541 0 0 50 875 630 0 0 0 0 0 0 600 0 0 0 0 166 0 0 0 400 0 0 100 0 0 331 0 0 268 -200 637 0 0 1000 0 0 0 250 0 0 0 0 0 0 0 0 0 0 250 0 0 0 0 -53 250 400 0 0 375 0 0 0 156 0 0
0 0 33 0 449 100 300 500 288 100 0 100 375 466 700 0 0 900 800 700 454 0 0 535 0 0 0 1000 0 300 0 0 0 1000 0 1000 800 600 700 0 0 0 0 0 0 633 0 0 100 0 300 0 0 500 400 0 0 300 0 0 687 0 0 577 700 700 0 0 300 0 0 0 300 0 0 0 0 0 0 0 0 0 100 312 100 0 0 0 766 650 1000 0 0 425 0 700 0 683 0 0
#LCFC 2015-05-16
0 0 0 0 0 0 0 0 0 0 0 0 300 0 0 -200 0 0 0 500 0 0 0 600 800 0 500 -33 0 0 -145 400 500 500 0 0 196 0 -25 150 0 187 0 0 0 0 -400 200 0 0 0 600 0 0 400 0 0 500 0 0 0 99 0 0 0 250 -333 -53 400 91 100 0 237 0 0 300 0 300 0 0 383 800 0 0 350 0 -400 468 0 0 400 -300 800 433 0 433 0 433 0 266
0 0 0 0 0 0 0 0 0 0 0 0 100 500 0 233 0 0 0 600 0 0 0 800 1000 0 600 233 0 0 270 700 888 500 0 0 630 0 700 466 0 187 0 0 0 400 600 500 0 0 0 600 500 0 900 0 0 600 0 0 0 222 0 0 0 312 666 766 1000 241 600 0 600 0 0 750 0 691 0 0 516 400 0 0 750 0 400 500 0 0 750 799 400 733 0 733 0 733 250 366
#COYS 2015-05-16
500 200 312 0 0 0 -54 0 0 0 449 0 0 -628 0 0 0 142 0 150 0 0 136 475 0 533 500 0 0 -227 212 0 -600 -57 322 200 206 0 500 0 0 0 500 500 1000 266 0 287 1000 -155 0 700 -66 87 566 0 466 0 -1000 812 325 500 0 0 0 650 0 0 0 0 0 0 -400 125 136 766 357 0 206 550 0 200 200 0 0 -250 -200 0 600 0 500 -1000 0 100 100 0 500 100 0 875
500 500 441 0 0 0 584 750 66 0 400 0 0 846 100 0 0 267 0 500 0 0 454 400 750 799 750 0 0 344 525 0 1000 567 523 200 478 0 500 0 0 0 500 500 300 400 0 308 1000 288 633 800 400 700 966 1000 700 0 800 600 700 375 0 100 0 875 1000 0 0 0 100 0 400 541 454 600 535 0 512 399 0 300 200 0 0 425 700 0 1000 0 600 1000 600 400 400 0 500 1000 0 800
#hcafc 2015-05-16
187 0 -156 -155 0 0 0 0 0 0 0 0 500 250 -400 0 -1000 0 750 0 0 0 0 -83 0 0 0 50 -400 0 316 60 0 0 0 0 -1000 390 500 800 0 125 515 0 0 -200 50 0 0 0 0 111 200 200 0 400 -62 0 0 -212 200 200 200 200 400 400 0 400 0 50 0 50 50 200 0 99 -50 95 250 250 266 0 -100 100 100 -300 -400 0 -400 -125 -150 250 -270 -49 500 500 0 -300 0 0
675 0 100 288 0 0 0 0 0 0 0 0 500 500 400 0 1000 100 1000 0 0 0 0 560 0 0 0 800 400 0 255 139 0 1000 1000 0 1000 1000 500 400 0 229 700 0 0 100 700 0 1000 0 0 505 100 100 0 200 400 125 125 650 700 700 500 500 900 900 0 800 0 500 0 500 500 200 0 675 400 735 450 450 155 0 500 1000 1000 400 400 357 400 375 400 100 550 733 500 500 0 550 0 0
#WHUFC 2015-05-16
0 -350 0 0 0 479 136 -357 250 250 0 0 -400 279 250 0 0 250 136 300 214 0 0 0 0 500 0 -237 136 0 0 -600 0 700 0 -66 700 -100 133 0 500 250 600 0 500 300 0 0 0 0 0 0 200 0 166 -312 0 500 0 0 0 -166 0 68 0 0 0 0 0 -300 0 0 -562 479 350 0 0 0 0 600 136 700 0 0 250 0 0 0 0 0 0 0 500 0 1000 -600 697 500 0 312
0 900 0 0 0 500 454 478 750 750 0 0 400 400 750 0 0 750 454 0 571 0 0 0 750 500 1000 795 454 0 0 1000 0 900 1000 99 600 100 500 0 500 500 633 0 500 500 0 0 0 0 0 1000 500 0 333 100 0 500 0 0 0 500 0 727 0 0 0 0 500 600 0 0 800 500 800 0 125 1000 0 900 454 900 0 0 250 0 0 0 0 0 0 0 500 1000 1000 1000 535 500 0 333
#EFC 2015-05-16
634 0 0 0 -200 400 650 0 0 0 0 0 -200 0 0 0 0 0 224 0 700 0 700 700 700 700 0 0 0 -445 350 0 72 0 0 0 800 0 0 -250 400 250 800 0 500 0 500 200 500 136 0 0 500 0 0 0 800 68 136 -400 0 700 500 400 0 0 800 0 0 666 0 0 0 0 0 750 650 0 0 0 0 112 0 0 0 0 0 0 445 0 0 0 800 54 400 59 250 -49 0 0
450 0 0 0 350 800 625 0 0 0 0 0 100 0 0 0 100 0 341 0 900 66 900 900 900 900 0 0 0 720 550 0 567 357 0 1000 1000 0 0 524 800 750 1000 0 500 0 550 200 500 454 0 0 500 0 0 0 1000 227 454 400 0 600 500 1000 0 0 1000 1000 0 666 0 0 1000 0 0 449 800 0 0 0 0 200 0 0 0 0 0 0 734 0 0 0 1000 840 800 163 512 650 0 0
#SaintsFC 2015-05-16
250 0 -200 800 0 0 -700 0 0 -700 0 0 625 0 -100 1000 0 900 -700 0 0 800 250 0 175 -700 0 0 600 0 0 78 0 63 0 0 0 0 -38 0 0 0 83 250 -1000 78 0 0 500 900 -25 0 0 357 100 468 0 500 0 1000 223 66 375 -700 0 0 0 1000 500 -400 400 0 0 294 166 1000 480 0 500 600 0 0 -100 0 136 -254 62 142 200 0 0 0 0 200 200 375 0 300 800 100
250 0 300 1000 0 0 200 0 0 200 0 0 750 0 300 300 0 1000 200 0 0 750 900 0 691 200 0 0 1000 0 0 818 0 334 0 0 250 0 103 0 0 0 733 500 1000 251 0 0 900 1000 325 0 0 500 450 750 0 1000 0 300 581 633 750 200 0 0 0 1000 550 700 900 0 0 602 233 300 430 0 500 825 0 0 400 1000 454 560 360 707 100 0 0 0 0 100 100 416 0 500 750 550
#AVFC 2015-05-16
400 400 0 205 0 0 0 0 0 95 0 875 416 0 -400 200 416 500 0 0 0 168 850 0 0 0 -155 0 0 0 0 93 49 -800 0 -1000 416 700 800 700 0 -75 0 0 -399 156 0 0 0 0 0 0 416 95 416 0 0 0 1000 88 651 0 -150 316 0 0 700 0 0 0 100 0 1000 250 0 266 0 -600 260 472 76 0 -500 813 -150 0 0 0 0 0 0 100 300 366 300 283 416 416 400 200
800 800 0 799 1000 0 0 0 0 220 1000 600 500 0 400 200 500 611 0 0 0 377 950 0 0 125 288 0 0 0 0 243 616 900 875 1000 500 600 1000 600 0 200 0 0 666 750 0 0 0 0 466 62 500 220 444 0 0 125 300 633 500 0 400 386 0 0 600 0 0 0 300 0 1000 512 0 633 0 900 750 522 300 0 1000 500 400 0 0 0 0 0 0 369 575 683 650 544 500 500 800 500
#AFC 2015-05-11
400 400 -400 688 800 800 800 0 180 136 0 500 500 200 136 334 750 0 0 300 300 0 334 0 0 600 -55 334 500 0 1000 -66 104 334 800 0 -400 -250 300 300 0 -87 0 0 -100 500 400 200 500 168 -250 0 300 200 500 400 0 312 300 300 300 250 300 200 300 500 200 500 500 500 136 312 0 300 400
800 800 400 1000 1000 1000 1000 0 319 454 0 500 350 100 454 571 400 0 0 500 500 0 571 0 0 1000 611 571 600 0 300 600 520 571 750 0 400 250 500 500 0 418 0 0 300 500 800 100 350 277 450 0 500 100 350 800 0 595 500 500 500 333 500 100 500 350 100 350 500 600 454 595 0 500 200
#Swans 2015-05-11
136 -145 0 -100 700 500 0 136 -312 -100 -250 333 104 0 0 0 220 -166 -333 500 1000 0 333 166 125 350 616 0 0 350 1000 -200 0 0 550 0 0 0 -187 0 0 0 -200 250 -77 0 0 183 1000 1000 550 -700 0 0 0 0 250 250 1000 0 0 500 0 0 500 1000 -750 166 0 500 850 -400 24 1000 0 0 83 0 0 250 500 0 0 250 0 0 191 0 391 275 0 700 -125 0 0 -166 1000 1000 125 0
454 404 0 300 600 350 0 454 250 300 250 500 457 0 0 0 353 433 666 900 1000 0 666 333 166 300 783 0 0 333 300 200 0 0 1000 0 0 0 500 0 0 400 200 500 194 400 0 633 300 300 1000 1000 0 0 0 0 300 300 300 0 0 900 0 0 600 300 1000 333 125 500 1000 400 216 300 0 0 133 0 0 483 1000 0 100 250 0 0 533 0 563 266 0 600 375 0 0 433 300 1000 316 0
#CFC 2015-05-10
500 200 500 0 0 0 250 300 400 400 500 500 800 0 386 500 0 0 0 0 700 183 500 0 0 0 500 666 200 500 -500 0 75 75 -125 500 325 0 0 0 200 200 0 600 -383 -166 0 0 0 0 0 0 0 0 -321 -49 0 0 658 0 0 0 0 0 0 0 0 0 325 500 0 0 333 0 -488 285 0 0 0 0 -250 0 1000 0 0 450 0 200 0 342 390 0 0 650 0 200 0 0 0 0
500 100 600 0 0 0 650 350 800 800 600 500 750 0 279 500 0 0 83 0 600 233 500 0 0 0 533 733 300 500 600 0 535 535 158 888 666 0 0 0 100 100 0 950 550 583 0 0 0 0 0 0 0 0 785 700 0 0 716 125 0 0 0 0 0 0 0 0 500 500 0 0 666 0 750 535 0 0 0 0 750 0 300 100 0 750 0 100 50 643 975 0 0 450 0 300 0 0 0 0
#LFC 2015-05-10
0 0 399 200 0 0 550 75 628 400 0 0 500 -116 -432 800 1000 -50 300 125 0 0 0 750 -699 -200 0 287 399 399 -400 900 500 500 0 -75 250 0 0 500 200 0 0 0 500 1000 500 0 0 0 0 0 0 0 0 454 0 0 0 0 0 300 0 500 -125 -750 225 266 400 500 300 146 0 0 0 136 0 399 0 0 0 0 333 0 285 0 400 0 -25 -155 0 750 0 0 0 0 122 0 0 0
0 0 166 300 0 0 700 350 445 800 0 0 500 783 628 400 1000 400 550 158 0 0 0 800 666 250 0 761 166 166 600 650 500 500 125 750 894 0 0 500 950 150 0 0 500 400 500 0 0 0 0 0 0 0 0 890 0 0 0 0 0 500 100 800 500 1000 400 399 500 500 500 576 0 0 0 454 0 166 0 0 0 0 833 0 535 0 1000 0 633 288 0 700 50 0 0 0 455 0 0 0
#MCFC 2015-05-10
0 214 800 400 400 0 625 0 937 0 0 783 0 0 0 625 666 0 0 200 1000 -699 800 0 0 0 0 525 425 -41 0 150 200 200 357 400 0 800 320 0 400 0 0 400 250 300 250 0 0 331 0 0 0 0 0 0 266 400 145 0 0 0 350 781 0 0 0 0 462 333 333 333 200 0 400 400 0 0 357 0 0 -75 0 0 0 0 0 -87 0 166 160 625 400 0 0 0 0 160 0 0
0 571 750 800 800 0 900 0 900 0 0 633 0 0 0 900 733 0 0 200 400 666 875 125 0 0 0 562 525 500 0 300 200 200 571 800 0 1000 337 0 550 0 0 700 333 266 375 0 0 687 0 0 0 0 0 0 466 200 151 0 0 0 244 1000 0 500 0 0 583 500 500 500 441 0 200 550 0 0 571 0 0 366 0 0 0 0 0 275 125 291 539 1000 800 0 0 0 0 539 0 0
#QPR 2015-05-10
1000 -699 -300 33 445 0 0 0 0 214 0 1000 100 -166 0 -77 100 0 0 0 -155 0 0 0 700 0 0 0 0 0 0 167 136 0 0 275 0 0 0 136 0 0 0 0 177 0 -750 250 0 400 -50 0 390 471 0 0 -400 0 0 -253 -400 0 0 0 642 -101 0 0 -750 14 0 0 0 1000 284 0 0 0 400 400 0 500 200 -300 0 0 16 700 0 0 0 0 260 0 0 0 125 0 0 0
300 666 400 566 645 0 0 100 125 571 0 1000 200 433 0 422 400 0 500 0 288 0 0 0 600 0 0 0 0 0 0 442 454 0 0 750 0 100 0 454 0 0 0 0 255 0 1000 800 0 700 750 0 300 455 0 355 600 0 0 525 400 0 0 0 417 162 0 0 750 579 0 0 0 1000 312 0 0 100 400 400 0 900 100 350 0 0 300 600 0 0 0 100 750 0 0 0 199 0 0 0
#CPFC 2015-05-09
-1000 250 0 0 600 500 0 0 0 0 0 0 -100 -400 0 50 0 0 1000 -50 800 166 0 0 125 357 0 -57 0 0 -500 -500 -500 125 0 0 -24 0 150 0 350 0 150 900 0 33 700 0 -66 0 0 0 0 0 166 0 -200 0 149 -187 0 0 0 0 0 0 150 318 543 500 0 50 -49 0 -66 0 175 0 49 0 0 0 375 -450 -450 -450 625 0 500 170 300 0 0 625 0 0 0 150 100 0
1000 477 0 0 1000 500 0 0 0 0 0 0 50 400 250 700 0 0 300 125 750 199 0 0 166 571 400 617 500 0 500 700 700 533 0 0 325 0 600 0 425 0 50 875 0 341 600 0 500 533 66 66 0 0 566 0 400 0 550 500 0 433 0 0 0 0 83 677 722 500 0 300 517 0 500 533 229 66 517 66 0 0 416 649 649 649 725 0 888 500 266 0 0 500 0 0 0 50 300 0
#MUFC 2015-05-09
99 400 0 0 800 0 0 -49 0 0 0 600 875 0 0 0 50 0 -133 200 -150 400 400 68 0 225 0 100 0 0 500 1000 0 400 0 0 128 800 0 0 0 0 855 308 0 0 214 300 0 75 0 0 400 0 800 0 0 0 400 350 0 0 0 225 350 -349 0 0 800 225 0 0 350 0 -155 0 -250 0 400 0 449 0 0 136 0 0 550 0 18 800 300 -100 800 0 0 0 0 0 1000 1000
733 900 0 0 900 0 0 531 0 0 0 800 600 100 0 0 1000 0 600 100 449 800 800 227 0 366 0 400 0 1000 1000 900 0 800 0 0 234 900 0 1000 0 0 765 366 100 0 571 650 0 650 0 0 900 0 900 0 0 100 300 650 0 0 100 375 950 395 0 700 750 494 0 0 950 0 288 0 562 66 500 0 400 0 0 454 0 0 900 0 727 900 350 1000 400 0 0 0 0 0 300 900
#AVFC 2015-05-09
400 400 800 278 0 0 0 500 0 875 -250 -125 0 0 0 0 -400 300 520 0 -175 -400 100 -33 -33 -33 -33 0 625 -200 399 -50 125 0 -68 0 100 0 312 0 0 0 0 300 350 0 100 -125 1000 300 300 300 300 700 0 125 -100 0 800 0 0 136 93 0 0 0 -106 136 0 350 2 0 0 0 136 0 466 800 800 0 -1000 500 -500 150 0 0 225 900 0 350 200 0 0 -235 0 0 0 400 0 0
800 800 400 417 0 0 0 888 0 600 450 375 0 0 0 0 700 200 500 0 175 400 162 175 175 175 175 0 600 50 866 200 283 0 454 0 400 0 518 0 0 0 0 200 700 0 112 375 1000 200 200 200 200 600 0 625 550 0 400 0 0 454 593 0 0 0 527 454 0 650 472 0 0 0 454 0 508 1000 1000 0 900 500 300 714 0 0 575 1000 0 650 500 0 66 600 0 0 0 800 0 0
#WHUFC 2015-05-09
-62 -125 0 0 0 -187 750 0 500 160 -312 625 500 0 353 0 -93 0 200 250 0 0 0 0 -50 0 0 -88 0 479 0 1000 0 0 0 0 0 0 0 0 250 -450 -150 0 0 24 0 200 0 0 0 0 0 0 0 0 0 0 183 0 0 0 433 475 700 0 0 0 300 -300 550 0 136 500 400 0 136 500 600 350 331 0 400 0 200 0 431 0 -150 700 0 100 400 0 208 800 375 0 0 -6
400 375 0 0 0 593 950 100 500 539 100 500 500 0 592 0 1000 0 200 250 0 0 1000 100 450 0 0 188 0 500 0 1000 0 0 0 0 0 0 0 66 250 649 400 125 0 375 0 900 0 100 0 0 100 0 0 0 0 0 383 0 0 0 566 466 600 0 0 0 200 600 1000 0 454 500 900 0 454 694 1000 350 687 0 400 0 200 0 450 0 450 600 0 400 600 66 266 750 325 0 0 400
#hcafc 2015-05-09
125 0 0 0 500 0 -400 0 1000 0 0 -750 0 481 0 0 0 0 -55 0 0 37 0 -50 0 0 0 700 0 0 500 500 0 -156 0 0 0 0 295 166 -450 -450 1000 145 0 0 0 0 0 -166 0 199 62 0 0 0 500 -318 0 0 0 0 0 750 -234 0 0 500 49 -375 250 0 0 500 0 0 0 468 500 500 0 0 0 0 500 0 0 0 0 -200 -200 -133 0 0 200 -37 0 700 750 378
375 0 0 0 500 0 400 0 300 0 0 800 0 464 0 0 0 0 388 0 0 427 100 400 0 0 0 600 0 0 600 483 0 125 0 0 0 0 275 500 649 649 300 584 1000 125 125 0 0 466 0 674 687 0 0 0 888 629 0 0 1000 0 0 950 488 0 0 500 600 458 600 0 0 600 0 0 0 450 900 900 0 0 0 0 833 0 0 0 0 250 250 333 0 0 200 150 0 600 650 584
#Clarets 2015-05-09
-400 700 0 0 0 0 0 0 937 0 0 0 0 0 375 -666 0 0 700 0 0 468 0 250 -200 0 0 0 -388 250 375 375 1000 0 150 500 0 0 -388 0 0 0 227 292 292 0 0 0 0 0 395 0 500 0 0 -449 0 200 136 -200 45 66 900 0 0 0 -155 77 0 0 -700 0 0 162 213 433 400 0 0 0 0 0 0 400 0 0 0 0 0 650 0 0 -166 0 400 0 350 -133 0 0
400 600 0 0 0 0 0 0 950 0 0 0 0 0 750 1000 0 0 900 0 0 450 0 553 100 0 0 0 833 375 525 525 1000 0 100 833 0 0 833 0 0 0 545 574 574 0 0 0 0 0 466 0 500 0 0 300 0 100 454 200 260 100 575 0 0 0 288 288 0 0 200 0 0 442 454 600 800 0 0 0 0 0 0 800 0 0 0 0 0 1000 0 0 99 0 200 0 550 500 0 0
#LCFC 2015-05-09
0 0 0 0 0 0 0 0 0 0 0 33 0 0 1000 0 0 0 -400 500 200 -125 0 250 0 0 500 0 0 337 -500 0 0 0 0 500 -500 0 100 -145 304 0 -388 0 200 0 0 0 0 0 0 0 0 400 100 0 0 600 -187 0 0 583 -183 0 0 0 0 74 0 0 0 800 -500 150 -200 0 500 250 0 255 -125 0 0 0 0 1000 0 250 -400 0 0 0 0 0 0 400 400 0 0 0
100 0 0 0 0 0 0 0 0 0 0 66 0 0 1000 300 0 0 400 600 125 375 50 425 0 0 750 0 1000 450 700 0 0 0 0 750 1000 0 1000 270 412 0 833 0 900 0 100 0 0 0 0 0 0 800 1000 0 0 900 366 0 0 233 377 0 0 0 500 450 0 0 0 1000 200 566 233 0 1000 333 0 455 300 100 0 0 0 1000 0 700 400 0 0 0 0 0 1000 900 375 0 0 0
#SaintsFC 2015-05-09
0 0 428 125 0 0 0 0 0 1000 -400 0 0 0 50 250 0 400 0 116 0 500 304 700 125 0 500 468 400 800 400 416 500 216 133 0 133 850 12 0 0 -155 -600 600 500 0 284 45 -200 0 0 136 500 -400 0 0 -874 900 712 500 0 0 875 0 0 0 0 200 0 0 400 100 0 321 0 0 -200 324 500 0 0 0 -187 -100 0 0 0 0 700 0 133 500 0 200 -166 200 0 133 -400 0
0 0 678 175 0 0 0 0 0 1000 400 0 0 0 400 425 0 800 0 350 0 750 412 600 666 0 500 577 500 400 437 570 425 583 466 0 197 797 200 0 0 288 800 1000 500 0 440 173 308 0 0 454 1000 400 0 0 666 875 675 1000 0 0 600 0 0 0 0 200 0 0 900 200 0 438 0 0 800 500 500 0 0 0 500 356 0 0 0 0 600 0 375 833 0 100 416 100 0 375 400 0
#NUFC 2015-05-09
1000 400 400 1000 0 -600 229 750 0 175 -175 1000 500 -200 0 -49 250 500 542 0 0 0 -16 800 -8 1000 67 0 350 0 258 1 0 0 278 0 0 -125 300 0 0 495 0 1000 0 0 -625 50 -400 160 -243 333 -500 51 375 0 -145 312 0 -333 800 0 0 1000 750 0 800 0 -300 0 266 0 83 400 -50 500 600 -200 -100 333 0 68 0 500 -49 0 500 0 400 400 0 250 0 200 357 0 0 -283 0 400
300 800 800 300 250 800 490 400 0 275 550 300 500 100 0 750 333 500 642 0 0 0 516 400 458 300 467 100 550 0 433 129 0 0 533 0 0 375 0 250 0 600 0 300 0 0 600 350 400 539 288 308 483 317 500 0 770 333 0 716 400 0 66 300 950 0 400 1000 512 0 444 0 583 800 662 500 1000 575 200 500 0 227 0 500 825 0 500 0 800 800 0 833 0 175 535 0 0 583 0 800
#WBA 2015-05-09
0 375 0 -400 0 588 0 0 0 0 1000 500 0 166 0 68 68 68 68 68 300 300 588 0 0 428 800 800 0 0 187 -800 125 285 0 150 0 800 0 0 0 0 375 -100 0 136 0 350 200 0 0 600 -97 149 800 -3 0 200 0 218 0 0 0 0 500 29 200 0 100 -400 500 0 0 0 0 -194 0 0 0 0 399 600 66 0 0 700 700 700 700 700 0 0 136 136 500 -250 200 600 0 0
0 416 0 400 1000 300 0 0 0 0 300 694 0 666 0 427 427 427 427 427 800 300 300 1000 0 300 1000 400 0 0 437 900 500 535 0 483 0 400 250 0 0 0 200 300 0 454 0 300 100 66 333 1000 202 500 400 258 0 100 0 454 0 0 0 0 600 190 100 0 150 400 425 0 0 0 0 288 0 0 0 0 400 525 733 0 0 600 600 600 600 600 0 0 454 454 900 275 100 1000 66 0
#SCFC 2015-05-09
0 0 0 -400 -400 0 -166 0 0 0 250 -400 -400 -200 0 0 0 136 0 136 -87 350 158 0 400 0 0 -125 0 0 0 0 0 0 0 533 533 533 375 0 500 0 0 400 0 250 -87 0 0 0 0 0 0 500 400 0 400 500 83 400 400 0 400 400 400 216 240 325 216 0 0 0 -400 0 0 333 533 533 533 533 533 533 583 0 0 533 533 533 -66 0 112 0 0 0 233 0 0 233 200 0
0 0 0 400 400 0 166 0 0 0 250 400 400 700 0 0 0 454 0 454 768 729 366 0 1000 0 0 375 0 0 0 0 0 0 0 900 900 900 750 0 611 0 66 900 0 250 768 125 0 0 0 0 0 650 400 0 400 611 111 400 400 0 400 400 400 277 480 366 277 0 0 0 400 0 0 466 900 900 900 900 900 900 583 0 0 900 900 900 858 0 600 0 0 0 266 0 0 266 500 0
#COYS 2015-05-09
-50 0 0 700 0 0 500 0 0 350 0 -400 -400 0 0 166 -166 0 0 437 -400 150 0 0 -400 166 0 -155 0 0 600 0 0 450 -781 0 0 375 316 33 519 0 0 442 170 0 68 500 0 0 75 -1000 136 366 0 562 500 500 -166 0 0 -31 0 0 0 0 0 0 630 0 66 200 750 750 0 1000 0 0 800 250 0 400 0 312 200 -66 400 0 0 0 976 0 0 0 300 0 200 -333 350 0
50 0 0 600 0 0 888 0 0 450 0 400 400 0 0 333 166 0 0 1000 400 100 0 0 400 666 0 288 0 0 950 0 0 566 600 0 0 416 516 300 679 0 0 515 454 0 289 1000 1000 0 308 1000 454 516 0 562 500 500 66 0 0 25 0 0 0 0 0 0 630 0 99 400 950 950 0 300 362 0 750 500 0 900 0 333 200 300 900 0 66 0 600 100 0 0 750 0 500 666 800 0
