#CPFC 2014-04-12
0 0 0 0 187 500 0 0 -250 0 200 -133 300 -200 0 0 250 625 200 375 0 -143 -50 0 549 -125 0 524 0 0 433 0 -50 500 -400 200 0 200 250 250 250 250 250 800 0 250 0 333 800 250 0 500 0 0 483 -250 350 500 492 375 312 0 225 0 100 0 0 355 0 0 0 0 170 66 187 -50 0 166 187 650 -50 0 0 470 556 333 0 -62 1000 500 500 109 0 625 272 712 380 -1000 -200 0
0 0 0 1000 680 500 0 0 888 0 200 600 800 300 0 1000 750 888 233 750 100 500 400 0 500 569 0 625 0 0 233 0 400 500 400 733 1000 233 200 200 200 200 200 400 0 625 0 366 750 1000 300 600 0 0 541 750 550 700 567 500 333 1000 237 0 0 0 0 544 0 0 0 0 750 411 437 400 550 666 437 450 150 0 0 493 449 533 0 900 400 625 500 519 0 500 444 450 477 800 800 0
#AVFC 2014-04-12
208 0 170 0 -58 400 600 0 -1000 58 112 0 0 -66 170 0 437 200 0 0 -155 0 0 0 0 0 -29 0 0 0 133 -100 0 0 213 700 0 46 0 0 1000 56 400 0 0 1000 183 250 0 0 0 0 0 0 399 800 333 800 1000 0 0 0 0 0 -100 800 0 200 0 0 133 -250 0 333 700 0 0 0 800 0 400 68 0 500 33 0 0 0 0 -210 0 500 0 0 -200 0 250 200 -45 0
250 0 454 0 200 800 900 0 1000 800 512 0 0 311 454 0 525 233 0 0 288 0 0 0 50 0 466 0 66 0 600 475 0 0 454 600 0 312 0 0 750 300 800 0 0 1000 833 200 0 0 0 0 0 0 300 750 99 750 1000 0 500 0 1000 0 650 700 0 233 0 0 600 483 0 750 750 0 100 0 700 0 800 377 0 900 466 0 0 0 0 735 0 500 0 0 800 0 400 900 370 0
#FFC 2014-04-12
0 600 0 0 0 0 0 0 0 0 0 500 0 0 0 0 0 0 0 -24 0 0 0 -75 0 0 0 -500 0 0 250 -300 -83 0 781 0 0 350 0 0 400 212 0 250 375 375 312 0 -750 0 0 0 100 600 0 0 100 111 0 0 -400 0 0 0 0 200 500 0 50 0 600 178 -166 0 0 0 0 500 0 0 0 0 0 150 0 0 625 213 1000 0 0 0 1000 -612 0 208 0 0 0 166
0 800 0 0 0 0 0 0 0 0 0 150 250 0 325 0 0 125 0 300 0 0 100 366 0 1000 0 1000 1000 0 200 700 133 0 888 0 0 450 0 0 399 400 0 450 500 500 333 1000 1000 0 0 1000 600 1000 0 0 550 311 0 0 400 0 500 0 1000 300 888 0 350 750 1000 285 66 0 0 0 0 500 0 0 0 750 0 400 0 0 1000 500 300 0 0 0 1000 700 0 377 0 0 66 666
#ncfc 2014-04-12
0 1000 250 -250 -50 375 70 0 0 700 -250 41 -800 0 0 0 0 175 200 -16 136 136 0 500 0 33 0 0 200 0 449 261 -100 136 600 500 -100 0 0 0 166 700 0 -500 0 0 100 562 0 0 1000 0 500 0 0 500 0 0 625 43 0 0 0 133 0 475 0 0 0 172 0 0 206 0 0 0 0 0 83 406 0 -166 0 -625 250 211 93 0 800 0 0 0 166 0 0 200 0 0 225 250
0 650 333 400 350 1000 433 500 0 600 300 566 900 0 0 0 0 275 733 150 454 454 1000 600 0 600 500 0 200 0 400 345 350 500 1000 300 450 0 0 0 600 600 0 400 100 0 400 600 125 0 750 0 500 0 0 500 0 1000 600 427 0 0 0 883 750 350 0 0 0 394 0 0 750 0 750 500 0 0 541 875 0 433 0 600 250 451 625 0 750 0 0 0 479 0 0 500 0 0 425 750
#SCFC 2014-04-12
-200 500 0 0 -216 187 800 0 160 230 200 500 0 0 0 433 0 0 345 500 0 136 0 100 0 0 208 1000 1000 400 458 221 300 68 -166 800 800 500 0 450 -161 -505 143 0 172 500 0 -166 0 0 458 0 0 0 0 0 400 0 0 0 31 256 0 180 0 0 500 800 170 0 800 0 0 800 0 0 406 166 0 166 -71 0 0 800 0 0 0 0 0 0 0 0 0 0 0 -100 -700 800 433 0
100 694 0 1000 533 437 400 1000 539 230 800 500 0 0 0 733 0 0 533 1000 0 454 0 1000 0 1000 250 300 600 800 500 576 350 727 66 400 400 900 0 700 633 1000 502 0 588 500 0 66 0 0 500 0 0 0 0 0 200 0 0 0 300 616 0 559 0 0 500 400 454 0 400 0 0 400 0 0 546 750 0 750 142 0 0 750 0 0 0 0 0 0 0 0 0 0 0 300 1000 400 733 0
#NUFC 2014-04-12
0 178 0 0 -1000 400 0 0 200 200 1000 0 136 500 0 0 -800 0 0 200 0 200 -200 -1000 0 478 366 500 -103 400 0 100 400 -200 500 0 750 -364 100 0 0 0 0 77 249 0 0 500 550 -55 50 0 24 0 0 0 306 450 307 187 0 800 250 0 0 0 0 0 100 -100 800 909 500 95 0 566 0 0 0 0 300 0 0 318 518 0 0 169 136 136 0 136 600 168 0 0 300 0 0 0
0 335 0 0 1000 800 0 0 100 100 300 0 454 600 0 0 900 0 0 700 0 100 366 1000 0 568 488 900 457 800 0 300 566 233 888 0 449 711 383 0 0 0 0 688 651 1000 333 500 900 144 200 0 550 0 0 0 622 900 735 437 0 400 333 0 0 1000 0 0 950 400 400 780 500 178 0 533 500 0 0 0 100 0 1000 527 727 0 600 446 454 454 0 454 900 477 0 0 100 0 0 0
#WBA 2014-04-12
0 66 0 -400 0 500 0 375 500 -158 0 156 0 0 0 200 0 0 125 583 600 0 600 0 0 128 -77 766 0 125 200 203 0 625 0 360 125 -250 0 0 0 -400 0 0 0 250 0 0 625 0 216 0 0 800 0 0 500 66 0 166 0 0 75 -166 100 50 0 0 0 406 0 0 400 450 0 0 -400 0 0 1000 0 0 0 400 1000 0 -400 1000 500 0 500 0 700 1000 125 400 0 0 350 0
0 911 0 400 0 1000 1000 695 500 799 0 150 0 1000 0 100 0 0 500 650 800 0 366 0 0 561 177 633 0 533 250 518 0 1000 1000 380 568 250 700 0 0 400 0 0 0 500 0 125 725 0 322 0 0 400 0 0 500 455 0 333 0 0 350 533 50 533 0 0 0 350 0 0 375 650 0 0 400 0 0 300 0 250 0 400 300 0 449 1000 500 0 500 0 600 300 1000 500 0 0 300 0
#COYS 2014-04-12
700 0 350 0 0 750 0 0 550 -400 0 0 0 800 0 -250 0 1000 800 -333 250 500 200 200 200 200 0 267 625 -50 0 0 350 428 0 142 399 700 166 300 100 -77 0 -89 0 0 750 0 0 0 334 250 500 500 250 0 750 250 0 0 1000 350 -150 250 0 0 0 0 0 0 500 1000 900 0 400 155 155 155 100 214 0 425 0 107 0 0 0 0 0 0 0 400 0 500 200 250 0 0 0 500
600 0 300 0 0 400 0 0 750 400 0 0 0 400 0 800 0 400 400 1000 333 1000 200 200 200 200 0 571 500 850 100 0 650 775 0 767 750 600 333 775 100 194 0 142 0 0 675 0 0 0 585 300 433 750 375 0 400 1000 0 0 750 633 700 250 0 0 0 0 0 0 888 300 825 0 425 716 716 716 400 428 0 800 0 264 0 0 0 0 0 0 125 233 0 1000 500 250 100 0 0 500
#COYS 2014-04-07
0 0 0 0 0 0 0 0 0 0 0 0 593 633 500 432 500 400 390 0 193 156 0 750 0 875 324 312 -100 0 390 0 0 0 0 0 0 0 0 500 -172 0 0 -333 0 0 1000 0 266 0 -100 456 -156 -75 0 -200 1000 0 850 0 -270 0 600 0 -10 0 0 -100 800 1000 312 -250 700 450 349 0 0 0 0 0 0 -340 0 0 0 0 0 500 500 199 700 -340 800 700 700 325 800 700 -291 -100
0 0 0 0 0 0 0 0 0 0 0 0 825 833 750 790 800 250 333 0 416 300 0 1000 0 600 375 487 400 0 300 0 0 0 0 0 0 0 0 1000 730 0 0 466 0 0 750 0 283 0 400 550 375 366 0 250 750 500 825 0 725 0 1000 0 517 0 0 400 750 750 900 1000 875 700 383 0 0 100 0 0 0 788 0 0 0 0 0 500 1000 633 600 788 400 600 600 525 1000 700 541 400
#SAFC 2014-04-07
500 212 0 333 0 272 108 0 0 0 -750 -400 -65 0 -750 400 100 0 -142 -120 125 339 -750 -155 500 -49 300 200 100 -300 0 0 0 0 100 125 -216 -62 0 -150 -194 -600 0 -191 0 250 250 350 0 0 -200 500 75 75 75 75 75 75 60 0 -400 -266 500 0 595 0 0 0 350 0 375 312 341 0 -350 0 250 0 0 148 0 0 0 0 0 99 0 0 -250 -233 0 900 -99 378 179 95 0 0 -166 -100
750 351 0 388 0 594 300 166 0 750 1000 450 520 0 700 800 383 0 785 775 500 440 700 288 750 700 483 666 383 400 825 0 0 1000 200 458 833 187 0 100 288 800 0 279 0 200 200 300 0 750 800 600 425 425 425 425 425 425 490 1000 825 355 1000 0 500 0 0 0 550 0 500 333 533 0 600 0 500 0 0 357 0 0 0 0 0 562 0 100 233 555 0 1000 491 685 400 260 0 0 166 300
#WHUFC 2014-04-06
100 200 0 0 0 0 0 0 0 0 400 1000 0 350 500 500 0 0 170 750 0 0 250 200 -400 0 0 0 0 1000 500 100 100 0 0 0 0 0 0 -200 312 500 375 0 268 362 0 0 0 800 0 -169 -400 416 0 600 0 0 0 0 0 0 250 0 0 0 500 0 -200 0 500 0 800 0 0 200 600 0 1000 0 0 0 -500 350 256 500 500 0 266 0 0 399 166 0 250 0 312 0 0 800
100 100 0 0 0 1000 0 0 0 0 800 750 0 500 900 900 0 100 454 800 100 0 500 200 400 0 0 0 0 600 500 300 300 0 0 0 0 0 0 450 333 900 500 0 450 700 0 0 0 1000 0 395 400 566 0 600 750 0 0 0 0 0 825 0 0 0 500 0 200 0 900 0 400 0 0 400 600 0 300 0 0 125 400 650 266 500 500 0 600 0 0 400 666 0 408 0 312 0 1000 750
#LFC 2014-04-06
33 0 0 -383 0 0 100 -166 0 0 166 0 800 -699 -166 0 900 -1000 0 633 100 100 0 178 800 0 400 -166 300 500 136 250 400 0 -500 800 99 0 800 100 0 368 283 107 800 136 500 800 100 0 -300 450 100 0 0 -166 0 -200 0 500 -466 0 0 0 800 0 0 0 0 900 500 0 0 800 100 -1000 399 0 0 800 0 -275 1000 0 578 0 0 100 533 0 -1000 100 100 0 0 -38 -200 650 350 0
441 0 0 533 0 0 100 233 0 0 333 0 750 666 233 0 500 1000 0 1000 100 100 0 418 400 0 875 233 500 500 500 875 900 0 1000 750 466 0 750 100 0 593 458 214 400 454 600 400 100 1000 799 1000 100 0 0 233 0 233 100 600 700 0 0 0 750 0 0 300 0 700 888 0 0 750 100 1000 866 0 0 750 1000 525 300 0 642 0 0 100 1000 1000 1000 100 100 0 0 322 233 450 300 0
#EFC 2014-04-06
300 0 0 0 0 0 750 268 0 0 0 0 0 0 0 -100 0 0 300 0 399 0 1000 528 0 400 0 0 650 0 250 268 133 366 410 49 500 100 800 750 245 50 0 0 0 0 0 320 0 250 133 410 49 750 -200 500 575 0 -125 -72 136 0 800 69 550 0 -355 548 -50 200 166 475 0 -250 800 1000 500 750 66 0 -799 0 500 0 500 0 0 0 0 500 0 166 -340 -400 135 0 976 -133 550 -14
600 0 0 0 0 0 950 627 0 0 0 0 1000 0 0 100 0 0 200 0 700 1000 600 585 0 250 0 0 625 0 333 627 466 541 660 500 600 200 1000 400 384 300 125 0 0 100 0 480 0 333 466 660 500 400 233 500 475 0 375 450 454 0 750 370 250 1000 577 329 850 575 188 550 0 888 750 1000 500 1000 483 125 1000 0 1000 0 500 0 0 0 0 600 0 433 600 400 375 0 600 188 350 693
#AFC 2014-04-06
0 800 136 815 0 0 0 300 300 300 300 0 0 0 0 0 -150 0 268 0 250 500 0 0 -166 0 -400 -175 250 0 500 0 0 0 500 0 562 -97 0 100 300 0 -155 285 0 0 -258 0 0 0 500 400 400 0 0 0 0 100 0 0 0 350 0 0 357 100 0 0 0 0 268 0 800 200 500 250 506 0 0 250 0 800 136 0 0 0 0 0 0 0 250 0 0 250 0 0 136 0 0 200
0 1000 454 800 0 0 0 800 800 800 800 0 0 0 0 1000 650 0 627 500 400 833 0 1000 166 0 700 258 1000 1000 1000 0 0 0 1000 0 500 187 0 400 491 125 288 535 125 125 677 0 0 0 1000 250 800 0 0 0 0 400 1000 0 0 450 0 0 571 400 0 125 0 0 627 100 1000 200 1000 685 586 0 0 400 0 1000 500 0 0 0 0 0 0 0 200 1000 0 250 0 0 454 0 0 450
#CFC 2014-04-05
-62 0 850 0 0 24 200 0 350 0 0 353 0 0 0 0 136 -500 0 0 0 200 -83 0 250 625 100 0 0 300 -312 0 0 59 125 -100 50 100 0 0 0 136 41 250 -175 0 -600 0 300 -83 0 0 -300 -1000 136 0 0 0 -166 -390 0 -333 0 214 500 390 0 0 0 136 0 206 468 250 318 136 0 0 0 0 0 200 -287 -37 0 -166 0 0 275 200 0 -37 600 0 0 0 0 0 136 318
187 0 1000 0 0 633 200 0 400 0 0 628 0 0 0 0 454 700 0 0 0 200 83 0 750 1000 0 0 428 450 687 0 100 438 383 0 691 500 0 0 125 454 199 250 650 0 1000 0 900 333 0 0 200 1000 454 0 0 0 166 687 0 500 0 500 550 100 0 0 0 454 0 377 677 500 643 454 100 0 0 0 50 762 437 237 0 455 100 0 850 200 125 237 475 0 0 125 0 0 454 643
#SCFC 2014-04-05
-250 0 200 200 0 -200 -600 0 -250 0 366 295 433 136 0 0 0 0 0 625 136 200 0 0 0 0 200 0 362 800 0 0 -600 0 200 0 142 0 0 0 0 0 0 0 400 0 100 0 268 0 -35 700 0 800 0 0 0 250 0 0 400 0 0 0 0 0 0 0 -400 33 0 -400 500 400 350 500 500 0 400 500 0 -270 0 0 -270 318 0 -131 333 433 350 209 500 400 350 500 0 0 700 0
500 0 100 100 0 350 800 0 500 0 460 520 433 488 0 0 250 0 0 600 454 100 0 0 0 0 100 0 425 400 0 0 900 0 200 0 267 0 0 0 0 0 0 0 262 0 266 0 627 0 607 600 0 1000 0 0 0 850 0 0 800 0 250 0 0 0 0 62 400 633 0 400 833 800 350 266 900 0 400 833 0 770 0 125 770 700 0 450 366 733 800 348 500 400 550 750 0 0 900 0
#AVFC 2014-04-05
500 -194 0 -475 400 -750 0 0 350 175 91 250 0 0 800 0 -300 -78 0 0 284 0 0 0 0 -100 437 -75 458 0 -116 129 -600 0 -388 0 0 -750 0 -124 -78 0 0 -500 0 175 366 0 200 -100 0 0 100 900 875 0 200 0 0 500 166 -500 700 0 0 0 0 333 0 0 0 333 100 -100 700 62 0 100 200 62 0 0 62 0 0 0 0 0 0 -166 625 -375 -1000 812 -500 -300 66 250 -166 750
150 288 0 400 800 1000 0 0 550 275 458 450 0 0 1000 1000 400 187 1000 0 545 0 0 0 233 100 512 583 750 0 311 329 800 0 488 0 0 1000 0 466 400 500 0 600 0 447 461 0 450 350 0 0 500 525 600 0 450 1000 100 200 366 500 600 1000 0 0 0 133 0 0 0 500 100 83 600 500 0 150 200 750 0 0 200 125 0 0 0 166 0 333 1000 375 1000 525 1000 400 333 200 333 1000
#FFC 2014-04-05
0 0 0 0 0 -388 0 0 0 0 0 0 0 0 0 0 0 0 0 0 233 0 -169 0 250 300 0 0 0 200 600 -700 0 0 250 300 0 0 0 0 500 600 0 0 0 200 -125 0 0 0 0 0 0 0 0 250 0 0 0 208 0 0 0 285 0 160 375 0 375 375 0 25 125 -25 0 156 -396 0 71 375 200 134 400 400 0 0 99 0 0 0 500 508 500 0 0 136 0 0 391 237
0 0 0 0 0 833 0 0 0 0 0 0 0 0 0 0 0 0 50 0 566 0 717 0 275 650 0 142 0 233 649 850 0 0 250 500 0 0 0 0 500 900 0 0 0 400 375 0 0 0 0 0 100 0 0 200 0 100 0 750 0 0 0 535 0 539 750 0 750 750 125 175 200 192 0 300 544 0 523 750 200 312 400 400 0 0 355 0 0 0 500 700 1000 0 0 500 0 0 233 500
#cardiffcity 2014-04-05
250 0 200 -287 200 0 0 0 0 312 0 0 500 0 875 0 -38 800 0 0 0 250 166 0 0 0 -223 0 0 -33 0 0 0 0 0 800 0 800 0 0 0 0 200 0 -200 -200 0 0 136 250 452 0 0 0 200 312 136 0 0 0 0 0 0 0 0 0 0 0 0 0 170 166 0 0 500 656 0 0 0 50 0 0 1000 1000 1000 400 0 1000 400 34 -312 800 250 1000 375 312 0 0 -77 0
333 0 500 825 100 0 0 1000 0 333 0 0 400 0 600 0 328 516 0 1000 0 408 666 0 1000 0 285 0 0 616 0 0 0 0 0 400 1000 900 0 0 0 0 100 1000 700 700 0 0 454 200 845 0 0 0 400 333 454 0 0 66 0 0 0 0 0 100 0 0 0 0 454 522 0 0 400 650 0 0 0 50 0 0 1000 1000 1000 233 0 1000 533 363 466 1000 200 900 500 333 0 33 194 0
#CPFC 2014-04-05
0 0 0 0 0 0 300 0 0 0 0 300 0 0 266 234 250 0 800 200 712 -33 -500 900 0 0 261 261 261 261 261 99 416 660 312 375 375 0 468 500 83 0 0 0 210 0 0 -125 0 333 0 0 0 0 400 100 0 700 160 0 0 0 350 250 350 500 0 0 0 500 0 0 187 -400 -133 136 400 0 100 0 0 625 -35 0 150 625 250 0 0 500 450 0 976 400 130 0 0 0 0 0
0 0 0 0 0 0 350 0 0 0 0 666 100 0 166 644 200 0 750 100 800 533 500 1000 0 0 452 452 452 452 452 233 500 625 333 500 500 100 427 875 199 0 0 500 393 0 66 375 0 366 0 0 0 0 375 300 0 600 539 0 0 0 550 1000 650 500 0 0 0 500 0 0 437 400 500 500 400 0 400 0 0 500 607 0 725 700 408 0 0 500 750 0 1000 400 520 500 0 0 0 0
#hcafc 2014-04-05
250 0 0 0 0 266 -500 0 300 -312 -200 0 111 -750 800 0 0 400 0 0 495 0 100 0 125 0 125 -77 0 300 0 -50 500 190 500 0 100 0 0 750 0 0 270 0 33 400 0 0 0 0 -100 400 -600 -233 0 383 0 0 18 333 -500 0 234 0 0 0 -399 0 0 -274 400 0 -234 -166 0 0 425 0 0 0 0 0 0 500 0 203 -400 -375 0 500 0 0 350 0 650 -781 250 0 0 300
450 0 1000 1000 50 285 875 0 750 500 500 0 333 700 1000 0 0 900 66 0 711 0 450 0 500 1000 250 644 0 1000 0 400 900 420 200 1000 200 1000 66 1000 0 0 708 0 700 400 125 0 125 500 400 400 700 383 0 766 0 0 475 666 900 50 400 0 825 125 550 0 0 1000 500 50 500 799 0 0 600 0 0 0 0 1000 0 500 0 875 600 375 0 600 0 1000 650 0 625 700 500 300 0 799
#Swans 2014-04-05
0 0 800 -187 100 100 625 100 0 500 0 0 541 0 500 312 0 -600 200 0 250 0 0 312 0 33 318 0 0 0 0 0 500 0 0 0 0 0 0 550 0 0 -187 416 0 0 50 137 0 -141 0 0 400 -50 400 113 0 0 0 0 250 0 400 0 0 0 400 0 0 0 0 -155 0 0 0 0 -400 0 -500 500 -250 475 68 700 0 516 -100 0 0 -100 97 120 0 400 0 425 0 0 0 0
0 0 750 500 50 50 600 400 0 475 0 0 500 0 1000 333 0 400 100 0 800 0 0 300 0 533 427 0 0 0 0 0 1000 0 66 0 0 0 0 750 0 0 500 783 0 0 100 875 0 583 0 1000 400 444 400 306 0 0 0 0 512 0 400 0 0 0 400 0 0 100 0 288 0 83 0 0 1000 0 900 500 375 600 727 600 0 900 400 0 0 300 469 139 0 400 0 575 0 0 0 0
#NUFC 2014-04-05
-77 -400 -400 99 0 -300 1000 322 0 -400 -400 -400 -400 -400 -400 -400 -400 -400 250 178 199 0 0 104 350 267 0 0 -93 -93 0 454 375 976 0 483 -183 -181 266 83 450 -650 500 166 800 500 109 -400 446 285 -125 0 400 227 0 -104 0 0 -22 500 0 -400 0 -99 0 0 -21 -125 462 -350 0 363 100 0 0 0 0 0 0 150 0 -300 0 0 976 375 0 0 0 0 0 450 260 0 600 260 -379 0 0 500
177 400 400 225 0 400 1000 519 0 400 400 400 400 400 400 400 400 400 500 335 533 0 0 323 650 392 0 100 500 500 0 568 750 800 1000 644 350 600 616 411 575 900 500 588 400 900 686 400 535 535 950 1000 800 545 0 562 0 0 711 694 312 400 400 600 400 0 567 375 350 525 0 647 400 0 0 0 0 0 66 250 0 550 400 0 800 750 0 0 0 0 0 600 750 0 744 329 704 0 0 500
#MUFC 2014-04-05
0 200 136 -200 0 -58 169 0 323 -325 666 0 0 0 0 100 100 0 0 -320 136 0 500 0 250 0 0 -625 500 500 500 1000 -166 0 1000 0 1000 0 0 0 -133 400 0 0 0 0 0 0 0 0 0 0 0 0 0 0 0 0 0 0 0 0 0 0 0 0 0 0 0 0 0 600 72 350 0 0 0 0 700 0 0 0 250 0 0 0 0 -400 100 136 0 500 500 500 500 525 136 -50 -400 0
0 200 454 400 0 608 510 0 665 450 666 0 0 100 0 600 400 0 0 175 454 0 888 0 250 0 0 1000 500 500 500 700 166 0 300 0 1000 0 0 0 133 200 0 0 0 0 0 0 0 0 0 0 0 0 0 0 0 0 0 0 0 0 0 0 0 0 0 0 0 0 0 774 519 400 0 0 0 0 200 0 0 125 1000 0 0 0 0 400 600 454 0 500 500 500 500 600 454 483 400 0
#ncfc 2014-04-05
400 0 0 -250 800 0 0 800 0 50 0 -800 166 400 100 7 712 0 200 0 342 0 475 0 0 -77 400 -250 0 0 0 500 -333 0 800 0 -300 600 285 1000 0 0 537 0 0 0 200 500 600 100 -200 800 0 0 0 -500 160 300 -195 266 0 200 250 -400 228 100 0 -400 500 652 0 577 -71 0 500 0 0 0 0 -500 425 1000 0 -400 0 0 800 0 0 56 800 357 -300 233 312 0 800 800 0 412
375 0 0 500 400 0 0 400 0 550 0 900 366 500 400 314 700 0 200 0 517 0 531 0 0 144 250 550 0 0 300 500 433 100 400 500 433 744 535 300 825 1000 400 66 0 0 100 500 900 100 700 400 0 0 0 1000 539 650 600 516 0 500 200 400 335 200 0 600 700 573 0 827 142 0 500 0 0 0 0 1000 575 400 0 400 0 0 400 0 0 664 400 571 700 366 250 0 400 400 0 350
#WBA 2014-04-05
600 -800 0 0 0 33 -390 0 500 0 -200 500 200 100 266 0 0 0 200 0 0 -12 0 445 1000 400 -500 -800 49 -100 -200 0 -100 -50 281 0 24 -200 0 426 -699 125 541 100 160 450 227 700 666 650 -97 0 0 300 -16 0 0 0 0 0 0 200 0 -388 300 300 300 -444 0 250 800 900 800 0 800 -147 0 100 1000 450 0 366 1000 0 0 -37 -700 0 0 1000 -150 0 0 125 600 -77 -41 0 0 800
566 900 0 0 0 633 687 0 750 500 700 750 200 550 544 0 0 1000 600 0 0 547 0 619 300 800 900 800 450 500 700 0 500 361 525 0 375 400 0 546 666 694 433 400 539 533 545 600 616 750 400 0 0 100 383 0 0 0 0 0 0 100 0 833 100 100 100 916 0 550 1000 1000 700 0 875 162 0 112 400 850 0 350 300 0 100 568 800 0 0 400 650 0 0 250 708 644 313 1000 0 400
#MCFC 2014-04-05
0 0 0 0 0 500 -312 0 0 0 0 375 0 0 -400 100 0 500 0 0 0 -500 0 0 0 0 0 0 68 0 300 988 0 250 488 650 0 0 283 0 113 0 514 312 0 0 0 0 0 0 0 0 -200 0 250 0 200 0 0 468 0 0 0 199 0 250 800 261 0 0 0 0 -400 431 0 0 500 0 666 136 -388 0 0 0 666 0 0 0 0 0 0 0 250 -150 0 0 800 0 0 -394
0 0 0 0 0 833 450 0 0 0 0 944 0 0 400 300 0 833 0 0 0 500 0 0 0 0 0 0 727 0 200 700 0 500 857 700 0 0 850 0 272 0 570 1000 0 0 0 0 0 1000 0 0 183 0 333 0 300 0 750 566 0 1000 1000 440 0 500 400 511 0 0 0 0 400 450 0 0 900 0 666 500 833 0 0 0 666 0 0 0 0 650 0 0 500 500 0 0 400 0 650 616
#SaintsFC 2014-04-05
0 0 0 0 0 0 0 0 0 0 100 -83 0 -155 0 0 0 100 0 0 200 0 0 1000 0 0 0 0 0 431 166 600 312 -100 250 300 -46 800 222 0 -155 0 800 350 0 0 400 0 0 0 260 0 0 500 0 0 206 0 0 349 783 200 110 -700 312 375 375 0 350 -37 0 500 0 0 0 0 100 175 -750 0 0 562 -175 175 312 0 22 350 100 0 416 312 0 260 350 640 0 0 0 175
0 0 0 0 0 0 0 0 0 0 300 488 0 288 0 0 0 100 0 0 300 0 0 1000 0 0 1000 0 0 450 333 716 612 200 200 750 797 400 555 0 288 1000 400 350 0 0 250 0 0 0 260 0 0 1000 1000 0 175 0 0 666 833 300 470 700 333 500 500 0 361 291 0 500 0 0 0 0 700 216 600 0 0 500 700 216 333 0 344 377 100 0 444 333 0 355 550 1000 0 50 100 216
#SAFC 2014-03-31
1000 484 150 0 566 -200 -400 21 0 150 400 -500 0 -250 100 -74 -99 -400 150 0 500 0 350 0 0 250 400 300 250 234 0 133 800 -200 0 0 400 312 712 0 180 0 1000 312 0 433 550 0 200 -312 -50 400 500 400 -155 -99 -97 0 316 -200 700 0 0 0 -51 800 700 50 -600 0 -133 400 -50 0 -295 25 0 550 733 400 0 0 0 133 377 400 0 0 200 -500 250 75 151 266 0 -600 -155 0 0 0
1000 713 354 0 533 483 600 425 0 50 800 1000 0 250 641 448 633 600 637 750 500 0 462 750 66 200 400 422 333 300 0 366 400 350 0 0 800 675 950 0 620 100 400 333 0 466 725 0 400 687 383 800 300 800 288 400 144 100 450 200 600 0 0 0 96 400 916 543 900 0 811 733 400 0 470 237 0 700 683 450 0 0 0 472 522 875 0 0 400 533 400 416 715 399 0 700 288 1000 0 0
#WHUFC 2014-03-31
500 136 0 0 0 250 0 0 238 500 0 250 250 0 391 0 800 0 300 125 0 400 700 0 0 0 -400 199 0 0 0 0 106 -625 1000 350 375 312 0 1000 500 -100 0 250 -350 0 0 800 400 187 0 0 366 136 0 -49 0 0 0 166 -200 0 400 700 0 -38 0 0 0 -400 200 0 0 0 0 0 0 -21 0 -500 200 200 0 387 250 0 -100 500 175 0 500 0 300 0 -56 375 -216 0 0 -300
500 454 0 800 800 850 800 0 549 449 0 200 200 0 600 0 400 0 200 475 0 800 600 100 0 0 400 488 112 0 0 0 272 600 1000 550 500 333 0 1000 888 200 0 500 850 400 0 400 733 625 0 250 600 454 0 900 0 0 66 666 650 0 800 600 100 345 0 0 0 400 400 112 0 0 0 0 0 567 0 450 650 400 0 490 500 0 400 1000 266 100 888 0 200 0 443 487 325 0 0 500
#LFC 2014-03-30
275 -400 0 312 -75 0 500 0 1000 350 -107 -1000 500 166 250 0 -300 0 0 0 -155 250 -316 0 -5 200 0 449 0 0 500 766 875 0 0 99 250 -155 -316 -86 300 -22 250 0 0 -316 0 -400 0 166 -220 800 800 277 0 0 0 0 -316 357 0 0 0 500 0 900 136 0 683 0 1000 170 0 0 0 -316 600 250 49 49 0 -86 250 0 -300 0 0 350 0 275 0 700 511 0 150 500 500 0 0 525
600 700 1000 458 400 0 500 0 1000 625 717 1000 500 333 500 0 600 0 0 1000 288 500 300 0 433 500 0 400 0 0 300 399 600 0 0 450 562 288 300 603 466 477 500 0 100 300 0 400 0 188 450 400 400 557 1000 0 0 0 300 571 0 0 0 900 0 900 500 0 650 0 1000 454 0 0 0 300 900 250 575 575 0 603 500 0 600 0 0 625 0 575 0 433 488 0 649 500 600 0 0 775
#COYS 2014-03-30
600 350 100 -50 0 800 150 250 500 0 -200 600 400 366 500 0 136 0 0 616 427 370 150 300 0 0 233 66 450 0 400 200 -316 16 0 0 0 781 800 600 0 0 300 800 -105 0 -289 0 500 800 400 500 0 0 0 976 0 800 166 900 0 0 99 200 0 350 800 0 312 0 700 125 200 423 450 400 625 512 152 792 500 1000 400 650 137 600 350 489 266 800 0 0 203 -200 1000 366 0 0 -66 549
666 537 1000 300 33 1000 250 200 900 0 250 250 200 450 500 0 500 0 33 733 658 727 700 350 0 0 300 600 700 0 537 450 300 591 0 0 0 875 400 933 0 0 388 750 141 0 342 0 1000 575 200 500 0 0 0 600 0 633 383 1000 0 0 366 200 0 524 575 0 333 0 600 400 300 453 1000 900 562 662 762 929 425 1000 516 450 611 825 550 450 583 575 0 0 425 300 300 700 0 0 799 566
#FFC 2014-03-30
0 0 0 -155 0 0 0 136 125 0 0 0 700 0 -200 0 100 100 100 0 78 0 0 300 0 375 312 0 -109 0 0 0 0 0 0 1000 0 800 250 1000 900 450 0 0 0 0 0 0 350 -37 0 600 0 0 0 0 285 -400 -400 -500 0 0 0 0 0 -500 0 0 0 -800 136 250 0 136 0 -100 0 136 -291 0 600 0 0 600 500 -50 0 0 0 136 -50 50 -50 416 0 100 0 0 400 0
0 1000 0 288 666 0 0 454 250 0 0 1000 600 0 300 0 400 400 400 0 100 0 0 1000 0 500 333 0 495 0 0 0 0 1000 0 400 0 400 333 1000 1000 550 0 0 0 0 0 0 650 497 0 900 0 100 100 0 535 700 400 1000 0 0 0 0 0 666 0 1000 0 900 454 408 0 454 0 500 0 500 700 0 900 0 0 1000 500 900 0 0 0 500 900 100 900 500 0 400 0 100 400 100
#EFC 2014-03-30
0 0 -500 700 0 172 0 0 312 136 0 437 0 0 0 0 0 0 0 0 600 100 -337 0 0 0 0 100 100 100 0 0 -200 0 0 100 0 0 0 0 0 311 -356 0 600 500 250 -125 725 0 1000 199 250 399 250 475 0 -400 -800 0 0 0 0 0 250 0 300 0 0 0 0 250 800 0 0 0 0 0 0 0 0 350 -500 0 525 -35 400 0 400 800 0 -400 -400 500 0 175 0 -400 392 900
0 0 200 600 1000 394 0 0 750 454 0 300 0 0 0 0 0 0 0 0 900 400 1000 0 0 0 0 400 400 400 0 0 200 62 0 200 1000 0 1000 50 1000 647 543 0 550 500 400 375 783 0 300 679 500 400 283 600 0 400 900 500 0 0 0 0 283 1000 500 0 0 0 0 100 400 0 0 0 0 0 0 0 0 650 700 0 666 71 800 0 800 900 0 400 400 500 0 700 0 400 767 400
#AFC 2014-03-29
0 0 0 0 0 431 0 0 800 500 0 437 12 -68 0 800 0 170 0 -224 -68 0 0 -450 100 0 500 0 0 750 500 0 300 0 0 0 1000 734 312 0 0 500 250 136 0 0 0 700 399 -325 416 -274 -377 0 500 0 0 0 0 0 800 0 0 0 318 0 0 0 500 0 0 0 0 0 0 45 -250 0 250 0 0 0 0 -250 0 0 0 316 0 0 0 187 0 400 700 600 300 0 0 0
0 0 0 0 0 450 287 0 400 1000 0 687 708 454 0 400 0 318 0 500 454 0 0 700 100 0 1000 100 0 800 1000 0 225 0 0 0 300 875 200 0 66 1000 333 454 1000 250 0 600 800 800 616 675 544 0 600 125 0 300 0 0 400 0 0 0 477 0 0 0 500 0 1000 0 0 1000 0 151 288 0 250 400 0 0 0 800 500 0 0 450 0 555 0 750 1000 600 600 1000 488 0 0 0
#MCFC 2014-03-29
431 0 0 316 691 0 0 400 0 0 0 0 0 50 0 333 375 700 0 466 -325 1000 0 107 107 700 0 -400 0 -400 0 500 0 -400 -100 500 0 0 400 0 800 0 -400 0 200 0 500 136 -333 -400 0 62 0 300 0 0 250 0 0 200 0 200 0 -400 -400 0 0 0 31 0 285 0 0 24 800 0 0 -400 0 62 136 250 -200 100 0 -87 500 -30 0 0 -400 206 400 250 0 0 -155 0 0 0
450 0 0 966 633 0 0 600 0 0 0 0 0 300 0 233 475 600 0 433 533 1000 0 420 420 550 0 400 0 800 0 600 0 550 200 550 0 0 600 0 750 0 400 0 400 0 600 500 666 400 0 500 0 399 0 0 200 0 0 200 0 200 0 400 600 0 0 0 250 0 535 0 0 275 900 0 0 700 0 500 454 489 512 400 0 612 600 388 0 0 400 525 800 300 1000 0 288 0 0 0
#CPFC 2014-03-29
687 44 0 0 0 0 -166 -800 -200 250 0 0 333 0 0 0 0 0 0 0 1000 0 0 0 0 0 375 375 375 312 0 0 500 0 -400 0 -333 700 0 0 600 150 0 500 0 0 0 0 -225 -500 500 0 0 800 0 100 0 800 0 0 0 0 0 0 100 875 566 420 0 0 0 0 -200 250 0 200 0 0 0 0 136 -225 0 0 0 0 175 0 366 0 136 50 0 49 96 0 558 466 -166 0
800 422 0 0 0 0 433 900 350 200 0 0 355 0 0 0 0 0 0 0 300 0 0 0 0 0 500 500 500 333 0 100 1000 0 600 0 766 600 0 500 600 0 0 575 0 0 0 0 600 1000 600 0 0 750 0 266 0 900 100 0 0 0 0 0 100 600 792 505 0 0 0 0 233 408 0 200 0 0 0 0 500 850 0 0 0 0 575 0 583 0 454 100 0 400 196 0 535 433 733 0
#CFC 2014-03-29
1000 1000 178 0 0 250 0 0 0 0 -200 0 166 -291 0 0 -625 142 0 0 700 0 0 0 0 0 0 0 0 250 0 0 0 142 0 0 0 0 142 0 0 0 0 0 0 0 1000 0 0 0 0 250 150 0 0 253 0 225 0 700 0 781 0 100 0 0 0 500 0 500 0 0 0 0 0 0 0 178 0 199 0 -75 600 0 500 736 0 100 0 800 0 0 0 0 0 0 0 0 875 442
1000 300 418 0 0 400 0 0 0 1000 400 0 333 541 0 0 1000 317 0 0 600 0 100 0 0 0 0 0 500 1000 0 0 0 317 0 0 0 0 317 0 0 0 0 0 0 0 1000 0 0 0 0 299 700 0 50 351 0 600 0 550 0 500 0 650 600 0 0 1000 0 500 0 0 0 0 0 0 100 285 0 294 0 300 366 0 600 893 0 100 1000 400 0 0 0 100 0 0 0 0 650 767
#SaintsFC 2014-03-29
0 500 -133 -1000 377 0 0 0 0 0 250 0 437 0 14 250 612 400 1000 183 0 -400 500 0 -365 375 312 500 100 200 0 0 0 0 -500 -600 -155 0 -300 650 0 0 0 0 200 0 0 0 400 -500 0 0 500 0 -150 0 1000 0 0 0 350 0 93 100 0 600 500 566 0 0 0 0 433 -400 -350 0 -400 -800 0 -400 350 1000 1000 0 0 0 366 50 0 -62 200 800 625 0 350 0 0 350 0 0
0 500 333 1000 366 0 0 0 125 0 300 0 450 262 171 200 451 300 300 633 0 400 500 0 375 500 333 1000 1000 600 0 0 66 0 1000 650 288 0 600 600 0 0 0 0 500 0 0 0 800 1000 66 0 1000 0 766 0 750 0 0 0 566 625 268 650 0 712 500 466 0 0 0 66 733 600 600 0 600 900 0 400 400 300 300 0 0 0 600 100 0 408 300 750 500 0 550 0 0 550 0 0
#NUFC 2014-03-29
387 0 -1000 -53 0 0 250 0 605 0 0 0 0 450 450 0 99 0 500 400 650 -156 500 -500 0 0 500 0 1000 0 0 242 400 0 625 0 350 58 0 75 0 125 -163 -262 500 0 666 375 0 562 500 166 400 0 -116 200 0 -316 0 0 -166 0 29 400 233 500 350 -156 466 0 250 0 500 0 250 0 0 200 0 475 0 250 1000 500 0 0 369 369 0 33 -30 0 0 0 0 200 216 0 800 0
500 1000 1000 473 125 0 416 0 440 0 0 125 125 450 450 125 66 0 300 800 650 375 500 500 125 0 800 125 1000 0 125 304 800 125 500 125 366 558 0 433 0 450 613 400 500 0 766 944 0 500 500 283 800 0 408 525 483 283 0 0 166 0 729 800 533 500 700 393 1000 0 200 0 589 125 533 0 0 550 100 800 0 250 300 500 66 66 799 799 0 500 388 1000 0 0 0 200 598 0 600 0
#SCFC 2014-03-29
0 237 500 0 0 0 0 -166 0 400 0 375 0 0 -300 -300 0 -125 800 937 500 0 0 0 500 0 200 0 399 0 0 0 -83 375 0 1000 0 0 0 -266 0 0 -200 700 0 0 650 500 0 800 450 0 600 50 0 1000 0 700 0 -25 0 0 0 0 0 0 0 300 0 200 300 700 0 100 391 49 214 237 0 0 0 0 0 -200 -200 0 0 357 625 136 0 0 -100 80 -100 0 0 800 0 357
0 500 500 0 0 0 0 66 0 200 0 500 0 0 600 600 0 250 700 800 500 0 1000 0 500 0 600 0 300 0 0 1000 166 500 0 600 0 0 0 500 0 0 400 700 0 0 1000 500 0 400 575 0 600 100 66 750 0 600 100 250 0 0 0 0 0 0 0 500 0 500 575 600 0 200 548 450 571 233 0 0 0 0 0 400 400 0 0 571 900 454 0 0 600 770 100 0 0 900 0 571
#hcafc 2014-03-29
318 0 250 250 250 0 0 0 325 61 -440 -300 187 0 -100 375 -50 -100 -500 125 -216 -468 0 -10 -125 800 0 400 0 -100 0 -150 0 -16 100 0 0 75 0 -1000 600 0 114 -331 0 0 -291 0 0 66 600 -166 -250 0 250 0 0 0 0 400 0 0 0 0 0 0 0 0 -100 0 0 0 0 0 -50 -66 0 400 -200 100 0 -200 -200 -200 0 0 0 500 0 0 0 0 -100 413 413 1000 0 375 625 -150
677 0 450 450 428 0 0 1000 592 522 461 400 250 0 400 500 450 400 500 550 448 916 100 700 750 900 0 450 0 400 0 750 0 608 100 0 0 450 0 1000 400 0 596 727 0 0 416 500 50 600 1000 166 1000 0 500 0 0 1000 0 400 0 0 0 66 0 0 0 0 83 0 0 55 0 0 150 255 0 1000 233 200 0 233 233 233 0 0 600 1000 0 0 0 0 600 722 722 300 0 375 625 250
#Swans 2014-03-29
318 250 -187 2 0 0 250 99 250 0 166 166 800 0 -187 -1000 0 375 312 750 -293 0 -100 0 -400 -302 0 0 500 0 0 0 1000 0 0 0 0 0 -43 0 400 500 0 0 250 0 0 0 0 0 272 -200 600 600 0 50 0 0 400 175 -500 0 0 700 0 0 400 0 0 0 0 0 274 0 0 0 0 500 0 100 0 0 -66 0 136 0 0 274 0 136 0 -43 0 0 -200 0 0 -400 -726 0
527 900 500 294 0 0 333 800 200 0 333 333 400 0 500 1000 0 500 333 449 550 0 600 0 400 800 0 0 500 0 0 0 300 0 0 0 0 0 450 0 350 150 0 0 333 0 0 0 66 0 444 400 900 900 0 100 0 0 400 425 1000 0 0 700 0 0 400 0 0 0 0 0 550 0 0 0 0 500 0 400 0 0 633 0 500 0 0 550 0 500 0 450 0 0 200 0 0 400 904 0
#ncfc 2014-03-29
500 0 0 0 199 500 0 0 400 266 0 0 99 0 0 -66 0 250 0 187 325 -625 -400 500 500 -62 0 0 350 0 633 125 637 0 800 0 800 0 0 136 500 350 392 0 0 -72 487 -199 600 700 300 566 500 0 0 0 0 500 0 0 0 401 0 41 0 562 0 350 0 0 166 0 0 -187 99 375 500 0 0 0 0 0 250 400 0 0 1000 400 0 0 700 500 400 0 400 0 1000 50 -41 650
500 125 0 0 700 750 0 0 550 483 0 0 566 0 0 541 0 500 0 397 325 625 400 1000 1000 400 0 0 550 0 716 200 800 0 1000 0 1000 500 0 454 500 300 517 0 0 158 725 691 625 600 450 916 500 0 0 0 0 900 0 0 0 708 0 66 0 800 0 350 500 0 366 500 0 500 600 622 500 500 0 0 0 400 250 600 0 0 300 600 0 1000 600 600 1000 0 400 0 750 200 125 909
#WBA 2014-03-29
0 0 400 44 166 437 0 49 100 317 0 500 1000 500 200 -400 0 516 350 0 -400 0 33 433 0 75 200 -100 0 -400 600 0 500 0 50 0 114 200 -266 1000 350 262 0 1000 320 -272 -133 249 -155 0 50 -76 80 400 0 250 0 0 0 0 1000 0 0 0 300 -625 0 200 0 0 0 0 0 0 0 0 0 0 800 -200 0 0 300 -62 199 175 800 166 0 316 0 50 0 0 316 -800 -1000 433 333 34
0 0 400 466 799 572 0 649 383 523 0 600 750 500 500 400 0 866 300 0 400 0 366 333 0 450 100 600 0 450 550 0 650 0 500 0 596 200 700 300 300 558 0 1000 243 438 133 500 288 0 400 284 705 375 0 333 0 333 333 300 1000 0 0 0 637 1000 0 100 0 0 0 0 0 0 0 0 0 0 750 233 0 0 400 187 433 894 750 133 0 416 0 500 0 0 416 900 900 733 666 146
#cardiffcity 2014-03-29
0 0 400 250 250 0 0 312 136 800 500 0 0 0 -234 0 400 250 0 500 0 0 390 250 0 -155 0 250 285 0 0 0 -66 250 -150 0 0 0 350 136 285 500 285 -100 325 0 0 500 0 0 -250 -100 0 0 0 0 1000 0 100 0 0 0 0 380 0 400 500 250 700 250 312 375 237 100 400 0 0 0 0 0 0 0 0 0 800 0 0 0 50 0 0 0 0 0 83 0 300 0 0 1000
0 0 400 200 200 0 0 333 454 400 900 0 0 0 500 0 400 1000 0 400 0 0 1000 408 0 288 66 333 535 1000 0 0 300 250 233 66 0 0 850 454 535 366 535 400 775 0 0 500 0 0 250 400 0 0 0 66 750 0 400 0 0 0 0 602 500 250 500 200 600 750 333 500 687 700 900 0 0 0 1000 0 66 0 0 0 700 0 0 0 100 0 0 0 0 0 466 0 425 0 0 300
#MUFC 2014-03-29
266 0 250 399 178 431 0 500 -699 0 0 1000 0 500 0 -781 -275 0 100 75 -233 350 0 0 0 0 0 0 500 0 500 0 500 0 230 250 1000 -200 750 0 562 0 160 500 -338 650 600 0 -371 -50 0 0 381 0 500 433 -244 1000 0 250 0 357 0 0 -200 0 0 0 350 578 -166 -625 0 0 -106 0 375 0 150 -46 -500 -100 350 -406 -500 -100 0 0 0 -600 400 0 -63 0 400 0 0 0 0 -250
166 0 437 400 418 450 0 750 666 0 0 300 0 500 944 600 500 0 200 181 933 300 0 0 0 0 0 0 500 0 500 0 500 0 579 800 300 200 450 0 625 0 539 500 785 200 1000 0 447 112 0 1000 725 0 1000 266 250 300 0 250 1000 535 0 0 700 0 0 0 900 660 300 600 0 0 350 0 416 0 300 375 600 600 400 793 650 50 0 0 750 800 900 0 253 0 800 0 0 0 0 1000
#AVFC 2014-03-29
0 1000 -41 0 -200 0 0 0 400 -100 0 800 0 0 300 -500 0 250 0 700 0 0 875 -50 0 500 0 400 430 0 0 500 200 433 312 0 -200 0 50 500 500 -500 -500 0 0 250 250 0 800 0 100 0 0 0 -308 0 800 0 500 600 50 100 100 0 100 0 100 0 0 100 100 433 0 400 0 136 0 0 0 0 0 500 306 -24 0 0 0 0 -400 250 375 312 0 33 0 0 0 0 0 625
0 300 441 0 700 0 0 750 900 566 0 1000 0 66 450 1000 0 450 0 600 0 0 200 200 0 333 0 400 410 0 0 333 200 433 1000 0 800 0 500 750 700 900 900 0 0 200 500 0 750 0 200 0 0 0 633 66 400 0 833 1000 100 200 200 0 200 0 200 0 0 200 200 433 0 800 0 454 550 0 0 0 0 1000 550 488 0 0 0 0 400 200 500 333 500 399 0 0 0 0 0 500
#LFC 2014-03-26
0 -150 0 0 0 0 0 -363 0 0 500 1000 -125 1000 136 318 0 250 0 0 136 610 0 -400 0 0 416 0 75 -87 0 0 0 500 250 -125 800 -125 103 400 68 136 0 66 0 175 0 0 0 500 0 266 -125 350 250 -874 136 500 -138 0 800 0 0 0 0 500 0 500 500 575 0 500 0 0 0 0 1000 750 -349 0 0 0 0 136 0 0 500 136 0 0 0 1000 0 366 0 800 166 -125 625 0
0 399 0 0 0 0 150 447 0 0 900 300 524 1000 454 477 0 444 0 0 454 333 0 700 0 0 799 0 566 637 100 0 0 600 477 524 200 524 562 399 250 454 0 533 0 216 0 0 0 900 0 274 524 650 250 666 454 500 184 0 400 0 0 0 0 900 0 525 500 475 283 1000 0 0 0 0 900 500 366 0 0 0 0 454 0 0 500 454 0 750 0 300 0 361 0 400 555 524 600 500
#SAFC 2014-03-26
0 738 300 0 250 0 0 0 0 0 0 0 200 0 0 0 333 0 0 0 0 0 0 0 0 0 625 -125 -500 0 350 500 0 0 392 0 166 218 0 250 1000 0 285 78 475 0 285 625 0 285 500 169 -625 0 0 124 350 47 -185 0 -125 -1000 43 800 375 375 312 0 -183 437 0 -600 800 800 0 0 1000 0 800 0 800 0 -1000 350 0 541 400 550 -187 -400 0 0 0 0 0 0 0 0 -100 400
0 550 558 0 300 283 0 0 0 0 0 0 950 0 0 0 200 0 0 0 0 0 0 0 0 0 600 700 1000 0 300 500 0 1000 567 0 333 674 0 200 300 0 535 400 477 100 535 500 0 535 600 687 1000 0 0 586 550 497 562 0 625 666 413 750 500 500 333 0 633 800 0 900 1000 400 0 0 300 0 750 0 750 0 1000 450 0 833 449 675 500 400 0 0 0 0 0 66 0 0 200 800
#WHUFC 2014-03-26
0 0 0 0 0 400 250 0 -600 500 0 0 250 0 0 400 0 0 800 0 333 375 312 213 0 455 0 0 100 350 0 200 -100 -150 475 0 -50 0 416 0 0 0 700 600 500 -350 0 0 0 0 0 575 0 425 0 500 500 -400 625 100 0 0 250 0 0 500 0 -156 0 105 0 0 250 -33 500 0 0 -250 0 0 0 500 250 0 0 250 250 0 500 0 250 0 150 0 450 500 50 350 0 350
0 0 0 0 0 400 750 0 1000 900 0 0 200 0 0 575 0 0 700 0 833 500 333 454 0 688 0 0 200 400 66 900 600 325 550 0 400 0 500 0 0 0 600 900 500 650 0 1000 0 0 0 650 0 450 0 500 550 600 640 400 0 0 500 0 0 150 0 406 0 866 0 0 500 122 1000 0 0 250 0 1000 0 900 333 0 0 408 850 0 700 0 250 1000 250 0 575 500 100 466 0 412
#hcafc 2014-03-26
0 214 193 500 141 0 150 500 -400 0 466 0 449 -200 0 250 193 0 312 250 138 0 0 136 0 100 316 0 500 -50 -62 -145 -100 0 0 500 0 -50 -50 -133 900 0 375 136 0 0 -50 -50 250 1000 625 0 475 0 0 122 1000 0 0 0 -625 -212 250 -66 0 0 0 -500 -50 166 166 0 -50 -500 0 0 333 100 -50 0 0 192 96 600 -250 0 0 640 0 0 483 200 -25 -50 136 0 -337 -25 -50 350
781 496 393 650 450 0 800 600 600 0 674 0 400 100 0 200 393 66 694 300 633 0 0 454 0 100 616 0 900 400 687 520 400 0 0 750 0 400 400 466 575 150 625 454 0 0 400 400 1000 300 500 0 466 0 0 308 300 0 0 0 875 600 250 433 0 0 66 300 400 458 458 0 400 1000 0 0 414 900 400 0 0 467 863 550 1000 500 0 500 0 66 566 750 700 400 454 0 700 200 400 799
#AFC 2014-03-25
0 487 250 250 0 -354 211 166 -75 0 500 0 0 172 0 0 1000 0 0 200 0 125 -90 750 677 500 500 0 0 0 -1000 0 500 500 0 -350 68 0 -500 0 150 0 0 0 375 0 0 0 0 -155 122 0 800 -849 0 408 0 500 0 0 125 0 500 0 0 100 0 -150 0 214 0 400 0 0 285 285 566 0 -400 -150 -200 500 -200 700 100 0 150 -781 500 506 0 308 773 350 -150 350 0 0 -62 0
0 1000 250 250 0 751 272 633 700 0 500 0 0 394 0 0 1000 0 0 200 0 262 623 900 627 500 1000 0 0 500 1000 0 500 500 0 500 474 0 299 500 33 0 0 0 500 0 0 0 0 288 488 0 400 833 0 444 0 750 0 0 694 0 650 0 0 300 0 449 0 571 0 700 0 0 535 535 333 0 600 449 233 750 0 600 300 0 177 1000 500 404 0 272 700 700 449 400 0 0 237 0
#Swans 2014-03-25
0 129 -333 -250 285 0 0 600 0 0 850 0 0 285 0 250 850 0 0 0 100 0 375 312 250 0 1000 0 0 600 0 800 0 199 0 800 100 0 200 -400 0 0 0 0 0 0 0 650 0 600 0 850 349 433 0 0 -500 0 -125 0 68 0 -625 500 0 0 200 0 0 0 500 0 225 342 0 800 0 -500 0 0 500 -166 350 0 0 16 0 0 100 0 0 -142 0 0 -200 0 0 0 633 -316
0 550 500 550 535 0 0 900 0 0 1000 0 0 440 0 200 1000 0 0 0 1000 0 500 333 1000 0 300 1000 1000 900 0 1000 1000 392 1000 750 400 1000 200 600 0 0 66 0 0 0 0 800 0 900 0 1000 866 544 0 0 875 0 375 0 427 0 1000 1000 0 0 800 0 0 0 500 0 750 767 0 750 66 875 0 0 600 433 300 0 0 683 0 0 400 0 0 435 0 0 800 0 0 0 750 300
#MUFC 2014-03-25
0 250 0 0 250 0 0 -200 1000 -244 433 0 0 0 0 0 600 350 766 0 357 0 0 300 600 -500 0 0 -714 0 0 283 350 408 100 350 350 408 100 400 200 0 0 0 0 0 0 0 0 -50 0 1000 -466 350 0 600 0 0 375 0 250 0 0 -200 200 1000 100 200 0 0 200 0 800 500 0 100 700 400 100 0 800 0 0 0 0 0 0 0 0 0 425 0 0 900 0 0 0 100 100 0
0 500 0 0 500 0 0 400 650 466 625 0 0 0 0 0 800 650 766 0 535 0 0 441 750 1000 0 0 857 0 0 416 666 700 400 666 666 700 400 408 400 500 0 0 0 0 0 0 0 483 0 300 433 800 0 666 0 0 500 0 416 0 0 600 100 300 400 450 0 0 200 0 400 833 0 400 700 900 400 700 400 0 0 0 0 0 0 0 0 0 575 0 0 1000 0 0 0 400 400 0
#MCFC 2014-03-25
600 0 -300 25 25 0 0 0 -93 0 700 600 0 0 378 0 0 0 0 0 0 800 -1000 850 1000 0 100 0 100 125 0 -400 0 250 100 129 -166 0 -291 0 0 1000 0 0 0 -16 500 0 50 0 0 1000 875 0 -300 47 500 366 0 800 421 -1000 800 0 750 0 150 0 0 100 100 500 0 850 449 133 625 225 0 0 0 0 0 800 383 0 0 0 0 0 -83 250 500 250 0 0 0 0 0 0
1000 0 600 50 50 0 0 0 843 0 600 1000 0 0 651 0 100 0 0 0 0 400 1000 875 300 0 100 0 100 625 516 600 0 300 100 550 683 300 541 0 0 1000 0 0 0 600 500 0 833 0 0 1000 600 0 400 644 1000 600 0 1000 657 900 400 0 1000 0 175 0 0 400 200 150 0 766 550 200 500 258 0 0 0 0 0 700 666 0 0 433 0 0 583 250 150 200 0 0 0 0 0 0
#NUFC 2014-03-25
0 0 0 150 0 0 0 0 366 800 450 666 200 1000 0 766 0 0 700 833 750 0 0 0 0 500 0 178 550 625 0 0 0 600 -312 0 0 136 0 0 0 0 533 0 0 0 0 500 350 141 200 0 250 -500 0 227 333 66 183 0 -750 250 500 300 591 0 224 -77 100 250 -66 150 250 250 100 375 1000 233 200 0 -395 19 0 -200 0 0 149 0 33 300 0 0 150 0 781 0 0 0 -83 0
0 0 0 450 0 0 0 0 666 750 500 733 200 1000 0 766 0 0 600 633 800 0 0 0 0 600 0 335 700 750 0 0 0 900 200 0 0 454 125 1000 0 0 716 0 500 0 125 600 350 308 300 0 300 299 0 545 600 333 233 0 800 300 600 100 657 0 700 194 650 333 400 766 300 250 200 400 650 300 300 100 550 530 0 250 125 0 500 0 633 750 0 0 649 300 500 0 62 0 388 0
#EFC 2014-03-25
500 -400 900 0 0 0 0 200 125 0 0 0 0 0 0 250 -625 250 700 0 0 0 500 0 100 285 0 1000 140 0 0 50 0 250 0 -166 -291 0 0 375 625 -400 750 0 0 400 0 0 500 0 0 50 0 143 150 0 0 500 0 800 0 0 0 0 -166 0 0 -166 0 0 100 200 100 441 0 0 136 375 200 357 357 357 357 357 135 -200 340 300 -136 500 100 357 0 650 0 357 -400 0 0 0
500 400 350 0 0 0 0 200 166 0 0 0 0 0 0 250 1000 250 950 0 1000 1000 600 0 50 535 0 1000 550 0 100 100 0 250 0 355 700 0 0 500 500 600 1000 0 0 200 0 0 600 0 300 700 0 575 500 0 0 350 0 750 66 0 0 0 433 0 0 433 0 0 400 575 400 600 0 0 454 433 266 571 571 571 571 571 375 200 678 500 472 183 400 571 0 450 0 571 400 0 0 0
#AVFC 2014-03-23
46 0 0 0 33 0 0 0 0 0 800 0 0 0 0 0 0 -400 0 750 0 0 0 0 0 200 700 -225 0 600 0 100 500 500 0 0 600 233 0 250 250 0 0 250 0 0 500 500 900 1000 -750 0 0 0 0 0 0 500 900 -133 30 0 0 0 0 378 0 0 0 0 0 0 0 0 0 0 800 0 0 -200 500 0 800 0 0 300 0 0 625 400 0 0 0 0 -400 249 533 0 -50 0
212 0 0 0 633 0 0 433 600 0 400 0 600 600 0 600 0 700 0 500 0 0 0 0 0 100 600 700 0 650 0 400 1000 600 0 0 633 700 0 250 1000 100 0 750 0 0 600 500 575 300 1000 0 0 0 0 0 0 500 1000 488 523 0 0 1000 0 559 0 0 0 0 0 0 0 0 0 0 875 0 0 800 1000 0 400 0 0 200 66 0 950 200 0 0 0 0 400 350 683 0 400 0
#SCFC 2014-03-23
0 0 0 0 100 0 200 0 0 -750 0 0 0 0 -100 0 0 350 156 400 0 166 0 400 0 568 400 0 0 0 0 166 156 1000 0 -125 -125 -125 0 400 0 0 1000 0 0 1000 -62 0 0 400 0 0 700 214 450 0 -400 151 0 375 0 0 400 136 0 20 216 500 1000 0 -388 600 0 0 600 -400 0 0 733 136 0 24 500 0 0 357 16 166 357 49 136 0 0 250 -50 50 0 600 0 -164
0 0 0 0 200 0 100 0 0 1000 0 0 0 0 200 0 0 500 500 800 0 583 0 500 0 377 800 0 0 0 0 333 500 300 0 750 750 750 0 400 0 0 300 0 66 400 220 0 0 400 0 0 600 500 500 1000 600 393 0 296 0 0 800 454 1000 687 366 500 300 0 833 200 0 0 200 700 0 0 633 454 0 900 500 0 0 571 250 333 571 650 500 0 0 500 400 350 100 1000 0 427
#COYS 2014-03-23
0 200 0 -41 -700 250 1000 0 500 300 333 0 312 0 119 0 625 -291 233 300 0 0 0 25 -200 0 220 380 500 270 300 500 -799 800 266 -250 0 0 0 750 1000 55 425 25 0 0 0 0 250 0 468 0 0 0 0 700 500 0 -125 399 -333 -300 0 500 -233 625 0 500 125 0 133 350 0 0 500 0 0 -400 -38 433 0 0 -133 0 0 100 62 500 380 125 0 0 0 25 375 200 225 0 0 1000
0 262 0 166 200 500 300 100 1000 750 666 0 500 0 659 0 500 541 355 200 0 0 0 400 100 0 655 500 500 733 525 500 1000 750 566 1000 0 0 0 450 1000 805 500 300 0 0 0 0 200 0 750 0 0 0 0 600 150 1000 400 400 766 400 0 800 222 900 0 600 1000 0 666 300 0 1000 600 0 0 400 592 702 50 0 500 0 0 256 408 625 606 1000 1000 0 0 324 750 200 600 0 0 1000
#SaintsFC 2014-03-23
0 -750 250 649 50 204 0 0 800 800 366 277 900 125 0 0 0 800 -700 1000 337 0 200 0 0 0 -400 0 649 0 163 0 312 250 -400 250 -100 0 0 -166 0 0 0 -900 0 600 500 -66 0 0 0 0 0 -875 312 99 266 400 375 0 0 0 0 -1000 0 0 0 -1000 0 200 -200 0 600 0 400 99 0 0 375 700 0 200 250 300 0 378 250 -487 -200 487 0 0 500 0 0 -200 0 125 0 -400
0 1000 200 775 100 458 0 0 750 750 433 700 1000 616 0 0 0 400 650 1000 484 0 200 0 0 0 400 0 775 0 433 0 333 200 400 250 350 0 0 166 0 500 0 700 0 600 625 133 0 0 0 0 1000 1000 333 150 766 800 500 0 400 0 0 1000 0 0 0 1000 1000 450 716 633 600 0 375 800 0 0 416 600 0 600 550 750 66 273 333 812 350 975 0 0 500 0 0 400 0 525 1000 400
#WHUFC 2014-03-22
-200 0 0 100 0 0 0 500 -200 -49 0 -199 0 166 50 -77 0 250 0 250 400 0 562 250 0 0 0 0 300 0 500 -400 0 -400 166 0 0 312 250 375 375 0 136 100 0 318 0 0 500 0 0 136 0 -600 400 0 0 200 250 -250 0 0 0 -77 33 50 0 500 357 166 1000 0 0 166 -49 0 -400 500 -200 0 450 166 0 0 0 0 250 0 250 0 0 0 0 0 166 0 -500 500 0 250
333 0 0 1000 0 100 0 700 399 633 0 700 125 666 200 144 100 500 0 250 900 0 650 200 0 0 0 0 100 0 550 400 0 400 333 0 0 333 250 500 500 0 454 400 357 677 0 0 378 0 0 454 0 700 900 0 0 500 500 350 0 50 100 144 666 200 0 900 571 666 1000 100 100 333 800 100 600 900 300 0 550 300 0 600 0 0 800 0 500 0 0 100 0 0 272 0 700 900 0 750
#MUFC 2014-03-22
0 0 0 0 0 0 -125 125 178 0 800 0 1000 900 0 0 49 0 0 0 0 0 0 0 0 136 0 -200 375 0 500 0 0 -152 -25 0 500 -200 0 500 250 0 0 500 0 0 0 0 600 75 250 0 0 -99 0 0 399 666 75 500 0 500 500 0 0 0 500 0 500 0 116 316 0 500 100 136 200 0 0 100 0 550 400 300 1000 0 0 0 -133 0 0 0 0 800 0 0 0 175 50 0
0 0 0 0 0 0 375 541 418 0 400 0 750 350 0 0 450 0 0 0 0 0 0 0 0 454 100 400 1000 0 1000 100 100 358 350 0 1000 333 0 1000 1000 0 0 1000 0 0 0 0 900 350 1000 1000 0 850 0 0 766 300 375 750 0 1000 1000 0 0 66 1000 0 1000 66 297 455 0 1000 200 454 400 0 0 200 0 1000 1000 533 300 0 0 0 488 1000 25 0 0 750 0 0 0 325 100 0
#cardiffcity 2014-03-22
500 0 350 0 0 250 0 0 0 0 0 0 0 0 0 0 250 357 0 0 250 250 0 0 0 700 0 0 0 0 0 312 0 83 0 136 0 0 0 0 0 0 0 0 166 0 136 0 0 0 170 0 0 0 0 100 800 0 -20 500 -200 0 800 500 650 0 0 0 486 0 0 24 100 0 700 -83 -125 0 0 0 0 312 312 0 0 700 900 0 700 700 312 130 -52 -166 0 500 0 233 -300 0
900 0 300 0 0 333 0 0 0 0 0 100 0 0 0 0 625 535 0 0 200 333 0 0 0 900 0 66 0 0 0 333 0 333 66 500 0 0 0 0 0 0 0 0 272 0 500 0 0 0 454 0 0 0 0 400 400 0 166 500 700 66 400 400 500 0 0 1000 619 0 0 600 100 0 799 83 625 400 0 0 0 333 333 0 0 600 1000 0 825 600 333 770 66 166 0 833 0 666 450 0
#LFC 2014-03-22
125 178 -375 1000 0 0 0 0 0 -200 0 0 500 0 0 0 -400 0 500 0 136 327 0 516 0 0 0 0 122 800 170 117 400 466 0 100 90 342 68 0 500 325 400 -200 136 500 0 0 -200 -800 0 -21 275 136 0 0 500 136 136 0 -200 0 0 0 300 -600 0 320 136 -500 0 -506 355 350 -299 200 68 100 0 240 136 0 0 350 -200 68 0 62 -10 600 -194 -200 0 0 600 0 390 -155 170 0
1000 418 625 400 0 0 0 0 0 400 0 0 900 0 0 0 400 0 900 0 454 464 0 716 0 0 0 0 252 400 454 467 1000 674 0 200 469 617 227 0 500 925 1000 800 500 900 0 0 300 900 0 585 487 454 500 0 900 454 500 0 800 0 0 0 250 800 0 520 454 400 0 760 695 650 533 500 227 150 0 413 454 0 0 637 300 227 375 100 612 1000 288 800 0 1000 625 0 300 288 454 0
#EFC 2014-03-22
42 0 800 0 0 0 -150 0 0 0 541 0 500 400 149 350 0 100 400 0 0 0 0 -55 -200 250 0 0 -150 -200 0 812 700 700 0 0 -1000 0 100 0 181 -188 -325 400 0 0 112 800 0 1000 0 0 0 0 0 400 0 0 250 -700 500 0 0 0 0 300 -388 100 0 250 0 800 0 0 0 0 0 0 100 0 100 0 0 0 285 0 566 -50 -249 -2 0 0 0 250 0 399 0 0 0 -275
580 0 400 0 0 0 650 0 0 0 733 550 1000 416 700 650 0 400 225 0 400 400 0 611 100 750 0 0 700 200 0 800 600 600 0 0 1000 975 150 0 329 211 500 600 0 0 641 750 0 300 0 0 0 0 0 400 0 0 250 800 750 0 0 0 0 450 833 400 0 400 0 1000 0 0 0 1000 0 0 400 0 400 0 0 0 535 500 666 650 483 352 0 0 0 333 0 433 0 0 100 400
#Swans 2014-03-22
0 0 416 100 1000 212 400 -300 -300 650 400 0 0 468 0 400 0 0 0 0 0 0 -33 0 0 375 0 312 375 0 850 0 399 0 0 -200 -232 0 0 0 0 0 0 1000 0 0 400 200 0 750 0 600 200 0 500 400 0 0 0 0 350 0 0 0 0 0 0 0 -99 0 200 0 0 250 650 136 0 0 233 0 1000 1000 1000 172 0 0 0 400 400 0 233 0 0 0 0 800 0 0 122 318
0 0 1000 400 300 484 400 500 500 649 400 0 0 775 0 400 0 0 0 0 0 0 700 0 0 750 0 333 500 0 1000 0 433 0 0 383 371 0 0 0 0 0 0 300 0 0 400 500 0 400 0 1000 500 0 833 400 0 0 0 0 550 1000 0 0 66 0 100 0 700 0 100 66 0 900 200 500 0 0 433 0 1000 1000 1000 394 0 0 0 233 233 0 433 0 1000 500 0 400 0 1000 588 700
#hcafc 2014-03-22
0 0 0 100 0 162 562 -55 0 200 0 0 -180 0 0 0 -118 850 0 500 0 0 350 0 64 0 0 -125 -750 0 -400 -400 375 -250 -100 0 -24 233 -125 0 50 150 0 0 0 250 -500 350 0 0 0 0 233 0 0 0 0 0 16 0 0 0 -266 -200 -24 -799 200 0 0 500 0 0 0 0 -500 -250 -250 0 0 0 0 0 -500 0 0 0 -25 99 150 49 0 0 0 -66 0 100 -500 -500 0 0
228 500 0 100 500 216 1000 144 0 700 0 1000 378 0 0 0 96 1000 0 888 0 0 350 0 333 0 0 694 1000 66 900 900 525 250 400 0 544 766 694 0 250 341 0 0 0 600 1000 350 0 0 0 0 727 0 0 0 0 0 466 0 0 300 633 800 544 1000 200 0 0 500 0 0 0 0 550 500 500 0 0 0 0 0 1000 0 750 0 262 500 649 700 0 0 0 666 0 1000 1000 1000 0 0
#WBA 2014-03-22
-500 800 0 350 0 0 399 0 33 266 0 275 -66 0 142 0 200 -118 333 0 800 0 0 0 0 0 0 0 0 0 0 0 0 0 118 200 0 0 0 0 0 0 0 0 0 0 0 0 -200 0 0 0 0 0 0 -125 74 0 0 0 0 0 0 0 0 0 0 0 0 500 0 0 0 0 0 300 500 0 0 850 0 0 500 875 700 650 437 800 500 0 566 437 0 0 387 800 400 1000 0 -500
1000 750 0 350 0 0 208 100 200 166 0 650 522 500 267 0 700 450 366 0 1000 0 0 0 0 0 0 0 0 0 0 0 0 0 268 516 0 0 0 0 0 0 0 0 0 0 0 0 800 0 0 0 0 0 0 375 300 0 0 0 0 0 0 0 0 0 0 0 0 750 0 0 0 0 0 325 1000 0 357 1000 0 0 500 600 600 625 337 1000 500 0 341 337 0 1000 458 900 800 300 0 400
#MCFC 2014-03-22
-200 0 0 0 0 233 0 0 0 750 312 600 0 1000 0 285 0 0 366 0 0 412 0 500 250 99 0 454 0 223 800 700 0 0 0 0 0 0 0 0 0 0 616 0 0 -625 0 -100 333 0 800 0 -333 -66 0 125 0 0 223 0 0 0 250 0 750 666 0 0 250 0 0 0 155 0 -62 0 0 -50 700 0 285 0 0 266 0 250 0 0 0 525 375 0 250 0 0 -150 250 49 0 0
400 1000 0 750 0 333 125 0 0 750 401 1000 0 750 0 535 0 0 466 0 0 500 0 1000 250 300 0 845 0 267 750 600 0 0 0 0 0 0 0 0 0 0 741 0 0 483 0 150 833 50 400 0 466 533 125 216 0 0 267 0 0 0 500 0 750 666 0 0 1000 0 0 1000 411 0 575 0 0 750 750 0 535 0 0 650 0 266 0 0 0 516 500 0 562 0 0 100 266 355 0 0
#FFC 2014-03-22
0 -250 0 -250 -250 -250 -250 -250 -250 -250 -250 -250 0 0 -250 0 -250 0 -250 0 0 -250 0 468 100 800 0 412 800 0 0 1000 0 0 -666 250 609 800 400 110 110 0 600 0 625 0 0 0 500 500 500 0 700 0 -250 0 0 250 0 400 83 0 0 0 0 500 0 500 0 0 0 100 437 200 0 187 312 0 375 0 1000 100 125 -400 -400 -150 0 400 500 -50 -50 0 104 -50 0 0 0 225 -200 0
0 233 0 233 233 233 233 233 233 233 233 233 142 0 233 0 233 0 233 0 0 233 0 602 400 400 0 500 750 0 0 1000 0 0 1000 800 787 750 400 363 363 66 550 0 500 0 0 100 500 1000 500 0 600 0 750 300 0 200 0 375 525 0 0 0 0 212 0 650 0 0 0 650 337 200 0 444 333 0 500 0 300 225 75 900 900 683 0 200 833 200 200 0 677 300 250 0 0 650 400 0
#NUFC 2014-03-22
500 -266 -375 656 136 0 0 -400 100 149 0 409 200 0 399 -750 0 250 625 333 -216 0 287 200 -350 409 0 500 0 350 300 100 500 0 -50 -31 0 -99 -100 0 250 -200 -297 266 0 -400 0 100 625 625 0 700 268 1000 268 700 0 0 0 275 0 400 550 0 100 500 285 0 -200 178 -166 -125 -166 -49 250 -166 -500 400 0 0 316 500 0 0 0 -400 500 -33 178 1000 500 0 0 433 250 0 0 287 0 100
600 433 200 625 454 0 0 400 600 600 0 563 400 0 600 800 0 250 625 394 238 0 637 200 733 563 0 600 250 650 300 319 500 100 233 375 0 350 666 0 333 200 425 333 0 600 0 1000 500 500 0 600 484 300 484 600 0 0 0 775 0 950 950 0 266 600 535 0 50 335 500 375 500 600 100 500 400 408 0 0 458 900 0 0 0 400 500 850 335 1000 500 0 0 466 279 0 0 637 0 300
#CPFC 2014-03-22
-66 500 0 0 679 0 166 350 0 0 0 0 148 100 0 500 500 -390 0 0 0 600 0 200 0 172 250 -656 0 600 -500 0 0 0 0 -75 151 -500 500 400 0 0 0 300 0 136 250 -200 0 136 0 0 0 200 0 -400 -1000 -66 266 366 250 640 0 0 0 0 625 0 4 -131 562 0 -66 0 300 312 300 375 375 0 0 -200 450 0 -500 136 0 0 700 -400 0 -93 0 0 0 0 0 875 0 104
600 600 450 0 658 0 166 300 0 0 0 0 329 100 0 1000 500 644 0 125 0 1000 0 700 0 238 500 750 0 600 400 0 125 0 0 366 393 900 500 400 0 0 125 525 0 500 200 600 0 500 0 0 0 500 0 400 1000 233 155 796 500 950 0 0 0 0 500 0 522 450 900 0 500 0 350 333 350 500 500 0 0 400 644 0 500 500 0 0 600 400 0 175 0 0 0 0 0 799 0 351
#ncfc 2014-03-22
0 0 162 0 350 50 0 0 0 0 0 0 275 0 -400 0 100 200 900 200 0 -250 0 0 0 0 0 0 -250 468 0 0 750 100 625 725 0 -66 0 112 -155 354 -200 0 300 -300 0 -500 0 0 -200 100 50 0 116 0 -300 233 0 225 -300 166 -300 800 0 600 -155 250 0 800 500 0 0 0 800 800 0 0 -50 0 399 199 0 250 550 0 0 160 -200 316 0 -500 0 0 0 -400 -200 0 0 0
0 100 554 0 300 500 0 0 0 0 0 0 650 0 400 0 100 100 400 100 0 350 0 0 0 0 357 0 350 750 0 533 450 400 500 683 0 308 0 144 288 420 250 100 283 600 0 1000 0 0 200 100 325 0 766 0 600 577 0 441 600 211 600 400 0 600 377 450 0 400 900 1000 0 0 400 400 0 0 200 0 400 577 0 500 750 1000 1000 704 100 344 0 500 0 0 0 400 800 100 0 0
#SAFC 2014-03-22
0 0 0 0 0 350 100 600 0 0 437 330 0 0 0 350 0 200 0 0 900 0 1000 0 900 0 1000 -77 0 200 250 250 250 0 0 0 333 0 170 0 -125 -257 0 800 0 0 0 -800 170 0 0 425 0 0 0 168 0 0 250 312 375 300 166 1000 600 412 0 200 579 -155 -125 -125 400 225 0 0 0 0 0 0 233 0 0 0 0 0 0 -50 166 375 66 50 0 116 -214 -95 0 200 0 500
0 0 0 0 100 350 300 900 0 0 625 900 0 0 0 300 0 400 0 0 350 0 300 0 400 0 1000 144 0 200 200 200 200 0 0 0 833 0 500 0 650 717 0 400 0 0 1000 900 544 0 0 525 0 0 0 400 0 0 300 333 500 200 766 1000 1000 650 0 500 850 377 187 187 800 325 0 0 0 0 0 0 566 0 0 0 0 0 0 200 399 625 566 200 0 516 478 283 1000 600 0 500
#CFC 2014-03-22
-125 0 178 0 0 0 -200 0 0 0 0 250 0 0 218 0 0 750 0 500 450 0 0 0 325 0 0 400 0 0 0 500 1000 0 0 0 0 0 0 0 0 0 666 41 570 500 100 0 1000 0 900 -299 100 200 200 400 200 325 100 0 1000 0 0 0 -117 -333 0 0 0 900 341 0 0 200 -37 1000 500 0 0 0 703 0 500 0 0 400 0 500 0 500 0 500 0 0 0 800 0 375 300 0
375 0 418 0 0 0 400 0 0 0 125 1000 0 250 477 0 0 800 0 500 549 0 0 0 925 0 0 800 0 0 0 1000 1000 0 0 0 0 0 0 0 100 0 833 483 720 750 183 0 1000 0 650 533 150 500 300 1000 300 925 150 0 1000 0 0 0 453 1000 0 0 0 350 500 0 0 300 833 1000 150 0 0 0 700 0 625 0 0 625 0 150 0 500 0 150 0 0 1000 400 0 750 750 0
#AFC 2014-03-22
0 500 500 -200 -200 -200 -200 -200
0 500 600 200 200 200 200 262
#COYS 2014-03-16
400 0 0 0 800 650 100 -95 300 0 0 650 566 -150 0 0 200 250 -200 0 0 130 0 0 25 -525 399 243 0 0 70 400 0 33 320 -500 250 50 200 0 407 145 0 0 387 387 261 433 416 0 1000 0 1000 0 0 0 1000 0 500 300 0 250 -99 300 0 300 175 500 0 346 500 0 0 16 -400 0 350 650 -468 0 152 87 800 800 0 500 -699 0 0 58 0 5 750 0 0 -291 350 266 700 450
562 700 0 0 400 450 133 770 555 0 0 450 566 262 0 0 575 100 233 0 0 500 0 0 400 700 541 718 66 0 611 900 125 333 446 700 100 150 100 0 370 233 0 0 360 360 367 799 635 0 1000 125 300 0 0 0 1000 0 1000 300 0 293 300 350 1000 100 600 829 0 766 500 0 0 133 400 0 650 1000 400 0 190 545 400 750 0 500 666 0 0 416 0 500 800 66 0 522 550 375 600 525
#AFC 2014-03-16
0 200 0 0 -150 -150 0 0 0 0 0 0 175 0 0 0 0 285 0 500 468 0 -150 400 0 400 -150 0 0 136 250 -266 283 0 0 -187 400 -200 0 0 166 400 400 -200 0 0 166 -400 0 49 -400 0 -400 250 500 0 575 350 0 0 0 600 223 0 800 -400 0 0 0 130 0 500 50 0 200 -327 99 100 0 200 0 250 0 33 -150 0 166 400 200 0 0 300 -33 0 0 0 566 437 -200 300
0 100 100 0 262 262 0 0 0 0 0 0 575 0 0 0 0 535 0 433 427 0 262 200 125 400 262 125 0 454 652 966 483 0 0 500 200 350 0 125 66 200 200 350 0 125 66 700 0 600 700 0 700 100 500 0 525 300 0 0 0 1000 634 0 400 400 0 0 0 390 0 500 150 0 200 644 366 600 0 100 400 450 300 399 400 0 66 200 200 0 0 0 683 0 1000 0 796 337 800 0
#MUFC 2014-03-16
500 800 800 500 0 0 0 250 -400 0 0 0 -400 0 800 0 149 551 100 31 800 1000 -400 0 500 -100 0 0 50 0 -200 0 400 600 500 0 0 750 -750 0 0 0 0 0 0 250 0 0 0 200 0 0 0 0 0 0 -250 -400 0 0 0 -250 500 0 0 0 -400 512 625 -400 0 0 0 0 0 0 -250 100 0 468 -312 500 200 0 1000 1000 49 0 0 0 -316 0 0 -316 0 0 0 0 0 366
500 400 400 500 0 0 0 333 400 0 0 0 400 0 400 0 500 736 350 450 400 1000 600 0 750 600 0 0 433 0 400 0 512 1000 500 0 0 1000 1000 0 0 0 0 0 0 333 0 0 0 200 0 0 0 0 0 0 400 400 0 0 0 450 750 0 500 500 400 551 650 600 0 0 0 0 0 0 500 150 0 366 400 750 400 0 1000 300 575 0 0 0 300 0 0 300 0 0 0 0 0 300
#LFC 2014-03-16
0 600 500 0 0 500 0 0 0 0 600 0 0 412 1000 -87 0 -400 0 195 -316 0 350 350 0 0 0 0 500 500 -266 0 0 0 -316 0 125 0 80 0 0 800 800 300 900 0 200 0 0 0 0 0 200 0 0 200 0 0 600 0 0 562 0 0 136 208 -125 0 0 199 -131 566 250 0 100 400 1000 0 149 -500 0 1000 -529 0 0 0 0 50 0 1000 0 0 400 0 500 136 0 -150 500 180
0 900 500 0 0 500 0 0 0 0 1000 0 0 500 300 400 0 400 0 400 300 0 650 650 0 0 0 0 500 500 644 0 0 0 300 1000 483 0 538 0 0 400 400 595 1000 0 300 0 0 0 0 0 300 0 0 300 0 0 950 0 0 819 0 0 454 394 400 0 0 433 450 708 200 0 200 700 700 0 500 1000 0 300 655 0 0 0 0 200 0 300 0 0 900 125 500 454 0 600 600 539
#AVFC 2014-03-15
-66 0 500 -208 333 -600 100 0 -506 50 97 0 700 0 300 8 100 1000 0 0 0 133 392 0 -600 0 0 0 0 33 625 -349 0 -250 0 585 0 0 0 300 0 -16 650 412 0 500 166 0 200 -16 0 200 0 366 300 366 300 400 600 300 -333 300 0 0 300 300 533 666 0 0 0 0 0 0 0 0 0 0 0 0 0 200 0 9 0 0 0 0 0 0 375 0 0 107 125 0 0 200 0 250
399 33 500 166 466 1000 400 0 713 200 557 0 600 1000 650 391 200 1000 0 0 357 199 517 0 1000 0 0 0 0 375 900 333 0 400 0 750 0 0 0 650 0 888 625 675 0 500 366 0 200 888 0 200 0 733 650 733 650 800 600 650 666 650 0 0 650 650 883 533 0 0 0 0 0 0 0 0 0 0 0 0 0 200 0 610 0 0 0 0 0 0 775 0 1000 785 166 0 0 750 400 1000
#CFC 2014-03-15
0 0 333 250 0 0 0 200 350 0 0 0 0 -387 700 -300 -200 136 0 0 425 0 0 -62 0 -400 0 500 1000 619 0 0 550 0 0 0 500 -278 136 350 0 400 -316 -316 500 0 355 -250 500 0 0 0 800 200 500 0 -316 0 0 -316 -316 0 0 0 0 -750 -233 433 0 600 583 800 0 0 0 0 1000 800 0 900 1000 1000 -250 1000 0 166 -200 0 -200 0 0 0 -213 -699 600 225 0 392 0 654
0 0 750 500 500 0 0 300 500 0 100 0 0 775 600 400 616 454 0 0 625 0 0 500 0 600 0 600 1000 523 66 0 200 0 0 0 600 675 500 550 0 450 300 300 600 0 600 399 600 0 0 0 400 100 150 0 300 0 0 300 300 0 0 0 0 1000 222 833 0 1000 766 400 0 0 300 0 1000 400 0 350 400 400 399 400 0 666 800 0 233 0 0 0 322 666 449 600 0 517 0 450
#EFC 2014-03-15
0 575 0 -166 -144 0 327 0 0 0 400 0 0 600 0 1000 0 -40 0 0 500 0 -1000 0 500 0 1000 0 0 500 278 0 0 0 0 0 0 0 0 0 0 0 0 -100 0 0 416 0 800 0 0 0 0 0 0 0 0 0 0 0 0 0 0 250 558 558 -600 0 437 510 100 0 200 0 0 0 1000 0 0 -500 800 0 0 0 0 700 0 0 0 0 0 136 500 0 0 -312 -100 365 0 200
0 575 66 833 600 0 799 0 0 0 400 0 0 916 0 300 0 413 0 0 1000 100 1000 0 500 0 600 0 0 500 385 0 0 0 0 0 0 0 0 0 0 0 0 50 50 100 444 0 875 0 0 0 0 0 0 0 0 0 0 0 0 0 1000 333 533 533 650 0 650 500 650 0 400 0 0 0 1000 0 0 1000 1000 0 0 0 0 900 0 0 0 0 333 454 600 0 0 687 100 538 0 575
#cardiffcity 2014-03-15
0 0 0 0 1000 416 250 1000 0 0 0 170 344 0 0 0 0 0 0 0 0 0 0 -1000 0 0 1000 0 1000 500 0 0 0 0 0 500 204 0 0 909 0 0 500 0 0 0 400 0 0 0 0 0 500 0 312 500 100 675 0 0 0 0 0 1000 375 0 0 0 400 -312 0 400 0 0 68 0 0 0 0 382 0 0 0 0 400 0 800 500 0 0 0 150 0 1000 0 500 600 0 0 0
100 0 0 0 750 500 200 750 0 0 0 500 388 0 0 0 0 0 1000 66 0 0 0 1000 0 0 1000 0 1000 500 0 0 0 0 0 600 733 0 0 780 0 500 1000 100 0 0 900 0 0 0 0 0 400 0 333 888 800 800 0 0 0 0 0 1000 944 625 0 0 400 262 0 550 0 0 377 0 0 0 0 750 0 0 0 0 500 0 700 600 0 0 0 800 0 600 66 266 900 0 0 0
#FFC 2014-03-15
0 0 0 0 0 0 0 0 0 0 0 0 0 0 0 -500 0 800 300 0 500 0 206 0 600 0 500 0 150 500 800 -200 0 0 900 21 0 0 0 0 0 0 0 0 0 0 0 0 500 0 250 0 -55 -500 0 0 0 0 0 0 0 -104 0 0 500 195 0 -187 0 0 -100 0 175 -133 -400 0 0 0 0 0 0 0 0 0 0 500 -157 0 333 0 0 -400 0 0 0 100 700 -200 0 0
0 0 0 0 0 0 0 66 0 0 1000 0 0 0 550 400 937 750 600 0 700 0 638 0 900 0 500 0 25 500 750 450 0 0 525 518 0 0 0 0 62 0 0 0 0 0 0 0 500 0 200 1000 55 900 0 100 0 0 0 0 1000 418 0 0 500 666 0 500 0 0 83 250 275 600 400 0 0 0 0 0 0 0 0 0 0 500 481 0 568 0 0 400 66 0 0 400 600 233 0 38
#NUFC 2014-03-15
0 -100 45 705 -700 0 250 500 0 -200 -6 0 0 -625 400 50 333 200 0 0 0 136 0 500 800 0 0 -875 200 -350 400 600 0 0 -350 250 500 400 142 0 -500 -150 475 250 0 0 0 0 0 -250 0 350 -625 -200 0 0 -109 312 700 0 -400 0 0 -375 875 300 0 233 0 200 0 40 250 0 366 -550 -83 500 450 450 0 200 400 100 0 136 244 0 125 0 0 49 -1000 350 0 -194 850 750 -500 399
66 400 518 656 200 0 333 600 0 200 233 0 100 400 500 300 600 200 0 0 0 454 0 500 750 0 100 200 200 150 500 1000 550 0 100 450 300 900 267 0 700 300 800 283 0 0 0 0 0 400 0 500 400 800 0 0 400 613 750 500 600 0 0 400 600 455 0 322 0 400 0 166 283 0 583 650 216 500 500 500 0 300 800 1000 0 454 388 1000 199 0 0 512 1000 500 0 450 800 800 900 533
#SaintsFC 2014-03-15
-500 28 200 0 150 100 250 0 0 136 0 800 800 500 0 -350 0 500 700 0 600 250 250 500 212 875 0 0 875 242 1000 0 0 500 -12 700 536 350 700 0 500 0 875 700 -83 700 250 -187 433 200 875 0 875 316 375 375 312 250 250 312 525 0 -200 312 800 500 0 -183 0 200 0 1000 0 200 324 116 600 600 366 0 0 33 260 300 175 0 0 400 0 800 1000 125 0 700 800 0 412 700 900 700
1000 618 200 0 300 300 250 100 0 454 0 700 400 500 0 383 0 500 600 0 900 200 200 666 383 600 0 0 600 372 300 0 0 616 637 600 460 800 600 0 616 100 600 600 375 600 250 687 533 500 600 0 600 352 500 500 333 450 333 475 633 0 700 333 1000 800 0 633 0 400 0 750 0 200 375 144 550 550 366 0 0 500 780 549 691 0 0 600 0 875 300 750 0 600 1000 0 384 600 1000 600
#ncfc 2014-03-15
0 -890 625 75 0 0 170 170 1000 -53 550 250 0 0 0 500 214 250 -49 -166 566 598 233 133 -100 0 0 700 800 437 0 -600 0 250 -243 -96 350 21 218 0 0 0 0 0 600 0 269 0 0 400 0 0 0 0 0 -305 0 500 -41 800 0 -83 0 800 800 0 0 0 0 0 100 0 -600 400 0 0 0 0 0 0 0 400 0 0 400 0 250 400 312 24 -262 66 500 0 -25 0 750 0 0 275
0 800 366 325 0 0 500 500 1000 466 775 333 0 0 0 500 571 666 533 433 666 625 433 405 400 0 0 600 900 687 0 1000 0 562 288 483 300 637 795 400 100 0 0 0 800 750 766 0 400 375 0 0 0 0 0 727 0 600 420 400 0 716 0 400 1000 0 0 0 0 0 383 0 1000 400 0 500 0 0 0 0 0 400 0 0 400 0 250 400 1000 412 387 100 500 0 341 0 625 0 0 650
#SCFC 2014-03-15
100 99 0 350 136 0 0 0 -1000 -200 0 0 68 250 0 0 -155 0 416 0 0 0 0 700 308 0 0 0 400 400 78 0 244 0 0 0 0 0 97 0 0 -200 -50 0 0 350 350 22 166 22 400 0 0 0 0 -200 0 0 250 0 0 0 150 675 250 200 250 700 0 400 -400 0 333 0 350 500 350 0 0 400 400 100 0 383 0 250 100 0 118 0 1000 250 400 68 0 -125 0 500 200 200
400 700 0 350 454 0 0 0 600 50 0 0 227 500 0 0 288 0 750 0 0 0 0 600 350 0 0 0 400 400 650 0 455 1000 0 0 0 0 469 0 0 550 400 0 0 650 650 294 716 294 375 0 0 0 0 225 0 0 333 1000 0 0 525 475 250 500 500 600 0 375 600 0 466 0 500 650 500 0 0 400 800 266 0 450 0 350 400 0 427 0 300 200 400 289 0 250 0 500 300 300
#WHUFC 2014-03-15
0 0 0 68 0 0 300 0 175 300 0 0 0 0 -200 -200 0 0 0 0 1000 378 33 500 -250 976 0 600 68 491 0 0 212 0 300 0 0 1000 500 -16 0 0 445 0 0 0 0 0 1000 0 0 800 0 625 0 0 -325 500 0 400 0 0 0 0 0 0 -200 166 0 0 650 50 0 0 0 0 0 0 0 200 400 0 125 300 375 312 0 0 -266 0 700 216 500 0 0 0 350 0 0 500
0 0 0 227 0 0 450 1000 275 450 0 0 0 0 700 700 66 100 0 0 1000 641 66 500 1000 500 0 1000 227 883 0 0 451 0 100 0 0 400 600 199 0 0 534 0 0 0 76 0 1000 0 100 1000 0 366 0 0 650 500 0 200 0 0 0 0 0 0 250 408 0 100 700 350 100 0 0 0 0 0 0 200 800 0 500 100 500 333 0 0 733 300 1000 616 900 0 0 0 300 0 0 900
#SAFC 2014-03-15
-400 0 0 357 250 454 -350 333 -243 0 0 -800 0 0 122 492 0 -600 329 400 0 48 0 278 0 -156 -50 500 0 -200 850 200 0 0 -204 -666 250 0 528 0 800 800 750 650 0 -199 0 -1000 -50 -50 166 0 170 350 0 0 0 125 0 0 0 0 375 375 312 0 0 -500 -375 400 800 0 -131 0 152 587 0 400 400 650 213 400 0 45 0 -200 1000 166 400 -200 100 750 -166 0 250 0 0 433 164 300
400 0 0 535 437 423 100 622 522 0 0 800 0 0 690 567 100 900 611 800 100 277 0 385 0 375 400 1000 0 100 800 400 0 0 762 1000 200 100 595 0 400 400 525 450 0 466 0 1000 200 200 166 0 500 400 0 0 0 300 0 0 0 0 500 500 333 0 250 1000 625 800 750 0 737 0 383 875 0 800 700 800 454 700 0 451 0 200 300 466 400 200 400 500 433 0 333 0 0 399 271 100
#CPFC 2014-03-15
0 -250 33 0 0 0 0 0 0 0 0 0 0 250 -37 500 50 0 133 666 0 0 0 0 0 0 0 0 0 0 0 0 166 250 250 250 250 136 0 170 0 0 0 0 368 500 -300 0 0 0 0 0 375 312 -400 250 100 0 0 850 0 102 333 0 -249 273 500 0 -500 -400 0 0 -300 0 800 200 -125 0 0 0 0 0 0 0 0 -400 300 125 640 0 -300 -1000 781 0 0 0 -250 200 0 200
0 450 633 0 0 0 0 0 0 100 66 0 100 333 400 500 450 962 699 733 0 0 0 0 0 0 0 0 0 0 0 0 611 200 200 200 200 500 333 500 0 0 1000 0 677 833 750 0 0 0 0 0 500 333 900 900 400 66 0 550 0 594 933 0 200 647 500 66 800 400 0 0 300 0 400 200 600 0 0 0 0 0 0 0 0 500 333 400 550 0 500 1000 500 0 0 0 300 200 0 500
#Swans 2014-03-15
250 0 253 50 175 625 0 0 0 0 50 -250 0 0 -266 0 0 0 400 300 0 0 0 0 -266 400 0 250 250 0 250 250 0 247 250 0 0 0 0 0 -600 312 0 0 0 0 0 0 0 0 100 0 302 0 -600 68 0 0 0 0 0 0 0 0 0 75 400 0 0 0 100 500 0 50 400 200 0 250 0 500 175 0 -400 0 166 443 50 0 0 400 0 0 0 0 0 -150 0 0 300 0
500 0 465 600 894 500 0 0 0 0 600 333 0 0 333 0 0 0 1000 750 0 0 0 0 333 1000 0 200 200 0 1000 337 0 405 1000 0 0 0 0 0 900 333 0 0 0 0 0 0 0 0 300 750 678 0 1000 393 0 0 0 0 0 0 0 0 1000 470 400 0 0 0 900 750 0 500 400 500 0 500 0 800 425 0 400 66 666 727 200 750 0 400 0 100 0 466 0 350 0 0 750 0
#WBA 2014-03-15
0 0 0 200 0 1000 0 261 0 -454 142 0 0 0 -25 -266 400 0 454 -266 400 909 510 0 100 -210 66 0 0 284 1000 0 0 0 -1000 0 0 400 50 0 0 0 55 600 0 33 199 0 148 0 0 0 0 0 47 0 -455 0 66 233 0 -100 800 0 0 500 0 0 0 500 400 0 0 0 0 0 500 500 500 0 0 0 0 0 273 400 -200 0 400 -49 -111 0 0 -388 0 400 144 400 0 375
0 0 0 100 0 750 0 345 0 541 267 0 0 0 200 333 1000 0 480 333 1000 780 705 0 150 426 566 0 0 545 1000 0 0 0 1000 0 0 1000 200 0 0 0 916 1000 0 666 333 0 596 0 0 0 0 0 311 0 799 0 399 283 0 550 1000 0 0 833 0 900 0 833 375 0 0 0 0 0 833 833 833 0 0 0 0 0 325 233 50 0 700 200 199 0 0 833 0 800 833 250 0 750
#hcafc 2014-03-15
536 -350 -250 0 0 0 0 0 -400 200 500 500 0 0 0 600 0 0 325 266 418 0 -131 0 -166 333 -76 0 200 250 0 566 0 0 500 350 0 327 588 0 136 200 500 400 292 0 0 0 800 400 125 333 0 0 -200 0 233 637 318 0 0 0 0 360 0 -400 -400 566 0 0 1000 160 237 -358 0 375 433 416 625 0 0 0 172 0 -66 250 433 0 -3 -125 0 0 1000 0 0 0 0 0 0 0
702 150 700 0 500 0 0 0 700 400 1000 1000 0 1000 0 1000 0 0 325 322 527 0 450 125 166 833 269 0 200 691 0 733 0 0 900 300 0 366 650 0 454 300 500 450 450 0 0 0 400 500 758 833 0 0 350 0 366 675 643 0 1000 1000 0 413 0 900 900 666 0 0 1000 539 312 350 300 750 333 666 900 0 500 0 394 100 466 300 416 0 613 375 0 0 300 0 1000 0 0 0 0 0
#MCFC 2014-03-15
0 200 0 0 0 1000 200 0 0 0 0 366 106 -62 250 0 1000 500 0 0 -66 1000 0 -316 327 -200 350 500 600 -27 0 625 0 700 175 250 -316 0 0 800 0 0 350 650 1000 1000 0 625 200 0 500 0 -232 -600 0 200 0 0 -400 -500 875 24 -77 650 250 700 83 0 500 1000 0 0 0 0 875 -25 166 0 -200 0 0 0 0 0 378 0 800 0 0 -200 -175 0 333 0 0 0 0 0 734 250
100 200 0 0 0 300 400 0 0 0 0 333 250 500 333 0 300 600 0 0 533 300 1000 300 650 800 600 350 1000 244 0 650 0 700 287 850 300 0 0 1000 1000 0 600 450 300 400 0 900 300 0 333 0 323 1000 0 200 0 0 400 200 600 725 144 1000 250 600 583 0 150 300 0 650 0 0 600 233 600 0 800 0 0 0 0 0 518 0 750 0 0 250 300 0 750 0 0 66 0 0 475 1000
#CFC 2014-03-08
800 400 0 160 0 500 0 0 0 0 -150 0 800 200 -750 250 0 1000 125 400 800 200 0 2 0 700 466 375 500 800 200 366 200 166 175 500 0 1000 0 -75 0 0 800 525 -400 800 750 0 0 200 200 0 800 0 0 0 375 0 125 -693 0 0 125 0 0 587 900 0 0 0 0 100 800 600 293 400 0 0 0 0 200 0 0 0 400 379 0 0 0 800 0 0 0 500 0 500 1000 0 0 900
400 400 0 427 0 500 0 0 0 0 444 0 400 500 900 333 0 1000 900 400 400 500 0 513 0 600 733 500 500 500 500 500 500 366 524 1000 0 1000 0 366 112 0 400 312 400 750 1000 0 0 500 500 0 400 66 0 0 500 0 900 555 0 0 900 0 0 512 450 0 0 0 0 1000 400 900 375 400 0 0 0 500 300 0 100 0 400 422 0 400 0 1000 0 0 0 500 0 500 1000 0 0 450
#COYS 2014-03-08
100 -12 333 500 -166 -12 479 0 -12 400 -155 375 0 250 0 0 250 -333 0 -500 0 0 0 500 0 0 0 0 600 525 0 96 400 0 600 250 0 -283 250 0 0 0 100 500 0 250 0 0 93 583 875 -75 50 0 0 0 0 0 0 0 800 -142 0 -16 0 0 250 -261 200 500 0 0 -1000 100 266 408 0 800 312 0 625 0 -750 0 350 -250 1000 0 0 0 0 800 500 0 416 0 -207 0 0 700
200 387 666 1000 433 387 716 0 387 500 288 400 0 1000 333 0 250 666 0 500 0 0 0 600 0 0 0 0 900 875 0 550 400 0 900 333 0 333 200 0 0 0 233 496 0 1000 0 1000 825 666 600 825 400 0 0 0 0 0 0 0 400 447 0 300 562 0 333 537 166 500 0 0 1000 400 533 700 0 750 200 0 500 0 750 0 400 250 300 0 0 0 0 750 400 0 500 0 601 0 0 600
