#AFC 2013-09-01
0 30 -976 -699 0 150 80 150 80 400 500 0 -625 0 100 139 700 400 195 10 0 322 166 0 0 500 0 0 68 0 750 375 -750 -400 700 261 0 700 0 178 0 0 200 500 250 -400 0 0 0 0 537 0 0 0 200 0 68 0 -400 0 21 -600 0 -500 700 -223 -250 0 0 0 -300 350 0 0 -250 0 0 0 0 0 -200 250 437 350 0 0 -800 0 0 136 250 43 0 -800 -250 250 0 -333 0 200
0 170 600 666 0 300 269 300 269 800 500 100 600 0 550 416 600 800 400 533 0 458 383 0 0 500 1000 0 227 0 800 650 800 700 600 386 100 600 0 267 0 0 500 649 200 700 100 0 0 0 500 0 0 0 500 0 227 0 700 0 858 800 0 616 600 285 250 0 0 0 400 650 0 0 750 0 0 0 0 0 350 300 337 650 0 0 900 0 0 454 750 375 0 900 1000 1000 0 666 0 200
#COYS 2013-09-01
362 781 0 500 850 500 625 0 -104 357 0 0 225 -291 600 800 442 0 0 0 0 0 250 0 116 0 0 200 0 -99 437 75 0 -100 0 800 250 500 202 500 0 641 100 0 0 0 170 0 0 500 0 558 333 400 0 587 400 -1000 233 500 0 -234 400 462 0 0 1000 0 0 0 -400 800 0 250 136 0 0 0 0 0 1000 0 0 0 416 0 500 0 -699 -250 0 250 0 243 0 0 800 0 566 0
750 1000 0 600 1000 200 625 750 133 535 0 0 200 541 900 600 717 0 0 0 0 0 200 0 383 0 0 150 0 199 300 916 0 100 0 900 200 500 469 500 283 549 150 0 0 0 401 0 0 1000 0 535 708 900 0 575 450 800 433 600 0 500 641 600 0 0 300 0 0 0 600 750 0 300 454 0 0 0 0 0 1000 0 600 0 708 562 500 0 666 400 0 1000 0 737 100 0 900 0 700 0
#LFC 2013-09-01
0 0 0 500 0 0 68 0 33 500 500 285 0 550 0 875 0 400 200 800 -125 399 0 500 -183 0 381 0 0 516 1000 0 -300 200 0 0 0 0 0 0 0 0 0 66 0 -250 161 0 0 0 0 650 363 50 0 0 500 363 100 0 0 0 0 433 363 0 0 500 500 100 0 428 0 0 0 136 0 0 0 0 800 0 250 0 -249 0 0 0 -27 250 399 150 1000 -750 -183 700 0 11 400 0
0 0 0 500 0 0 250 0 549 500 500 535 0 750 0 600 0 375 200 400 400 566 0 900 933 0 818 0 0 733 300 500 500 500 0 0 0 0 0 0 0 100 0 533 0 1000 478 0 0 0 0 625 722 525 0 0 500 722 400 0 0 0 0 416 722 0 0 500 900 400 100 500 0 100 0 454 0 0 1000 0 775 0 800 0 500 0 0 76 291 500 300 650 900 1000 333 600 0 445 900 0
#MUFC 2013-09-01
58 0 0 0 0 0 500 0 -600 300 0 0 0 0 233 25 0 400 700 0 -300 0 1000 133 750 0 700 350 600 0 445 0 0 0 -1000 -68 0 0 0 -69 -572 156 0 -200 1000 0 -250 200 0 0 200 0 250 -800 500 400 312 0 0 175 166 466 0 0 -699 0 0 800 0 166 0 -101 0 0 0 0 466 1000 800 0 0 0 0 0 87 -200 -71 0 312 0 0 1000 -400 0 -500 0 0 -400 0 0
491 0 0 0 0 0 500 0 1000 100 0 0 0 0 708 300 0 462 600 0 500 0 400 355 625 0 600 650 1000 0 750 0 0 0 1000 454 100 0 0 300 843 900 0 800 600 0 533 100 750 0 500 0 500 900 500 500 750 0 0 800 875 441 0 0 666 0 0 750 0 875 0 272 0 0 0 0 441 1000 700 0 100 0 0 0 387 366 214 0 750 0 0 1000 400 0 937 0 100 400 0 300
#WBA 2013-09-01
-500 500 136 112 0 33 400 62 -200 0 200 0 0 0 0 0 -150 -150 0 200 358 781 6 0 0 0 500 0 0 0 100 -100 600 0 0 125 225 -10 250 250 266 50 75 175 -600 800 -449 0 0 0 0 -600 0 0 0 260 0 466 250 0 500 0 0 0 233 344 0 -62 700 0 -750 500 100 250 0 0 -400 0 0 0 -166 0 285 350 166 -14 60 0 300 0 250 266 0 0 0 0 250 492 0 0
533 500 454 633 0 422 700 534 200 0 200 333 700 0 0 66 350 900 0 200 360 900 575 0 0 100 500 0 0 0 500 550 900 0 0 900 100 218 300 250 199 429 325 366 1000 400 600 0 300 0 1000 800 66 0 0 260 0 600 250 0 500 0 0 0 600 366 0 766 800 0 1000 500 900 1000 0 0 400 0 500 0 255 0 443 533 208 616 666 300 750 0 300 333 66 0 0 0 1000 625 0 0
#Swans 2013-09-01
0 0 -62 0 -62 0 -62 -62 0 0 0 311 0 -25 -112 0 0 800 233 0 0 -800 0 0 0 0 0 500 600 0 0 800 0 250 0 0 0 0 0 0 0 0 0 800 0 800 350 0 -400 250 0 250 0 0 0 400 0 0 1 137 0 0 0 100 0 333 0 0 0 518 0 0 322 800 600 -100 350 0 800 100 0 -125 600 250 136 0 0 0 0 0 0 0 0 308 -388 0 0 0 0 375
0 0 237 100 237 100 237 237 0 0 0 888 0 200 87 0 0 900 388 0 0 900 100 0 0 0 0 500 700 0 0 900 0 500 0 0 0 0 0 0 0 0 0 1000 0 1000 300 0 400 283 0 333 0 0 0 400 0 0 207 500 0 0 0 100 0 500 0 0 0 762 0 0 344 950 700 400 550 0 400 900 0 375 900 500 500 0 0 0 0 0 0 66 0 458 833 0 0 0 0 750
#CPFC 2013-08-31
0 0 0 300 0 0 0 500 0 122 0 0 372 0 0 200 0 124 359 0 100 0 0 0 0 -140 200 -400 -250 0 -125 199 800 0 93 200 170 0 0 312 0 312 339 500 125 -200 266 0 0 372 549 400 0 -400 312 0 500 -125 0 250 250 100 0 500 0 0 0 0 602 -100 136 0 350 500 0 500 166 0 0 0 0 0 0 0 -43 500 500 -200 388 0 0 19 649 437 0 196 24 49 -262 206
0 0 0 500 0 0 0 1000 0 644 0 0 644 0 62 200 666 406 625 0 300 0 0 0 0 331 200 400 400 400 444 550 750 0 427 150 500 0 0 944 252 333 456 666 900 483 250 0 0 484 1000 550 0 400 500 0 600 750 0 1000 450 350 0 900 0 0 0 0 922 250 454 0 350 633 0 500 666 0 100 0 0 1000 0 0 409 400 400 275 477 0 0 260 700 650 400 381 175 100 700 743
#SAFC 2013-08-31
446 366 50 0 0 0 800 0 0 0 0 0 119 83 0 700 0 0 500 500 -750 150 53 -100 449 -566 -150 331 0 0 0 0 625 -500 -31 0 0 500 250 0 1000 135 375 0 366 0 500 0 200 0 528 -188 250 1000 -166 0 1000 -300 0 0 0 -362 800 0 300 300 0 0 -7 0 1000 0 0 800 300 100 -400 0 -200 600 170 0 800 0 0 100 -175 100 0 112 381 -289 366 0 0 250 0 0 0 800
780 700 550 0 0 0 400 0 0 0 0 0 619 277 0 600 0 0 625 600 1000 750 179 400 450 700 650 500 0 0 0 0 600 750 156 0 0 500 750 0 400 816 375 0 600 0 600 0 500 0 811 522 250 300 500 0 400 500 0 0 0 587 700 0 650 260 0 0 450 0 300 0 0 700 537 400 400 825 800 900 500 0 700 0 0 383 550 1000 0 650 188 342 633 0 0 200 0 0 500 1000
#cardiffcity 2013-08-31
0 0 0 0 0 0 0 0 -266 0 0 0 0 800 0 400 0 500 0 0 0 0 -291 0 200 -125 0 0 500 0 0 0 266 500 -216 100 0 0 0 0 400 -50 357 0 0 357 357 200 0 1000 -388 0 400 0 0 -125 0 0 0 153 0 0 0 0 0 0 0 50 0 0 0 0 125 0 -100 0 0 0 100 0 -62 0 0 0 200 100 0 -100 -200 0 0 -62 -62 350 0 500 -291 311 0 0
0 0 0 0 0 0 0 0 266 0 0 0 0 1000 0 900 0 500 0 0 0 0 541 0 400 125 100 0 833 0 0 0 283 500 377 100 0 0 0 0 250 400 571 0 0 571 571 100 0 750 888 1000 225 0 0 375 0 0 66 306 0 0 0 0 0 0 0 100 0 0 0 0 400 0 200 0 0 0 100 0 237 0 0 0 575 100 0 200 400 0 0 237 237 550 0 750 541 555 0 0
#EFC 2013-08-31
100 0 200 375 0 0 0 0 0 -300 0 200 -66 0 0 587 0 0 -250 -250 0 200 100 462 68 468 266 0 100 333 -205 -300 -35 0 0 62 100 0 200 0 500 0 -195 0 0 -312 0 500 0 0 300 0 0 333 -200 61 0 -75 500 0 0 0 350 324 100 200 0 -38 0 -750 -1000 0 -155 125 0 500 200 650 0 0 296 625 0 -299 0 500 0 0 208 0 7 -50 -33 700 0 -347 250 -166 0 0
400 0 200 375 0 0 0 0 1000 900 0 200 600 0 0 433 500 500 888 100 0 466 50 300 227 462 527 0 383 833 616 400 107 0 0 716 516 0 200 0 500 0 343 0 0 437 0 500 100 100 700 0 0 650 100 444 0 449 525 0 0 0 950 625 50 100 0 311 0 900 1000 0 288 400 0 900 100 750 0 0 772 1000 0 600 0 500 0 0 266 1000 429 237 183 600 300 596 150 66 0 0
#NUFC 2013-08-31
-600 200 400 400 0 166 0 0 0 0 0 0 0 0 0 0 -488 0 0 0 285 -30 500 0 0 0 0 0 0 0 0 -200 0 -400 500 0 0 475 700 0 700 492 125 0 -150 0 0 -500 0 500 -218 700 400 250 0 0 0 0 58 50 -66 500 500 -600 0 0 -187 136 0 357 200 0 -97 200 -250 500 200 250 300 -388 700 0 -350 83 500 0 700 700 285 -271 250 700 0 250 0 0 212 -83 350 250
900 100 375 400 0 366 0 0 0 0 0 0 0 0 0 0 400 0 0 0 535 508 500 0 0 0 0 0 0 0 0 875 0 600 600 0 0 675 600 0 750 567 199 0 449 0 0 900 0 600 718 766 450 283 0 0 0 0 450 450 266 399 1000 800 0 0 500 454 0 571 100 0 457 100 100 500 100 400 450 833 900 0 850 611 888 500 750 600 535 552 700 600 0 266 0 233 604 566 300 400
#FFC 2013-08-31
-250 91 0 0 0 0 0 100 0 0 0 0 468 -462 0 91 0 0 250 0 433 0 0 0 300 500 0 500 100 0 600 156 0 0 600 49 -25 -25 -25 -25 -25 -25 -25 -25 -25 -25 0 225 281 250 500 566 0 0 0 541 0 0 250 250 250 0 0 0 0 0 0 0 0 0 136 136 0 0 0 0 131 0 0 0 0 0 0 0 0 0 0 0 0 0 -200 0 136 0 136 136 136 136 136 0
625 558 0 0 0 0 0 450 0 0 0 500 1000 700 233 558 0 0 500 0 575 0 0 0 200 150 66 150 100 0 950 675 0 0 550 500 477 477 477 477 477 477 477 477 477 477 0 450 229 200 600 549 0 400 0 500 0 0 500 750 750 1000 0 0 0 0 0 0 0 0 454 454 0 0 0 0 456 0 0 0 0 0 0 0 0 0 0 0 0 0 550 0 454 0 454 454 454 454 454 0
#ncfc 2013-08-31
0 0 -400 0 0 0 0 0 0 500 0 166 700 909 0 416 400 -256 0 568 0 466 136 50 125 0 335 0 -400 0 700 625 0 0 937 122 166 800 0 0 -51 -468 350 500 500 -84 250 500 0 0 0 416 800 0 0 0 0 400 0 0 0 -75 -400 0 800 500 1000 -450 -125 -750 0 366 800 500 0 0 0 0 0 0 0 0 0 0 333 -275 0 0 0 500 0 0 0 0 433 142 0 0 350 200
0 0 400 0 0 0 0 0 250 500 0 333 200 780 0 500 400 604 0 577 0 596 454 333 533 0 477 0 400 0 600 500 0 0 800 372 333 400 0 0 429 875 400 600 875 464 1000 600 0 0 0 388 400 0 0 0 0 500 0 0 0 366 400 0 400 500 400 850 450 900 0 450 400 900 0 0 0 0 0 0 0 0 0 0 579 212 0 0 0 888 0 0 0 0 700 547 0 0 550 200
#SaintsFC 2013-08-31
0 0 0 100 333 233 0 354 -144 600 0 0 0 100 0 107 0 150 -125 400 0 0 0 -252 0 0 -275 167 136 468 300 900 0 500 0 -750 -199 800 0 -300 100 -500 0 66 0 250 333 150 -400 0 285 200 -400 75 -300 0 0 23 0 0 0 0 50 518 500 0 100 875 500 457 0 937 -142 0 250 250 0 0 0 0 -400 141 1000 -13 600 625 -600 -340 -100 333 250 500 0 0 -187 0 0 250 -487 800
0 0 0 100 99 233 0 651 500 900 0 466 0 350 0 785 125 200 750 400 0 0 0 422 0 66 500 442 454 500 0 525 0 400 750 800 533 400 0 400 399 600 0 366 0 466 666 649 800 0 535 200 700 368 400 0 66 466 0 0 0 0 350 725 500 0 766 600 600 650 0 1000 791 0 1000 1000 0 0 0 0 400 450 1000 638 900 600 900 800 400 583 1000 600 0 0 373 0 0 300 483 400
#WHUFC 2013-08-31
0 -283 50 976 0 0 0 0 0 136 183 0 -200 0 -28 136 200 0 0 0 0 0 350 0 0 0 250 0 0 -210 0 136 -200 0 0 -178 0 0 0 700 500 377 -250 0 125 0 0 200 0 0 0 -699 0 0 0 0 0 0 0 -94 0 0 136 0 0 0 0 0 0 0 0 0 0 0 0 0 0 0 0 0 0 0 0 0 0 0 0 0 0 0 0 0 0 0 0 0 0 100 0 0
125 700 450 500 0 0 0 0 0 454 283 0 200 0 233 454 150 0 0 0 0 0 350 0 0 520 450 625 0 180 0 454 300 0 0 396 0 0 0 600 500 480 600 0 216 0 0 200 0 0 0 666 0 0 0 0 0 0 0 672 0 0 454 0 0 0 0 0 0 0 0 0 0 0 0 0 0 76 0 0 0 0 0 0 0 0 0 0 0 0 0 0 0 0 0 0 0 200 0 0
#SCFC 2013-08-31
0 0 0 0 0 0 0 0 0 0 116 -200 700 0 0 0 -200 0 0 -156 0 0 -500 116 250 0 0 0 700 1000 -62 0 0 0 0 700 781 300 0 500 333 0 700 0 0 700 300 0 0 0 0 566 950 0 483 0 0 250 0 0 0 0 400 334 0 0 0 800 0 462 -200 0 0 24 0 350 99 700 750 650 0 456 250 -700 150 0 -799 166 -400 0 275 -358 -229 0 0 -625 0 0 -426 100
0 0 0 0 0 0 0 0 0 0 433 300 600 0 0 0 200 0 0 500 0 0 600 397 250 0 0 0 600 1000 437 0 0 0 0 600 500 200 0 700 525 0 600 0 0 600 200 0 0 0 0 500 650 0 662 0 0 333 0 0 0 0 800 525 0 0 0 400 0 875 400 0 0 175 0 350 566 600 750 950 0 537 625 700 300 0 866 211 600 0 375 566 437 0 0 600 500 0 762 650
#MCFC 2013-08-31
100 0 0 0 500 650 333 0 0 0 0 -250 0 587 0 500 0 0 0 0 0 0 0 500 0 800 -600 0 0 250 0 0 433 399 0 1000 0 0 0 -699 350 100 0 0 712 0 500 0 0 0 0 0 -400 -388 0 -200 0 0 0 0 200 50 433 0 200 0 133 0 175 0 0 0 0 0 0 0 0 0 0 72 0 0 0 250 250 305 250 -750 0 0 434 0 0 525 0 0 0 0 500 350
400 0 0 0 1000 750 533 0 0 0 0 550 0 433 0 150 0 0 0 0 0 0 0 500 0 700 650 0 0 300 1000 0 833 388 0 533 1000 0 0 666 550 800 0 0 819 0 500 0 0 0 0 0 600 833 0 400 0 0 0 0 466 449 833 0 400 0 533 0 356 0 0 0 0 550 0 0 0 0 0 394 0 0 0 500 500 791 500 1000 0 0 784 0 0 366 0 0 0 0 500 550
#hcafc 2013-08-31
250 0 0 -100 416 250 0 0 136 0 0 0 -154 500 357 137 0 250 0 -400 0 175 0 15 15 15 500 0 0 150 0 -125 0 0 0 -171 625 -625 450 50 68 610 -850 0 -150 800 0 0 -400 -170 0 500 0 0 -131 -400 600 0 400 -400 400 95 0 0 0 488 -49 -575 0 0 400 0 200 -250 0 -400 0 -600 500 0 99 0 200 0 0 256 0 0 0 -131 0 -400 66 0 -49 -250 418 0 0 0
750 0 0 700 700 200 0 0 454 0 0 100 279 500 535 637 0 1000 0 400 0 275 0 526 526 526 600 0 62 250 0 444 100 0 0 445 500 500 950 300 275 200 800 0 399 1000 0 0 900 470 0 900 0 0 450 400 900 0 700 900 500 178 0 0 0 333 475 675 0 0 400 0 500 300 66 650 0 1000 500 0 800 0 600 100 125 550 0 0 0 450 0 400 533 0 1000 888 677 750 0 0
#MUFC 2013-08-26
0 0 0 357 0 0 0 350 0 200 -131 0 0 43 500 500 -976 -199 -24 50 800 0 68 0 200 0 700 0 -50 0 200 0 0 400 0 178 178 285 -250 0 0 0 0 -77 370 0 0 0 0 0 250 300 800 0 0 0 528 0 200 185 0 0 168 0 416 900 250 0 200 500 -62 200 350 -750 0 68 492 40 200 0 68 0 0 500 0 200 0 0 -50 0 -199 -1000 800 0 600 0 837 -75 50 250
0 0 250 571 0 0 0 350 0 100 450 0 0 285 500 350 1000 650 600 700 750 0 227 0 300 0 600 0 216 0 300 0 0 300 0 285 285 590 400 0 0 0 0 792 466 0 0 0 0 0 850 466 400 0 0 0 678 0 400 477 0 0 477 0 833 350 500 0 300 500 237 900 350 1000 550 727 617 80 200 0 727 0 0 150 0 450 0 562 700 0 650 1000 700 0 800 0 800 158 350 450
#CFC 2013-08-26
0 0 193 0 248 0 0 800 0 231 0 0 50 0 0 0 0 0 -200 0 -600 0 0 310 -250 -50 0 0 0 0 187 0 0 0 0 100 0 -62 0 200 -600 0 0 357 0 0 0 -200 300 0 0 0 166 0 0 185 50 170 194 0 0 466 0 -400 0 -100 100 250 0 390 0 324 0 200 0 0 0 -416 0 -416 0 0 500 0 150 0 500 -50 0 0 0 0 800 0 1000 -575 250 0 100 600
0 0 477 0 531 0 0 400 0 508 0 0 200 1000 0 0 0 66 412 0 900 0 0 610 1000 411 0 1000 0 100 437 500 0 1000 0 200 1000 187 0 200 900 0 0 571 0 0 0 350 466 0 0 0 166 0 0 477 150 500 533 0 0 666 0 700 0 1000 400 500 0 400 0 525 0 900 0 0 0 633 0 633 0 0 150 0 650 0 600 700 0 0 0 0 700 0 700 700 500 0 300 700
#cardiffcity 2013-08-25
0 0 0 0 0 0 -459 0 -225 425 0 0 0 700 99 0 0 418 250 416 0 0 0 127 -287 -600 0 0 -327 0 0 0 100 266 0 0 250 0 0 0 0 0 0 -62 625 -396 0 -50 0 0 875 0 0 -41 0 0 0 0 0 0 0 20 0 0 0 0 -71 0 0 0 0 403 0 464 976 0 0 0 25 0 0 0 83 0 800 0 0 0 0 700 0 136 312 52 1000 200 0 0 0 318
500 0 250 0 0 0 799 0 225 1000 0 0 0 600 500 300 0 475 200 816 0 300 50 707 425 950 0 1000 644 0 0 0 200 400 0 0 333 1000 0 0 0 0 1000 237 500 611 0 850 100 0 600 0 0 191 0 0 0 0 0 0 0 799 0 0 0 0 214 0 0 0 0 516 0 742 500 0 0 0 400 0 0 0 544 0 750 0 0 0 0 600 0 454 1000 405 600 400 0 0 0 427
#MCFC 2013-08-25
0 0 200 390 49 0 0 200 0 0 200 200 0 0 0 0 166 250 166 33 541 77 483 500 500 0 0 500 0 350 100 -178 375 216 600 0 -395 900 -300 250 0 0 500 0 0 125 0 250 0 1000 800 0 1000 0 0 500 0 0 0 250 0 0 0 300 800 0 0 0 1000 1000 0 0 1000 1000 -400 1000 0 375 500 0 0 625 875 -283 0 -400 0 0 754 0 500 375 55 0 0 -16 300 0 0 0
0 0 500 1000 316 0 0 500 0 0 500 400 0 0 1000 100 333 1000 166 366 733 1000 616 500 1000 0 575 1000 0 600 200 285 500 650 1000 0 666 1000 400 250 0 0 1000 125 0 150 0 875 0 900 750 0 400 0 0 888 0 500 0 355 0 0 0 830 1000 0 0 0 900 900 0 0 900 900 700 900 0 275 500 0 0 700 600 600 0 400 0 0 840 0 1000 525 244 0 0 577 400 0 0 0
#COYS 2013-08-25
100 1000 0 766 0 -200 250 43 550 1000 -200 156 177 766 625 0 0 909 20 766 0 250 -50 -800 0 390 325 97 781 200 487 21 0 395 550 -200 350 1000 1000 0 0 756 600 250 585 625 200 0 339 -12 -166 312 466 433 -250 -100 0 -1000 72 0 0 0 500 266 0 100 -229 100 700 0 -400 200 100 0 -400 0 625 400 0 800 0 -187 0 500 350 0 0 700 900 600 233 -300 0 81 433 125 -125 800 1000 50
200 600 0 866 100 500 566 533 622 700 800 300 577 866 1000 0 0 780 213 866 0 700 750 900 0 333 650 350 500 300 975 612 0 1000 700 350 700 750 1000 0 0 600 950 1000 750 1000 300 0 346 575 500 625 633 482 262 100 0 800 194 0 0 0 888 433 0 269 791 300 600 0 400 250 287 0 400 0 700 375 0 400 0 616 0 1000 800 0 0 600 1000 650 400 400 0 496 833 166 1000 1000 900 225
#Swans 2013-08-25
850 0 0 -400 0 0 0 562 0 -400 400 0 0 136 200 343 0 0 136 0 500 -400 0 0 0 0 0 0 500 400 0 0 136 0 0 0 0 200 0 812 0 -100 483 136 136 0 0 0 0 0 0 400 0 0 400 0 16 266 366 0 500 200 138 0 375 0 0 0 0 0 0 -166 400 0 -600 -600 0 0 0 0 200 277 0 83 0 0 136 0 0 0 0 0 0 0 0 0 214 0 0 0
1000 100 0 400 0 0 0 500 0 600 800 0 0 454 200 288 0 0 454 0 500 550 0 0 0 0 0 0 1000 800 0 0 454 0 0 0 0 150 0 750 0 400 399 454 454 0 0 0 0 0 0 800 0 0 1000 0 408 600 850 0 500 150 290 0 750 0 0 0 0 0 0 433 1000 0 900 900 0 0 0 0 150 500 0 666 0 0 454 0 0 0 0 0 0 0 0 0 562 0 0 0
#AVFC 2013-08-24
-75 400 416 50 -433 0 37 -433 -433 22 -1000 500 -350 0 -147 0 0 0 550 366 -300 0 100 1000 300 0 0 0 400 400 400 400 312 -666 0 333 600 200 345 333 0 -300 0 0 0 250 0 0 400 -312 0 350 800 0 -31 400 0 -400 -99 12 402 0 -410 -122 -83 0 -300 -333 0 250 0 -77 -83 0 0 800 400 875 488 625 0 0 291 312 0 0 0 400 0 0 0 640 0 400 300 0 0 250 0 500
325 533 716 100 600 66 550 600 600 783 1000 500 500 0 585 0 0 0 950 455 200 100 400 600 300 0 0 100 399 399 399 399 333 700 0 366 900 200 640 633 0 200 0 0 0 550 0 0 250 800 0 550 1000 0 233 800 0 600 900 500 777 0 450 566 83 0 200 722 0 350 0 177 277 1000 0 900 800 600 350 466 100 0 750 200 0 0 0 800 0 100 0 550 0 800 100 0 0 550 100 550
#LFC 2013-08-24
0 712 0 68 0 0 0 0 100 0 66 575 0 0 50 103 0 1000 0 800 0 1000 0 0 68 0 -100 0 0 0 0 0 0 0 0 0 0 600 200 259 0 -16 0 -235 0 -166 0 0 0 100 500 0 0 0 0 0 312 0 0 0 437 0 0 0 0 0 0 0 0 0 357 0 505 0 200 0 0 37 500 0 0 0 0 425 0 -250 0 500 -500 0 136 0 -200 500 250 550 174 1000 0 0
0 620 0 427 0 0 0 0 250 0 133 700 0 0 450 644 0 1000 0 1000 0 1000 0 0 427 0 100 0 0 0 0 0 0 0 0 0 0 1000 400 513 0 483 0 407 0 266 0 0 0 100 500 0 0 0 62 0 333 0 0 0 550 0 0 0 0 0 0 0 0 0 550 0 527 0 300 0 66 550 500 0 0 0 0 600 0 888 0 500 400 0 454 100 500 800 500 900 500 1000 0 0
#EFC 2013-08-24
1000 0 250 460 156 200 0 0 136 -600 375 0 0 0 500 0 95 -300 0 0 -250 -44 -125 0 0 0 0 -300 550 0 100 0 0 136 0 0 0 0 -183 -625 0 0 400 0 0 333 800 0 0 250 400 0 193 0 99 468 0 -1000 700 0 68 0 0 -1000 500 -200 0 1000 1000 400 500 -194 0 400 400 200 200 136 0 0 250 183 136 0 500 -166 200 0 0 0 400 233 0 250 177 -66 1000 0 0 0
300 125 300 342 500 100 0 0 454 800 550 0 0 0 500 0 427 555 0 1000 149 633 333 0 0 0 0 450 650 0 200 0 0 454 0 0 0 0 750 1000 0 0 400 0 0 533 750 0 0 350 425 0 477 0 500 727 0 833 600 0 227 0 0 900 900 100 0 700 300 1000 500 288 0 1000 1000 200 900 454 0 0 900 550 454 100 500 166 700 0 0 100 900 433 100 500 288 366 1000 0 0 0
#WBA 2013-08-24
0 0 0 75 411 700 0 0 333 166 68 333 333 0 0 0 333 333 333 333 0 237 333 400 400 400 400 0 68 0 345 0 553 0 -156 266 0 0 500 199 0 0 0 170 50 -399 900 400 0 0 0 500 0 15 0 0 0 420 0 800 650 1000 500 0 345 0 345 187 0 0 345 0 345 18 18 14 0 18 125 0 0 1000 350 133 166 0 0 1000 333 0 100 566 -750 0 0 0 0 0 0 -437
0 0 0 566 555 600 0 0 666 416 312 666 666 0 0 100 666 666 666 666 0 725 666 399 399 399 399 0 727 0 640 0 510 0 843 199 0 100 500 466 0 0 0 66 241 550 682 250 0 400 0 200 0 362 0 100 312 650 0 400 411 300 600 800 640 0 640 283 0 0 640 100 640 587 587 490 0 587 250 100 0 700 387 366 300 100 100 300 166 100 200 366 750 100 100 100 0 100 0 450
#hcafc 2013-08-24
0 0 283 -166 -25 568 0 -600 700 0 0 0 -57 0 250 0 118 0 0 150 118 0 0 0 0 -300 250 -50 0 118 266 781 0 0 0 0 118 0 0 -150 500 0 700 250 0 700 0 800 -75 0 0 0 0 787 0 0 0 500 0 0 525 318 200 0 -250 87 -200 318 0 0 0 170 0 650 0 0 -242 306 0 68 0 0 -125 0 -400 -275 250 -181 0 -250 0 216 0 500 166 -800 322 0 0 250
0 1000 716 333 350 625 0 800 600 0 0 0 467 0 250 500 727 0 0 950 727 0 0 0 0 400 250 577 0 277 366 600 0 0 0 0 414 0 0 400 500 0 600 333 0 600 0 400 366 0 0 0 300 600 300 0 0 888 0 0 700 677 200 0 700 343 300 677 0 0 0 500 0 900 0 0 636 700 0 227 650 0 375 100 400 450 750 477 0 500 0 444 0 566 600 900 593 0 0 500
#ncfc 2013-08-24
-400 136 300 0 232 650 0 250 0 480 0 1000 100 0 0 -125 1000 0 -364 113 580 -200 1000 -750 0 318 -200 0 250 0 0 437 136 187 500 -400 -125 0 400 -200 350 50 0 400 100 0 435 500 562 -125 700 0 66 24 233 125 0 300 -975 0 0 -349 700 0 0 0 0 -149 166 250 0 -750 544 418 0 0 366 0 0 625 -155 136 399 0 800 0 0 800 200 66 150 287 0 0 0 270 700 0 -975 62
400 454 650 0 511 819 1000 1000 0 380 0 1000 250 0 0 300 1000 0 541 272 419 400 1000 750 1000 477 400 0 333 0 1000 550 454 375 550 700 150 0 200 200 550 400 0 400 554 0 362 750 500 50 600 0 333 925 674 625 0 850 975 0 0 833 600 0 1000 0 0 538 483 200 0 900 773 527 0 0 729 0 1000 750 288 454 388 0 400 0 0 400 100 450 444 475 0 0 100 366 600 500 975 537
#NUFC 2013-08-24
625 0 0 0 500 0 200 0 50 500 517 0 0 0 0 0 0 0 0 0 0 0 0 500 0 250 250 250 550 0 0 0 0 0 0 0 100 0 -937 333 0 -62 0 0 250 0 125 500 500 -62 125 119 0 -625 0 31 -62 0 700 0 0 325 100 300 125 0 -699 0 700 0 -250 -300 0 0 0 0 0 0 0 0 0 700 0 -128 800 700 0 500 625 0 -474 850 375 0 0 -28 0 233 100 -125
500 0 0 100 625 0 200 0 100 600 767 0 0 0 0 0 0 0 0 0 0 0 0 500 0 450 450 450 700 0 0 0 0 0 100 0 262 0 800 462 0 237 0 0 500 95 400 500 900 237 400 585 0 400 400 400 237 100 600 0 0 575 200 725 400 0 666 0 600 0 600 400 0 0 0 0 0 0 0 0 0 600 1000 558 750 600 0 888 500 0 833 1000 1000 0 0 464 300 466 800 425
#WHUFC 2013-08-24
0 285 0 0 0 666 0 0 0 0 0 0 800 650 0 0 0 0 0 0 -50 0 0 0 0 0 125 0 534 0 75 0 375 -250 229 400 -500 187 233 175 400 0 0 0 0 700 0 125 0 649 0 1000 -300 25 800 0 0 449 500 0 375 199 0 0 0 500 0 0 500 125 800 0 400 100 0 0 0 0 66 0 0 166 29 300 0 0 -75 700 350 200 -141 250 0 0 0 -244 0 0 0 136
0 535 0 0 0 700 0 0 233 0 0 0 400 600 0 0 0 0 0 0 400 0 0 0 0 0 250 0 613 0 700 0 466 700 611 800 299 408 200 316 800 0 0 0 0 600 125 400 0 800 0 300 400 133 400 0 0 350 666 0 750 316 0 0 687 500 500 0 500 650 700 0 1000 1000 0 0 0 0 111 1000 0 666 577 578 0 0 225 650 650 200 399 300 0 0 0 375 0 0 0 454
#SaintsFC 2013-08-24
77 0 375 1000 -999 130 500 0 250 -1000 0 0 200 600 1000 0 250 0 0 0 0 375 0 0 93 208 275 800 0 0 0 0 24 500 193 0 800 0 -287 0 0 0 -224 270 0 -24 -194 0 199 0 800 16 -312 66 0 300 0 341 0 0 0 0 -1000 -150 0 0 700 370 -116 416 441 0 0 437 306 -625 116 -500 0 -300 0 64 0 0 800 0 0 0 120 416 0 0 47 -114 0 136 100 0 170 100
422 0 200 1000 1000 672 500 0 250 1000 0 0 100 1000 950 0 750 0 0 100 0 500 0 0 579 231 375 700 0 0 0 66 800 500 477 0 400 300 420 0 0 0 322 333 0 475 288 100 566 0 700 377 687 600 0 491 0 575 0 0 0 0 1000 491 0 0 600 666 833 408 666 0 0 650 450 575 450 1000 0 400 0 346 0 0 400 0 0 0 180 583 0 0 244 527 0 454 900 0 454 300
#SAFC 2013-08-24
366 0 500 0 -75 0 0 0 87 800 -400 118 0 200 0 566 0 416 450 0 333 500 136 100 0 0 0 549 250 0 500 0 590 0 0 0 0 0 0 800 0 0 250 175 206 0 0 -25 270 655 0 300 166 300 0 0 122 0 300 324 400 0 500 77 0 500 0 0 285 -83 500 0 1000 0 625 800 500 600 -500 0 600 350 0 350 210 0 -400 200 0 -400 0 87 0 -107 0 -400 0 0 -1000 -265
433 0 1000 0 366 0 66 0 633 750 650 327 0 400 1000 733 0 666 700 0 666 500 454 300 0 0 0 733 283 0 879 0 950 0 0 0 0 0 0 400 0 0 250 325 543 0 0 525 708 590 0 400 666 650 100 0 344 0 700 449 800 0 500 469 0 500 0 0 535 216 600 0 1000 0 700 400 500 600 900 0 950 550 0 550 506 0 400 300 0 650 0 587 0 717 0 400 100 0 900 344
#SCFC 2013-08-24
-200 0 0 227 0 125 700 275 100 0 0 -699 0 0 166 -1000 0 483 500 1000 988 0 0 0 136 1000 250 0 318 162 0 50 0 -400 0 -166 0 -500 0 0 500 352 -300 0 125 83 0 0 200 399 -200 500 0 0 0 808 -340 300 1000 0 900 -364 0 12 850 0 0 0 -200 341 850 0 0 -150 -131 0 350 0 225 216 0 -166 -200 399 -312 0 223 800 0 -450 1000 0 375 0 175 285 0 -375 400 300
250 0 0 466 0 166 600 425 100 333 0 666 0 0 666 1000 0 596 333 1000 1000 0 66 0 454 400 950 0 677 437 0 350 0 400 0 166 0 500 0 500 375 645 400 0 750 450 0 0 675 500 250 1000 0 0 0 716 350 500 1000 0 1000 541 0 487 500 0 0 0 800 800 675 0 0 449 427 0 550 0 600 879 0 166 700 400 800 0 379 400 0 450 1000 0 875 0 572 440 0 700 500 525
#CPFC 2013-08-24
-300 200 -500 0 0 250 100 0 375 99 0 0 -325 -199 0 0 0 0 0 -21 0 625 412 800 328 0 -81 0 -226 533 0 0 700 437 -24 0 500 0 -22 100 0 250 500 383 233 -400 500 0 400 378 711 -100 0 0 0 0 528 0 0 -250 -1000 437 -250 0 316 200 0 208 25 400 612 21 0 500 0 0 250 0 500 0 0 0 0 875 62 0 0 0 0 0 0 250 1000 0 49 416 0 0 0 25
200 500 1000 0 0 750 400 0 1000 800 0 0 850 850 0 0 0 62 0 717 0 750 584 750 645 283 550 0 421 533 0 0 600 339 350 0 944 0 410 1000 0 1000 500 666 466 400 1000 0 800 468 805 433 1000 0 0 0 595 0 0 950 1000 375 250 0 733 100 0 833 133 800 837 410 1000 900 0 0 250 100 783 100 650 0 0 600 162 0 400 0 0 0 0 333 300 0 450 666 0 0 0 133
#FFC 2013-08-24
0 87 -100 -100 -100 -100 -100 -100 -62 0 0 100 450 0 250 0 0 375 0 0 100 0 0 87 0 0 0 0 1000 -445 87 0 -335 666 316 0 4 0 250 226 500 -100 -100 0 0 0 0 375 0 0 0 0 1000 0 0 400 375 0 0 0 0 250 0 0 375 625 0 0 0 174 0 0 500 -100 199 100 375 500 0 0 0 -300 583 300 200 133 437 0 0 0 375 600 136 0 0 0 -50 -250 312 0
0 687 100 100 100 100 100 100 237 0 0 200 200 0 350 0 0 875 0 0 200 0 0 687 0 0 200 0 1000 670 687 0 622 575 541 0 670 0 200 567 1000 100 100 0 0 66 0 875 0 0 500 0 300 0 0 400 875 0 0 0 0 444 0 0 875 500 0 0 0 429 0 0 600 100 575 1000 875 750 0 0 0 250 666 500 200 508 800 0 0 0 875 300 454 0 0 0 200 888 200 0
#AFC 2013-08-24
200 0 0 -49 0 466 0 225 100 0 0 0 136 0 0 308 0 0 200 0 0 200 -333 208 0 533 0 -1000 -312 300 50 0 0 0 18 0 0 0 0 0 0 0 200 0 0 0 -62 300 -781 154 200 0 -714 200 -62 150 251 0 0 93 0 0 0 200 200 625 -433 100 0 500 37 0 500 0 -433 0 -433 -200 0 425 0 0 0 100 0 0 0 0 0 0 250 212 0 200 300 0 0 0 -166 233
500 0 0 550 0 708 0 350 750 0 0 0 454 0 0 491 0 0 500 1000 100 500 666 333 0 566 0 900 687 400 100 0 0 0 468 0 0 0 0 0 50 0 233 0 0 0 237 700 600 515 500 500 857 500 237 750 545 0 750 788 0 0 0 500 500 500 600 150 0 597 550 0 888 300 600 0 600 400 0 600 0 0 750 900 0 0 0 0 0 0 666 279 0 500 366 0 0 0 166 366
#CFC 2013-08-21
500 150 0 241 575 0 -600 0 0 375 12 0 136 0 500 0 -400 0 0 136 0 125 700 1000 0 0 241 0 0 400 0 250 0 0 218 200 350 0 200 800 300 -30 250 500 500 0 0 200 0 0 0 241 0 68 0 700 183 0 650 616 0 500 514 241 200 0 -166 524 0 -500 0 0 0 33 0 0 0 400 0 0 0 -125 -81 0 625 0 -16 0 0 0 -400 0 0 0 0 0 250 0 0 0
1000 450 300 333 900 0 1000 0 0 500 275 0 500 0 500 0 600 0 0 500 0 625 600 1000 0 0 333 0 0 650 0 250 0 0 227 400 300 0 250 400 200 247 333 500 650 0 0 300 0 0 0 333 500 227 0 350 483 0 600 566 0 650 492 333 900 1000 166 625 0 299 0 0 0 500 0 0 0 550 0 0 0 375 987 0 1000 125 283 0 0 0 400 0 0 0 0 0 400 0 0 0
#AVFC 2013-08-21
133 -37 200 500 0 0 0 -1000 -357 0 0 0 0 200 0 850 -1000 -1000 750 -1000 900 0 0 500 -150 -49 500 -300 -400 0 -77 500 0 250 136 0 366 0 0 170 0 -300 0 -166 -300 0 0 0 500 0 333 0 -62 175 0 0 0 -350 158 -499 500 -300 -300 0 700 0 0 525 0 0 0 300 0 0 74 0 0 43 400 0 204 175 -125 -133 -181 -92 0 -125 0 525 287 800 0 708 -133 0 -1000 0 0 -125
333 258 649 700 0 0 0 1000 601 0 0 0 0 483 0 1000 1000 1000 950 1000 400 0 0 500 150 783 888 300 400 381 144 500 333 250 454 0 500 0 0 454 0 300 0 166 399 0 0 0 700 0 333 0 237 216 0 0 0 700 691 483 600 300 300 0 600 0 0 366 0 0 0 300 0 0 516 0 100 800 800 0 623 700 750 883 727 585 0 750 0 366 675 300 0 750 799 0 1000 750 0 750
#MCFC 2013-08-19
300 -150 0 700 800 233 0 -35 278 100 0 0 0 0 0 800 300 0 0 250 750 0 -750 100 0 37 200 0 875 0 0 0 400 428 168 0 87 0 550 118 0 0 0 125 0 0 0 0 450 500 170 -133 0 166 -250 -1000 0 199 575 0 -400 325 -83 800 0 -50 500 550 0 0 0 556 0 350 136 0 300 -200 0 437 -400 800 425 -200 136 65 -81 213 100 0 600 500 350 285 0 350 234 0 500 0
580 350 0 600 400 233 0 690 384 1000 0 0 0 0 0 1000 300 1000 0 500 675 0 1000 300 0 737 300 0 600 0 0 0 450 535 377 100 566 1000 500 720 0 0 0 406 0 0 0 0 625 500 520 733 0 375 800 1000 0 433 550 0 400 725 116 400 0 150 500 500 0 0 0 725 0 550 454 0 700 800 0 650 400 400 900 350 454 534 527 454 200 0 1000 750 350 535 0 544 375 0 600 0
#NUFC 2013-08-19
468 200 -486 -599 266 0 -250 -100 -283 500 437 -140 175 0 0 0 0 0 700 0 250 -200 -366 -99 -46 191 0 0 0 0 0 0 500 0 0 0 -800 0 600 0 350 300 -500 0 0 0 0 800 712 0 0 275 -800 500 0 0 125 200 -600 66 -254 0 0 233 387 -255 -187 -150 -600 -350 0 0 0 300 -600 -600 350 285 600 0 700 242 -75 0 -400 62 125 250 500 0 200 800 0 0 0 190 0 0 800 38
100 300 694 833 400 0 1000 500 548 800 494 465 425 0 0 0 0 0 716 100 250 100 566 533 825 487 125 0 0 0 0 0 500 0 0 312 800 0 700 0 449 533 300 0 33 0 0 700 600 0 0 475 800 800 0 0 750 500 800 533 578 66 0 366 450 277 500 200 800 500 0 0 0 500 800 800 550 535 900 0 600 367 700 0 600 412 675 1000 600 0 200 1000 0 0 0 675 0 0 1000 766
#CFC 2013-08-18
0 0 0 0 0 0 0 -125 1000 0 0 -50 0 0 -500 -200 0 500 600 300 800 -231 200 0 0 0 136 -256 0 0 0 -400 45 45 45 45 45 45 45 45 45 45 45 116 449 500 0 0 0 0 0 -937 0 0 0 0 0 500 0 0 0 0 0 0 0 0 0 0 500 160 0 0 0 100 0 -51 0 -133 0 250 0 -200 0 0 700 0 0 800 0 0 50 800 800 0 0 62 0 0 136 357
0 100 0 0 0 0 0 175 300 0 0 411 0 0 400 50 0 500 1000 200 700 727 266 0 0 0 454 368 0 0 0 600 484 484 484 484 484 484 484 484 484 484 484 283 400 500 0 0 0 0 0 1000 0 0 0 0 0 600 0 0 0 0 0 0 0 0 0 0 500 539 0 1000 0 200 0 327 100 199 0 283 0 100 0 0 600 0 0 400 0 0 100 400 400 0 0 150 0 100 454 571
#hcafc 2013-08-18
0 100 -327 0 0 0 -800 -100 56 0 158 0 0 250 0 -300 0 0 0 -33 250 366 0 116 191 0 300 0 0 0 0 250 0 0 0 318 25 875 31 450 -24 -199 500 500 -125 -200 300 0 -450 0 0 200 183 178 0 0 0 750 0 208 400 136 0 0 -7 400 0 0 250 0 0 0 1000 -300 -349 0 136 -400 185 0 0 437 371 500 0 0 0 0 504 0 1000 1000 585 0 136 0 318 136 0 0
0 383 594 0 0 0 900 400 184 0 166 100 0 900 0 950 1000 0 0 700 250 508 0 577 683 0 800 500 0 0 0 1000 1000 0 0 727 675 900 400 650 381 641 500 400 375 400 350 0 750 0 0 362 633 318 0 0 0 650 0 666 800 454 0 0 875 800 0 0 300 0 0 0 1000 400 833 0 477 400 327 0 0 800 863 650 0 66 0 1000 477 0 1000 300 750 0 454 0 727 454 0 0
#CPFC 2013-08-18
0 800 0 0 350 800 0 0 0 0 0 237 0 0 -100 625 -229 0 375 0 0 -25 250 400 278 45 0 78 183 221 -400 0 -203 0 -4 -145 0 0 0 0 80 0 100 0 625 -71 400 196 0 700 -250 39 0 0 375 0 0 449 0 84 400 750 437 212 700 433 0 0 0 275 278 114 0 0 166 0 781 277 656 700 0 0 637 0 625 500 0 162 0 87 200 562 875 700 433 375 800 -500 0 390
500 400 0 0 300 700 0 0 0 0 0 575 0 0 100 500 304 0 750 0 0 387 1000 400 585 172 0 307 294 738 400 500 417 62 185 437 1000 0 0 0 645 0 300 0 900 752 233 321 0 600 262 341 0 0 750 0 0 400 0 411 400 916 637 518 600 833 0 0 0 366 351 471 0 0 555 0 500 422 750 600 0 0 705 0 600 200 0 250 0 218 200 750 600 600 833 425 750 1000 0 333
#COYS 2013-08-18
300 -19 187 0 0 0 0 1000 22 850 400 200 0 0 625 250 -625 200 0 250 333 166 338 -150 500 0 0 468 0 0 0 0 850 100 66 175 0 500 781 0 366 800 0 700 350 14 437 0 781 800 0 141 0 399 210 0 485 0 136 -231 0 0 500 400 500 136 0 0 500 762 0 0 0 0 136 0 166 0 0 136 -250 0 136 375 0 631 68 170 0 0 200 200 200 576 0 0 199 0 437 0
540 395 487 0 125 125 0 300 294 1000 700 100 100 0 900 350 600 600 0 250 133 500 461 733 500 0 0 500 0 0 0 100 1000 400 100 325 0 1000 500 0 433 750 0 600 450 218 675 0 600 1000 0 366 0 633 393 0 727 0 454 727 0 0 796 450 600 454 0 112 450 333 0 0 0 0 454 0 500 0 0 454 550 0 454 750 0 600 277 434 0 0 900 200 200 366 0 0 799 0 625 0
#Swans 2013-08-17
0 0 0 500 400 0 0 0 250 -333 -500 0 0 200 0 0 -1000 0 500 -600 0 246 0 0 500 600 0 0 550 214 -300 0 0 -66 214 283 0 250 0 375 0 525 0 350 25 700 0 400 0 -62 0 0 -116 0 0 0 200 0 0 -388 150 0 233 0 0 0 100 0 0 0 0 0 218 375 700 0 500 500 -312 -200 0 0 0 650 700 166 0 500 -312 506 -250 0 0 200 0 0 390 0 0 0
0 0 0 500 450 0 0 0 937 1000 500 0 0 600 0 0 1000 0 600 800 0 495 1000 0 500 1000 0 0 700 571 500 0 0 333 571 520 0 300 0 666 0 366 0 650 375 600 0 800 0 237 0 0 633 0 0 0 600 0 0 833 275 0 300 0 0 0 400 0 0 0 0 0 168 666 600 0 500 700 262 200 0 0 0 600 600 333 0 600 687 616 950 0 0 200 0 0 500 0 0 125
#MUFC 2013-08-17
328 500 350 234 625 0 183 100 8 0 968 0 160 0 200 0 0 0 0 -275 250 750 1000 0 100 250 0 0 0 -272 0 0 250 0 0 556 0 0 250 312 0 468 750 0 0 0 250 0 200 0 0 0 0 100 0 0 350 800 0 -75 0 60 0 0 250 -200 0 0 0 354 0 0 0 0 0 0 -50 0 0 -1000 0 0 -3 0 0 800 0 533 250 100 0 0 -400 0 0 0 0 -125 0 -175
600 1000 350 513 500 0 383 400 658 0 850 0 539 0 450 0 1000 0 0 700 250 625 300 466 400 250 0 0 0 466 0 0 400 0 0 750 0 0 500 472 0 500 625 0 0 100 400 0 100 0 0 0 1000 150 500 0 350 400 0 466 0 145 0 0 500 262 0 0 0 725 0 0 0 500 0 0 670 0 0 1000 0 0 303 0 0 400 0 777 450 100 0 0 400 0 33 0 0 125 0 950
#AFC 2013-08-17
0 0 556 0 -312 0 -175 500 196 500 0 0 0 0 0 600 0 -133 136 -600 100 0 100 111 27 500 0 200 684 -265 -333 0 0 800 200 500 500 400 -100 0 400 500 0 0 0 0 225 -675 0 125 0 125 0 125 125 350 0 0 -500 0 733 -83 0 0 49 0 0 457 342 -150 -350 0 83 400 300 0 68 627 -200 -100 33 0 -23 -24 0 400 0 -216 -396 400 454 -625 -62 200 400 0 400 0 -550 -600
0 0 525 0 800 0 308 200 571 500 0 0 0 66 0 750 0 600 454 700 300 0 350 355 304 500 0 600 772 650 1000 0 650 700 533 700 500 800 100 0 800 500 0 0 0 0 266 800 0 625 0 625 0 625 625 750 0 0 950 0 533 833 0 0 550 455 0 550 717 400 662 650 366 800 550 0 227 872 449 400 929 0 601 500 300 800 300 833 742 800 845 700 187 200 800 0 800 0 300 1000
#AVFC 2013-08-17
0 0 0 0 0 250 175 0 566 700 0 0 136 0 875 0 0 136 150 700 0 375 250 400 318 0 136 0 0 333 350 325 -125 0 0 0 0 500 0 0 172 0 400 350 675 136 0 0 278 500 93 0 0 800 0 0 715 375 -155 136 0 500 0 -21 378 50 200 475 400 0 0 0 0 68 68 68 68 68 68 0 68 68 68 0 68 68 68 68 68 68 68 68 68 68 0 -150 0 200 0 500
0 0 0 0 0 333 275 100 600 600 0 0 454 0 1000 0 0 454 287 600 0 600 500 625 750 0 454 0 0 833 550 616 375 0 0 0 0 1000 0 0 394 0 400 500 575 454 0 0 500 550 843 0 0 400 0 0 1000 750 288 454 0 1000 0 318 418 350 200 500 450 0 0 0 0 227 227 227 227 227 227 0 227 227 227 0 227 227 227 227 227 227 227 227 227 227 0 575 0 300 0 500
#ncfc 2013-08-17
0 -1000 650 -375 100 366 547 0 -156 800 201 0 333 0 250 200 0 0 300 0 357 0 0 0 0 0 -400 578 0 0 0 800 250 0 562 0 -200 0 1000 -49 0 -349 0 -12 25 -400 312 0 0 0 200 190 433 750 0 0 650 600 0 0 0 687 0 0 0 162 300 250 390 0 381 0 855 0 500 0 -10 0 -325 662 390 141 100 700 200 82 100 0 0 0 227 -260 500 0 0 0 0 800 227 500
100 1000 750 500 300 500 397 0 1000 750 529 0 233 0 500 300 0 0 350 0 571 0 1000 0 0 0 400 625 0 0 0 400 444 0 600 0 200 0 300 487 0 383 0 387 400 600 500 0 0 0 575 425 833 916 0 0 862 800 0 0 0 875 0 0 0 400 525 183 636 0 396 0 890 0 1000 0 240 0 66 744 500 791 400 600 200 450 400 0 0 500 545 66 562 0 0 0 0 750 545 888
#EFC 2013-08-17
90 3 175 0 0 0 0 375 0 318 0 0 0 0 750 44 250 -400 -400 99 100 0 0 0 265 -212 0 -131 85 250 0 0 -125 375 612 625 0 0 0 500 800 0 0 200 0 -600 0 700 0 0 0 0 0 325 -625 0 0 25 325 0 0 -400 0 300 0 500 300 75 246 170 1000 0 449 0 0 585 0 93 250 0 250 -500 46 0 -394 0 0 0 250 -500 0 0 -78 375 75 137 466 418 0 625
636 551 275 0 0 0 0 800 0 477 0 0 0 100 1000 437 416 600 700 266 150 0 0 0 425 800 0 427 277 300 0 0 0 800 684 888 0 0 0 500 750 0 0 500 0 1000 0 600 0 0 0 0 0 540 600 0 0 400 540 0 500 400 0 500 0 500 416 800 495 454 780 0 450 0 0 800 0 727 333 0 450 1000 508 0 716 0 0 0 1000 200 0 100 450 800 324 250 833 527 0 500
#SAFC 2013-08-17
0 0 0 -437 267 -266 259 -500 0 0 0 0 800 200 0 0 0 0 0 136 400 99 200 0 0 116 223 0 285 0 0 0 136 0 750 286 136 125 0 0 0 166 357 350 136 -131 -133 400 700 182 0 446 0 62 -200 0 0 0 0 112 125 0 150 566 0 116 500 225 500 0 500 0 -155 166 0 0 -93 -400 250 0 0 0 175 0 -400 255 449 0 -256 0 400 250 0 0 0 333 -750 0 -131 48
0 0 0 383 571 300 473 400 0 0 0 0 700 500 0 0 0 0 0 454 950 108 500 0 0 525 318 0 525 0 0 1000 454 0 500 666 454 400 0 0 0 500 550 650 454 427 566 900 750 500 0 571 0 447 50 0 0 0 0 408 250 0 750 433 0 372 625 375 500 1000 500 100 288 500 0 0 355 350 500 0 0 0 525 0 400 602 400 0 702 0 350 250 0 0 0 816 1000 0 577 400
#FFC 2013-08-17
0 -41 0 250 0 0 0 625 0 0 0 0 0 0 62 0 700 0 0 700 0 364 0 0 0 0 0 -500 800 250 333 0 -150 -171 250 250 96 322 0 -256 0 0 -375 200 0 300 246 -175 0 500 -25 0 437 0 187 118 260 0 75 0 352 -100 -100 -100 -100 -100 -100 0 0 0 0 -25 0 656 1000 600 0 -25 800 0 0 500 0 105 0 0 100 -145 0 500 294 -300 -300 875 141 400 350 -25 216 -25
0 41 0 375 1000 0 0 500 0 0 0 66 0 0 500 0 600 0 0 600 0 700 0 0 0 0 0 1000 750 250 316 0 550 394 900 250 246 519 0 702 0 125 689 200 0 600 495 209 0 1000 200 1000 650 0 175 502 320 0 494 0 625 100 100 100 100 100 100 0 0 0 0 200 0 705 525 900 125 200 750 0 0 500 66 213 0 0 400 770 100 500 388 200 200 600 597 800 800 200 466 200
#WBA 2013-08-17
250 0 296 900 0 0 0 0 0 0 0 0 136 0 800 -283 800 0 700 0 0 200 337 166 400 0 0 0 491 800 200 -349 0 0 0 170 320 62 0 0 136 0 0 -66 0 625 0 0 233 700 399 0 500 0 227 -99 397 0 1000 -625 0 0 255 136 49 250 -5 625 -62 725 200 225 -50 -216 233 0 0 0 500 -133 800 0 250 0 1000 0 0 0 0 0 125 0 400 0 200 0 136 400 136 93
506 0 568 525 0 0 0 0 0 0 0 0 454 0 700 883 700 0 600 0 0 500 562 333 500 0 0 0 661 750 200 333 0 0 0 454 591 500 0 0 454 0 0 616 0 888 0 0 700 600 399 0 1000 0 545 500 477 125 750 1000 0 0 602 454 650 750 600 800 237 637 550 662 400 577 366 0 0 0 900 533 750 0 1000 0 1000 0 66 0 377 100 470 0 425 0 500 0 454 350 454 402
#SaintsFC 2013-08-17
0 350 0 1000 0 -380 0 0 350 0 0 4 0 0 570 525 -125 0 267 244 318 0 -390 700 250 0 750 100 -104 0 -312 -400 0 0 0 399 0 0 0 750 200 0 125 0 108 -10 156 1000 0 0 0 250 0 102 625 0 -375 350 -600 0 246 0 0 0 0 300 0 -750 0 0 166 0 0 0 0 100 0 400 400 0 0 0 0 0 100 350 0 47 0 125 0 0 0 0 0 649 -62 400 650 -25
0 800 0 1000 0 333 0 0 350 0 0 233 0 0 506 1000 303 0 767 300 500 0 888 600 450 0 900 100 33 0 888 400 0 0 0 566 0 0 0 1000 300 0 187 0 377 340 200 900 0 0 0 1000 66 528 600 0 700 550 900 0 358 0 1000 0 0 666 0 800 0 0 333 0 0 0 0 300 0 800 800 0 0 0 0 0 300 425 0 311 0 470 0 33 0 0 0 800 600 800 700 16
#WHUFC 2013-08-17
125 350 649 0 385 0 0 0 -600 0 0 0 0 0 0 0 0 0 0 285 0 100 -57 0 0 0 0 0 0 0 0 0 0 -62 0 0 250 0 0 0 0 400 0 450 333 200 444 350 57 136 0 0 0 108 0 250 0 0 399 100 0 0 0 475 255 600 0 0 0 0 0 200 -100 -612 150 500 0 0 600 650 0 0 125 527 500 197 1000 369 0 450 0 1000 500 -250 31 400 700 0 -500 0
216 550 750 0 677 0 0 0 1000 0 0 0 0 0 0 0 0 0 0 535 0 400 617 0 0 0 0 0 0 0 0 0 0 237 0 0 500 0 0 0 0 800 0 462 500 400 500 650 456 454 0 0 0 377 0 333 0 0 400 200 0 0 0 712 491 900 0 0 0 0 0 200 550 887 250 1000 0 0 1000 600 0 0 313 470 888 208 750 525 100 650 0 750 500 400 233 800 750 533 700 0
#cardiffcity 2013-08-17
0 678 0 600 136 600 133 66 0 700 600 400 0 0 800 0 0 375 68 0 0 0 0 0 0 250 0 0 0 0 0 -175 0 250 850 0 200 0 1000 0 0 0 1000 300 1000 300 -33 0 0 800 0 200 136 0 0 45 0 100 0 0 285 350 -500 500 600 0 200 0 0 448 0 500 200 500 533 0 0 0 250 0 0 0 100 0 -699 800 500 400 500 0 0 0 0 136 1000 0 350 1000 100 0
200 785 50 844 454 1000 616 416 0 600 1000 900 0 50 750 0 357 750 527 0 0 100 0 0 0 300 0 0 0 0 0 475 0 300 500 0 300 0 1000 0 0 0 750 0 750 0 533 0 0 400 0 200 500 0 0 568 0 600 0 0 535 550 600 900 800 0 200 0 0 318 0 500 300 500 483 0 0 0 300 0 0 0 600 0 666 700 1000 900 1000 0 0 0 0 454 750 0 550 300 100 0
#LFC 2013-08-17
316 0 -75 250 234 0 400 7 136 0 0 0 0 0 0 500 600 175 400 361 0 968 0 0 0 0 0 0 375 0 -108 0 700 0 0 375 0 0 0 0 500 166 0 500 0 0 -71 0 -12 0 -21 0 750 0 0 0 1000 500 400 0 0 0 400 400 0 133 400 -500 468 333 200 0 1000 249 0 0 0 250 -250 250 0 -200 500 500 500 196 0 0 87 136 133 500 -150 0 0 600 -300 350 0 0
477 0 425 333 513 0 800 436 454 0 0 0 0 0 0 500 625 825 425 583 437 850 0 0 0 0 0 0 750 125 533 0 600 0 0 750 500 0 520 0 500 666 0 1000 0 33 214 0 100 0 485 0 900 0 0 0 400 500 800 700 0 0 800 800 0 266 800 1000 500 500 100 0 300 300 0 0 0 375 500 750 0 800 500 833 500 736 0 250 333 454 500 500 350 0 0 1000 600 300 750 0
#SCFC 2013-08-17
400 400 400 400 0 475 0 0 0 0 0 0 357 0 308 0 136 300 0 188 700 0 0 160 0 350 114 0 -166 0 445 0 250 136 0 0 775 -390 175 0 0 0 0 200 1000 0 475 0 357 136 200 116 250 200 725 0 250 -100 458 0 400 500 0 0 0 0 0 700 0 500 357 0 0 200 -500 383 400 225 0 0 0 0 -250 0 0 150 -83 0 400 -166 0 0 400 0 170 -62 -62 0 0 136
800 800 800 800 0 800 0 0 100 0 0 1000 571 0 350 0 454 450 0 536 600 0 0 539 0 300 304 0 799 0 518 0 1000 454 0 0 925 687 715 0 0 1000 0 500 1000 0 800 0 571 454 400 183 333 500 637 0 300 50 700 0 900 500 0 0 0 0 0 549 0 625 571 0 0 400 900 508 350 266 0 0 0 0 1000 1000 0 363 583 1000 233 166 0 1000 800 533 454 237 237 0 0 454
