#EFC 2014-09-21
250 -316 -187 400 181 -316 0 0 400 400 0 0 375 -133 500 -200 400 700 0 500 250 400 250 100 250 250 250 100 100 100 1000 0 400 0 0 0 -390 0 500 0 156 475 0 0 418 0 24 250 68 0 500 -25 392 0 190 0 0 0 0 -400 -333 0 0 0 -333 -200 493 384 168 1000 500 0 0 0 392 0 0 -133 0 -133 0 0 150 0 0 318 0 0 0 0 0 0 0 0 0 0 0 700 1000 119
600 300 500 200 250 300 0 0 200 200 0 0 550 175 500 200 200 600 0 500 333 200 333 150 333 333 333 150 150 150 300 0 200 0 0 0 200 0 475 0 550 500 0 0 516 0 225 300 227 0 500 88 717 0 400 0 500 0 0 400 1000 0 0 1000 666 400 727 263 327 300 500 0 0 0 717 0 0 172 0 172 0 0 133 0 66 527 0 0 0 0 0 0 0 0 0 0 0 600 300 212
#CPFC 2014-09-21
400 400 400 375 -250 487 -29 0 500 0 -75 0 341 0 0 100 500 100 100 0 125 1000 0 0 193 -100 250 250 250 0 125 200 0 200 0 125 375 312 0 -100 0 0 0 0 0 0 0 0 0 0 -100 100 350 125 0 0 0 0 1000 1000 0 0 0 0 0 0 0 0 0 -150 0 800 0 0 0 0 0 0 0 0 0 -275 416 0 0 0 0 0 0 0 0 0 0 365 -200 0 650 250 0 642
700 800 400 500 1000 600 618 0 375 0 800 100 666 0 0 150 750 150 150 0 425 300 100 0 393 450 200 200 200 500 100 900 0 100 0 341 500 333 50 775 0 0 0 0 0 1000 0 0 0 0 950 600 300 50 0 0 0 0 1000 300 0 0 0 0 1000 0 0 0 0 400 0 1000 0 0 0 0 0 1000 0 0 100 400 500 0 0 0 0 0 0 0 0 0 0 605 50 0 600 650 0 417
#MCFC 2014-09-21
0 0 250 0 500 -114 0 0 0 0 0 0 475 366 366 0 300 800 0 0 0 0 0 0 0 166 -312 -400 0 0 0 0 0 387 0 0 0 0 0 0 0 0 100 0 0 -268 94 -250 0 -400 449 100 0 0 324 0 187 100 200 0 0 0 0 349 0 0 0 -200 0 0 0 0 0 -178 -57 1000 0 0 -100 0 0 0 0 0 0 0 0 0 400 -86 0 0 0 -400 0 0 0 0 0 500
0 0 600 0 500 427 0 0 0 0 0 0 616 300 300 0 200 400 0 0 0 0 0 0 0 333 687 400 0 0 0 0 0 525 0 0 0 0 0 0 0 0 200 1000 0 891 644 250 0 400 350 550 0 0 650 0 437 300 500 0 0 0 0 683 0 0 0 250 0 0 0 0 0 533 617 300 0 0 162 125 0 0 0 0 0 0 300 0 425 472 0 0 0 400 0 0 0 0 300 500
#CFC 2014-09-21
-375 0 0 0 0 0 0 500 0 0 500 -114 0 0 0 475 366 0 366 68 0 200 0 200 0 -166 300 0 0 900 1000 300 0 0 0 0 0 250 0 -312 0 0 0 0 0 0 0 0 250 -700 0 1000 0 200 1000 250 250 0 0 250 0 0 0 0 200 0 0 0 0 16 0 170 62 0 1000 0 600 800 -268 94 -250 168 -400 1000 0 100 -175 136 0 0 0 500 500 -400 500 0 0 187 0 100
399 0 0 0 0 0 0 600 0 0 500 427 0 0 0 616 300 0 300 250 0 500 0 900 0 166 200 0 0 500 300 200 0 0 0 0 0 416 0 687 0 0 0 0 0 0 0 0 416 700 0 300 0 500 300 416 416 0 0 416 0 0 0 0 500 0 0 0 0 433 0 454 375 1000 600 0 233 400 891 644 250 477 400 1000 0 550 175 454 0 0 0 500 500 400 500 0 0 437 0 300
#LCFC 2014-09-21
0 373 0 0 200 0 200 0 -21 -400 -400 118 0 800 0 800 0 0 0 350 0 0 0 0 0 0 0 0 -133 0 0 0 0 246 0 0 500 800 800 800 -1000 1000 45 504 0 187 0 -77 -77 0 0 0 0 0 0 0 -62 0 406 0 0 0 -125 100 366 178 0 0 0 500 0 0 0 0 0 0 0 0 0 100 0 199 0 0 0 0 0 0 -200 136 0 0 0 0 0 0 0 200 0 0
0 622 0 0 300 0 400 0 370 700 700 622 0 750 0 750 0 0 0 550 0 0 66 0 0 0 0 0 544 0 0 0 0 471 0 600 150 750 750 750 1000 400 316 666 0 375 0 294 294 0 0 0 0 0 0 400 400 0 608 0 0 0 375 300 733 418 0 0 0 600 0 0 0 0 0 0 0 0 100 300 500 566 0 0 0 0 1000 0 0 454 0 0 0 0 0 0 0 200 0 0
#MUFC 2014-09-21
0 0 -200 0 0 0 166 200 0 200 300 0 500 -166 199 333 250 531 277 800 0 0 250 0 100 -125 0 500 0 200 100 0 97 909 0 0 0 0 1000 -250 0 285 -66 400 0 -76 168 -166 0 45 300 0 800 0 350 0 -102 0 0 0 0 0 0 0 0 -194 437 50 0 -650 0 0 0 500 0 -114 0 0 0 0 0 0 -200 0 357 0 937 0 0 700 68 0 33 91 0 600 250 -400 0 0
0 0 800 0 0 0 333 300 0 300 300 0 500 399 566 666 600 726 533 400 0 0 333 0 300 1000 0 900 0 300 200 0 683 780 0 0 0 0 300 250 0 535 333 800 0 269 377 333 0 151 400 0 1000 0 550 1000 770 0 0 0 0 0 0 0 0 288 300 600 0 1000 0 0 0 533 0 427 0 0 0 0 0 0 0 0 571 0 800 0 0 600 250 0 200 411 0 1000 800 700 0 0
#COYS 2014-09-21
500 0 500 392 449 0 0 0 0 150 468 600 0 781 0 -178 0 0 80 731 224 0 312 352 0 345 200 50 0 500 0 308 0 166 0 800 490 642 0 425 400 425 0 878 700 -500 0 0 250 0 0 600 1000 200 878 0 -333 0 0 225 -200 -166 0 700 200 156 1000 0 1000 343 500 -277 437 0 500 900 533 164 350 1000 825 0 0 -400 411 625 1000 347 722 255 500 0 666 0 0 100 500 1000 625 -100
1000 0 550 517 400 0 0 0 0 600 606 950 0 500 0 285 0 0 300 500 525 1000 300 627 0 679 200 50 0 1000 0 549 0 425 0 750 400 767 0 666 300 533 0 500 937 700 0 0 1000 0 0 500 650 900 500 0 333 0 0 950 250 133 0 600 900 200 1000 0 1000 325 1000 344 416 0 958 900 366 557 1000 1000 894 0 0 400 538 500 750 700 722 766 650 0 600 0 0 650 875 1000 500 400
#WBA 2014-09-21
0 0 0 0 0 0 -350 -125 -750 0 0 -100 283 -800 525 0 0 0 0 0 0 0 0 37 0 0 0 0 0 -400 183 0 0 -137 0 0 125 0 800 1000 0 0 0 0 0 0 0 0 0 400 0 0 0 400 0 0 0 0 0 0 0 166 33 0 400 300 -333 0 -400 0 -400 0 -83 400 0 0 0 0 100 344 0 -133 150 0 100 0 625 700 875 0 0 175 0 0 285 285 285 0 216 0
0 0 300 0 0 0 900 400 800 0 0 400 651 850 366 0 0 0 0 0 0 0 0 620 0 0 0 0 0 400 766 0 0 300 900 0 275 0 449 300 0 0 0 0 0 0 0 0 0 700 0 0 0 1000 0 100 0 0 0 0 0 197 633 0 1000 200 666 0 400 0 400 0 250 400 0 0 0 0 100 522 0 288 577 0 600 0 500 350 600 0 0 525 0 0 535 535 535 0 566 0
#WHUFC 2014-09-20
0 0 0 100 0 0 200 1000 0 0 0 0 400 0 517 250 250 700 700 800 266 449 0 0 213 566 -155 0 200 0 167 250 435 500 375 375 312 500 600 0 0 600 0 600 -164 0 600 250 500 -181 0 0 0 383 0 116 100 0 0 100 250 0 -187 0 0 8 250 0 0 -400 50 0 0 0 0 0 0 0 0 0 -200 0 0 0 233 625 583 0 0 625 0 133 0 266 0 -625 0 625 0 0
0 0 0 0 0 0 650 750 0 0 0 0 200 0 767 200 200 600 600 400 133 400 0 0 454 533 288 0 500 0 570 250 527 500 500 500 333 500 900 0 0 900 0 900 477 250 750 375 500 477 0 0 0 533 0 250 900 0 0 400 300 0 500 0 0 450 500 100 125 400 240 100 0 0 100 0 0 0 0 125 362 100 100 0 233 600 544 100 100 900 0 488 100 200 0 1000 0 366 0 0
#LFC 2014-09-20
400 0 250 200 0 0 700 400 400 400 0 611 500 0 400 400 400 454 0 -400 0 150 136 500 0 0 0 0 0 0 0 0 0 500 0 0 0 -227 -227 50 -166 0 0 0 0 0 0 0 0 0 625 0 250 200 400 0 -412 250 100 0 1000 0 0 0 0 0 0 0 550 136 0 0 -625 0 0 0 0 0 0 137 0 0 0 -61 -196 0 1000 800 100 -500 0 0 0 300 0 -400 -55 68 0 -386
800 0 600 480 0 0 600 800 800 800 0 666 500 0 800 800 800 540 250 700 0 450 454 600 0 0 0 0 0 0 0 0 0 900 0 0 0 244 244 100 433 1000 0 100 0 1000 1000 0 0 0 1000 0 250 350 375 0 700 250 0 0 1000 0 0 0 0 0 0 0 700 500 0 0 1000 0 0 0 0 0 0 383 0 0 0 527 566 0 300 750 400 700 0 0 0 750 0 400 588 352 0 933
#AVFC 2014-09-20
0 224 213 312 100 0 0 31 136 0 500 -29 0 0 300 0 0 0 0 1000 0 112 700 -6 -6 -6 -6 -49 -6 300 136 500 -6 0 157 568 172 0 700 0 781 0 -75 500 -50 0 213 136 0 0 250 250 68 0 0 375 700 700 0 375 700 0 0 0 0 312 0 800 375 700 47 0 400 375 666 1000 -155 0 -233 0 -155 -50 0 375 0 781 0 114 300 0 500 31 -9 136 -156 0 250 50 68 234
0 700 454 400 400 0 0 750 454 800 500 566 0 0 850 0 0 0 0 1000 0 541 600 581 581 581 581 300 581 850 454 500 581 0 369 727 394 0 600 0 500 0 366 600 400 0 454 454 0 0 200 200 227 0 357 750 600 600 0 750 600 0 0 0 0 250 0 750 750 600 644 0 800 750 1000 300 288 0 755 0 288 750 0 750 0 500 0 596 266 0 800 200 371 454 658 0 250 100 227 555
#AFC 2014-09-20
0 0 250 250 0 0 0 0 0 0 0 49 0 0 0 85 0 170 0 0 0 0 136 -412 0 500 400 0 0 0 0 0 0 0 0 0 0 0 166 -451 128 0 100 0 -175 0 200 200 0 500 200 200 0 -133 0 0 -300 583 -800 733 -139 0 400 200 0 475 0 0 0 500 200 200 0 0 0 500 133 -100 0 0 0 0 50 500 0 0 0 0 250 500 0 0 500 0 500 500 700 0 175 -71
100 0 600 250 50 0 0 0 0 0 0 649 1000 0 0 250 1000 500 0 0 0 0 454 700 0 450 399 0 0 0 0 0 500 0 0 0 0 0 405 596 267 0 1000 0 450 0 300 300 0 500 300 300 0 300 0 0 450 233 1000 616 433 0 1000 300 0 550 357 0 0 500 300 300 0 0 0 150 455 400 0 0 0 0 441 500 0 0 0 0 333 500 0 0 1000 1000 150 500 600 1000 647 267
#Clarets 2014-09-20
-200 -300 250 0 375 375 312 0 0 250 166 0 900 0 -155 808 -291 0 0 0 0 0 0 -300 400 800 400 0 0 300 0 0 0 300 0 -400 312 250 250 375 312 0 0 0 0 0 400 0 0 -400 0 0 500 0 400 400 136 285 0 250 0 375 312 0 0 0 0 0 0 0 285 500 0 0 0 366 0 0 0 0 500 0 0 0 400 400 288 250 250 250 250 312 400 0 0 0 0 0 288 0
50 400 200 0 500 500 333 0 0 408 666 0 600 0 288 566 541 0 0 0 0 0 350 600 800 400 800 0 0 0 0 66 0 0 0 400 200 200 200 500 333 0 0 66 0 0 400 0 0 400 0 0 500 0 800 800 454 535 0 200 0 500 333 0 0 0 0 0 0 0 535 600 0 0 0 399 0 0 0 0 600 0 0 0 800 800 566 200 200 200 200 333 350 0 0 0 0 0 566 0
#SAFC 2014-09-20
483 0 0 700 0 0 0 0 0 250 800 350 1000 0 400 583 0 208 -125 500 700 -225 125 -200 -225 375 312 -200 0 900 0 0 500 0 250 0 0 0 500 0 0 0 0 250 394 0 500 0 800 500 0 -500 250 -250 -500 781 250 700 0 0 0 33 0 0 542 0 625 136 500 437 231 0 800 0 475 0 100 0 0 250 0 0 0 357 500 0 0 0 0 475 0 500 -200 0 -250 0 0 116 68 0
833 0 0 600 0 0 0 0 0 300 700 550 650 0 1000 1000 0 583 375 500 900 674 291 400 674 500 333 400 0 1000 0 0 533 0 250 0 0 0 500 0 0 0 0 200 678 0 600 0 750 500 0 1000 350 1000 500 800 350 725 0 600 0 388 66 0 767 0 600 454 1000 825 686 0 1000 0 466 0 250 0 0 408 0 0 0 535 800 125 0 0 0 429 333 1000 378 0 200 0 0 538 227 0
#NUFC 2014-09-20
500 250 -75 0 700 0 -391 324 0 0 -366 0 0 500 700 0 283 350 500 125 -250 800 400 0 -291 200 178 566 0 0 0 285 800 0 450 0 0 -71 26 -1000 0 0 250 200 0 0 0 -400 500 333 350 350 400 212 25 449 0 0 -388 0 -281 0 0 0 -55 0 33 -49 0 500 208 -116 100 -250 0 -250 0 625 0 250 766 -78 200 500 566 500 0 -375 -200 -50 208 500 0 0 500 0 500 500 0 -63
888 600 950 0 600 0 866 275 1000 0 896 0 0 600 800 66 583 550 150 500 500 1000 800 0 541 250 335 566 0 0 400 535 700 0 750 0 1000 214 86 1000 0 0 350 200 33 0 0 550 600 355 600 600 383 401 275 400 0 0 833 41 560 0 50 0 611 0 533 700 0 600 166 466 400 800 0 500 0 1000 0 333 399 400 500 600 666 500 0 666 800 50 166 408 500 0 600 0 500 600 0 474
#hcafc 2014-09-20
-366 -600 199 0 0 0 0 99 0 0 333 600 483 -1000 250 0 0 -1000 625 500 125 1000 -62 0 -225 0 622 -750 0 -208 0 0 -349 0 175 449 650 0 0 -400 900 700 7 -304 -600 0 0 700 875 0 -250 268 -325 0 800 312 0 0 0 700 112 200 0 362 0 195 500 312 475 0 224 1000 0 0 0 0 0 0 0 1000 0 625 0 166 0 0 0 0 0 0 300 0 0 0 0 0 0 0 -400 0
966 700 471 0 0 0 0 333 0 0 500 1000 533 900 333 0 0 1000 500 600 325 1000 400 0 750 0 700 1000 0 166 0 0 333 0 775 400 616 0 0 400 1000 600 385 511 900 0 0 750 600 550 562 627 675 0 400 525 0 0 0 600 395 300 0 700 0 545 700 200 400 0 650 1000 0 0 100 0 0 0 0 1000 0 500 1000 585 0 0 0 0 0 0 850 0 0 0 0 0 100 0 400 0
#Swans 2014-09-20
0 400 0 125 220 281 733 100 0 -400 0 0 0 800 458 -400 216 750 216 1000 0 -500 0 650 375 312 233 136 0 549 -250 0 0 0 525 437 233 575 575 575 0 0 312 0 0 0 0 350 0 0 575 136 0 0 750 500 0 300 300 0 0 50 0 0 500 -388 0 0 375 0 300 0 -388 -388 -388 355 250 575 200 0 0 575 0 0 0 575 -200 0 500 575 850 0 300 575 0 0 0 200 575 -289
0 700 0 550 351 583 1000 400 0 400 0 0 0 750 415 400 416 900 416 750 0 650 0 650 500 333 600 454 0 583 800 0 0 0 541 337 622 475 475 475 0 0 500 0 0 0 0 550 0 0 475 454 0 0 750 500 0 0 0 0 0 400 100 0 500 833 500 0 416 0 450 0 833 833 833 494 1000 475 200 0 0 475 0 33 0 475 350 0 500 475 1000 0 700 475 0 0 0 450 475 342
#SaintsFC 2014-09-20
0 0 150 350 452 234 0 -12 0 212 0 -500 -187 0 100 233 0 -166 0 316 0 625 100 136 0 0 0 -400 500 0 0 0 0 0 -85 0 -125 0 800 600 0 500 375 312 700 0 0 136 -60 666 0 0 0 -144 -200 -200 218 0 -200 -200 -200 -200 0 0 500 0 0 0 -212 0 0 0 -400 390 50 -600 642 66 0 575 0 -141 0 575 187 0 -166 0 375 500 333 0 0 0 550 0 0 -16 0 0
0 0 400 783 670 375 0 500 0 475 0 500 500 0 300 566 0 166 0 816 0 500 50 454 0 0 0 400 1000 0 0 0 0 0 500 0 375 0 1000 800 0 900 500 333 600 0 0 454 260 766 0 0 0 440 200 200 387 0 200 200 200 200 0 0 700 500 0 0 500 0 0 0 700 750 700 800 417 108 0 975 0 258 0 975 437 500 900 500 416 500 500 0 0 66 850 0 1000 208 125 0
#QPR 2014-09-20
0 0 0 330 0 33 800 0 0 0 -133 0 0 0 0 0 0 0 -500 -300 500 400 250 0 0 250 0 0 0 0 200 0 0 0 0 0 0 0 266 375 312 0 0 1000 1000 200 330 0 0 525 0 1000 -1000 0 0 0 112 224 49 128 0 404 400 50 0 400 400 0 0 800 100 0 800 125 0 0 -62 159 400 330 -800 350 -400 0 1000 1000 0 0 0 0 0 1000 1000 0 -1000 0 -41 200 0 50
450 0 0 410 0 399 1000 0 0 0 633 0 0 0 0 0 0 0 1000 350 500 400 444 0 0 200 100 0 0 0 550 0 0 0 0 0 0 0 283 500 333 0 0 750 1000 450 410 0 0 616 0 750 1000 0 0 0 184 461 550 656 0 666 400 378 0 200 200 0 0 750 400 0 400 441 0 0 437 463 200 410 900 650 700 0 300 300 0 0 33 0 0 300 300 0 1000 0 675 500 0 350
#SCFC 2014-09-20
-500 0 0 1000 -500 0 -500 62 0 0 375 0 0 0 0 1000 0 0 0 549 525 0 -500 0 0 136 136 350 0 -56 0 0 0 0 0 462 200 462 0 400 400 0 0 800 533 400 0 0 1000 -50 -155 1000 0 0 0 1000 1000 0 0 0 0 -1000 666 -800 0 0 50 349 75 0 0 0 133 31 0 136 0 800 300 0 0 -500 -800 -800 -800 350 0 -16 0 0 -166 0 4 500 412 -388 725 0 350 400
700 0 0 1000 1000 0 1000 450 0 0 100 0 0 350 0 750 0 0 0 466 616 0 1000 0 0 454 500 550 0 277 0 0 125 0 0 925 500 925 0 200 200 0 0 400 833 200 0 100 300 100 288 300 0 125 0 300 300 0 0 0 0 1000 716 900 0 0 350 666 85 125 125 0 250 283 0 454 0 1000 0 0 0 1000 900 900 900 550 0 155 0 0 1000 0 288 500 730 833 775 0 550 200
#hcafc 2014-09-15
200 0 0 500 -202 -200 0 0 0 0 700 0 0 0 -100 0 -349 0 -400 475 0 0 0 50 322 875 0 -150 0 0 0 400 250 -125 0 0 150 0 -250 133 130 -250 0 200 318 625 175 433 0 -56 0 -200 100 -16 133 0 0 200 0 200 250 -58 0 0 800 -541 0 -500 800 0 0 -200 0 -258 418 -50 100 -541 400 -600 0 500 0 -400 0 700 0 -200 0 100 0 0 136 475 -400 250 0 0 -500 -66
200 0 0 500 394 300 0 500 0 0 600 0 0 0 562 0 333 0 600 350 1000 0 0 133 833 600 0 300 0 0 0 525 500 375 1000 0 400 0 500 700 277 300 0 400 562 500 425 700 466 293 208 300 300 383 700 0 0 300 500 300 333 258 0 0 400 833 0 533 400 0 0 400 0 611 781 250 300 833 800 800 400 500 0 400 0 900 0 825 0 150 0 0 454 250 400 300 0 0 1000 33
#WHUFC 2014-09-15
425 500 320 214 350 500 0 136 200 0 310 350 400 0 70 450 0 0 200 -100 0 800 -66 450 800 0 200 250 0 0 0 0 -400 0 0 -350 0 -200 400 750 500 0 0 0 0 0 800 351 475 -400 285 0 475 800 -66 0 250 0 200 -200 0 0 -350 0 400 86 350 0 0 0 -66 -1000 0 0 0 0 0 0 500 500 -100 0 350 -416 350 500 500 350 375 0 0 500 0 0 -750 366 -200 0 199 0
487 900 310 428 500 750 357 454 100 0 576 450 900 0 674 750 1000 0 200 200 0 400 283 750 400 0 300 333 0 1000 0 0 400 0 0 500 0 500 850 1000 500 0 0 0 0 0 400 552 250 400 535 0 250 400 283 0 200 0 250 700 0 0 500 0 800 405 550 0 0 1000 366 1000 0 0 0 0 0 0 600 600 199 0 550 566 550 900 900 550 416 0 0 900 0 875 800 608 400 0 444 0
#MUFC 2014-09-14
0 0 0 250 -113 -43 285 250 500 800 100 25 285 443 0 0 0 0 0 -38 -150 136 233 170 0 0 0 0 0 0 0 0 0 800 0 -400 0 0 0 650 250 0 0 0 -500 700 136 0 190 0 0 0 0 224 0 0 0 -25 0 0 0 125 0 625 800 200 0 0 546 800 700 83 -321 500 200 0 0 0 200 0 -150 0 233 200 -650 500 0 0 0 -150 425 -874 0 500 0 136 125 0 361 136
66 0 0 500 269 700 535 600 500 750 400 400 535 527 0 0 0 0 100 311 300 454 541 454 0 0 0 0 0 0 0 0 0 400 0 700 0 0 0 625 200 0 0 0 666 700 500 0 452 0 0 100 587 700 0 0 0 312 0 0 0 1000 0 500 750 200 0 0 700 400 600 850 601 600 260 0 0 0 500 0 400 0 399 500 950 888 0 0 0 700 500 666 0 750 0 454 625 0 428 500
#QPR 2014-09-14
443 312 0 0 0 0 600 200 -976 0 0 166 466 0 800 -400 -400 -400 466 246 800 -400 -250 0 0 350 0 500 0 0 375 350 0 -129 -100 -500 -200 300 0 0 0 -500 213 0 0 0 -500 87 100 300 0 0 0 269 -700 269 -500 200 312 0 583 0 0 -500 58 0 386 0 0 0 0 12 0 0 0 -400 0 399 0 640 800 443 0 0 175 0 0 -500 399 0 136 0 0 400 0 0 385 33 0 400
527 500 0 0 0 0 1000 300 875 0 600 666 600 0 700 700 700 600 600 512 1000 600 400 0 0 450 0 500 0 0 475 600 0 409 200 666 399 100 0 0 0 666 500 0 0 0 666 650 1000 475 0 0 0 615 800 615 666 500 200 0 666 0 0 666 350 0 434 0 0 0 0 445 0 0 0 400 0 466 0 550 400 527 0 0 266 0 0 666 466 0 454 0 0 400 0 0 702 122 0 500
#LFC 2014-09-13
325 0 250 0 -200 0 250 0 -400 0 0 -800 -250 0 0 -189 0 -400 -500 875 125 0 0 -250 -12 -400 500 0 -25 0 -133 0 0 500 0 0 500 0 0 800 500 500 500 0 50 66 0 0 250 0 325 0 0 0 0 150 0 700 0 0 500 -75 0 0 250 525 0 0 0 0 -500 136 0 1000 0 0 0 1000 0 -388 0 0 0 500 0 0 0 0 0 0 0 0 500 0 250 0 0 0 0 136
650 0 600 0 100 0 200 0 700 0 50 900 600 0 0 433 0 400 600 600 500 50 0 1000 0 700 625 0 700 50 155 0 50 700 50 100 900 0 0 400 500 625 625 0 200 366 0 0 333 0 375 0 0 0 0 250 0 600 125 1000 500 366 0 0 616 566 0 0 0 0 1000 500 0 750 0 0 1000 300 0 833 0 0 0 800 0 0 0 0 0 0 0 0 600 0 850 0 0 0 0 454
#AVFC 2014-09-13
750 800 500 0 500 133 200 633 468 0 11 0 0 0 800 0 0 700 0 166 136 136 800 0 0 0 0 251 0 0 450 88 0 0 568 400 550 136 136 0 300 800 -200 136 136 875 625 0 0 625 625 625 0 0 0 0 0 0 100 800 -266 700 450 0 16 0 0 100 625 100 49 0 0 -1000 295 83 0 0 800 0 625 0 0 0 0 0 0 0 0 0 800 0 136 0 0 136 0 0 0 350
1000 1000 1000 0 1000 266 850 566 727 0 377 0 0 0 1000 0 0 600 0 333 454 454 750 0 0 0 0 593 0 0 600 744 0 0 377 350 250 454 454 0 383 1000 233 454 454 600 925 0 125 925 925 925 125 125 125 0 0 0 400 1000 300 600 600 100 500 125 0 400 925 400 850 0 0 1000 418 833 0 0 1000 125 925 0 0 0 0 0 0 0 0 0 1000 0 454 0 0 454 0 0 0 600
#CFC 2014-09-13
0 0 390 468 0 0 516 700 -250 0 0 268 0 0 500 0 136 500 -80 0 750 700 0 0 0 -30 689 375 0 0 0 0 0 721 456 170 0 0 406 406 0 318 0 600 0 600 468 0 -500 406 0 0 0 0 318 0 50 0 100 500 136 0 0 0 406 0 625 0 170 0 406 136 -750 0 0 0 502 0 243 0 500 0 568 136 200 500 324 0 0 0 0 600 0 0 0 136 0 -150 -150 0
0 0 551 750 300 0 900 600 397 0 0 727 66 0 550 0 454 500 539 0 400 200 0 0 0 280 606 400 0 0 0 312 0 584 458 454 0 0 551 551 0 727 0 1000 0 1000 727 0 300 551 0 0 0 0 727 0 50 0 150 500 454 0 0 0 551 0 750 0 454 0 551 454 1000 0 0 0 501 0 502 0 1000 0 727 454 300 500 500 0 0 0 0 433 0 0 0 454 0 700 233 0
#Swans 2014-09-13
41 425 -133 0 0 0 0 0 100 136 0 0 125 0 0 0 0 0 0 0 -390 0 0 0 0 0 0 750 102 250 -91 102 450 14 0 350 0 0 0 287 750 700 500 0 200 500 0 0 0 0 0 0 0 609 0 -155 0 500 -500 0 0 500 380 500 0 0 300 0 68 0 0 0 500 0 0 0 0 0 0 0 0 0 200 0 600 224 -91 0 -150 266 1000 -138 200 500 0 49 500 -300 -175 0
66 533 166 0 100 0 0 76 1000 454 76 0 300 76 0 0 76 0 0 0 687 0 0 0 0 0 0 800 361 850 291 361 900 156 0 300 0 0 125 525 525 600 500 0 300 500 550 0 0 0 0 0 0 975 0 288 0 900 900 0 0 650 527 500 0 0 350 0 250 66 0 100 600 1000 500 0 0 0 0 0 0 0 200 0 600 325 291 0 700 462 300 213 200 650 0 825 650 400 644 0
#CPFC 2014-09-13
214 0 0 -155 500 625 0 500 400 500 0 -800 430 700 -500 -500 1000 0 -291 0 -400 0 0 0 350 0 0 0 0 900 250 0 0 -50 0 0 0 600 399 42 0 312 0 0 0 0 0 0 800 0 781 0 0 350 0 0 -400 583 199 -200 0 0 0 700 333 0 0 0 136 -250 400 -250 500 500 500 0 525 0 50 200 0 0 0 0 0 400 0 0 0 136 243 -125 0 0 200 0 0 0 183 0
428 0 0 288 150 750 0 1000 900 500 66 800 817 600 500 400 1000 0 541 0 600 0 0 0 544 0 0 0 0 1000 283 0 0 400 0 0 0 800 408 267 0 300 0 0 0 0 0 0 750 0 500 0 125 412 0 0 600 561 366 800 0 0 0 700 333 0 750 0 500 200 600 200 500 500 500 0 475 0 50 200 0 0 0 500 0 500 0 0 0 454 502 500 0 0 200 0 0 0 350 0
#Clarets 2014-09-13
-400 0 0 0 175 100 800 400 136 0 -25 125 0 0 0 0 0 800 800 175 199 400 0 250 136 0 312 1000 400 0 0 1000 312 0 227 0 0 0 136 500 350 0 -625 400 0 0 -400 0 0 0 0 136 0 0 136 500 400 0 135 -400 -400 0 0 0 150 136 0 136 400 136 136 200 800 0 0 100 400 -400 136 0 0 400 100 0 400 0 0 500 0 0 250 125 0 0 450 0 0 0 0 50
400 0 0 0 275 400 1000 800 500 0 200 383 0 0 0 0 0 400 750 275 500 800 0 250 500 0 333 400 800 0 0 300 333 0 545 0 0 0 454 500 550 0 400 800 0 0 400 100 0 0 0 500 0 0 454 1000 500 700 327 400 400 0 0 0 283 454 0 454 800 454 454 500 400 0 0 50 800 400 500 0 0 400 50 0 800 0 100 150 0 0 333 166 0 0 700 0 0 0 0 100
#SaintsFC 2014-09-13
125 100 225 0 0 800 0 0 0 800 0 350 0 1000 0 0 100 0 268 0 0 47 -155 142 0 0 166 0 0 200 0 416 0 0 -600 -500 0 95 400 0 -300 0 225 0 0 0 1000 0 284 1000 200 49 -187 0 0 0 0 233 0 0 0 0 0 100 0 -250 0 0 800 100 800 0 100 -250 -250 100 0 700 0 -250 470 800 -250 0 -250 0 0 0 500 0 -8 166 -25 100 -116 0 136 136 500 40
388 400 600 0 0 1000 0 0 0 1000 1000 500 1000 300 0 0 600 0 427 0 0 644 288 267 0 0 416 0 0 200 0 500 0 0 400 500 0 429 250 0 600 0 500 0 0 0 1000 125 438 300 222 450 312 125 0 0 0 200 0 0 0 0 0 250 0 1000 0 0 900 100 400 0 250 1000 1000 250 0 600 0 1000 448 900 1000 0 600 0 0 0 500 66 425 416 575 100 662 0 454 454 600 700
#NUFC 2014-09-13
250 163 -308 0 500 0 0 0 525 800 0 500 0 0 0 500 0 500 400 0 0 0 0 0 0 0 250 0 0 250 0 0 0 0 0 1000 0 0 0 0 250 0 -600 0 0 0 0 -62 -100 976 0 250 649 0 -600 0 0 0 0 327 600 0 104 440 187 0 -250 0 250 100 0 0 0 800 0 666 50 50 800 62 200 0 118 50 0 200 0 0 0 0 200 54 350 142 200 0 0 100 500 1000
600 422 525 0 500 0 0 0 366 400 0 500 1000 0 0 500 0 466 375 0 0 0 0 0 0 0 300 0 0 500 0 0 0 0 0 750 0 0 0 0 300 0 900 0 0 0 0 766 700 800 0 300 950 0 900 0 0 0 0 399 900 0 333 550 350 0 1000 0 800 900 62 0 0 1000 400 799 200 200 400 229 639 0 252 450 0 200 0 0 87 0 200 549 450 267 400 0 0 650 500 1000
#SCFC 2014-09-13
-75 462 462 -300 0 375 350 0 0 210 100 100 -133 0 0 625 0 350 0 562 800 0 375 216 224 187 0 -450 0 150 0 349 0 -150 0 -500 375 0 500 0 0 0 0 0 392 100 0 -319 0 0 -100 0 100 0 0 0 0 349 -83 416 0 200 0 1000 0 400 0 0 250 0 0 0 0 0 0 0 136 0 0 0 0 68 0 0 0 0 -125 0 0 0 0 0 -275 0 500 500 0 0 0 -33
366 925 925 600 0 566 375 0 95 286 1000 1000 166 0 0 675 0 550 0 750 400 0 350 366 569 375 0 700 0 300 0 666 0 650 0 1000 750 0 500 0 0 0 0 0 517 400 0 531 0 125 400 0 100 0 0 0 112 666 83 500 0 200 0 300 0 500 0 0 594 0 0 0 0 0 0 0 500 0 0 0 0 250 0 0 0 0 375 0 0 0 0 0 325 0 650 1000 0 750 0 114
#LCFC 2014-09-13
-75 -200 0 125 0 200 -400 250 0 500 0 0 199 400 523 0 253 -100 500 0 0 0 0 500 0 500 0 0 0 0 66 -125 0 500 200 0 0 1000 0 300 0 350 0 0 200 0 0 -1000 170 650 1000 0 0 0 0 0 -400 0 0 -300 900 0 0 350 0 0 137 500 0 -406 0 0 0 300 0 0 213 213 0 0 184 800 600 213 -275 -75 357 -781 -250 -400 500 0 282 0 200 -147 0 -200 0 0
366 250 0 637 125 100 400 300 0 1000 0 0 300 200 767 0 350 500 1000 0 0 0 0 500 0 750 0 0 0 0 766 400 0 500 100 0 0 575 0 500 0 550 0 0 300 0 0 1000 454 625 1000 0 0 0 0 0 400 0 0 400 700 0 0 300 0 0 387 900 0 66 0 0 0 200 0 0 322 322 0 0 463 400 600 322 325 525 571 500 250 400 900 0 750 0 600 383 0 650 0 0
#SAFC 2014-09-13
1000 0 0 255 0 250 0 -366 1000 0 142 800 500 0 -77 500 142 0 0 0 1000 250 -600 -500 0 203 -49 0 0 200 -18 -400 0 150 0 0 0 0 0 375 500 459 585 0 375 0 500 0 0 0 400 0 0 0 0 0 0 0 1000 0 -150 0 0 200 200 0 0 150 200 -150 -500 -400 136 -600 136 0 -75 0 0 0 0 0 0 0 0 0 -400 -200 500 0 800 0 0 0 500 0 0 0 -625 0
1000 0 0 602 500 500 0 800 300 0 267 750 1000 0 144 500 267 0 0 0 1000 100 900 1000 0 443 850 0 0 300 691 433 400 100 0 0 1000 0 0 750 500 708 750 0 750 0 500 0 0 0 400 0 0 0 0 0 0 33 1000 0 625 0 0 350 350 0 0 300 500 650 1000 1000 454 900 454 0 366 0 0 0 0 0 0 0 0 0 1000 200 500 0 750 0 0 0 800 0 0 0 400 0
#COYS 2014-09-13
-1000 0 0 200 0 0 0 500 350 0 255 0 206 1000 333 450 0 177 800 0 625 468 0 112 0 0 909 400 650 500 136 200 0 0 0 0 0 200 0 0 0 0 375 750 500 500 175 0 0 136 518 0 0 25 0 850 250 0 0 240 304 600 900 0 0 200 -78 0 0 -316 0 0 0 0 0 0 0 0 700 0 0 468 0 0 0 0 800 0 -800 0 0 135 0 0 0 -250 0 350 0 0
1000 0 0 300 0 0 0 600 600 0 602 687 750 700 438 850 0 557 1000 0 500 427 0 1000 0 0 780 900 866 500 454 200 0 0 0 0 0 200 0 0 0 100 750 675 600 600 500 0 188 454 727 0 0 887 0 675 216 0 0 365 520 475 875 0 0 500 419 0 0 300 0 0 0 0 0 0 0 0 600 0 0 825 0 0 100 0 750 0 900 0 0 757 0 0 0 400 0 300 0 0
#WBA 2014-09-13
375 157 45 0 533 -475 0 136 524 0 750 0 -750 600 0 24 438 800 700 0 0 218 495 0 -100 0 481 -400 0 0 0 0 0 875 162 0 257 0 0 0 775 250 175 -200 0 0 0 0 0 0 0 500 550 0 -75 800 -15 316 -400 300 0 700 303 537 200 200 200 0 0 433 121 450 0 0 1000 0 27 0 0 0 0 -400 187 0 0 -600 400 -100 500 0 400 0 0 650 175 316 500 400 -131 0
750 469 351 100 500 600 0 454 575 0 950 500 1000 1000 0 366 583 750 600 0 100 477 483 0 75 0 600 400 0 0 0 0 0 600 383 0 503 0 0 0 575 450 216 450 0 0 0 0 0 0 0 500 1000 0 525 750 563 516 400 100 0 600 292 487 500 500 500 0 0 1000 333 450 0 66 400 0 388 0 0 0 0 400 437 1000 0 475 500 75 900 0 500 0 0 500 216 516 500 900 427 0
#EFC 2014-09-13
0 250 -600 0 -600 -600 -125 0 0 0 500 0 219 -83 0 -200 0 0 0 0 0 0 0 0 0 0 107 -229 0 -158 0 0 0 0 0 0 0 0 500 0 0 0 -166 0 500 0 -8 118 0 0 0 0 266 0 136 -699 250 -400 177 -300 0 0 224 0 0 0 0 0 0 0 250 -300 100 281 633 0 0 0 200 500 -200 500 400 0 31 200 0 0 0 0 -200 -200 0 -50 0 -400 0 0 0 -400
0 600 900 0 900 900 375 0 0 0 500 0 580 95 0 233 0 0 125 0 125 125 0 125 0 0 410 480 0 200 125 0 0 0 0 0 0 0 500 0 0 0 116 0 1000 0 477 327 0 0 0 0 600 0 454 666 550 700 544 433 0 0 569 0 0 0 0 0 0 0 300 400 1000 750 696 0 0 0 200 1000 725 500 400 0 416 200 0 0 0 0 100 600 0 400 0 700 0 0 0 700
#AFC 2014-09-13
312 1000 250 0 500 -83 0 0 0 0 0 0 0 0 0 -175 250 0 0 0 0 0 800 0 0 -175 0 0 0 250 0 0 325 333 800 0 0 0 0 0 500 433 0 0 0 136 -300 700 0 400 0 0 0 0 0 136 0 0 -42 266 0 0 0 0 0 0 0 0 0 0 0 0 0 0 0 0 136 136 1000 0 0 -500 0 383 99 0 0 0 -300 0 -385 136 218 136 136 0 0 0 600 -400
751 300 600 0 750 208 0 0 0 0 0 112 112 0 0 550 850 312 0 0 112 0 400 0 0 550 100 112 0 200 0 0 375 666 1000 0 0 0 0 0 500 533 500 0 0 454 700 600 0 350 0 0 0 0 0 454 0 0 373 333 0 0 0 0 0 0 0 0 0 500 0 0 0 0 0 1000 454 454 1000 0 0 900 0 433 600 0 0 0 600 0 662 500 327 454 454 0 0 0 625 600
#MCFC 2014-09-13
250 500 300 0 0 0 0 -500 100 500 0 379 0 136 136 166 136 136 0 0 600 0 0 0 137 200 219 0 431 0 118 400 0 -357 0 0 0 156 525 -131 -666 250 650 -400 0 350 0 0 0 0 350 -400 136 750 0 136 0 0 0 0 100 428 0 0 200 0 0 0 500 0 0 0 0 400 0 1000 178 0 250 250 500 100 0 700 0 0 0 0 0 800 250 0 -300 200 0 0 0 178 0 500
600 750 200 0 0 0 0 300 50 500 0 591 0 454 454 750 454 454 0 0 1000 0 0 0 587 200 580 0 475 0 377 500 0 628 0 0 0 550 516 427 1000 333 909 700 0 800 0 0 0 0 450 483 500 1000 0 454 0 0 0 0 550 511 0 0 500 0 1000 0 533 0 0 0 0 400 0 300 285 0 600 283 1000 600 0 600 0 0 0 1000 0 400 300 0 400 900 0 100 0 285 100 500
#LCFC 2014-08-31
850 0 -800 0 500 900 900 850 900 900 900 0 900 0 512 0 150 0 -275 800 900 -150 0 0 50 0 0 0 0 0 0 0 0 0 0 0 0 0 800 -75 400 0 -266 0 900 0 -312 0 1000 900 950 1000 -400 -484 0 -800 0 0 0 0 0 0 0 136 0 0 250 0 600 275 0 0 0 0 244 0 -100 1000 -75 1000 0 1000 0 158 75 0 0 500 607 0 -100 0 700 0 750 175 -77 0 88 350
800 0 900 66 500 900 900 800 900 900 900 0 900 0 950 0 900 0 500 900 900 250 0 0 350 100 0 0 0 0 0 0 0 0 0 0 0 0 750 366 900 0 566 0 525 0 500 100 1000 1000 1000 1000 700 470 0 900 100 0 0 0 0 0 0 454 0 0 800 0 600 775 0 0 0 0 322 0 400 1000 366 300 0 300 0 549 175 0 0 500 821 0 400 0 600 0 500 175 144 0 466 500
#AFC 2014-08-31
0 200 0 800 500 0 500 250 700 0 0 500 500 500 500 0 568 0 0 0 99 0 200 250 -600 0 -300 0 50 0 0 68 0 366 0 0 262 -500 0 0 -50 0 0 0 -400 33 0 -400 175 0 259 454 200 100 1000 393 91 0 0 -133 500 1000 112 625 -600 0 268 0 1000 0 600 -25 550 733 1000 200 0 1000 -224 -400 1000 0 -416 1000 210 366 450 481 0 -125 136 -400 200 500 -51 1000 0 1000 1000 0
0 200 0 750 600 0 500 600 600 0 0 500 500 200 500 0 602 0 0 0 766 0 200 575 900 0 400 0 500 0 0 377 0 833 0 0 600 900 50 0 750 0 0 0 400 316 0 400 475 0 601 845 200 900 300 846 491 0 0 533 500 300 583 750 950 0 552 0 1000 0 300 477 560 566 650 550 0 300 825 400 300 0 666 1000 640 799 644 677 0 375 500 400 200 750 762 1000 1000 1000 1000 0
#AVFC 2014-08-31
0 0 0 -117 0 0 1000 166 250 -349 -500 0 0 0 600 0 200 354 0 0 635 0 400 0 700 700 200 0 0 0 0 0 0 0 0 0 0 -27 0 0 0 0 0 0 0 0 0 0 0 0 0 0 0 300 400 300 0 0 125 0 275 0 0 0 550 700 300 0 0 0 0 0 0 -400 0 0 0 0 0 -175 0 500 150 0 400 0 -1000 0 0 0 540 1000 0 0 577 700 -16 0 0 400
0 0 0 355 0 0 750 833 1000 383 750 1000 0 0 900 0 200 716 0 1000 833 0 375 100 600 600 250 0 0 0 0 0 0 0 0 0 0 366 0 0 0 0 0 0 0 0 0 0 0 0 0 100 0 775 900 650 0 0 650 0 725 0 0 0 700 600 483 0 0 0 0 0 0 600 0 0 0 66 0 550 0 1000 300 0 900 0 1000 0 0 0 400 1000 0 0 627 800 816 0 0 375
#hcafc 2014-08-31
450 145 67 633 0 -50 -62 -62 446 100 266 -250 -600 400 -100 0 0 0 43 43 -155 125 0 712 0 250 0 -208 0 0 -625 200 100 0 0 -25 0 0 0 178 666 0 800 0 0 0 0 0 -500 800 0 0 0 57 285 500 -200 -350 -250 800 0 250 -155 250 0 -757 0 -125 0 0 0 0 0 0 0 0 0 450 24 0 750 516 -66 112 200 0 0 250 1000 0 0 800 41 250 0 -199 66 -400 57 0
650 184 333 700 0 400 400 400 365 350 516 750 700 633 720 0 0 0 450 450 288 666 0 625 0 254 0 500 0 0 1000 200 300 0 0 700 0 0 0 595 616 0 750 0 0 0 0 0 600 900 700 0 0 670 535 500 100 422 300 900 0 500 288 500 0 878 0 875 0 500 0 0 0 0 0 0 0 950 366 0 950 916 666 450 539 1000 0 500 900 0 0 1000 483 500 0 422 466 700 670 0
#COYS 2014-08-31
700 150 0 437 -262 -174 379 466 0 566 0 0 0 -100 1000 -41 0 0 1000 450 333 75 270 600 700 0 0 -400 0 1000 -500 1000 0 0 0 0 0 -137 625 0 156 0 0 0 0 316 0 750 0 -450 800 0 0 -200 1000 338 0 309 166 800 433 0 0 0 0 700 0 0 100 -350 0 800 0 -750 85 0 581 0 1000 0 0 0 456 0 0 0 0 0 -300 -250 225 275 183 600 0 99 600 900 850 0
700 300 0 650 744 666 444 600 0 662 0 0 0 300 1000 258 0 0 700 400 479 225 466 600 600 0 0 400 0 400 1000 1000 0 0 0 0 0 675 400 0 550 0 0 0 0 233 0 650 0 799 750 0 0 200 1000 722 66 404 766 700 833 0 0 0 0 600 0 0 1000 600 0 750 0 900 727 0 708 100 400 0 0 0 527 0 0 100 0 0 250 1000 500 775 533 650 0 533 650 700 700 125
#LFC 2014-08-31
650 -750 -187 -400 0 250 150 0 445 0 0 200 136 136 0 0 500 166 100 0 0 0 650 50 900 0 562 0 0 224 0 0 700 425 0 0 -600 300 546 0 1000 0 700 225 216 0 250 -600 31 100 -799 -500 0 755 0 458 -799 50 0 500 0 -390 -450 500 500 0 0 23 0 0 333 0 0 0 0 -166 100 0 136 0 350 243 0 375 75 500 200 100 0 500 142 300 250 0 362 0 0 425 233 0
750 1000 625 400 0 600 300 0 618 0 0 100 454 454 0 100 500 500 100 125 0 0 625 195 1000 125 400 0 0 525 0 0 600 375 0 0 800 200 650 0 300 0 700 800 799 0 300 800 250 1000 1000 1000 0 351 0 532 1000 200 0 500 1000 500 650 500 500 0 0 415 0 0 783 0 0 0 0 66 312 0 454 100 550 525 0 350 175 500 200 900 0 900 330 300 350 0 537 1000 100 775 308 0
#EFC 2014-08-30
11 250 0 312 0 0 0 1000 400 168 0 375 -109 0 168 0 0 -199 375 0 0 900 -125 0 437 0 100 400 0 -500 400 400 0 0 0 0 0 0 1000 100 -50 0 -50 233 0 224 0 100 0 750 0 0 400 0 0 750 0 166 800 0 0 0 0 0 166 750 -50 0 0 750 750 0 0 750 0 0 0 0 -162 0 0 1000 250 0 365 375 -100 -83 0 0 16 750 200 1000 1000 1000 0 350 0 0
22 600 0 300 0 0 0 750 600 377 0 500 625 0 377 0 0 650 750 850 0 1000 375 0 350 0 500 600 0 900 1000 600 0 0 0 0 0 0 1000 400 400 0 383 666 0 625 0 400 0 800 0 0 475 0 0 800 100 777 1000 100 0 0 0 0 477 800 400 0 0 800 800 0 0 800 0 0 0 0 451 0 0 300 350 0 538 350 550 383 0 0 133 650 500 300 300 300 0 550 0 0
#CFC 2014-08-30
0 350 -125 0 600 550 375 0 -250 0 0 0 0 0 0 0 0 0 -400 164 0 89 0 16 0 200 0 500 0 198 0 0 0 0 0 0 0 0 100 0 700 0 0 0 0 -600 500 0 0 675 700 25 0 -25 0 0 0 0 0 0 33 0 0 0 500 0 -374 -759 408 0 800 0 0 333 0 0 500 0 -49 0 0 0 700 462 0 0 250 0 0 0 0 400 0 0 0 500 -750 0 400 -150
0 500 375 0 575 700 450 0 250 0 0 0 0 0 0 0 0 1000 700 446 0 635 0 962 0 100 0 750 0 429 0 0 0 0 0 0 66 0 400 0 600 0 0 1000 0 700 900 0 0 750 600 250 0 800 0 0 0 0 0 0 355 0 0 0 900 0 566 833 733 0 700 0 500 583 0 0 500 0 350 0 0 0 900 700 0 0 500 0 0 0 0 1000 0 0 0 900 1000 0 1000 800
#MCFC 2014-08-30
0 250 0 600 500 0 136 100 0 0 0 0 0 0 390 0 500 0 0 0 733 0 200 350 0 0 200 112 0 0 -69 -133 250 0 0 0 500 700 0 1000 390 449 0 0 0 0 0 0 0 0 500 100 0 250 250 -388 0 0 0 0 0 0 250 500 500 0 0 0 0 81 0 50 0 136 0 0 0 500 200 0 400 1000 0 0 0 500 0 0 0 -800 0 0 -77 300 300 0 300 300 136 319
0 600 750 1000 833 0 500 400 0 0 0 0 0 0 500 1000 1000 0 0 0 399 0 300 550 0 0 400 500 0 0 97 399 250 0 0 0 500 900 0 300 444 550 0 0 0 0 0 0 0 0 833 1000 0 500 500 833 0 0 0 0 0 0 500 833 833 0 0 0 0 464 0 50 0 454 0 0 0 833 400 0 1000 1000 0 0 0 500 0 0 0 900 0 0 194 800 800 0 800 800 454 376
#SCFC 2014-08-30
500 -875 500 136 136 0 500 500 122 0 0 0 136 136 136 343 0 368 500 0 500 0 500 0 100 -9 0 0 0 0 325 462 -125 462 50 0 0 900 0 300 800 625 0 0 0 0 0 -9 0 0 -500 0 -69 -200 500 0 0 -150 -388 0 650 0 0 -100 -388 100 168 168 0 0 0 0 0 0 0 418 500 0 650 0 250 800 0 0 0 136 0 0 0 0 500 0 250 300 -100 500 -433 216 168 168
1000 1000 600 454 454 0 500 500 288 0 125 125 454 454 477 491 0 677 500 0 500 0 500 323 1000 371 0 0 0 0 575 925 250 925 650 0 0 800 0 200 750 600 0 0 0 0 0 371 0 0 1000 0 916 300 750 0 0 700 833 66 450 0 0 466 833 900 477 477 0 66 0 0 0 1000 0 577 500 0 575 0 250 1000 0 0 0 454 0 0 0 0 500 0 416 500 83 500 866 366 477 477
#NUFC 2014-08-30
0 250 68 500 100 -262 -99 0 0 200 68 0 0 568 49 500 -83 0 0 -500 -253 -125 -125 -100 0 400 333 200 800 800 125 0 99 0 318 212 0 106 100 0 170 0 467 625 550 0 976 160 0 375 178 0 350 0 166 0 425 -699 0 0 400 500 0 0 285 125 500 0 257 0 -3 0 0 0 0 0 400 700 0 0 1000 1000 266 -333 550 0 0 -500 -500 0 0 0 0 -150 200 0 0 0 0 -250
33 600 289 591 756 791 400 0 0 200 289 0 100 400 600 500 216 0 1000 1000 464 375 125 400 500 900 666 900 700 700 1000 0 422 0 477 284 0 700 200 0 454 0 410 600 700 0 800 539 1000 416 335 0 449 0 666 0 525 666 0 0 350 600 0 0 425 150 500 0 490 66 733 100 0 0 600 0 800 600 0 0 1000 1000 383 350 350 0 0 533 900 0 0 0 0 487 100 0 0 0 0 593
#CPFC 2014-08-30
0 193 0 1000 500 0 0 -166 -150 459 500 125 285 0 0 800 300 500 168 217 16 425 0 166 500 400 0 0 400 500 0 0 0 0 0 -176 -168 -166 0 0 0 0 483 700 0 -66 0 0 67 0 833 0 0 0 0 350 0 828 0 300 100 0 0 0 118 118 118 118 0 500 700 -77 0 500 0 450 0 375 -33 325 0 468 0 0 -300 0 450 0 0 0 0 0 0 250 250 250 250 0 312 800
1000 393 0 300 500 0 100 500 800 513 500 666 410 0 0 900 900 600 350 571 274 275 66 666 600 500 0 0 350 600 0 125 125 125 0 400 296 166 0 0 0 0 477 600 0 166 0 875 405 50 854 0 0 0 0 650 1000 550 0 100 200 0 0 0 427 427 427 427 0 450 600 194 0 500 0 200 0 750 400 700 0 677 1000 0 700 0 500 0 200 0 0 0 0 200 200 200 500 0 333 900
#QPR 2014-08-30
233 0 0 0 0 0 200 0 250 0 0 0 1000 875 525 0 0 500 0 0 0 0 625 0 0 350 142 0 700 0 0 0 0 -400 250 -375 152 700 300 -150 0 -125 0 800 0 400 0 0 700 0 0 -225 250 250 250 0 100 0 0 0 0 0 0 -250 399 0 136 800 295 0 0 0 0 0 0 -500 0 875 0 0 0 0 0 0 -500 0 0 175 0 0 0 375 0 0 100 0 0 -399 0 200
188 0 0 0 0 0 400 0 100 0 0 0 900 600 616 0 0 512 0 0 0 0 500 0 0 700 767 0 600 0 0 0 0 450 283 600 535 600 900 411 0 581 0 900 0 900 0 0 600 0 66 375 200 200 200 0 344 0 0 0 0 0 0 750 783 0 454 700 553 0 0 0 0 0 0 500 0 600 0 0 0 0 0 0 1000 0 0 275 0 0 0 500 0 0 900 0 0 500 600 400
#SAFC 2014-08-30
0 0 49 -83 800 400 0 800 0 -250 265 875 0 0 625 49 0 0 0 -400 0 430 400 -155 0 0 90 0 0 0 0 600 -208 250 250 200 0 0 0 546 400 0 0 0 -250 1000 650 300 412 -291 0 0 0 0 -99 0 -70 0 0 -375 -25 -250 468 -250 0 300 500 233 0 65 0 -100 200 285 100 -125 0 0 800 -300 0 0 700 0 0 0 0 0 150 78 150 0 600 300 -100 0 700 0 0 0
0 100 600 216 750 700 0 700 0 233 554 600 0 0 600 450 0 0 1000 600 0 619 350 288 0 66 432 66 0 0 0 533 66 762 500 575 0 0 0 650 437 33 0 33 600 300 600 100 525 541 0 0 0 0 875 0 415 100 0 399 233 100 427 250 0 100 1000 233 0 420 0 100 200 535 500 494 100 0 700 800 0 550 600 0 0 600 550 0 633 479 550 0 825 100 50 0 600 500 600 0
#Swans 2014-08-30
0 591 0 0 0 0 0 0 0 0 300 0 800 0 0 142 0 250 600 0 800 0 0 0 0 0 312 458 438 0 0 0 -600 -9 0 -250 0 0 0 0 0 0 800 136 136 400 0 0 -194 0 0 416 0 0 0 0 136 500 -400 0 0 0 0 0 600 0 418 0 0 0 0 0 -33 68 136 136 136 1000 468 -400 0 350 136 500 0 500 136 0 0 223 0 150 250 136 250 136 0 136 0 0
0 916 0 0 0 0 0 0 0 0 433 0 750 0 0 267 0 333 300 0 400 0 0 0 0 0 333 666 577 0 0 0 900 371 0 100 0 0 0 0 0 0 400 454 454 350 0 0 288 0 0 500 0 0 0 0 454 500 400 0 0 0 0 0 1000 0 493 0 0 0 125 0 383 289 454 454 454 300 602 400 0 800 454 1000 0 500 454 0 0 318 0 241 333 454 333 454 100 454 0 0
#WBA 2014-08-30
300 0 400 563 -131 700 400 500 625 0 200 -6 0 500 166 500 0 350 25 0 -69 750 125 100 500 -195 0 0 750 1000 800 -400 400 -131 155 0 -78 0 0 136 133 500 0 0 0 0 200 0 -33 433 0 600 0 250 0 -400 600 0 399 600 0 0 500 0 0 216 -250 300 0 200 0 0 0 500 0 0 0 0 228 200 -800 0 0 433 -221 91 -383 166 0 0 68 400 0 0 0 355 0 105 0 -16
500 0 400 953 427 600 466 500 888 0 550 388 0 500 166 500 0 450 175 500 480 400 375 450 500 533 0 0 1000 400 700 850 625 427 311 0 150 0 0 500 233 750 0 0 0 0 500 0 662 733 0 566 0 633 0 400 1000 0 277 1000 0 0 500 0 0 1000 1000 100 0 437 0 0 0 1000 0 0 66 0 445 200 800 0 0 833 484 425 716 333 0 50 227 233 0 0 0 508 0 493 0 416
#WHUFC 2014-08-30
0 276 600 300 600 433 500 400 -250 -25 0 390 425 0 400 0 400 0 400 400 600 -66 400 0 533 544 400 0 0 400 150 250 250 330 0 0 325 0 0 -125 375 375 375 312 273 273 0 -36 0 0 500 600 380 -57 600 0 400 400 350 0 0 -250 200 136 0 0 0 0 0 0 -300 0 100 -16 600 416 0 0 416 600 0 0 0 83 0 0 500 478 0 0 300 0 0 846 500 500 0 -500 500 433
1000 477 900 450 900 766 1000 700 637 200 0 630 575 0 700 0 700 0 700 700 900 799 700 0 699 700 700 0 0 800 800 200 200 410 0 0 575 500 0 375 500 500 500 333 775 775 0 394 0 0 500 900 630 467 900 66 500 500 550 1000 0 500 200 454 0 0 0 66 0 0 400 0 100 316 900 833 0 0 833 900 0 0 0 111 0 0 900 666 0 0 496 66 0 733 500 550 0 1000 900 733
#SaintsFC 2014-08-30
62 316 241 0 0 250 0 0 0 -400 366 0 0 0 0 0 0 133 117 250 166 0 0 0 300 0 600 0 0 -600 0 0 0 -33 450 -400 500 150 150 -300 300 700 0 0 0 900 -400 500 0 174 625 117 26 400 0 375 312 125 0 175 0 0 400 0 0 -400 -625 200 68 166 -239 550 0 422 800 250 250 -250 0 -500 0 -355 -50 570 14 0 500 471 250 437 0 1000 0 0 187 104 0 0 68 0
625 583 366 0 0 1000 0 0 833 400 500 0 0 0 0 0 0 488 284 200 333 0 0 0 400 0 770 0 0 650 0 1000 250 258 400 600 500 500 225 933 300 600 0 0 0 875 400 600 0 333 1000 284 416 600 0 500 333 250 300 350 0 100 900 0 100 483 700 700 227 166 510 750 0 644 1000 500 500 100 0 1000 0 488 150 593 329 0 500 614 1000 550 0 600 0 0 250 1000 0 0 477 0
#Clarets 2014-08-30
233 400 250 0 375 312 1000 200 0 0 250 0 0 0 0 -100 0 0 0 0 1000 0 0 0 0 -29 400 250 0 400 0 0 300 0 500 0 500 500 0 0 0 0 -750 27 -37 400 0 0 -21 250 250 250 375 312 837 400 0 500 0 0 0 0 50 0 0 0 0 0 0 0 0 0 0 0 0 0 0 0 0 500 168 168 0 0 0 0 0 0 0 0 0 0 0 800 100 0 0 0 350 0
188 800 200 0 500 333 750 300 0 0 408 0 0 0 0 400 0 0 0 0 750 0 0 0 0 394 400 500 0 400 0 0 200 0 500 0 1000 150 500 0 500 0 1000 263 525 800 0 0 300 200 200 200 500 333 800 800 0 150 0 0 0 66 100 0 0 0 0 0 0 0 0 0 0 0 0 0 0 0 0 1000 377 377 0 0 0 0 0 0 0 0 0 0 0 400 400 0 0 0 550 0
#MUFC 2014-08-30
0 0 0 100 0 218 0 166 238 412 200 200 200 200 200 200 200 200 200 200 200 200 200 0 200 200 200 200 200 400 500 -500 0 400 0 350 500 0 -500 250 0 413 136 -133 0 0 500 200 650 50 -200 0 500 0 449 937 0 0 302 0 278 -187 0 0 649 0 0 -199 -87 0 83 1000 200 0 0 170 250 937 0 -1000 285 0 -250 0 166 0 0 0 0 525 0 136 0 0 100 0 0 0 600 0
0 0 0 200 0 900 0 1000 583 350 100 100 100 100 100 100 100 100 100 100 100 100 100 0 100 100 100 100 100 400 200 1000 0 400 0 483 888 1000 1000 600 0 644 454 166 0 0 700 300 450 450 0 0 694 0 600 1000 0 0 700 0 384 500 0 0 900 0 0 600 351 0 441 300 725 0 0 454 250 1000 0 1000 535 0 550 0 333 0 0 583 0 366 0 454 0 0 200 0 944 0 900 0
#MCFC 2014-08-25
0 250 0 800 -100 168 0 0 -155 0 0 0 350 0 136 -400 1000 0 200 200 25 97 468 0 -72 50 0 0 -425 300 0 0 200 0 -500 -155 0 -155 -50 0 800 0 -155 172 0 0 0 188 -155 100 0 -350 0 47 -250 -155 -400 -155 -155 0 -155 391 0 -400 -388 0 0 -200 -277 216 -155 0 700 -27 -155 0 0 22 -155 0 188 248 271 -155 -155 0 0 -155 216 125 433 50 -83 0 0 0 0 -383 -400 1000
0 600 0 750 350 277 0 0 288 0 0 0 350 0 454 700 1000 0 300 300 425 350 427 0 366 350 0 0 575 0 0 0 300 0 1000 288 0 288 150 1000 750 100 288 588 0 0 0 144 288 900 0 600 0 644 888 288 950 288 288 0 288 708 0 950 833 0 0 300 444 350 288 0 600 644 288 0 0 444 288 0 144 692 513 288 288 0 0 288 350 750 316 350 500 0 0 0 0 900 400 600
#LFC 2014-08-25
0 125 0 507 0 250 700 250 -625 0 0 500 900 0 -300 500 0 133 0 625 208 166 -300 0 333 75 500 223 0 -650 178 333 383 250 333 0 0 0 0 600 250 0 0 -200 300 0 0 375 500 0 0 233 566 500 0 0 800 0 0 0 -250 -250 0 500 0 49 0 -22 0 700 800 -194 500 -379 0 500 0 625 166 520 0 -250 500 0 250 100 -325 0 411 500 0 200 0 100 0 -44 0 0 0 500
0 450 0 660 0 500 600 600 1000 0 0 833 1000 0 400 500 0 300 0 600 166 333 400 1000 666 650 500 722 562 650 585 666 516 333 666 0 0 799 0 800 250 0 0 800 100 0 0 800 600 0 0 300 783 500 0 0 1000 0 66 0 450 450 0 900 0 450 0 187 0 533 750 288 600 704 0 900 0 750 583 500 0 450 533 0 400 100 825 0 589 500 0 200 0 112 441 467 0 0 0 700
#SAFC 2014-08-24
0 0 0 -400 0 0 0 125 -102 0 0 100 108 0 0 466 0 0 159 0 0 500 0 224 0 0 200 0 0 500 0 0 0 -250 300 0 0 -44 0 -325 117 250 -400 1000 68 0 0 0 0 -312 -400 0 0 0 0 600 -129 0 0 250 0 0 700 0 -800 200 200 166 -143 0 0 200 566 0 -200 700 0 0 500 400 250 -200 0 0 -100 0 400 375 312 -50 500 192 416 0 0 0 0 0 0 0
0 0 533 600 0 0 0 500 491 0 0 400 662 0 0 366 0 0 380 0 0 500 0 641 0 0 300 0 0 1000 0 0 0 466 750 0 0 333 1000 872 342 500 400 1000 562 0 0 0 0 888 600 0 0 0 0 550 116 0 0 200 0 0 600 0 800 300 100 166 395 0 0 300 866 0 600 700 0 0 1000 800 449 700 66 0 400 0 700 500 333 650 150 427 666 0 0 0 0 0 0 0
#MUFC 2014-08-24
0 0 0 0 0 0 0 0 500 0 0 444 0 0 0 0 0 0 0 0 0 100 0 500 0 0 -750 0 0 0 0 0 0 640 200 250 0 0 107 0 -550 166 0 0 -625 0 100 500 0 200 0 500 75 0 300 0 0 0 0 0 0 0 0 0 450 0 343 200 600 300 200 -562 479 0 0 600 0 0 0 0 100 0 0 0 0 0 0 0 0 0 0 0 0 0 0 0 0 0 833 100
100 0 0 0 0 0 0 0 1000 0 0 455 0 0 0 0 0 0 0 0 0 300 0 500 0 0 1000 0 0 0 1000 0 0 600 100 600 0 0 335 0 850 333 0 0 1000 0 400 500 0 300 100 500 416 0 705 0 0 0 0 0 0 0 0 0 875 0 475 300 900 800 300 687 812 0 0 550 0 0 0 0 300 0 0 0 0 0 0 0 0 0 0 0 0 0 0 0 0 0 366 300
#hcafc 2014-08-24
0 625 500 418 -62 0 649 800 0 291 0 0 459 375 0 0 94 -125 0 0 0 0 0 0 468 0 350 625 0 0 0 0 0 136 0 225 175 -195 0 0 0 -24 0 0 600 800 500 -374 136 0 50 400 500 0 500 0 600 0 233 0 0 0 0 0 150 0 0 -266 100 312 150 468 0 -200 -200 -200 -200 -200 0 100 0 -400 -227 0 0 142 150 184 135 100 75 100 -493 0 0 50 200 850 0 0
0 500 500 577 220 0 750 1000 0 625 0 0 620 500 0 0 513 375 1000 0 66 0 0 0 800 500 550 500 0 0 0 0 0 454 0 450 275 300 0 0 0 931 0 0 1000 400 566 533 454 0 500 1000 500 0 1000 0 1000 0 516 0 0 0 0 0 262 300 0 488 383 450 649 602 0 200 50 50 200 200 0 325 0 700 344 0 0 517 491 322 375 400 1000 400 766 0 633 191 450 675 0 0
#SCFC 2014-08-24
0 0 -400 0 500 800 0 0 0 0 357 0 0 600 -400 0 400 0 0 0 0 175 199 0 200 0 0 0 0 0 0 0 0 700 0 166 83 255 0 136 0 0 0 425 100 0 250 0 136 0 0 200 0 462 0 0 0 0 0 0 -99 -268 0 0 400 216 -125 462 -452 100 0 0 0 0 400 0 -75 462 136 0 166 200 49 -37 0 0 0 0 175 199 0 200 -125 0 0 0 1000 0 0 -133
0 0 400 0 533 900 0 0 125 0 571 0 0 355 400 0 800 0 0 0 0 275 399 0 300 0 0 0 0 0 1000 0 0 600 0 199 277 477 0 454 0 0 0 466 266 0 333 0 500 0 0 200 0 925 0 0 0 0 0 0 250 496 0 0 1000 366 250 925 644 400 0 0 0 0 800 0 366 925 454 0 250 100 700 600 100 500 0 66 275 399 0 100 750 0 450 0 300 0 0 466
#COYS 2014-08-24
0 -400 625 0 34 -500 0 0 0 0 321 0 0 0 468 0 220 0 136 400 0 0 0 -400 214 550 0 250 662 -750 0 0 0 -75 450 0 0 254 0 500 0 516 500 0 350 600 0 0 0 0 25 0 141 525 -781 1000 500 -155 50 100 122 550 -976 -75 625 0 170 0 500 0 0 0 -200 0 468 800 0 0 500 800 700 -180 0 0 0 0 0 100 -500 0 -41 0 200 -16 0 1000 0 0 116 562
0 600 800 0 527 400 0 0 0 0 415 0 0 0 200 0 880 0 454 1000 0 0 0 400 571 300 0 1000 650 800 0 0 0 425 449 0 0 770 0 833 0 783 600 0 700 1000 0 0 0 0 312 0 966 750 1000 600 1000 288 200 500 386 1000 600 366 750 0 454 0 500 0 0 0 200 0 750 400 0 0 500 750 600 624 0 0 66 0 0 449 1000 0 488 0 500 133 0 750 0 0 525 562
#QPR 2014-08-24
0 1000 800 0 0 -30 0 0 0 500 172 0 0 600 0 24 0 500 0 0 -155 0 0 200 116 0 800 0 1000 -200 0 0 0 0 0 0 625 -400 0 -400 0 0 0 37 0 1000 0 0 1000 600 0 500 100 0 750 0 37 350 0 -33 227 0 233 0 0 600 500 212 0 250 0 -250 0 400 -300 312 0 200 100 0 800 0 136 0 0 0 850 362 200 0 0 -200 98 1000 0 100 190 0 0 270
0 750 750 0 0 404 0 0 0 833 394 0 0 900 0 314 0 833 0 0 288 0 0 400 633 500 650 500 1000 366 0 500 0 0 0 1000 600 400 0 400 0 0 0 337 0 300 1000 1000 300 583 0 833 350 0 1000 0 337 550 0 33 570 500 400 500 500 250 350 200 100 200 0 700 0 1000 600 500 0 300 200 500 400 400 454 0 0 0 450 950 575 500 500 500 199 750 500 100 700 500 0 530
#EFC 2014-08-23
250 0 -199 -400 600 0 -66 -62 -400 -200 0 500 333 133 333 0 333 0 0 0 0 0 0 200 0 0 400 -349 0 0 0 0 -250 400 250 136 500 0 0 400 -100 0 0 0 49 50 0 0 0 0 100 500 500 500 0 0 0 0 -366 0 -49 0 -266 0 -625 0 0 0 250 0 0 -145 0 0 0 0 0 0 0 0 0 -256 525 200 0 0 0 0 -277 0 0 0 0 0 0 250 0 100 0 0
600 0 588 600 625 0 399 687 600 250 0 888 833 583 833 500 833 0 0 0 0 0 0 575 0 0 800 511 0 100 0 0 750 800 312 454 500 0 0 400 400 0 0 0 550 350 0 0 0 0 400 1000 1000 1000 500 0 0 0 388 650 512 0 733 0 1000 0 0 0 850 0 600 270 0 0 0 0 0 0 0 0 0 450 700 200 0 0 0 0 344 100 0 0 0 0 0 250 0 500 0 0
#AFC 2014-08-23
0 200 -200 0 -200 0 0 0 0 200 227 0 250 195 0 0 437 800 0 0 0 0 0 0 642 0 0 375 350 0 0 16 0 0 -500 0 0 0 900 0 0 300 50 0 -500 -187 250 375 800 0 0 -699 375 0 300 800 0 0 200 237 0 200 468 200 0 0 234 0 -312 250 136 0 -625 0 -91 500 125 0 0 0 0 0 1000 0 -88 375 50 50 50 0 -166 0 -976 -625 500 0 0 -600 -100 500
0 300 600 0 200 0 0 0 0 300 545 0 600 1000 0 0 650 400 0 0 0 0 0 0 767 0 0 750 650 0 0 600 0 0 900 0 0 0 525 0 0 500 200 0 900 500 500 875 700 0 0 666 875 0 833 700 1000 400 300 500 0 400 575 300 0 0 560 550 687 200 454 0 1000 0 683 888 150 0 0 0 0 0 700 0 571 783 200 200 200 0 333 0 1000 1000 1000 100 0 800 322 250
#CFC 2014-08-23
237 -250 0 0 0 49 37 -33 0 0 -781 0 0 0 0 200 250 0 0 0 0 0 0 0 350 0 0 0 0 -500 0 0 0 -33 37 375 37 250 0 333 0 0 0 -33 -750 150 200 0 -33 0 -500 -125 400 0 -10 -333 0 0 0 0 0 0 0 0 0 0 0 267 100 0 0 0 37 -33 0 0 0 37 250 0 400 0 0 0 0 0 0 0 0 0 0 50 0 -250 0 0 170 0 -250 0
687 1000 0 0 0 700 337 133 0 0 400 0 0 0 0 300 500 0 0 0 0 0 0 0 550 0 0 0 0 1000 0 0 0 133 337 550 337 100 0 500 0 0 0 133 1000 350 500 0 133 0 600 125 500 0 304 333 0 0 0 0 0 0 0 0 0 0 0 410 400 0 0 0 337 133 0 0 0 337 333 0 800 0 0 0 0 0 0 0 0 0 0 800 0 250 0 0 454 0 250 0
#LCFC 2014-08-23
0 170 0 500 0 400 0 0 -500 -300 0 200 500 -133 -120 0 0 500 400 500 500 -458 0 400 0 0 200 0 350 500 0 0 500 500 500 300 250 500 500 500 500 500 500 0 0 0 0 -500 0 0 0 0 200 0 -500 400 33 550 500 0 -125 800 0 0 700 0 -500 23 0 343 246 0 246 109 50 0 0 0 500 0 285 100 400 300 0 -200 357 0 0 0 0 0 357 0 250 -175 350 214 -283 0
0 500 0 400 50 800 0 0 1000 1000 0 300 900 166 470 0 0 900 400 900 900 833 100 900 0 0 250 0 300 900 1000 0 900 900 900 550 450 900 900 900 900 900 900 0 0 0 0 1000 0 0 0 0 900 0 900 600 300 650 500 800 200 400 100 0 600 500 1000 298 0 700 495 100 512 538 600 0 1000 0 900 0 535 900 550 500 0 250 571 1000 0 0 0 0 571 0 1000 1000 550 500 600 0
#CPFC 2014-08-23
170 -400 170 0 0 0 283 0 0 -100 250 136 625 -600 -125 0 0 0 300 0 0 0 193 787 47 170 500 0 633 250 200 0 0 0 0 -150 -166 136 -33 0 0 0 0 0 0 -150 170 0 204 170 -250 -400 170 0 100 -83 0 0 170 170 0 0 -145 400 433 0 0 0 875 0 100 172 285 0 -343 0 0 0 400 651 250 -262 0 0 200 175 0 433 0 500 0 0 0 -250 0 -300 0 333 -500 500
454 400 454 0 0 0 783 0 0 400 283 454 500 700 400 0 0 0 100 0 0 0 652 750 311 454 500 100 600 250 100 0 0 0 0 133 166 454 233 0 0 0 0 0 0 900 454 0 516 454 483 600 454 0 1000 83 0 0 454 454 0 0 583 800 733 0 0 0 600 0 400 394 535 0 700 0 0 0 600 833 1000 662 0 0 600 775 0 733 0 694 0 0 0 800 0 297 125 462 1000 500
#WHUFC 2014-08-23
-781 0 400 200 0 -234 0 0 0 125 400 0 -400 250 -200 600 625 0 400 -500 333 625 0 0 0 312 0 375 500 125 583 -225 0 0 0 100 100 0 170 0 136 500 0 0 500 0 0 49 0 0 200 -133 500 500 0 0 0 166 0 136 0 350 0 0 0 0 500 700 0 0 0 0 75 500 0 0 0 0 0 0 0 0 142 0 200 0 0 0 16 125 268 84 0 27 -212 380 -166 0 1000 0
400 0 800 500 0 399 0 0 0 100 400 0 400 200 362 900 500 0 1000 550 141 900 0 0 0 333 0 500 425 100 233 600 0 0 500 541 500 0 454 0 454 900 133 0 900 0 0 650 0 0 500 600 500 900 0 0 0 666 0 454 0 550 1000 0 0 0 900 600 0 0 0 0 466 550 0 0 0 0 125 66 0 0 317 0 200 0 0 0 538 100 627 260 0 399 437 527 500 0 300 0
#SaintsFC 2014-08-23
100 0 0 0 250 0 0 200 318 283 500 -225 90 68 200 -212 0 100 -212 250 312 356 125 300 0 0 390 0 -5 750 312 316 400 400 178 -250 0 68 250 0 200 250 -750 241 200 95 0 625 800 -158 0 0 -400 225 -406 50 0 0 0 0 0 0 1000 0 0 0 0 225 300 0 200 300 -500 0 0 0 250 0 434 178 0 0 0 -212 178 500 312 0 1000 0 0 500 700 600 0 -400 -488 0 0 1000
200 0 0 0 300 0 0 100 727 664 888 550 108 227 100 387 0 200 387 250 250 550 172 550 0 0 500 0 495 400 665 308 566 408 451 800 0 377 250 0 100 300 750 458 100 545 0 500 400 491 0 0 600 454 732 600 0 0 0 125 1000 500 300 0 125 0 0 425 550 0 100 200 900 0 0 0 200 1000 738 284 0 0 0 387 451 1000 333 0 1000 0 0 600 600 600 0 400 250 0 66 1000
#WBA 2014-08-23
150 -100 266 31 50 -166 800 0 0 0 -100 166 0 100 272 -200 0 0 170 400 -50 466 125 0 800 0 0 -400 156 0 800 300 -166 0 0 400 133 0 350 50 0 166 575 -66 -50 -150 0 100 100 333 0 -150 0 488 300 0 250 0 266 0 50 -155 50 0 -400 0 50 0 0 -400 0 125 -87 700 400 400 0 0 0 0 0 0 50 650 199 -100 375 566 -25 0 0 248 250 33 -200 475 0 1000 160 125
250 175 350 540 200 166 1000 0 0 0 400 666 0 200 555 100 0 0 454 1000 450 616 229 0 400 0 1000 400 559 0 400 650 166 0 0 1000 799 0 625 200 0 166 825 583 450 250 1000 150 400 333 1000 433 100 500 383 0 200 0 350 0 200 288 200 0 400 0 200 0 0 400 0 200 562 600 400 400 0 0 0 0 0 0 550 750 366 544 865 533 350 1000 0 722 416 533 233 700 0 1000 539 250
#Swans 2014-08-23
0 0 0 0 0 0 0 0 0 0 375 0 136 100 0 125 250 0 0 0 533 318 312 0 100 357 0 100 0 0 0 0 -433 278 200 0 0 0 250 533 0 0 250 433 -62 0 350 350 0 0 0 0 -400 0 200 200 378 100 69 307 300 146 0 800 318 0 250 250 0 0 0 0 0 800 0 0 800 -600 0 100 268 339 0 0 0 400 0 800 200 433 400 800 400 0 0 0 0 100 0 -400
0 0 0 0 0 0 0 0 0 0 500 0 454 400 850 150 200 66 0 0 966 602 333 0 212 535 0 212 0 0 0 0 600 351 100 0 0 0 500 966 0 0 408 733 187 0 550 550 0 0 0 0 400 0 100 500 485 300 305 785 750 485 0 400 500 66 312 312 0 0 0 0 0 1000 0 0 1000 1000 0 100 727 795 0 0 0 1000 0 400 300 450 1000 400 1000 300 0 0 0 400 0 400
#Clarets 2014-08-23
250 312 0 250 390 250 0 0 0 0 0 250 0 0 136 274 300 0 0 318 0 1000 0 0 213 0 -200 300 400 400 250 250 250 312 375 800 0 0 0 0 0 0 0 0 0 0 0 -781 0 0 -400 0 0 -400 0 300 100 -388 0 0 0 400 400 375 312 100 0 0 0 0 333 0 -225 0 300 0 0 0 0 0 400 0 500 0 600 0 0 0 -500 0 0 250 333 350 0 150 0 0 -500 0
200 333 0 1000 1000 408 0 0 0 0 0 500 0 0 454 400 200 0 0 477 0 300 0 0 322 0 200 500 800 800 200 200 200 333 500 900 0 0 533 0 0 66 0 0 0 100 0 600 0 0 400 0 0 400 0 500 200 833 0 0 400 800 800 500 333 400 0 0 0 0 666 0 450 0 200 0 0 0 100 0 800 1000 500 0 900 0 0 0 400 100 66 750 675 550 0 450 0 0 400 0
#AVFC 2014-08-23
0 0 50 0 -400 0 136 0 0 -200 0 -400 -100 -437 168 603 0 500 -291 318 318 318 0 350 437 0 212 100 0 -799 -97 0 0 0 259 0 312 0 -549 700 400 0 1000 -500 500 300 0 -166 1000 0 600 1000 0 800 0 0 400 0 0 0 0 0 -15 0 0 0 133 0 8 525 0 0 700 603 0 0 0 0 -400 0 43 0 250 0 700 700 909 750 750 350 0 62 0 0 0 500 175 0 0 0
0 0 600 0 400 0 454 0 0 800 0 400 700 650 477 526 0 500 541 727 727 727 0 450 666 250 537 250 0 1000 613 0 0 0 588 0 475 1000 533 600 900 0 400 299 750 0 1000 571 300 0 396 300 0 1000 62 0 400 0 0 0 0 0 475 0 0 0 266 0 291 366 0 0 900 526 0 0 0 0 400 0 260 0 200 0 600 600 780 800 800 350 0 500 0 0 0 500 375 0 100 0
#NUFC 2014-08-23
666 136 250 368 0 250 0 0 700 0 0 100 0 -400 -400 0 0 0 0 0 0 0 0 0 700 -291 168 0 625 0 -200 0 -400 -211 0 168 0 700 350 0 0 -118 -601 976 -97 0 0 -100 625 0 175 0 0 212 0 0 0 250 0 333 0 224 178 0 0 0 500 0 0 0 0 0 166 44 -400 0 0 0 -800 0 500 0 550 400 500 386 1000 -500 500 -95 -100 0 300 500 0 500 100 312 0 300
700 454 600 702 0 400 0 0 600 33 0 644 0 400 600 0 0 0 0 0 0 0 0 0 600 541 477 0 500 0 800 0 400 355 0 477 0 600 650 0 0 275 762 800 547 0 0 400 500 0 475 0 0 300 0 0 0 694 0 99 0 650 335 0 0 0 900 0 0 66 0 0 199 416 600 0 0 0 900 0 833 100 625 1000 833 459 300 650 900 300 50 550 750 500 0 600 1000 475 0 800
#Clarets 2014-08-18
160 250 250 99 375 312 166 0 700 400 0 0 0 0 800 160 0 0 0 166 450 0 0 375 0 0 0 0 0 0 0 0 0 -625 0 0 125 0 0 250 0 0 0 0 0 -200 0 200 200 0 0 400 0 0 49 -949 148 875 0 400 -312 0 98 -400 1000 375 0 468 0 0 0 0 0 500 500 700 0 0 0 250 125 0 0 -37 568 0 400 0 0 0 0 0 0 375 375 312 0 0 400 800
539 200 200 222 500 333 333 0 600 800 0 0 0 0 700 539 0 0 0 458 562 0 66 500 66 250 66 0 0 0 125 0 0 400 0 0 666 1000 0 333 0 0 1000 0 0 233 0 500 200 0 0 400 0 0 450 833 471 600 0 800 687 0 396 400 600 416 0 433 0 0 0 0 0 500 900 600 0 750 0 200 694 0 0 200 377 0 1000 400 0 0 0 0 0 500 500 333 0 0 1000 750
#CFC 2014-08-18
0 0 0 0 0 0 0 0 0 -100 0 0 0 0 0 375 166 166 0 450 525 449 -71 0 0 -125 0 0 0 0 500 478 -316 285 150 0 0 0 253 0 1000 250 -125 0 220 0 0 1000 1000 0 -1000 0 200 0 150 0 318 800 101 0 700 0 700 0 0 0 0 468 0 400 800 -22 0 0 800 0 650 0 233 800 -216 500 700 500 1000 0 0 0 50 0 0 0 0 0 0 136 0 800 500 -51
0 0 0 0 0 0 0 0 0 62 0 0 0 0 0 750 333 333 0 512 750 200 214 0 0 375 0 0 0 0 1000 785 300 535 525 0 0 0 399 0 300 250 375 0 450 0 83 300 300 0 1000 0 200 0 850 0 527 1000 459 0 650 0 650 0 0 0 0 718 0 200 400 466 0 0 400 0 575 0 449 400 288 500 650 300 400 0 0 0 350 0 0 0 0 0 0 454 0 1000 1000 684
#NUFC 2014-08-17
0 283 200 0 0 0 250 -118 500 0 0 160 0 -25 0 0 0 -199 0 700 0 -468 0 0 0 549 0 500 700 500 0 0 125 0 0 0 600 -300 0 -633 150 0 0 0 0 350 242 200 976 0 0 0 0 216 212 562 234 430 -400 0 -50 500 333 0 0 166 800 312 0 0 -100 0 837 500 677 0 0 0 -131 -916 0 0 0 0 233 0 0 0 0 0 200 350 0 487 400 0 0 200 549 333
0 344 200 0 0 0 600 462 500 0 0 539 0 350 0 0 750 341 0 600 0 500 0 1000 0 633 0 500 700 900 0 0 166 0 0 0 900 600 0 766 150 0 0 0 0 350 317 450 600 0 0 0 66 616 337 694 875 466 400 0 83 625 399 0 0 438 400 500 0 0 50 0 675 888 1000 0 0 0 527 766 0 0 0 0 383 0 0 100 0 0 539 550 0 1000 750 0 0 200 633 833
#MCFC 2014-08-17
0 0 250 -200 0 200 0 0 800 800 1000 0 0 200 136 0 0 0 109 0 400 1000 0 366 0 177 45 0 0 0 150 66 0 136 500 430 0 375 -221 800 0 285 -68 -21 800 500 136 0 0 0 238 600 0 68 800 0 1000 -500 0 125 600 -125 318 0 0 0 500 0 0 0 -21 136 0 660 0 0 136 136 136 0 0 -128 0 0 0 -200 0 468 550 0 0 -200 416 0 200 250 0 333 0 0
0 0 600 350 0 500 0 66 400 400 300 0 0 500 454 0 0 0 346 0 450 300 0 633 100 310 151 0 0 0 150 433 0 454 183 466 0 750 433 400 0 535 454 566 900 500 454 0 0 0 309 1000 0 227 1000 0 400 900 0 600 675 650 477 0 0 0 500 0 0 0 566 454 0 799 0 500 454 454 454 0 0 399 0 0 0 350 0 602 300 0 0 350 500 0 400 333 0 666 450 0
#LFC 2014-08-17
400 0 0 0 -291 -38 0 75 0 250 250 68 0 400 0 250 -625 0 136 169 1000 0 100 325 800 200 68 0 68 433 0 0 255 -262 206 206 90 625 0 0 68 90 0 324 90 0 0 0 99 0 133 214 285 0 0 0 0 -200 0 0 500 0 500 0 0 0 200 0 0 170 302 0 0 0 24 800 0 0 0 0 0 0 500 500 0 0 166 0 25 512 500 216 0 136 -500 566 133 0 216 0
800 0 0 0 541 134 0 416 0 250 600 227 0 800 0 333 400 0 500 384 300 0 900 483 400 100 227 0 227 733 0 0 602 387 750 750 344 600 0 0 227 303 0 537 303 0 0 0 222 0 600 500 535 0 0 0 0 300 0 0 500 0 900 0 0 0 200 333 0 454 547 0 0 0 266 400 0 0 0 0 0 0 550 1000 0 0 666 0 350 551 183 466 0 454 875 700 333 0 466 0
#SaintsFC 2014-08-17
0 1000 -262 0 0 200 0 0 -625 300 800 0 0 0 0 400 0 150 0 0 0 0 306 -200 0 0 0 0 136 0 0 0 -800 0 -50 1000 500 318 -50 550 200 136 0 100 200 500 0 0 600 357 0 -260 0 166 500 250 250 0 0 0 500 -400 0 0 0 468 200 400 0 352 300 194 0 0 311 -262 0 500 0 650 0 0 243 400 0 500 100 250 0 0 400 500 449 -799 -140 0 0 0 187 343
0 1000 387 0 0 350 0 0 900 100 700 0 0 0 0 400 0 283 0 0 0 0 625 400 0 0 100 0 454 0 0 0 900 0 400 750 600 477 400 650 100 454 0 300 300 600 0 100 1000 535 0 166 0 333 1000 550 250 0 0 0 833 400 0 0 0 602 550 1000 0 676 483 394 0 0 714 387 0 1000 0 875 0 0 525 400 0 533 200 1000 0 0 625 500 550 1000 738 0 0 125 437 637
#AFC 2014-08-16
266 500 0 410 250 0 -400 1000 0 607 0 0 -83 0 600 -400 0 0 0 0 1000 268 350 468 625 56 0 -100 0 0 -100 0 -200 0 100 0 800 0 800 -1000 0 0 0 0 100 450 25 506 -200 -316 0 0 0 0 0 1000 0 309 0 500 500 133 500 0 150 0 400 0 433 0 0 0 900 0 478 0 0 0 400 625 0 320 0 75 0 -550 0 250 449 -431 0 0 200 -372 275 0 -500 511 0 511
155 500 0 320 600 0 400 300 0 435 0 0 300 0 1000 400 33 0 0 0 300 427 650 727 400 525 0 228 0 0 900 0 800 0 100 0 750 0 400 1000 0 0 0 1000 200 850 276 466 200 633 0 0 0 0 0 1000 0 381 0 900 900 466 900 0 844 0 400 0 833 0 125 0 350 0 735 125 0 0 1000 500 0 725 0 500 0 600 111 500 500 727 0 0 300 187 675 0 500 677 0 677
#CPFC 2014-08-16
0 0 400 0 0 0 118 0 0 8 64 -400 -200 -349 0 380 -233 200 300 228 0 -16 800 281 400 0 0 0 100 -72 -250 -200 0 -33 472 16 0 250 -199 -500 334 400 0 500 -232 0 171 800 76 17 136 -300 200 -250 0 250 -250 -250 125 0 222 50 -50 0 304 200 16 136 0 250 0 -300 200 0 0 -133 16 666 500 -131 0 116 0 250 145 227 -224 136 211 180 303 0 100 0 0 325 -50 0 0 1000
0 0 800 0 0 0 302 0 0 377 530 400 400 583 0 477 344 700 700 495 0 177 900 429 400 0 0 357 1000 570 533 400 0 666 600 183 0 675 575 1000 451 450 0 500 642 250 512 900 272 507 454 300 900 450 0 200 450 450 833 0 537 750 150 33 467 250 350 454 0 283 0 399 200 0 0 466 533 666 500 527 62 833 0 794 500 500 825 454 444 677 282 0 600 0 0 575 233 0 500 300
#LCFC 2014-08-16
0 500 0 700 -194 0 294 0 0 600 0 450 0 600 400 -625 -333 0 0 511 511 511 136 0 294 0 500 0 500 525 0 0 466 0 183 0 0 0 0 200 1000 0 0 0 323 700 0 0 0 23 0 0 500 0 0 0 0 0 0 -75 413 166 137 700 -250 136 87 400 -625 -312 375 0 700 400 0 550 38 0 0 500 400 0 150 0 300 0 0 0 35 490 0 0 0 0 136 100 -22 0 0 0
0 500 0 600 288 0 602 0 0 1000 0 750 0 950 900 900 666 0 0 677 677 677 454 0 660 100 550 0 500 847 0 100 750 0 516 0 333 0 333 100 300 1000 0 0 429 1000 0 0 0 310 0 1000 533 0 0 0 0 0 0 62 722 750 444 550 533 454 450 600 1000 937 400 0 950 850 0 1000 200 0 550 750 400 0 875 0 533 0 125 0 214 450 0 0 0 0 454 100 555 0 1000 0
#EFC 2014-08-16
0 400 250 333 0 -33 0 0 0 0 0 0 0 600 200 125 125 125 -100 0 0 350 0 0 0 0 0 0 0 1000 0 250 -178 1000 -145 300 267 -108 0 0 775 0 0 0 200 0 0 179 0 0 -178 0 337 0 0 -50 -178 0 500 650 0 0 1000 1000 1000 0 0 0 0 0 0 0 0 0 650 500 141 1000 193 1000 0 0 0 -293 266 1000 1000 0 0 500 0 500 0 0 0 140 250 500 1000 1000
0 800 600 566 550 466 33 0 0 0 0 0 0 1000 500 1000 1000 1000 100 0 0 375 0 500 0 125 125 125 125 750 0 333 571 900 644 500 707 158 0 0 950 0 66 0 100 1000 125 364 0 0 571 0 687 0 0 400 571 0 500 1000 0 0 300 750 300 0 0 0 0 0 0 0 0 0 750 550 466 300 477 300 0 0 0 595 300 300 300 0 0 500 0 150 0 0 0 530 250 600 1000 300
#QPR 2014-08-16
166 0 -390 0 -16 500 -77 166 339 250 400 0 750 0 0 233 1000 136 125 -200 83 0 0 287 112 50 -24 0 402 216 0 321 0 250 750 -100 75 0 0 100 -83 0 41 0 0 175 0 0 0 0 700 225 0 0 0 0 600 0 418 0 418 0 250 0 33 316 38 0 -250 0 300 400 -312 285 -265 358 0 0 183 0 781 -400 300 216 250 0 500 0 0 0 49 166 -937 -300 0 -49 83 99 0 193
533 0 0 0 566 500 644 666 420 850 400 0 950 0 100 541 300 500 200 400 583 0 0 487 462 700 700 0 607 544 0 400 0 333 750 200 774 0 0 100 250 0 258 0 100 366 0 125 0 0 900 250 0 0 0 0 1000 0 428 0 428 0 333 0 366 929 200 0 888 0 700 1000 687 535 825 366 0 0 583 100 500 600 500 333 300 0 200 0 100 100 900 533 700 400 0 894 366 800 0 393
#hcafc 2014-08-16
0 0 -50 -50 0 0 0 -50 375 137 0 250 0 366 250 0 316 -1000 25 -25 210 1000 0 -50 187 250 -118 133 183 750 -49 285 363 0 0 250 0 0 144 437 -425 -250 18 0 -68 0 236 425 49 392 0 0 0 -33 0 -100 -300 500 633 -100 0 0 0 -62 -343 650 0 0 100 700 0 0 0 0 99 0 0 537 0 166 0 300 0 100 107 -500 -50 -131 -181 -682 0 37 0 316 0 0 -50 450 200 -500
0 0 400 400 500 0 50 275 575 637 0 333 0 466 200 0 233 1000 400 233 517 750 0 400 381 437 396 666 440 500 650 535 350 0 500 400 0 0 388 300 650 533 500 0 591 1000 670 550 199 712 0 0 100 366 0 50 400 500 566 200 0 0 0 400 650 850 0 100 350 600 0 0 0 0 500 0 0 600 0 350 0 100 0 366 682 850 400 450 543 720 0 800 0 233 0 0 400 416 200 500
#SCFC 2014-08-16
-400 -400 304 49 0 50 0 0 -431 462 100 462 462 0 133 0 0 0 0 136 136 250 250 -300 -300 1000 375 100 0 0 125 0 700 0 500 0 1000 0 200 0 260 116 -125 100 -166 -99 0 0 500 136 100 0 0 0 150 0 0 0 0 440 31 0 187 -799 -150 500 -150 -233 0 99 0 66 0 0 0 0 -300 -300 191 500 0 -533 0 600 100 250 0 600 462 0 136 0 0 0 462 462 600 462 318 216
700 700 799 700 0 262 0 0 727 925 311 925 925 0 666 0 0 0 0 454 566 850 1000 400 400 1000 750 100 0 0 200 0 700 0 600 0 750 0 200 0 710 183 250 100 399 700 0 625 500 454 600 0 0 0 250 0 0 500 0 365 504 0 162 1000 200 500 200 333 0 900 0 483 1000 0 0 125 400 500 300 500 0 966 66 1000 300 350 390 1000 925 0 500 0 1000 0 925 925 1000 925 477 377
#AVFC 2014-08-16
0 0 -250 -199 0 0 0 -12 0 -12 26 0 -500 0 -1000 0 -155 600 0 0 200 125 360 250 0 0 100 150 0 500 142 -150 136 211 200 177 -300 200 -75 225 -300 -200 -200 136 0 -155 600 0 195 -283 -399 0 600 86 -400 311 250 -62 0 145 381 145 145 145 600 400 700 0 600 145 0 700 200 -800 600 166 -200 250 -250 136 216 -243 109 0 50 120 -208 0 145 -249 200 0 0 0 -99 800 800 800 800 0
0 0 525 750 0 0 0 0 0 0 838 100 1000 0 666 500 288 350 0 0 300 383 456 450 0 100 550 350 100 1000 317 300 454 466 200 222 400 200 366 600 400 100 100 454 0 288 800 0 751 333 366 0 1000 680 600 845 400 187 0 541 597 541 541 541 1000 400 600 0 1000 541 0 600 100 800 1000 166 400 333 400 454 416 650 519 0 700 180 488 0 541 555 500 0 0 0 700 700 700 700 700 0
#WBA 2014-08-16
0 86 136 137 0 -166 250 250 -487 0 512 0 500 0 380 0 250 0 0 375 0 100 -152 650 0 0 610 100 0 0 100 0 0 0 -500 207 1000 -244 606 -270 248 33 0 0 0 300 250 0 0 375 700 -400 -82 -100 0 -70 0 1000 -234 -100 0 250 0 0 -33 -155 0 -243 0 -16 -300 0 433 172 175 -37 500 -333 0 -250 -900 166 -200 500 0 550 -262 0 100 -350 0 0 99 62 288 150 -200 -155 -125 0
0 305 454 637 0 466 283 1000 812 66 625 0 625 0 477 0 333 0 0 750 0 283 740 950 0 0 333 300 0 0 400 100 625 0 1000 381 300 477 727 416 517 366 0 0 0 335 250 0 425 416 600 700 276 900 0 695 0 300 488 50 0 400 357 0 366 288 0 260 0 566 391 1000 366 394 325 425 825 666 0 500 950 250 800 900 66 750 950 0 400 400 500 0 500 600 579 300 50 288 950 0
#SAFC 2014-08-16
416 0 -625 350 0 0 0 -600 185 0 214 625 136 0 500 0 0 0 550 0 0 400 0 0 0 0 640 800 0 0 0 45 -200 0 -66 0 0 0 150 330 250 -600 0 -125 -600 -781 50 562 800 0 0 199 0 0 -441 50 271 0 250 0 62 -600 258 155 50 -15 0 0 -500 0 0 500 350 350 500 -400 -250 -343 0 0 0 0 -600 200 0 0 732 0 0 -22 0 0 -200 0 0 0 0 0 0 100
500 0 1000 650 1000 0 0 800 677 0 596 1000 454 300 500 0 0 0 750 0 100 900 0 0 0 1000 600 750 0 66 0 518 800 0 600 0 0 0 650 520 250 800 0 900 800 900 191 500 750 500 0 377 0 0 783 400 533 0 750 1000 450 950 333 420 1000 443 0 0 950 100 0 1000 750 750 500 462 149 700 0 0 0 0 733 200 0 0 750 0 0 555 0 0 800 0 0 0 0 0 0 383
#WHUFC 2014-08-16
0 500 0 224 0 0 0 -625 500 399 0 0 125 -400 0 224 173 -200 406 150 500 400 -125 100 150 0 250 0 250 0 0 300 0 0 62 0 0 337 100 500 0 740 0 0 700 199 0 568 500 100 0 0 0 800 0 0 0 0 750 0 284 0 400 400 400 500 0 500 0 500 4 16 0 500 0 0 0 0 0 0 0 800 266 610 0 278 0 0 245 -125 0 0 224 0 933 0 100 0 197 -137
0 550 0 475 0 0 0 600 950 466 0 0 425 600 0 744 473 100 616 50 900 1000 494 900 350 0 533 0 1000 0 0 650 0 300 133 0 0 362 200 900 0 1000 0 0 600 500 0 377 500 150 0 0 0 900 0 0 533 0 1000 100 730 300 600 600 400 500 0 600 66 900 618 200 0 600 0 0 1000 0 0 83 0 900 366 333 0 835 0 0 333 644 0 0 475 0 900 0 400 0 365 597
#COYS 2014-08-16
0 -625 -266 0 500 250 -97 318 250 359 500 1000 387 0 150 500 0 -231 0 -200 0 200 375 -125 0 0 0 0 0 193 0 500 200 136 0 12 375 -6 -166 200 437 -781 0 0 218 116 700 0 333 0 416 250 -371 0 -38 0 161 25 112 100 100 0 0 0 0 291 0 -87 266 0 -200 600 0 -300 -93 0 568 250 568 250 0 458 0 250 100 0 0 781 0 500 400 136 449 0 0 500 0 900 800 0
0 1000 433 0 250 333 687 727 900 801 500 600 687 0 566 1000 0 400 0 100 0 500 755 1000 0 0 500 100 112 377 0 1000 400 454 0 87 750 483 66 456 625 1000 0 0 500 300 600 0 1000 0 454 750 745 250 286 0 274 400 700 400 100 0 0 0 0 583 0 387 166 0 250 950 0 400 550 0 727 425 377 250 0 533 0 1000 538 0 0 600 0 600 1000 454 400 0 0 1000 0 950 400 0
#MUFC 2014-08-16
-125 0 -25 400 0 49 0 0 0 0 0 250 0 0 100 850 -100 -175 -291 0 -175 0 170 0 170 -625 -625 -625 250 0 200 -375 0 -625 0 -400 165 813 400 0 0 412 0 500 -400 -400 -250 0 466 -33 0 170 0 0 250 0 0 225 575 0 -400 50 0 500 300 136 0 0 0 0 0 -133 0 0 500 0 0 85 -200 0 -49 24 -312 -300 136 -400 0 500 0 0 0 0 0 0 0 -400 0 50 -166 433
400 0 250 400 0 616 0 0 0 0 0 600 0 0 481 450 712 516 541 100 516 0 500 0 454 1000 1000 1000 500 0 500 425 0 666 0 700 516 666 500 0 100 618 0 500 700 700 250 66 633 294 0 454 0 0 100 0 671 600 700 0 700 200 33 500 700 454 0 0 0 0 0 400 0 0 500 0 0 727 350 0 350 250 687 400 454 650 0 600 0 0 0 0 0 0 0 600 0 241 144 483
#Swans 2014-08-16
0 0 0 0 0 250 0 216 0 0 0 416 -100 800 500 0 0 200 0 0 0 433 -333 0 650 0 136 200 0 0 0 0 250 99 375 0 0 400 100 243 -50 0 0 250 633 -71 0 625 0 418 0 0 800 0 0 0 0 178 0 0 318 0 0 0 700 100 0 0 0 650 0 500 0 83 -49 0 0 187 0 0 100 50 100 0 500 50 0 0 0 292 292 0 350 -83 0 244 0 -25 0 0
0 0 0 0 0 1000 0 483 0 0 0 666 433 400 500 0 0 200 0 0 0 691 666 0 883 0 454 700 0 0 0 0 333 500 750 100 0 375 150 502 0 0 0 716 733 214 0 500 0 577 0 0 400 0 0 0 0 368 0 0 477 0 0 0 600 150 0 0 0 766 0 833 1000 611 650 0 0 449 0 0 133 600 300 0 500 100 0 0 0 526 526 0 300 166 0 200 0 150 0 100
