#COYS 2015-01-01
0 0 0 1000 0 162 156 89 337 0 -349 -250 700 1000 0 0 250 52 268 0 0 200 166 475 900 0 -800 500 891 0 0 400 -260 625 0 0 500 0 1000 0 175 0 200 -155 0 0 136 781 300 0 500 800 500 468 781 -600 0 800 200 136 500 0 253 125 500 150 0 0 274 750 208 0 0 -500 1000 0 333 0 -500 0 -400 500 16 525 0 191 0 544 700 0 733 0 300 0 200 0 200 69 1000 350
0 0 0 750 0 644 300 458 400 0 333 400 600 300 0 0 500 144 477 0 0 200 377 825 900 0 800 500 866 0 0 700 800 500 0 0 600 0 1000 100 250 0 200 288 0 0 454 1000 500 0 1000 750 750 727 750 400 0 750 200 454 500 0 353 575 600 500 0 0 330 900 583 0 0 900 750 100 333 0 900 0 400 1000 516 700 0 350 0 722 600 0 566 0 181 1000 200 0 850 329 300 300
#CFC 2015-01-01
0 0 0 -237 0 -250 0 200 -400 166 250 0 0 0 600 0 -400 0 0 0 -350 600 0 -50 350 500 400 -250 0 0 0 0 -50 200 0 625 300 0 0 116 0 500 318 125 0 0 0 0 0 468 0 100 0 -50 0 166 0 250 0 0 0 0 0 0 0 0 0 0 0 0 0 800 875 200 0 16 -500 0 400 0 0 0 0 172 136 800 0 0 0 0 0 0 0 0 0 0 0 0 0 0
0 0 0 291 0 500 0 900 400 333 333 0 0 0 1000 0 400 0 100 100 400 250 0 200 362 600 800 600 0 100 0 0 200 300 0 500 100 0 0 483 0 500 727 166 0 0 0 0 0 602 0 1000 0 200 0 500 0 1000 0 0 0 0 0 0 0 0 0 0 0 0 0 700 600 750 0 716 600 0 1000 0 0 0 0 394 454 750 100 0 0 0 0 0 0 0 0 0 0 0 0 0
#AVFC 2015-01-01
-714 0 0 0 0 0 -250 0 -155 0 68 0 0 0 0 0 0 -250 0 0 0 136 0 0 0 300 -250 -200 166 0 100 241 -333 700 0 -200 0 0 433 168 -393 -800 100 -500 0 0 100 -300 -300 -300 375 150 0 0 800 -200 800 -25 0 500 -400 500 500 500 0 0 791 0 500 0 0 -150 500 0 0 0 500 0 -155 0 0 0 -297 0 312 500 0 0 0 0 -300 462 375 0 0 0 100 -250 625 -699
857 0 0 0 0 0 400 0 288 0 260 400 0 0 0 0 0 250 300 0 0 454 0 0 0 0 400 350 833 666 400 366 666 600 0 700 0 0 833 277 775 1000 50 400 125 100 475 400 400 400 350 525 0 0 900 600 900 112 0 833 400 833 833 833 0 0 650 0 500 0 0 775 600 0 0 1000 500 0 288 0 0 0 330 0 333 500 0 0 0 0 225 250 500 0 0 550 400 150 500 666
#CPFC 2015-01-01
50 0 0 0 136 0 0 0 0 210 0 700 16 1000 700 680 0 0 700 500 49 0 0 0 0 0 168 0 62 0 168 0 62 168 0 0 62 0 0 0 0 62 62 -125 800 650 0 0 0 0 168 -69 -155 49 1000 285 68 0 168 -125 0 0 168 0 500 500 500 500 -600 0 0 446 0 -400 -281 250 199 268 0 0 233 166 25 0 -200 566 -100 0 0 0 187 0 0 0 0 136 0 0 0 312
350 0 0 0 454 1000 0 0 0 640 0 600 311 600 900 538 0 0 400 475 550 0 0 1000 0 0 277 0 500 0 277 0 500 277 0 0 500 0 0 0 0 500 500 125 750 850 0 500 0 0 277 488 288 277 300 535 727 0 277 375 0 0 277 0 833 833 833 888 800 0 0 533 0 400 468 200 550 727 0 0 622 666 175 0 100 783 400 0 0 100 500 0 0 0 100 454 0 0 0 333
#hcafc 2015-01-01
266 -100 333 0 600 0 -87 -49 0 0 0 -125 400 -300 -300 136 0 166 56 750 233 0 500 -251 0 0 800 -62 0 0 0 0 0 0 49 0 433 -400 0 -1000 500 -77 0 0 50 700 -400 200 68 200 0 -133 -155 -500 -25 200 0 0 0 200 0 333 0 -799 500 0 277 0 350 0 -118 600 -300 425 -250 0 0 781 100 0 0 0 -400 0 -300 0 0 0 0 0 0 -200 0 -500 0 -400 0 700 75 200
233 500 533 750 550 0 387 700 0 0 0 375 800 400 400 454 250 645 193 900 700 100 1000 562 0 0 900 350 0 0 0 0 0 0 517 0 833 650 0 1000 500 144 0 0 100 600 400 250 250 200 0 166 288 400 399 300 0 0 0 300 0 500 0 966 900 0 444 0 675 0 512 900 400 1000 250 0 0 600 400 0 0 0 400 1000 425 100 0 0 0 125 0 750 0 200 0 600 0 900 700 300
#EFC 2015-01-01
445 0 0 400 0 800 -400 0 500 268 0 125 -125 268 268 0 0 0 0 650 100 62 0 427 -400 0 0 700 0 0 0 -400 800 41 0 0 0 0 -100 500 0 0 0 0 295 200 -300 0 -300 -300 -300 -300 0 0 0 0 -41 0 0 0 0 0 400 0 0 300 24 0 0 0 0 0 0 0 0 0 375 -125 200 0 0 0 0 100 0 0 0 0 333 333 333 333 333 364 333 78 0 566 357 -150
584 0 400 800 100 400 600 0 900 677 0 200 1000 677 677 0 66 0 0 1000 1000 500 0 355 600 66 0 600 0 0 66 600 400 600 0 0 0 125 83 629 0 400 0 0 418 400 400 0 400 400 400 400 0 0 0 0 458 1000 0 0 0 0 450 0 0 825 650 0 0 0 650 0 0 0 0 0 702 616 300 0 250 0 0 700 0 0 0 0 1000 1000 1000 1000 1000 700 1000 284 0 399 535 550
#LFC 2015-01-01
-800 -300 -166 1000 0 75 0 200 0 0 0 -166 200 0 0 268 850 500 0 0 0 500 -800 -25 900 450 0 500 -800 500 500 -800 0 383 136 600 141 216 68 0 400 550 0 350 625 200 0 450 -800 0 -400 0 0 0 -800 0 1000 0 -57 450 650 200 400 -1000 15 1000 0 48 500 500 0 333 200 0 268 -799 0 1000 200 0 350 500 0 1000 0 -800 450 0 0 500 333 68 0 0 0 0 -38 250 0 0
1000 100 250 300 0 675 0 200 450 100 0 250 500 0 0 427 1000 500 0 0 0 1000 1000 350 500 550 0 500 1000 500 500 1000 0 714 454 900 408 750 227 0 800 650 0 244 774 300 0 550 1000 0 562 0 0 0 1000 0 300 0 467 550 1000 200 900 1000 262 1000 0 646 500 500 0 666 500 0 677 1000 0 1000 900 0 650 875 0 300 0 1000 550 0 62 550 366 227 0 0 0 0 249 300 100 100
#LCFC 2015-01-01
-625 0 0 400 0 0 0 0 0 -100 0 0 500 500 -187 0 0 500 0 0 136 500 0 0 0 500 0 0 -50 250 0 -138 350 200 0 0 200 0 0 0 0 300 437 -100 -400 0 0 0 0 366 -62 0 0 0 800 0 0 0 0 0 400 0 0 1000 100 333 100 100 -200 -200 -200 -166 -250 0 0 0 -200 0 0 -400 0 -400 68 0 0 -200 0 600 350 0 0 250 0 0 0 0 544 136 0 0
875 0 0 575 0 0 0 0 0 141 0 0 1000 500 500 0 333 1000 0 0 454 900 100 0 0 500 0 0 250 250 0 555 650 300 0 0 300 0 0 100 0 650 508 200 600 0 100 0 0 366 337 0 0 0 750 0 0 0 0 0 400 0 0 300 183 355 183 183 50 50 50 166 750 0 0 0 50 0 0 400 0 400 277 0 0 50 0 550 550 0 0 950 0 0 0 0 577 454 0 0
#MCFC 2015-01-01
0 0 0 250 -214 136 -600 0 800 0 0 500 0 0 150 125 200 136 0 177 0 0 0 0 136 -250 0 0 0 0 -100 -183 0 0 0 0 0 466 290 500 200 0 0 -16 0 0 0 0 0 0 -250 0 0 234 -125 297 400 0 0 0 0 0 350 0 0 500 0 0 0 0 0 0 0 0 246 642 0 800 0 800 250 0 -133 0 0 0 250 0 0 250 0 0 183 0 200 0 0 0 0 0
0 0 0 500 500 454 800 0 1000 100 0 900 0 0 500 250 600 454 0 277 0 0 0 0 454 600 0 0 0 0 50 325 0 0 0 0 0 549 472 900 750 0 0 370 0 0 0 0 0 0 600 0 0 413 500 608 1000 0 0 0 0 0 550 0 100 900 0 0 0 0 0 66 500 0 358 417 400 1000 0 700 333 0 555 125 100 0 200 0 0 462 0 0 400 0 200 0 0 0 0 0
#SAFC 2015-01-01
433 24 0 0 -312 900 0 0 0 -500 400 0 387 700 -400 250 214 487 0 442 550 500 -750 0 0 0 -200 -150 350 700 162 500 900 300 350 0 1000 350 100 -316 168 0 0 0 500 -200 285 200 558 0 500 312 145 300 0 -431 -249 0 0 -400 500 0 122 800 0 466 250 400 100 0 0 0 0 0 -21 500 400 -99 100 0 0 0 -21 0 0 0 0 0 0 0 0 343 0 250 0 700 -500 300 0 -196
833 500 100 0 687 1000 0 0 0 400 700 0 487 900 400 200 357 650 0 767 425 1000 750 0 0 0 200 775 550 900 718 600 1000 600 550 0 900 400 400 516 377 33 0 0 500 100 678 100 535 0 1000 333 416 200 0 681 650 0 0 400 1000 0 588 700 0 666 333 800 400 200 0 0 0 1000 540 500 400 650 616 0 0 0 540 0 0 0 0 0 0 0 0 650 0 300 0 600 562 433 0 411
#NUFC 2015-01-01
1000 0 114 0 500 -500 0 500 100 0 49 0 0 0 350 0 278 0 374 0 136 0 50 0 100 190 0 -77 0 200 0 250 0 136 242 -155 -116 92 0 0 458 0 -400 -400 0 210 100 222 366 66 -49 650 700 -194 199 0 285 0 0 0 -62 0 0 -155 437 285 -83 0 500 250 0 0 350 700 200 -155 300 131 0 0 0 225 -62 -138 0 -166 -155 0 -100 300 0 49 0 0 0 0 0 -700 -300 0
1000 0 416 0 850 950 0 750 550 0 400 0 0 0 362 0 784 0 491 0 454 1000 450 0 83 459 0 144 0 1000 0 562 0 454 247 288 450 367 0 0 300 0 400 600 0 640 400 277 316 399 733 700 600 288 525 0 535 0 0 0 62 0 0 288 650 535 116 0 600 1000 0 0 333 600 100 288 100 412 0 0 100 450 237 222 0 166 288 0 50 549 1000 550 0 0 0 0 0 800 400 0
#Clarets 2015-01-01
0 100 166 0 0 312 375 0 200 0 200 0 0 0 0 0 0 0 0 -155 50 0 0 0 0 750 0 0 0 0 0 0 0 0 0 285 0 0 285 400 166 0 -150 316 0 600 500 0 125 0 500 -50 -200 0 0 136 0 0 0 136 136 100 0 0 136 250 250 312 500 0 0 0 0 0 500 900 312 0 160 50 0 0 0 0 0 0 -33 0 411 0 166 250 0 250 0 0 0 0 900 250
0 100 166 0 0 333 500 0 300 0 300 0 0 0 0 0 33 0 0 288 100 0 0 100 0 875 0 0 0 0 0 0 0 0 1000 535 0 0 535 1000 500 0 399 466 0 250 500 0 166 0 500 350 400 0 0 454 0 0 0 454 454 1000 66 0 454 200 200 333 900 0 0 0 0 625 500 1000 875 0 539 100 0 0 0 0 0 0 316 0 688 0 666 333 0 333 0 0 0 0 900 333
#QPR 2015-01-01
-610 0 0 0 0 247 313 0 0 0 0 0 0 -175 300 0 -390 142 -62 -179 0 0 0 136 800 83 0 401 500 -175 -175 0 -116 1000 -116 0 0 0 0 466 0 0 0 0 0 250 0 0 0 0 0 0 0 0 0 500 0 0 312 375 0 0 650 0 0 0 0 0 0 0 0 200 0 0 0 0 0 0 -238 0 0 250 212 0 0 0 0 0 0 0 83 0 -200 1000 0 170 561 355 0 0
687 0 0 0 0 581 581 0 0 0 0 0 0 550 200 0 687 267 750 533 0 0 0 454 400 383 0 560 500 550 550 0 400 1000 400 0 0 0 0 500 0 0 0 0 0 750 0 0 0 0 0 0 0 0 0 500 0 0 333 500 0 0 950 0 0 0 0 0 0 0 0 300 0 0 0 0 0 0 350 0 0 750 584 0 0 0 0 0 0 0 366 0 250 1000 66 454 778 540 0 0
#Swans 2015-01-01
0 -800 500 0 452 0 -800 -155 0 0 -100 0 0 0 0 0 333 0 -100 -100 -100 750 250 250 437 136 437 0 136 211 0 437 437 437 437 0 0 0 116 0 312 375 -400 136 0 0 0 0 0 -800 -156 0 800 500 200 0 700 0 -400 -185 250 0 500 500 0 0 0 0 0 0 -800 -262 0 0 -199 0 0 0 44 0 0 0 -600 -400 0 -800 0 100 -800 -364 0 0 -800 250 0 0 0 -800 0 0
0 1000 1000 0 657 0 1000 288 0 0 50 0 0 0 0 0 355 0 900 900 900 700 200 200 650 454 650 0 454 266 0 650 650 650 650 0 0 0 266 0 333 500 700 454 0 0 0 0 0 1000 250 0 1000 850 300 0 600 0 550 437 250 0 600 500 0 0 0 0 0 1000 1000 513 0 216 538 100 0 0 744 500 0 0 800 1000 0 1000 0 100 1000 541 0 0 1000 250 0 0 100 1000 0 100
#SaintsFC 2015-01-01
200 -400 0 -166 350 625 0 0 0 666 0 0 -2 0 500 125 0 -49 -600 0 100 500 0 129 0 125 200 0 0 506 0 -131 214 -125 600 0 350 325 250 200 0 0 -100 400 -54 500 0 0 250 0 700 0 500 0 350 350 0 1000 312 375 700 0 -400 -625 0 0 250 68 350 -240 0 200 0 200 0 0 100 625 0 0 482 0 250 0 0 300 625 537 224 333 900 550 66 0 500 -328 0 0 -125 -99
400 700 0 533 550 875 0 0 0 633 0 0 237 0 500 666 0 199 900 0 200 500 0 629 0 437 100 0 0 512 100 427 571 250 900 0 300 666 200 200 0 0 250 900 373 500 0 0 500 0 600 0 500 0 650 550 0 300 333 500 850 0 400 400 0 0 150 227 350 413 0 300 0 300 0 0 400 1000 100 0 666 0 750 0 0 700 900 400 425 833 875 650 133 0 500 700 0 0 375 388
#AFC 2015-01-01
0 100 136 0 100 0 1000 0 37 0 136 -600 0 0 0 0 -250 0 100 0 0 -100 -74 0 0 -625 0 -250 0 0 -155 0 500 -750 168 168 0 0 350 100 0 0 0 0 468 0 -1000 168 0 0 0 168 -250 250 0 200 800 0 750 0 99 0 0 0 1000 0 468 75 168 0 0 0 168 0 425 0 0 0 134 168 0 250 0 0 0 400 250 0 0 0 0 125 462 618 0 -520 1000 0 0 -750
0 750 454 0 900 0 900 0 275 0 454 900 0 0 0 0 400 0 200 0 0 400 450 0 0 1000 0 400 0 0 288 0 500 1000 277 277 0 0 550 400 0 1000 0 0 602 0 1000 277 0 0 0 277 400 333 0 500 400 0 1000 0 200 0 0 0 750 0 727 825 277 0 0 0 277 0 625 0 0 0 194 277 0 250 0 0 0 800 333 0 62 0 0 250 500 650 0 520 300 0 62 1000
#WHUFC 2015-01-01
116 -175 100 50 -175 50 0 500 0 0 0 291 50 291 0 -179 -175 -600 -175 350 285 500 -175 0 0 68 0 -200 -116 136 100 -500 0 -55 500 -583 334 0 0 0 312 500 375 0 0 0 0 500 116 0 0 200 0 0 200 0 500 0 0 0 0 0 174 333 0 0 750 0 0 700 0 0 0 -175 0 700 0 0 0 500 216 -99 0 200 0 0 125 200 285 0 0 136 0 0 0 107 333 -400 100 -500
566 550 1000 666 550 666 0 500 0 0 0 458 666 458 0 533 550 900 550 550 535 500 550 0 0 300 0 900 400 454 100 700 0 199 500 583 263 0 0 0 333 900 500 0 0 0 0 500 333 0 0 500 0 0 300 0 500 0 0 0 0 0 580 833 0 944 600 0 0 800 0 0 0 291 0 600 0 0 0 500 416 355 0 500 0 0 291 300 535 0 0 500 0 0 0 500 666 600 650 1000
#WBA 2015-01-01
0 200 0 41 0 283 0 0 700 242 800 -600 0 281 -450 800 1000 0 0 -250 -99 0 250 0 0 0 214 700 175 49 -70 -222 0 -300 -155 55 0 334 225 600 0 375 -125 200 269 136 0 466 181 0 468 0 250 0 -375 -75 0 260 800 4 133 0 216 800 0 100 -208 431 136 0 600 312 0 168 0 136 83 29 375 0 136 136 366 650 800 168 0 0 244 0 63 800 500 437 400 0 800 0 285 0
0 200 0 375 0 311 0 0 750 367 1000 550 0 429 700 1000 300 0 0 888 483 0 1000 0 0 0 571 759 391 550 460 522 0 400 288 470 0 500 450 800 0 750 750 100 523 454 0 533 462 0 727 0 500 0 400 775 0 333 750 366 433 0 283 750 0 50 166 511 454 0 600 500 0 277 100 454 566 648 575 262 454 454 466 625 750 277 0 0 555 0 272 750 500 625 900 0 750 0 535 0
#SCFC 2015-01-01
800 0 -400 0 250 0 -33 0 -77 0 585 0 0 0 0 250 0 0 0 0 0 59 0 400 400 0 0 0 193 0 68 0 300 0 0 0 0 0 156 0 900 0 175 0 -800 0 -800 0 375 400 175 0 127 200 0 0 500 0 400 -50 200 400 200 110 0 0 0 350 0 65 0 -500 -800 0 31 0 -98 136 31 0 0 0 0 0 -400 -1000 0 0 350 0 -800 0 62 0 0 0 0 0 0 -500
725 0 562 0 500 0 933 0 644 0 100 0 0 0 300 500 0 0 112 0 0 588 0 350 487 0 0 0 352 0 727 0 200 0 0 0 0 0 500 0 900 0 375 0 1000 0 1000 0 200 400 437 0 561 300 0 0 500 0 350 50 100 800 900 590 0 0 0 700 333 1000 0 1000 1000 0 416 333 560 454 416 333 333 0 0 333 550 1000 66 0 500 66 1000 0 500 0 1000 0 0 0 0 700
#MUFC 2015-01-01
0 0 0 0 0 277 0 0 0 0 0 0 0 0 0 0 55 0 0 0 0 900 0 600 -347 0 800 0 0 0 900 750 0 500 0 0 0 0 750 0 0 0 0 0 0 0 0 0 0 0 0 0 -155 525 0 0 350 0 0 0 0 0 800 0 0 0 -155 0 0 0 1000 1000 0 200 -155 0 0 333 0 0 0 0 437 0 440 0 0 1000 0 0 0 0 0 0 1000 625 68 0 683 800
0 0 0 0 0 466 0 0 0 0 0 0 0 0 0 0 666 0 0 0 0 650 0 550 436 0 1000 0 0 0 1000 1000 0 600 0 0 0 0 650 0 0 0 0 0 0 0 0 0 0 0 0 0 288 600 0 0 650 0 0 0 0 0 1000 0 0 0 288 0 0 0 1000 1000 0 300 288 0 0 1000 0 0 0 0 800 0 600 0 0 300 0 0 0 0 0 0 300 666 227 0 816 750
#LFC 2014-12-29
466 0 466 700 0 0 1000 0 400 -197 0 86 0 0 0 330 -350 0 -100 -400 0 0 0 136 -200 -50 0 356 222 216 109 750 700 0 75 50 -500 400 -699 0 0 0 0 625 350 0 0 350 0 0 0 0 0 0 500 500 0 0 0 0 0 0 50 0 0 193 0 0 250 0 0 500 0 0 0 500 0 0 0 -266 0 450 0 0 1000 285 0 300 0 0 0 0 100 0 0 0 0 0 0 0
533 100 616 600 0 0 1000 0 533 194 0 663 0 0 0 630 500 0 75 600 0 0 66 454 400 200 0 486 466 466 700 1000 600 0 425 233 937 800 666 0 0 0 0 500 244 0 0 700 0 0 0 0 0 0 800 875 100 125 0 66 0 0 100 0 0 500 100 0 325 0 0 1000 0 0 0 500 0 0 0 500 0 762 125 0 1000 535 0 800 0 0 0 0 100 0 0 0 0 1000 0 0
#Swans 2014-12-29
0 0 0 0 283 0 0 0 0 136 0 250 250 250 149 -291 0 0 850 -400 433 0 312 -250 375 366 250 449 0 0 268 149 -100 0 283 0 366 0 0 -549 0 0 0 -170 700 700 0 0 0 500 0 0 149 337 0 500 -250 -300 -250 -400 -400 50 -233 91 -312 -400 -400 -400 0 -400 300 149 -400 -400 0 -400 0 -200 -125 0 0 400 -75 0 250 0 0 500 366 -100 -100 -100 0 378 0 0 400 175 -500 500
0 0 0 0 344 0 0 0 0 500 0 200 200 200 500 541 0 0 1000 400 733 0 333 1000 500 533 1000 400 0 0 727 500 100 0 344 0 700 0 0 533 0 0 0 750 1000 1000 0 0 0 600 0 0 500 387 0 333 400 600 1000 400 400 100 333 541 200 400 400 400 0 400 350 500 400 400 0 400 0 50 375 0 0 250 200 0 500 0 0 600 700 400 400 400 0 666 0 0 900 800 1000 650
#NUFC 2014-12-28
0 500 0 -500 390 600 41 -39 0 0 0 800 800 -349 250 350 -300 111 0 -400 0 -1000 187 -1000 0 0 375 26 150 136 0 515 300 0 0 0 -174 0 -200 100 392 312 800 0 -25 0 66 0 800 -1000 233 500 0 133 -450 187 688 437 0 -200 0 0 0 -200 0 -700 -125 0 0 1000 0 0 0 0 213 0 0 21 261 475 0 0 138 0 208 333 800 166 0 50 666 0 229 149 0 0 0 500 0 16
0 850 0 500 500 900 375 346 0 0 0 400 400 383 716 700 483 351 0 400 400 800 712 800 66 0 295 422 250 500 0 400 1000 0 0 0 691 0 1000 200 642 500 400 0 200 0 583 0 750 600 455 500 0 400 450 875 916 812 0 800 0 125 0 500 0 700 700 0 350 750 0 0 0 0 500 0 0 471 345 400 0 100 561 0 666 416 400 500 0 200 566 0 300 500 0 0 0 600 0 500
#EFC 2014-12-28
125 0 0 120 -299 400 645 254 500 -466 214 0 0 0 0 0 0 266 166 0 0 0 -291 0 -291 0 200 200 -200 0 500 500 0 20 -50 33 -107 -150 -500 0 600 0 0 63 0 0 0 -600 0 112 0 -750 0 -377 100 0 800 -500 0 -364 -500 -500 -500 0 0 0 0 350 200 -22 150 125 100 400 -200 0 0 -250 0 0 0 0 0 0 0 0 0 -150 0 199 -192 0 357 -1000 -500 0 90 0 1000 0
166 0 550 480 708 800 800 727 600 555 571 0 0 0 0 0 0 622 666 0 66 0 541 0 541 100 200 200 233 0 800 800 0 400 0 166 717 250 500 0 250 0 0 722 0 0 0 1000 0 450 0 1000 0 594 150 0 1000 900 0 544 900 900 900 0 0 0 0 700 600 500 420 166 350 800 100 0 0 600 0 0 0 0 0 0 0 0 0 300 0 255 478 0 535 1000 1000 0 338 0 1000 100
#AVFC 2014-12-28
0 83 800 500 0 0 -400 0 0 275 0 0 0 0 0 0 0 0 350 -524 0 0 -600 800 0 8 0 0 0 0 0 0 700 300 0 0 0 683 333 0 333 0 0 0 250 250 300 -125 0 345 0 -200 -1000 650 466 366 800 0 0 0 0 0 0 0 -333 0 0 0 500 0 0 0 0 0 0 0 700 16 300 0 -50 312 0 -149 487 0 175 0 0 800 800 0 366 0 1000 -137 1000 -53 0 -250
0 416 1000 500 0 0 600 66 0 200 0 0 0 0 0 0 0 0 550 516 0 0 700 400 0 266 0 33 0 0 0 0 600 775 0 0 0 566 777 0 777 0 0 0 200 200 450 375 0 583 0 800 1000 350 300 600 400 0 0 0 0 0 0 100 916 0 0 0 500 0 0 0 0 0 0 0 600 763 450 0 266 333 0 766 575 0 550 0 1000 1000 1000 66 466 0 700 358 700 513 0 250
#SAFC 2014-12-28
-400 0 0 225 -500 -150 -500 -83 -222 -379 390 0 66 -699 -1000 0 -1000 0 100 0 0 0 57 -250 -121 -77 0 0 0 0 -556 0 525 -149 0 1000 0 -33 0 0 400 0 -49 -300 0 446 500 -83 -133 -500 -125 0 0 0 -100 1000 400 400 -150 200 -1000 0 205 -175 -1000 -800 -500 49 0 0 37 0 750 0 0 -391 0 375 312 0 200 0 -93 0 0 200 766 250 0 0 0 0 -700 0 228 -104 350 -500 350 -320
600 500 0 266 500 550 500 666 355 288 500 1000 633 666 1000 0 1000 0 1000 0 0 0 133 750 568 144 0 0 0 0 681 0 450 683 0 1000 0 416 0 0 700 0 712 400 0 535 600 83 766 1000 694 0 375 0 500 1000 800 700 350 500 1000 375 600 550 1000 800 750 1000 375 125 527 0 800 0 0 533 0 500 333 0 500 0 525 0 0 500 583 250 0 0 0 0 800 233 645 162 650 1000 750 540
#hcafc 2014-12-28
0 500 500 0 0 0 800 750 0 694 700 -83 850 0 442 350 133 349 800 -400 175 500 187 0 199 100 0 0 0 0 0 0 0 0 375 0 0 0 0 0 -400 0 533 400 0 525 0 0 0 550 -400 800 -400 446 0 0 -100 0 375 100 0 225 0 0 187 0 -187 0 800 283 1000 625 166 58 285 238 0 750 0 91 0 0 0 0 50 500 -300 99 462 0 533 -150 111 0 -50 -50 200 375 187 187
1000 600 500 0 0 0 575 900 430 861 600 666 1000 0 767 300 333 666 400 600 483 1000 437 0 750 600 0 0 0 0 0 0 0 0 466 0 0 0 0 0 400 0 500 500 0 666 0 0 0 300 700 400 700 535 0 0 50 0 725 383 0 662 0 0 325 0 500 0 400 408 750 500 199 516 535 711 0 800 100 308 0 0 0 0 175 500 399 850 825 0 558 750 666 0 150 150 500 400 437 437
#LCFC 2014-12-28
500 0 -800 -1000 0 -400 0 -175 0 166 -250 133 100 -99 0 0 0 0 0 0 0 0 0 0 650 0 937 0 0 0 0 0 0 0 400 -313 -200 0 -750 125 -194 0 357 -1000 500 -285 -166 66 0 400 0 0 -343 0 0 400 0 136 -400 400 351 71 0 0 0 0 -455 0 33 426 625 -166 -166 228 216 0 -150 -159 400 0 0 200 100 0 1000 250 650 -16 0 700 422 -164 -250 0 200 600 0 0 0 475
500 0 1000 1000 0 700 500 550 0 466 233 266 400 650 0 1000 0 0 0 0 0 0 0 0 750 0 800 0 0 0 0 0 650 0 550 358 600 0 900 166 288 0 571 1000 150 562 166 333 0 200 0 1000 816 0 0 200 0 454 400 700 473 237 1000 0 0 0 541 0 322 522 950 166 166 448 500 0 850 284 700 0 0 400 100 1000 300 200 575 391 0 600 294 417 450 0 200 450 0 0 0 800
#MCFC 2014-12-28
0 1000 -275 66 18 0 0 0 287 0 300 0 0 475 600 350 333 250 0 142 -550 0 375 0 1000 750 300 1000 0 250 300 368 500 0 -275 633 -150 750 100 0 0 250 0 0 493 312 45 200 -500 0 0 0 0 298 -366 0 775 -250 0 1000 0 100 0 -168 0 0 1000 0 0 0 -234 104 1000 500 0 0 0 0 0 0 0 250 250 0 690 0 0 0 100 300 0 0 0 0 0 0 1000 0 200 250
357 1000 176 166 625 0 0 0 350 0 200 1000 1000 575 383 783 666 675 0 434 650 333 475 0 300 1000 1000 300 0 333 200 433 520 0 575 266 700 750 162 0 0 312 0 0 500 333 318 900 600 0 100 500 0 366 450 100 875 200 0 300 0 1000 0 700 0 0 1000 0 0 0 500 333 750 600 0 0 0 0 0 0 0 333 333 0 763 0 0 0 100 566 0 0 1000 0 0 0 300 0 500 312
#Clarets 2014-12-28
0 0 0 0 0 0 0 0 700 250 1000 500 1000 0 0 0 0 0 0 0 0 0 0 350 50 800 300 0 350 350 0 0 0 0 0 500 400 0 0 0 0 0 0 0 300 500 -125 0 213 0 136 0 0 0 0 -55 500 0 0 136 700 0 0 -166 0 0 0 0 0 0 0 0 0 -50 0 0 0 0 0 0 0 213 50 0 -49 333 0 0 136 211 0 0 800 800 -699 0 0 0 0 0
0 0 0 0 0 0 0 0 900 200 300 500 300 0 0 0 0 0 0 0 33 0 0 550 100 400 400 0 550 550 0 0 0 0 0 1000 633 0 0 0 0 0 0 400 750 500 375 0 454 0 500 0 0 0 0 144 500 0 0 500 600 66 0 166 0 66 0 0 0 400 0 0 0 400 66 0 66 66 0 0 0 454 183 0 650 666 100 0 454 522 233 233 400 400 666 0 0 0 0 0
#QPR 2014-12-28
-200 0 -125 -500 -200 -50 -477 0 -150 0 14 0 -401 500 -130 -1000 216 0 200 -240 -50 0 600 0 250 0 -33 200 0 200 -375 -562 -304 -231 0 -416 -1000 -78 -500 0 350 0 0 0 0 -200 275 1000 -200 0 100 350 0 0 0 0 100 0 0 600 0 0 1000 0 0 0 0 0 0 0 0 0 58 0 0 0 -450 172 800 -95 0 0 0 0 -150 0 0 0 0 -150 0 -500 0 -312 -500 -150 1000 0 0 -651
800 0 375 500 700 530 644 0 900 0 162 0 657 500 610 1000 833 0 900 500 400 0 950 0 750 0 258 300 0 200 625 937 383 456 0 450 1000 378 400 0 700 0 0 0 100 300 525 750 300 0 383 600 0 0 0 0 100 0 300 800 0 100 300 0 0 0 0 0 0 0 0 0 358 588 433 0 700 394 400 500 0 0 0 0 550 0 0 0 66 550 0 1000 250 800 1000 550 1000 0 0 674
#CPFC 2014-12-28
-300 500 0 -937 220 0 112 -500 -15 0 0 -250 113 -50 300 0 -291 100 0 -100 0 0 0 0 0 0 0 0 0 350 0 1000 0 300 399 213 -799 -198 0 0 0 0 0 0 0 0 0 500 0 0 500 0 0 30 -104 166 -200 -80 0 0 -444 -388 500 450 -400 0 -388 0 0 68 0 -116 -388 116 0 0 0 500 0 -103 0 0 0 0 0 -156 433 -699 0 0 242 127 75 -100 -327 -416 -388 1000 0 -388
600 500 0 1000 440 0 433 1000 477 0 0 1000 772 400 1000 0 541 400 0 300 0 0 0 0 0 0 0 0 0 550 0 300 1000 500 450 472 1000 264 0 0 0 0 0 0 0 0 0 500 0 0 500 0 0 325 520 500 800 113 0 0 916 833 1000 583 750 0 833 0 0 227 0 583 833 566 0 0 0 600 0 214 0 0 0 0 0 375 433 666 0 0 372 231 150 650 244 1000 833 1000 0 833
#SCFC 2014-12-28
900 -178 0 250 0 0 33 0 0 0 0 0 0 0 -200 0 0 0 0 0 0 0 0 -200 800 -250 800 366 333 1000 0 -27 500 600 0 -400 0 0 700 100 250 600 0 400 800 0 300 0 800 0 233 800 550 400 227 0 0 -500 0 0 650 0 0 474 -150 868 0 100 0 0 -1000 0 0 666 1000 900 500 1000 250 333 278 400 600 361 800 0 400 183 900 333 800 125 800 937 0 116 0 800 0 300
1000 285 0 562 650 0 488 0 0 333 333 333 0 0 300 0 0 0 0 0 0 1000 0 513 400 1000 400 700 1000 1000 0 611 700 825 0 600 0 0 900 200 1000 950 0 900 1000 0 100 0 400 0 833 400 300 700 595 333 333 900 0 0 300 1000 0 658 300 950 0 500 0 0 1000 0 0 683 750 575 500 1000 800 833 385 700 900 645 1000 0 700 316 1000 833 400 400 1000 900 0 416 0 400 0 100
#WBA 2014-12-28
0 0 -500 0 0 0 -625 0 0 190 241 100 -351 16 -400 -1000 0 0 -155 -400 -500 166 -435 500 149 50 -150 0 -400 0 0 161 -477 0 -150 -266 0 1000 150 -155 -400 0 0 0 500 375 0 1000 -400 700 156 150 200 -329 0 49 200 -125 -200 100 -262 0 -533 -349 312 0 0 0 0 0 -50 200 223 0 0 0 -33 298 -71 0 287 0 0 -400 -450 -390 800 78 -600 0 0 750 0 0 60 0 690 12 0 166
0 500 875 0 0 0 900 0 0 533 525 181 362 616 400 200 0 0 288 400 700 583 496 500 500 350 366 0 400 125 0 409 544 800 450 755 0 300 629 288 400 0 0 50 888 475 1000 750 400 600 480 700 262 581 0 450 400 125 700 162 387 0 666 333 333 0 100 0 0 0 400 900 255 100 500 0 633 366 142 433 487 0 0 600 750 700 750 500 800 0 0 625 0 0 616 0 763 447 66 250
#WHUFC 2014-12-28
200 279 216 49 0 -166 -316 0 0 250 -1000 350 0 0 375 -185 -277 -250 -333 0 0 400 50 83 955 0 0 0 0 0 0 0 0 -290 0 0 900 0 625 0 -333 0 0 1000 0 0 250 -400 0 0 -400 0 -100 0 0 -150 0 -500 433 633 0 0 458 0 357 0 0 0 0 375 312 -500 600 500 0 0 0 0 0 0 0 169 0 0 -125 0 0 -300 0 -83 156 0 0 700 0 0 0 0 300 0
575 770 466 800 0 666 600 0 0 500 1000 550 0 0 750 462 444 1000 666 0 0 200 533 116 540 0 0 0 0 0 0 0 0 600 100 0 850 0 500 0 333 0 0 750 0 0 200 500 0 1000 400 200 400 0 0 550 0 1000 600 850 0 0 283 0 535 0 0 0 0 500 333 500 1000 600 0 0 0 0 0 0 0 393 0 0 175 0 0 400 0 83 400 0 0 600 0 0 0 0 450 0
#AFC 2014-12-28
22 169 -100 0 300 0 0 800 99 0 136 0 0 250 750 11 0 -477 0 354 100 300 -150 0 -66 14 0 -666 433 700 800 50 -96 400 0 -187 -137 625 62 333 0 0 200 100 83 -600 -600 0 0 0 -428 -275 190 -166 0 0 -400 136 0 -99 0 175 0 416 0 -800 275 0 31 125 0 0 1000 0 166 0 0 -50 0 0 0 0 0 500 0 800 0 0 0 0 0 0 0 0 0 0 0 0 200 0
394 430 166 100 600 0 0 400 333 0 454 0 0 200 937 563 0 644 0 770 50 750 900 0 496 162 0 1000 333 600 400 441 325 541 0 500 655 600 687 833 0 0 300 400 416 400 400 500 500 500 833 500 541 166 0 0 500 454 0 850 0 400 0 666 0 900 525 0 637 281 0 0 750 0 583 0 1000 450 0 0 0 0 0 200 0 400 0 0 0 0 0 0 0 0 0 0 0 0 450 0
#SaintsFC 2014-12-28
450 333 0 325 0 483 500 0 850 600 0 349 0 500 -187 500 -325 400 1000 400 200 0 166 0 0 366 0 0 0 0 0 0 0 0 0 800 50 800 68 0 0 0 0 0 0 205 -229 400 0 500 0 -750 166 -200 400 800 0 0 99 0 0 -699 0 400 200 0 0 500 0 400 166 0 0 375 0 288 300 -800 900 0 0 311 718 0 0 1000 -155 0 0 100 -250 0 0 0 -375 0 800 400 0 250
700 833 66 640 100 466 500 0 1000 1000 0 666 391 600 300 328 674 1000 1000 1000 300 0 311 0 0 466 0 0 0 0 0 0 0 0 100 575 100 575 727 0 0 0 0 0 0 594 500 200 0 700 0 1000 311 200 233 700 66 355 366 66 0 666 1000 1000 500 0 0 600 0 425 666 0 0 416 0 772 450 900 1000 0 0 444 774 0 0 300 288 0 0 700 888 0 0 0 375 0 400 1000 666 200
#CFC 2014-12-28
0 0 378 0 0 0 0 0 0 0 100 500 -125 284 378 0 0 0 378 378 0 284 0 0 0 0 139 216 -197 350 700 0 0 0 0 700 0 0 0 0 600 0 700 0 0 0 0 -50 375 -600 -600 -155 0 0 0 0 0 317 0 0 0 0 378 0 400 266 0 0 0 0 0 0 0 400 0 375 0 125 350 381 0 0 1000 240 0 250 -166 0 0 0 399 0 0 233 0 0 350 -1000 -188 0
0 0 584 0 1000 0 0 0 0 0 300 500 375 438 584 0 0 0 584 584 0 438 0 0 0 0 400 466 433 550 600 0 0 0 0 600 0 0 0 0 666 0 600 0 0 0 0 150 366 400 400 288 0 0 0 0 0 542 0 0 0 0 584 0 800 811 0 0 0 0 0 0 0 437 0 500 0 281 812 525 0 0 300 500 0 500 166 0 0 0 366 0 0 322 0 0 550 1000 588 0
#COYS 2014-12-28
200 -283 0 0 0 800 -322 0 0 0 500 -100 333 -349 133 500 800 0 800 287 700 593 155 1000 400 19 600 400 0 0 0 -33 875 0 200 0 0 375 0 -16 400 0 700 -600 -400 0 0 800 800 533 0 600 -400 216 0 500 507 0 0 377 260 316 0 -400 -25 1000 800 0 0 0 416 449 -500 500 0 -200 0 0 0 625 350 0 214 466 0 1000 -781 0 600 201 1000 -400 0 -57 170 325 487 300 0 1000
200 283 0 0 0 400 450 0 0 0 200 50 833 952 583 500 750 0 400 411 650 400 766 750 700 490 900 400 0 0 0 666 600 0 200 0 0 633 0 316 433 0 600 800 500 0 0 400 750 300 0 950 600 494 0 150 450 0 0 511 439 750 0 600 477 300 575 0 0 0 244 500 1000 1000 0 800 0 0 0 1000 550 0 500 416 0 300 600 0 650 554 300 600 0 617 493 333 537 449 0 750
#MUFC 2014-12-28
0 0 0 250 556 350 0 300 0 0 -83 250 0 -125 -1000 0 0 0 0 447 50 0 -187 500 400 0 450 475 800 375 333 800 625 420 500 266 0 0 0 800 0 0 433 449 500 0 350 250 0 -208 1000 0 0 250 0 800 59 375 0 781 1000 199 0 800 0 326 510 500 0 83 -780 -200 -400 800 0 0 -543 368 0 250 -200 166 -150 0 500 0 0 0 0 600 187 0 100 0 500 100 0 250 0 0
0 0 0 300 585 244 0 600 0 0 558 300 0 604 1000 0 0 0 0 500 133 0 500 700 875 0 450 450 700 500 522 400 600 459 500 300 0 0 0 400 0 0 733 450 1000 0 244 450 0 166 1000 0 0 850 0 750 340 375 550 500 300 650 0 900 0 306 390 833 0 416 1000 399 400 400 0 0 600 475 0 300 200 285 400 0 500 0 0 0 0 666 712 100 400 0 500 200 0 500 750 0
#AFC 2014-12-26
0 0 0 144 0 541 200 0 0 0 0 0 0 850 0 14 500 0 0 0 133 0 0 500 250 390 500 0 468 500 0 0 520 274 500 0 -500 0 1000 -224 0 0 0 0 0 0 100 0 0 0 800 300 0 300 -500 528 -500 -500 0 250 0 0 0 0 -145 -200 0 0 0 0 0 0 0 0 0 0 0 0 0 0 0 0 205 478 800 0 0 0 300 1000 0 0 800 68 0 0 0 0 0 0
0 0 125 433 0 833 200 0 0 0 0 0 0 1000 0 262 500 0 0 0 541 0 0 750 200 1000 500 0 602 750 0 0 500 750 750 0 600 0 1000 400 0 0 0 0 0 0 400 0 0 0 1000 500 0 500 900 761 900 900 0 500 0 0 0 0 270 500 66 0 0 0 0 0 0 0 0 0 0 0 0 0 0 0 325 651 700 0 0 0 500 300 0 0 400 227 0 0 0 0 0 0
#QPR 2014-12-26
0 0 0 0 0 0 0 0 0 -22 0 625 -1000 170 0 0 0 312 0 333 -1000 -500 -500 -500 0 -1000 0 750 0 250 0 -62 0 0 0 0 -240 800 800 0 812 0 170 545 312 -400 0 571 375 250 0 -208 0 200 500 0 0 0 450 0 0 0 0 0 0 0 750 449 0 0 0 0 500 500 0 213 0 800 0 0 0 216 0 0 0 0 0 0 0 0 0 0 49 0 0 -194 0 125 625 0
0 0 0 0 0 0 0 300 0 406 0 562 1000 454 0 0 125 425 0 541 1000 900 900 900 0 1000 0 900 125 200 125 375 0 300 0 0 439 1000 1000 0 944 0 454 601 333 400 0 684 500 200 0 166 0 200 500 0 0 0 500 0 500 500 500 500 500 222 800 350 0 0 0 300 500 500 0 454 0 400 1000 0 0 311 0 0 0 0 0 1000 0 0 0 0 200 0 0 288 300 675 500 0
#Clarets 2014-12-26
0 312 375 0 0 0 0 0 0 0 0 0 250 0 0 800 800 300 0 0 0 0 0 0 0 0 0 0 0 0 0 485 0 0 200 0 0 500 400 0 0 -178 0 -400 -312 -100 0 0 250 250 0 375 312 0 0 0 0 0 0 400 800 0 1000 700 0 0 287 136 0 -100 0 0 500 800 250 0 0 0 0 0 0 -50 250 50 125 -333 350 0 0 -333 0 -333 136 -466 0 0 0 0 406 250
0 333 500 0 0 0 0 0 0 0 66 0 333 0 0 1000 400 100 0 0 100 100 100 0 100 100 100 0 0 0 0 602 100 0 500 0 0 900 650 0 0 285 0 400 500 400 0 0 200 200 0 500 333 0 0 0 0 66 0 450 1000 0 300 700 0 0 250 454 0 400 0 0 500 1000 300 0 0 0 0 0 0 350 444 262 400 666 475 0 0 666 0 666 454 683 0 0 0 0 475 200
#LFC 2014-12-26
433 0 1000 0 250 0 -33 800 0 200 800 0 0 200 0 78 78 400 0 0 0 0 0 0 0 0 0 400 750 450 766 0 0 488 66 0 625 0 0 0 1000 406 500 350 350 0 0 0 166 0 78 0 700 0 78 0 0 625 0 0 800 0 0 0 -62 303 0 0 533 0 0 1000 416 625 0 0 250 278 0 274 0 357 250 0 250 0 357 0 500 -200 450 -200 600 50 1000 0 500 0 500 100
616 0 1000 250 333 0 500 1000 0 400 1000 0 0 600 0 251 251 500 0 0 0 0 0 0 0 0 0 800 1000 650 833 0 0 680 255 0 500 0 0 0 300 400 550 550 244 0 0 0 199 0 251 0 600 0 251 0 0 600 125 0 575 0 0 0 562 485 0 0 433 0 0 300 583 300 750 0 100 485 0 750 0 571 283 0 283 0 571 0 1000 575 900 800 500 200 300 0 500 0 150 200
#CPFC 2014-12-26
1000 0 -181 633 800 400 558 0 309 833 0 170 0 0 700 0 800 0 0 0 0 0 0 312 275 0 500 600 0 0 700 800 0 357 425 400 -125 375 0 -62 0 0 357 0 500 0 0 -155 500 250 0 250 0 213 0 250 0 0 0 1000 0 0 0 500 800 0 -200 0 0 81 0 0 0 -500 300 -500 -500 -500 -500 468 -50 0 399 -300 0 0 0 0 0 0 0 0 0 1000 0 -349 0 187 200 700
1000 0 727 666 1000 750 571 0 684 962 0 454 0 0 600 0 750 0 0 0 0 0 0 333 425 0 537 544 0 0 600 1000 0 571 575 875 283 500 0 687 0 0 535 0 500 0 0 288 150 375 0 375 0 454 0 250 0 0 0 1000 0 0 0 900 400 0 250 0 0 341 0 0 0 666 200 666 666 666 666 727 250 0 350 600 0 0 0 0 0 0 0 0 533 750 0 833 0 300 200 600
#SaintsFC 2014-12-26
0 166 483 0 0 0 0 0 0 0 0 0 377 0 250 312 0 -150 483 0 312 0 0 541 -62 0 500 0 0 500 -150 0 425 -116 766 0 250 0 234 50 0 228 0 -108 0 0 0 687 900 0 200 455 687 875 83 354 250 0 250 0 0 382 350 250 500 1000 0 0 183 0 -500 550 0 0 0 -6 0 0 0 400 -133 250 0 0 0 0 1000 0 437 0 136 136 0 136 200 700 0 0 33 0
0 666 500 0 0 0 0 0 0 0 0 0 611 0 200 575 0 350 666 0 333 0 0 396 687 0 900 0 0 500 300 0 575 733 683 0 300 0 644 150 0 545 0 141 0 1000 0 825 1000 0 200 616 550 600 516 833 375 0 375 0 0 660 550 250 500 400 0 0 211 0 1000 1000 0 0 0 0 0 0 0 375 197 366 0 0 0 0 1000 0 625 0 454 454 533 454 200 600 0 0 466 0
#EFC 2014-12-26
500 0 400 0 800 800 0 488 -77 0 0 166 0 0 800 0 250 300 623 0 1000 1000 400 0 0 0 0 500 500 0 0 333 0 100 50 0 0 0 0 0 0 900 0 333 0 64 800 500 0 0 0 0 0 0 100 0 100 279 183 0 0 0 0 700 87 0 137 608 700 136 0 -600 0 625 1000 0 0 0 0 533 0 0 0 0 0 100 0 0 0 0 225 200 0 0 0 400 250 434 111 0
900 0 800 0 1000 1000 0 680 294 0 88 833 0 125 1000 0 975 750 818 0 1000 1000 550 0 0 0 0 650 150 0 0 700 0 300 200 0 0 0 0 0 0 650 0 266 0 346 750 500 0 0 0 0 0 0 200 0 50 750 383 0 0 0 0 600 366 0 650 866 600 454 0 700 0 500 300 0 0 0 0 916 0 0 0 0 0 200 0 0 0 0 525 500 0 0 0 400 375 801 222 0
#SCFC 2014-12-26
-300 0 875 261 1000 0 0 550 0 800 200 306 0 0 0 0 0 0 0 500 -300 0 183 0 0 0 0 0 175 0 0 306 0 62 250 780 500 550 333 0 0 400 550 0 0 400 0 0 0 150 480 625 -600 0 283 0 0 0 0 200 -200 0 800 500 400 0 0 0 0 -325 500 -200 -200 -200 0 500 375 0 0 50 0 237 0 0 0 0 0 -750 375 400 0 0 0 0 31 100 0 500 0 31
600 0 600 511 300 0 0 650 0 750 300 575 0 0 0 0 400 0 0 500 600 0 383 0 0 1000 0 0 575 0 0 575 0 500 750 1000 500 650 455 125 0 200 650 0 0 400 0 0 66 263 560 712 800 0 350 0 0 0 0 200 200 0 750 1000 400 0 100 100 100 725 500 200 200 200 0 900 875 0 0 200 0 637 0 333 333 500 500 750 875 200 0 0 0 0 416 1000 333 500 0 416
#LCFC 2014-12-26
118 500 62 0 0 400 0 0 0 0 200 -100 400 450 0 750 0 500 0 0 0 100 0 650 700 0 400 0 0 0 125 0 0 -483 0 170 0 156 0 0 0 0 900 600 0 0 -300 0 0 162 200 0 0 0 0 323 350 800 0 0 0 0 0 166 0 0 700 142 0 0 -150 0 500 0 136 0 -175 0 0 0 0 0 0 0 0 0 45 213 0 0 0 -200 0 0 500 0 -1000 700 166 233
327 600 550 0 0 900 0 0 0 0 400 200 800 525 0 400 0 200 0 0 0 200 0 625 600 0 450 0 66 0 166 0 1000 677 0 454 0 300 0 0 0 0 875 666 0 0 399 0 0 250 500 0 0 0 0 734 300 700 0 0 0 0 0 555 0 0 650 260 0 0 250 0 666 66 454 0 175 0 0 100 100 100 0 100 100 100 484 454 66 0 0 233 0 0 500 0 1000 600 833 300
#COYS 2014-12-26
1000 800 900 781 0 58 500 0 0 800 0 500 0 325 1000 0 600 800 500 166 0 625 0 0 500 333 250 750 500 600 0 312 300 1000 0 -66 700 500 500 166 0 468 468 500 0 0 800 875 0 500 0 -500 0 0 500 0 1000 0 0 300 0 0 500 600 1000 287 0 0 875 850 400 1000 0 200 0 135 500 0 0 500 -250 0 250 -130 378 0 0 550 -300 0 0 0 1000 0 693 0 0 0 0 500
300 1000 1000 500 0 616 500 333 0 1000 0 600 0 575 1000 0 800 1000 1000 166 0 500 0 0 450 433 360 800 783 433 0 200 800 1000 0 485 975 600 1000 633 0 727 727 900 0 0 750 600 0 500 0 650 0 0 500 0 1000 0 0 500 470 1000 500 619 300 395 125 0 600 450 436 700 0 550 0 444 1000 0 50 500 450 0 200 240 251 0 550 700 400 0 0 0 300 0 987 0 0 0 0 500
#MUFC 2014-12-26
781 520 0 625 0 0 0 0 300 0 0 0 0 100 100 0 0 800 0 0 0 0 500 0 100 800 200 500 0 0 800 0 0 0 0 250 0 0 0 0 0 0 0 0 0 -125 0 0 350 0 0 0 0 0 491 0 800 0 0 0 0 500 0 0 0 0 100 0 0 1000 0 -400 600 800 -350 0 0 -399 0 100 383 -781 0 383 323 0 0 25 0 -25 0 0 150 0 0 0 0 0 150 150
750 833 0 500 0 1000 0 0 0 0 62 62 0 200 200 0 0 400 0 0 0 0 800 0 200 750 200 380 0 0 950 1000 0 0 0 333 125 0 0 0 0 0 0 0 0 375 0 0 650 0 0 0 0 0 535 0 1000 0 0 0 0 500 0 0 0 0 300 0 0 1000 0 400 550 750 650 0 0 533 0 150 758 900 0 611 518 0 0 208 0 700 0 0 250 0 0 0 0 0 250 250
#NUFC 2014-12-26
500 0 100 0 0 550 0 0 0 0 0 0 0 0 0 0 0 200 0 -116 594 0 0 300 800 0 300 0 0 400 177 0 500 125 500 0 750 -400 75 300 -125 0 250 0 0 625 0 0 0 -100 399 -83 700 0 0 0 100 837 -150 0 -400 0 0 500 0 427 0 0 0 250 91 136 875 375 -62 -166 0 900 300 825 0 0 0 0 500 366 625 0 812 160 523 0 -83 -62 500 400 500 0 -288 0
850 0 200 100 0 650 0 0 0 357 0 1000 0 0 0 0 0 250 0 400 466 0 0 406 1000 1000 399 0 0 800 522 550 500 200 850 0 600 600 271 500 531 0 200 0 66 500 0 0 0 300 274 216 600 0 0 0 533 800 350 0 400 0 0 625 0 366 0 0 0 150 411 454 600 750 533 166 0 1000 250 875 0 0 550 0 1000 666 750 0 944 385 825 0 216 750 500 900 150 0 234 0
#SAFC 2014-12-26
500 0 0 0 0 0 214 400 0 0 500 400 177 0 550 0 0 0 0 0 250 -300 250 250 0 1000 414 0 312 468 0 0 325 0 375 0 350 136 0 0 520 172 449 1000 523 -121 666 446 0 341 341 0 62 411 125 674 0 0 0 0 0 500 0 268 0 0 800 122 -155 -100 0 0 -300 -155 0 100 0 -155 312 -116 0 -100 0 250 -649 0 0 0 100 0 375 150 546 0 100 -286 -200 0 0 468
800 0 0 0 0 0 479 875 550 0 500 800 522 0 650 0 0 66 0 0 500 399 200 200 0 300 607 66 333 727 0 0 525 600 500 0 750 454 0 0 666 394 400 300 825 316 433 535 0 400 400 0 537 685 239 829 333 0 0 0 1000 800 0 577 0 0 400 644 288 400 0 0 400 288 0 400 500 288 333 116 66 488 0 250 850 0 0 0 866 650 1000 600 633 0 700 283 300 0 0 625
#hcafc 2014-12-26
-200 500 0 0 0 200 700 0 0 477 0 83 -200 0 0 0 0 384 0 250 270 0 0 0 600 -150 -25 -1000 0 -155 0 0 0 0 0 0 0 0 400 0 20 500 0 325 0 208 0 213 0 541 62 0 0 500 0 -131 -131 16 0 0 -150 -300 0 0 500 0 0 0 0 0 0 0 1000 1000 0 0 216 0 0 525 0 -100 -100 318 0 0 0 0 100 0 800 800 0 0 136 136 0 0 550 33
200 1000 0 0 0 100 600 0 0 422 0 333 100 0 0 66 1000 475 0 500 875 0 0 0 1000 500 200 1000 0 288 0 100 100 100 0 100 100 100 550 0 483 700 0 675 0 166 0 454 0 833 750 0 0 500 0 450 450 683 0 0 549 100 1000 0 500 0 0 0 0 0 0 0 400 400 0 0 566 0 0 533 0 400 400 477 0 0 0 0 300 0 400 400 0 0 454 454 0 1000 550 766
#Swans 2014-12-26
0 400 525 250 250 0 850 312 500 250 100 0 0 0 0 600 0 250 0 0 0 400 0 0 1000 0 416 0 500 0 0 550 550 0 0 0 0 357 0 0 125 100 100 0 0 0 50 0 0 0 0 0 0 0 0 0 -99 0 0 -200 0 357 500 0 0 0 0 0 0 0 300 0 0 0 0 0 0 0 357 357 0 0 357 0 0 0 0 0 0 0 166 750 500 400 0 0 87 850 0 333
0 800 700 200 200 0 1000 333 1000 250 400 0 0 0 0 300 0 250 0 0 0 1000 0 0 400 0 500 0 600 0 0 650 650 0 0 0 0 571 0 0 300 400 400 0 0 0 200 0 1000 0 0 0 100 100 100 0 600 100 0 400 0 571 500 0 0 0 0 0 0 0 225 500 0 0 100 0 0 0 571 571 0 0 571 0 0 0 0 0 0 0 633 900 900 650 0 0 333 1000 0 833
#AVFC 2014-12-26
1000 0 0 0 700 16 0 -400 0 0 625 100 250 -200 0 0 136 0 0 0 0 0 -150 0 0 312 0 1000 0 150 375 0 0 150 125 250 700 0 0 0 0 0 0 333 -394 0 -96 0 0 0 0 0 399 0 0 700 -100 261 500 600 0 -49 0 0 100 0 -500 100 0 0 300 533 0 250 0 200 200 200 200 500 300 -200 0 0 0 0 0 0 -500 625 0 0 -234 0 0 750 0 68 0 550
600 0 0 0 600 433 0 600 500 0 500 400 200 200 0 0 454 0 0 0 0 0 399 100 0 333 0 300 0 550 500 0 0 550 475 250 600 0 0 0 0 0 0 466 616 0 88 1000 333 0 1000 0 388 0 0 600 266 450 1000 900 0 866 644 0 300 0 1000 400 0 0 900 600 0 250 0 200 200 200 200 833 800 100 0 0 0 0 0 0 900 600 0 250 500 0 0 400 0 227 0 650
#WBA 2014-12-26
0 0 425 -200 0 66 625 0 0 0 800 0 500 211 0 0 0 500 136 -625 0 100 136 -625 0 500 0 0 0 468 0 500 0 500 166 0 600 0 0 437 750 0 45 -400 -200 125 0 267 100 41 0 0 0 0 129 -83 0 800 0 0 0 0 0 750 333 1000 0 -400 0 0 0 0 0 -158 0 500 0 0 0 0 0 0 0 0 -400 1000 150 0 168 0 800 -250 500 388 0 0 275 0 108 0
0 0 650 800 0 466 888 0 0 0 1000 0 500 619 0 0 0 500 454 1000 0 300 454 600 0 799 0 0 0 727 0 800 0 500 266 0 700 0 0 625 900 0 351 400 233 300 0 571 650 66 66 0 0 0 600 83 0 400 66 0 0 0 0 875 666 750 1000 400 100 0 0 0 0 608 0 500 0 0 0 0 0 0 0 0 400 300 150 0 327 0 750 250 500 422 0 0 550 0 331 0
#MCFC 2014-12-26
250 0 800 0 400 0 437 550 312 406 0 0 0 500 500 0 800 0 100 0 1000 0 0 158 0 0 0 211 -75 0 0 0 0 0 0 0 0 0 725 800 500 322 -200 0 0 468 0 0 0 125 300 -200 0 483 0 250 0 250 684 500 0 0 0 0 0 250 0 -200 0 -33 -200 -291 0 0 0 1000 645 100 350 0 0 0 0 250 124 99 0 136 0 0 0 478 0 0 0 700 0 0 0 -400
750 500 750 0 800 0 666 200 333 416 0 1000 0 600 750 0 1000 0 100 0 300 0 100 266 0 0 0 334 700 0 0 125 0 0 0 0 0 100 812 1000 900 644 575 0 0 475 0 0 0 166 500 200 0 650 0 500 0 308 626 266 0 0 0 0 0 200 0 200 0 766 200 541 0 0 0 750 614 150 300 0 0 0 0 500 525 500 500 454 0 0 0 651 0 100 0 600 0 0 0 400
#CFC 2014-12-26
200 750 0 0 0 1000 0 200 0 0 0 0 0 0 437 0 0 0 0 0 1000 400 0 0 1000 0 125 0 0 240 1000 0 0 1000 0 0 0 500 0 500 350 1000 433 468 0 0 0 0 437 0 875 700 0 0 0 83 0 0 0 200 0 750 0 0 0 675 0 225 1000 500 0 0 0 0 400 1000 250 0 568 0 0 0 0 0 136 50 600 0 0 400 0 0 1000 136 0 1000 0 136 0 0
500 750 0 0 0 390 0 500 0 0 0 0 0 0 687 0 0 0 0 0 1000 800 0 0 1000 0 458 0 0 320 1000 0 0 300 0 0 0 550 0 500 350 300 733 602 0 0 0 0 400 0 200 600 0 0 0 366 0 0 0 400 0 1000 0 0 0 825 0 250 1000 1000 0 0 0 0 550 1000 650 0 377 0 0 0 0 0 454 200 250 0 0 550 0 650 1000 454 0 1000 0 454 0 1000
#WHUFC 2014-12-26
1000 800 0 199 400 1000 136 300 0 250 556 0 556 136 556 136 0 0 799 0 312 375 -400 0 0 0 -83 250 750 1000 125 400 0 0 0 0 199 0 0 1000 250 800 250 50 200 600 0 0 0 333 0 322 -33 525 1000 -100 0 0 0 0 433 -100 -100 500 -125 0 0 250 563 750 350 250 0 0 0 0 137 100 0 700 1000 0 -400 0 0 1000 1000 500 1000 366 1000 0 0 800 0 0 450 900 0 700
1000 1000 0 566 700 750 454 500 0 200 666 0 666 454 666 454 0 0 883 0 333 500 400 0 0 0 33 716 650 300 300 375 0 0 66 0 566 1000 0 300 500 750 333 150 200 600 0 0 0 416 0 622 416 541 300 300 0 1000 0 0 399 400 400 900 375 0 0 516 953 600 300 750 0 0 0 0 512 200 0 600 300 0 400 0 0 300 300 500 300 199 300 0 0 1000 0 0 650 525 0 600
#SCFC 2014-12-22
455 0 0 0 0 0 -699 0 433 566 433 0 0 0 500 0 -937 100 400 200 0 0 0 0 0 500 800 0 400 0 0 0 500 200 0 0 800 0 300 300 168 -200 166 0 0 1000 -500 800 412 -175 666 49 0 0 99 -75 466 0 0 725 -194 800 100 0 900 0 550 300 750 0 0 400 0 92 800 150 0 100 0 750 666 600 333 750 0 490 100 0 559 136 136 0 136 381 0 900 500 0 -27 0
544 0 33 0 0 0 666 0 733 300 733 0 0 0 1000 0 750 700 900 300 0 0 0 0 0 1000 750 0 437 0 0 0 500 575 0 0 400 0 100 100 650 400 916 0 66 300 1000 400 544 550 566 644 0 0 433 500 883 33 33 550 288 750 50 0 900 500 650 200 950 0 1000 900 0 297 400 950 125 400 0 950 433 700 966 450 0 500 450 0 526 500 500 0 500 537 0 575 620 100 833 0
#CFC 2014-12-22
0 -333 0 0 0 0 0 1000 100 0 107 0 0 600 0 600 87 0 0 0 0 -449 0 0 400 0 0 0 -333 375 168 0 0 433 0 68 0 468 0 0 650 625 0 0 0 0 0 500 0 0 0 0 0 0 0 0 -300 0 0 0 625 666 500 0 0 0 0 0 0 433 0 0 285 68 0 400 0 0 519 0 0 0 0 0 433 800 500 800 250 1000 700 0 -200 433 433 0 0 650 0 350
0 666 0 0 0 0 0 1000 100 0 785 0 0 550 0 391 633 100 0 0 0 700 0 0 800 0 0 0 666 200 277 0 0 733 0 227 0 602 0 0 750 500 100 0 0 0 0 500 0 0 0 0 0 0 0 0 571 0 0 0 500 666 1000 0 0 0 0 0 0 733 333 0 535 227 0 658 0 0 580 0 0 0 0 0 733 1000 1000 1000 477 1000 600 0 0 733 733 0 0 796 0 350
#LFC 2014-12-21
300 0 -150 650 0 0 87 0 150 156 -400 300 0 -325 0 400 -400 450 -500 0 268 0 0 275 0 0 0 400 0 0 0 0 600 0 0 0 400 0 500 750 400 0 0 -125 -250 125 500 0 600 0 -125 350 333 500 0 250 -125 0 -125 0 0 0 0 0 187 0 900 250 650 666 -33 350 0 0 266 330 0 136 -500 88 -77 291 0 0 0 0 0 -125 400 400 -250 262 -250 0 0 0 0 500 0 0
450 0 100 700 0 0 525 0 250 300 600 762 0 222 66 400 400 450 500 0 627 0 0 525 0 0 0 1000 0 0 0 0 1000 0 0 1000 500 0 500 937 800 0 0 375 100 199 500 0 600 0 750 244 366 500 0 800 750 0 750 66 0 0 0 0 433 0 875 550 625 785 316 550 0 0 283 577 76 454 1000 566 294 516 0 0 66 0 76 750 400 1000 750 375 1000 500 0 0 0 500 0 0
#AFC 2014-12-21
0 1000 0 0 0 0 0 0 136 0 0 1000 -300 0 500 0 0 -250 -120 250 200 0 0 0 0 0 0 800 468 0 0 291 0 250 0 0 -200 0 0 0 0 0 750 -714 0 0 17 0 -813 0 0 -35 800 -312 0 0 600 0 0 600 0 0 0 0 0 68 0 0 0 0 1000 0 166 -168 0 0 0 0 0 266 0 -200 -62 0 900 0 0 800 357 0 468 468 468 679 0 400 -714 0 0 0
625 400 0 0 0 76 0 0 454 0 0 1000 600 0 150 0 0 100 600 500 300 0 0 0 0 100 0 400 602 0 0 516 0 1000 0 0 400 0 100 0 0 100 449 857 1000 0 928 0 666 0 0 157 400 875 0 125 600 100 0 600 0 125 0 125 125 227 0 0 0 1000 600 0 366 275 0 0 0 0 0 483 0 262 187 1000 800 283 0 1000 571 0 427 427 427 785 0 400 857 0 66 0
#NUFC 2014-12-21
500 700 500 0 250 125 -16 0 -333 308 0 0 1000 800 0 100 0 0 0 0 60 -78 -100 400 178 100 1000 0 200 0 0 66 0 -133 -21 0 250 625 300 0 0 333 -500 1000 357 -400 0 -500 -25 0 0 -178 0 0 0 0 -178 0 0 0 285 211 -100 0 0 0 550 375 -400 0 113 500 333 0 304 0 0 0 -400 0 -75 500 0 0 0 243 500 0 0 0 -750 459 149 99 0 -66 0 0 0 0
850 600 888 0 200 300 288 0 688 516 0 0 300 1000 0 300 0 0 0 0 360 437 400 800 335 200 750 0 500 0 0 500 0 629 370 300 333 900 750 0 0 666 1000 300 571 600 0 1000 525 0 0 285 0 0 100 500 285 0 0 0 535 394 450 0 100 0 750 1000 400 0 272 500 766 0 477 0 1000 0 400 66 625 850 0 1000 0 543 500 0 0 0 800 580 650 441 0 633 0 0 0 0
#SAFC 2014-12-21
0 750 250 800 0 -800 0 283 500 1000 375 -107 0 0 187 250 125 0 333 -500 357 -400 0 0 0 -100 375 0 500 -33 0 0 0 0 0 0 -75 286 -899 0 -16 546 0 0 0 0 -750 0 500 85 205 700 833 -66 0 350 781 0 -200 0 -500 0 0 1000 -125 375 312 0 -400 0 0 -62 600 500 0 -71 500 136 0 0 0 -250 0 0 412 0 600 600 0 -400 0 -400 0 0 800 500 500 0 500 0
0 750 200 1000 0 900 0 566 500 750 750 767 0 0 562 333 187 300 666 1000 571 600 100 0 0 450 1000 0 500 316 500 0 0 1000 0 66 625 545 888 0 322 650 0 0 0 0 800 0 500 377 767 600 866 626 1000 650 875 1000 100 0 666 0 0 600 375 500 333 0 600 1000 0 250 300 250 0 214 1000 454 0 0 0 550 0 0 500 0 1000 775 0 600 0 600 0 0 400 250 250 0 250 0
#AVFC 2014-12-20
250 0 0 0 0 0 0 306 0 116 270 0 0 500 158 -250 700 0 0 0 0 0 0 300 0 600 0 0 -333 0 0 0 700 -199 0 1000 0 0 0 0 65 -1000 -333 0 0 0 0 -46 0 900 0 250 250 -750 300 0 -1000 0 0 875 0 -400 0 0 118 0 133 -100 0 0 300 400 200 500 0 200 0 0 0 0 300 109 300 300 200 -162 0 -400 0 300 300 300 300 -56 0 500 375 312 600 0
375 0 0 0 0 0 0 461 0 205 366 0 0 500 350 600 600 0 0 0 0 0 0 425 0 1000 0 0 666 0 0 0 875 500 0 1000 0 0 0 62 308 1000 666 0 0 0 0 500 0 1000 0 200 200 700 800 0 1000 0 0 600 0 400 100 0 327 0 600 300 0 0 100 350 200 500 0 500 0 0 0 0 100 374 100 100 400 237 0 400 66 100 100 100 100 600 0 900 500 333 700 0
#MUFC 2014-12-20
0 166 0 0 0 0 0 0 0 0 0 0 250 0 0 546 0 0 625 0 139 318 0 0 0 1000 0 -62 500 77 0 300 0 0 300 33 0 350 200 200 544 500 49 0 0 -100 0 250 200 700 250 0 0 700 324 0 0 0 0 625 -187 0 0 500 0 0 0 0 0 0 -125 800 0 0 0 0 -163 550 800 100 0 0 100 -125 0 200 0 0 0 0 0 0 0 0 0 0 0 0 0 0
750 166 0 0 0 0 0 0 0 0 0 0 1000 0 0 650 0 0 1000 0 205 477 0 266 0 1000 0 237 900 261 0 200 0 0 200 666 0 950 300 300 622 750 1000 0 0 400 0 375 100 950 333 0 0 600 600 0 0 0 0 925 500 0 0 666 0 0 0 0 0 0 750 750 0 0 0 0 380 550 400 100 0 0 200 750 0 100 0 0 0 0 0 0 0 0 0 0 0 0 0 0
#hcafc 2014-12-20
600 0 0 218 0 295 0 0 156 781 0 0 0 -799 333 450 0 -200 0 246 0 333 0 0 400 33 -700 -400 0 0 0 -500 -200 -200 0 500 0 -1000 0 0 0 250 -292 375 0 -675 0 100 0 0 0 -166 0 0 0 24 100 0 0 -100 -100 100 700 0 350 0 0 -200 0 0 0 333 0 333 0 -133 -300 -300 0 200 0 0 0 0 0 0 100 1000 -500 49 -200 0 0 136 0 0 0 0 0 0
1000 0 300 627 800 701 0 0 400 1000 0 0 0 1000 433 850 0 233 0 601 300 766 0 0 875 563 800 600 0 0 0 900 233 233 0 1000 0 1000 0 0 0 550 551 750 0 800 0 300 0 0 0 333 1000 0 0 366 600 0 0 255 255 300 600 0 550 0 0 233 0 0 0 566 0 333 0 488 400 400 1000 300 0 0 0 0 0 0 100 1000 500 800 533 0 0 454 0 0 1000 0 125 125
#Swans 2014-12-20
0 0 0 0 0 433 366 0 500 0 250 100 100 0 400 375 312 500 0 0 0 800 0 0 -600 250 0 650 600 -1000 0 500 625 300 0 85 0 0 0 0 0 0 0 0 0 0 800 800 500 500 0 0 500 0 0 285 0 100 0 -800 550 500 100 0 0 -200 0 0 600 0 500 0 0 533 0 0 0 0 0 800 100 136 100 0 200 200 -12 0 850 0 0 0 0 0 183 391 127 0 0 0
0 0 0 0 0 566 750 0 600 400 200 50 50 0 400 500 333 600 0 0 0 750 0 0 900 1000 0 675 900 1000 0 750 750 333 0 227 0 0 0 0 0 0 0 0 0 0 400 400 500 750 0 0 900 0 0 535 66 1000 0 900 300 1000 400 0 0 233 0 0 900 0 1000 0 500 600 0 0 0 0 0 750 400 500 400 0 433 433 0 0 950 0 0 1000 0 1000 233 616 677 0 0 0
#QPR 2014-12-20
166 0 0 0 0 0 0 416 0 100 400 0 0 0 1000 308 0 0 1000 250 0 0 0 700 0 0 375 312 750 -250 600 191 0 -200 750 0 0 0 62 318 333 0 0 0 -549 0 0 216 128 0 0 0 0 750 0 50 500 0 428 0 0 0 0 166 0 125 136 0 750 -200 0 0 77 0 0 0 -166 250 450 50 0 -100 -100 0 300 300 0 250 0 0 0 0 0 170 0 0 0 0 400 0
395 0 0 0 0 0 0 500 1000 200 800 0 0 66 1000 416 100 0 1000 200 0 0 0 600 0 0 500 333 900 233 1000 833 0 300 900 0 0 0 650 550 666 500 0 0 633 0 0 377 335 0 600 0 0 900 0 783 600 0 517 0 0 0 66 666 1000 250 454 1000 900 700 0 0 485 0 66 0 166 500 250 100 0 150 150 125 200 200 0 400 0 0 0 0 0 500 0 0 0 0 400 0
#WBA 2014-12-20
0 0 0 0 0 0 250 800 500 0 288 250 0 357 -47 0 266 250 150 450 316 212 0 0 0 500 0 0 0 0 0 387 0 0 0 0 50 316 200 0 200 0 0 1000 216 800 0 150 700 700 700 0 0 0 0 500 500 0 0 300 -200 71 0 0 0 200 0 300 200 0 0 800 800 83 0 68 0 0 0 0 500 500 500 500 0 0 0 0 0 500 0 -41 0 1000 900 300 0 0 0 0
0 0 0 0 0 100 250 400 500 0 466 444 0 785 530 0 500 400 633 575 616 462 0 0 0 500 0 0 0 0 0 725 50 0 0 0 450 349 500 0 500 0 0 350 377 400 600 425 900 900 900 0 0 0 0 500 500 0 125 366 350 187 0 0 0 500 1000 200 500 0 0 400 400 133 250 227 0 0 0 0 500 500 500 500 0 0 0 0 0 500 0 155 0 300 400 700 0 0 0 0
#SaintsFC 2014-12-20
500 500 0 312 -99 -100 0 0 450 -600 0 0 0 0 0 -500 0 0 0 0 0 0 0 0 687 0 166 0 0 -600 500 500 -466 0 250 112 500 -300 -300 -525 0 0 -300 -262 0 250 250 0 200 -99 350 -125 -550 0 312 0 0 0 250 350 0 227 500 0 400 0 349 400 0 400 0 0 -399 0 1000 150 0 175 0 -281 -400 0 0 0 0 0 0 200 -225 333 199 250 0 0 500 -250 458 0 500 0
500 500 0 250 600 200 0 0 700 700 0 0 0 0 0 1000 0 0 0 0 0 0 0 0 650 1000 666 0 0 700 500 500 666 300 333 950 900 400 400 700 0 0 400 387 0 200 200 0 200 361 550 375 550 0 333 0 0 0 1000 400 0 545 550 0 400 0 666 400 0 900 0 0 422 0 750 400 0 275 500 668 400 500 0 0 0 0 0 100 375 629 799 500 0 0 500 750 477 0 500 0
#EFC 2014-12-20
458 400 0 450 -600 285 0 0 -600 100 0 250 0 0 -100 0 0 0 0 0 0 0 650 500 0 133 0 -600 -600 -600 -600 -600 250 500 0 0 500 500 0 0 0 800 0 0 136 -349 0 300 366 199 37 0 0 -100 0 0 0 444 800 0 0 0 250 0 0 0 200 700 500 550 0 0 100 500 0 0 151 -250 0 0 -500 0 0 0 -500 -500 -500 0 0 0 33 200 0 500 600 -145 0 0 0 0
500 800 100 479 700 535 0 0 700 150 0 325 0 0 300 0 0 100 0 0 0 0 1000 500 1000 333 0 700 700 700 700 700 333 900 0 0 500 500 0 0 0 750 0 0 454 366 0 1000 450 333 287 0 0 50 0 100 0 611 750 0 0 0 375 0 0 0 200 600 600 250 66 0 150 600 0 0 446 250 0 0 900 0 0 0 900 900 900 0 0 0 333 400 0 150 700 270 0 0 0 0
#COYS 2014-12-20
0 250 0 0 233 0 -299 500 200 0 0 0 0 0 0 0 0 0 800 800 0 625 350 0 350 -150 500 0 400 800 -166 0 0 350 0 0 0 608 700 166 200 700 700 0 0 0 0 533 366 19 500 0 -125 0 281 500 300 1000 -49 -166 -108 250 250 271 875 0 233 0 0 0 0 0 0 0 0 700 200 0 0 0 0 0 400 0 0 0 0 0 0 0 0 125 534 650 250 583 136 0 600 0
0 200 0 50 566 0 483 1000 100 0 0 0 0 0 1000 0 0 0 1000 1000 1000 600 333 0 600 700 355 0 200 400 166 0 0 500 0 0 66 625 600 466 400 600 600 0 0 0 0 750 500 259 500 0 616 0 925 750 508 1000 794 613 391 312 1000 405 600 0 566 0 0 0 125 0 100 0 0 850 600 0 0 0 0 0 625 0 500 0 0 0 0 0 0 416 827 725 283 677 500 0 650 500
#Clarets 2014-12-20
350 -166 0 -50 0 375 312 500 0 1000 -83 -250 0 0 0 250 0 -600 50 -155 81 0 0 400 0 -400 285 1000 0 0 0 529 0 0 0 0 0 -400 -166 -400 -300 0 0 0 0 0 250 0 0 0 0 375 312 -400 0 0 0 0 0 50 0 800 0 0 -500 0 0 0 0 0 0 400 0 0 0 0 500 0 -125 0 -133 900 500 -125 0 -133 900 -166 0 0 -50 -50 0 0 0 0 0 0 0 0
449 166 0 200 0 500 333 1000 0 780 83 250 0 0 0 408 0 900 100 288 311 0 0 250 0 400 535 300 0 0 0 616 0 0 0 0 0 400 166 400 600 0 0 0 0 0 200 0 0 0 66 500 333 400 0 0 0 0 66 100 0 400 0 0 400 0 0 0 66 0 0 233 250 250 250 250 1000 0 1000 0 600 350 1000 1000 0 600 350 433 0 0 171 171 0 0 0 0 0 0 0 0
#WHUFC 2014-12-20
0 162 0 0 0 0 0 250 250 0 0 160 0 600 600 600 312 0 200 0 535 0 900 200 500 0 0 0 0 500 0 976 0 466 250 0 0 0 -400 0 500 500 500 500 500 136 0 0 0 262 -500 0 0 0 0 0 0 0 0 0 0 350 350 0 0 175 -500 0 375 333 0 0 500 625 800 500 -500 136 0 520 0 0 0 0 1000 0 0 510 500 0 0 0 0 0 0 172 0 500 318 0
900 550 0 0 0 0 0 200 200 500 0 539 0 900 900 900 333 0 633 125 335 212 875 900 900 0 0 0 0 900 0 500 0 566 500 0 0 0 1000 0 500 500 500 500 500 454 0 66 0 551 700 100 0 0 0 0 0 100 0 0 0 550 550 125 0 266 500 0 850 833 0 125 500 900 750 500 875 454 0 1000 0 0 0 0 300 100 100 950 700 0 0 0 0 0 0 594 125 500 677 0
#LCFC 2014-12-20
0 0 -333 -500 -500 350 50 500 400 0 0 0 300 0 0 43 0 0 0 -375 633 0 0 -375 0 62 16 0 0 350 4 750 160 0 500 0 250 0 62 62 0 400 400 200 31 500 0 0 800 350 281 183 68 62 0 333 0 0 0 62 62 0 431 62 62 62 -395 72 62 -200 62 62 62 0 62 62 431 0 0 62 62 62 62 62 62 62 125 200 0 -333 -55 0 0 335 0 0 0 600 0 0
0 0 1000 900 1000 650 500 888 400 0 0 0 100 0 0 309 0 0 0 525 750 0 0 525 0 500 600 0 0 550 550 750 539 0 500 50 100 0 500 500 0 1000 500 550 450 500 0 0 700 700 500 716 227 500 300 833 0 0 0 500 500 0 600 500 500 500 833 519 500 400 500 500 500 0 500 500 600 0 0 500 500 500 500 500 500 500 825 450 0 1000 272 0 0 477 0 0 0 1000 0 0
#MCFC 2014-12-20
0 -188 0 0 0 0 0 0 0 0 500 0 0 0 362 0 500 0 420 0 500 21 0 400 0 0 0 0 0 -200 750 0 350 0 0 -100 0 0 0 0 0 0 136 0 0 0 0 0 0 166 500 125 0 200 200 100 -50 -500 0 -31 700 0 -300 0 125 0 -155 600 136 500 0 0 0 100 0 0 0 -288 0 -21 208 0 -21 437 -4 0 0 0 0 0 268 0 0 250 136 0 0 -1000 -1000 0
0 188 0 0 100 0 0 0 0 0 750 0 0 0 650 0 500 0 494 0 900 396 0 475 0 0 0 0 250 700 750 0 550 0 0 250 0 0 0 0 0 0 454 0 0 0 0 0 0 333 500 750 0 450 266 150 0 616 0 427 600 0 400 0 250 0 288 875 454 1000 0 0 0 212 0 112 0 550 687 284 333 0 284 550 395 0 500 0 0 0 412 0 0 250 454 0 1000 1000 1000 0
#CPFC 2014-12-20
0 0 -600 99 0 0 0 200 250 22 0 -1000 0 0 89 33 -200 99 -200 251 312 0 200 0 45 0 100 0 0 -100 0 136 136 0 0 0 0 0 0 500 -125 0 0 0 516 0 213 0 0 459 0 100 0 0 0 1000 0 0 0 175 0 0 0 0 0 0 350 0 0 0 500 0 500 500 500 500 500 0 -49 401 0 0 0 400 0 425 136 0 585 0 193 300 -125 500 0 0 0 0 -131 136
0 100 1000 416 0 125 0 100 400 294 0 1000 0 0 422 549 200 433 200 603 333 0 300 0 151 0 200 0 500 200 0 454 454 0 0 0 0 0 0 1000 375 0 0 0 416 0 454 0 0 531 0 400 0 125 0 1000 0 100 0 275 0 0 0 0 0 0 300 0 0 0 800 0 500 500 500 500 500 0 700 561 0 0 0 500 0 425 454 0 602 0 477 400 83 500 0 0 0 0 450 500
#EFC 2014-12-15
0 0 400 500 0 0 0 0 0 0 0 0 0 0 0 0 -500 0 0 -500 0 175 0 0 0 116 0 0 0 -400 0 0 0 399 266 300 -185 0 0 0 0 365 400 0 0 0 0 0 0 0 0 0 0 -100 0 0 0 0 -150 260 365 45 0 0 633 0 0 0 350 0 172 104 0 -500 0 0 0 -500 -500 -500 500 0 0 0 -250 500 0 0 0 0 0 0 0 216 0 800 250 0 -250 -400
0 175 800 800 0 175 0 0 0 175 0 175 175 0 0 0 700 0 0 700 0 449 0 0 0 233 0 0 0 400 0 0 0 433 433 500 258 0 0 0 0 538 375 0 0 0 0 0 0 0 0 0 0 200 0 0 0 0 50 550 538 166 0 0 966 0 0 0 700 0 394 492 0 700 0 0 0 700 700 700 500 0 0 0 850 900 0 0 0 0 0 0 1000 633 0 400 450 0 850 700
#QPR 2014-12-15
0 0 0 0 -166 500 0 0 0 0 -300 -289 0 0 0 0 0 0 0 0 0 633 0 0 0 214 0 -500 0 1000 133 450 250 250 0 0 500 0 -111 129 -400 183 700 0 375 312 -187 500 0 0 0 433 0 500 0 0 0 0 0 0 0 0 0 446 0 0 0 0 0 0 0 0 -150 0 0 116 -133 -200 150 0 0 125 0 433 0 0 700 150 350 0 500 0 0 -800 750 700 0 300 0 136
0 500 500 0 600 750 0 500 500 0 600 296 0 0 0 500 0 0 0 0 0 833 0 0 0 500 0 1000 0 300 383 400 200 200 0 0 1000 0 422 566 400 496 550 0 500 333 312 500 0 0 0 833 0 500 0 0 0 0 0 0 0 0 0 408 0 0 0 0 0 0 0 0 50 0 0 316 344 700 300 0 0 500 0 783 0 0 600 700 650 0 533 0 0 900 1000 600 0 500 0 500
#Swans 2014-12-14
0 422 0 0 0 0 0 0 0 0 250 0 200 0 0 166 0 375 312 0 0 0 0 0 0 225 0 400 100 0 0 250 0 0 0 0 390 0 250 0 0 0 0 50 0 100 0 0 700 0 0 375 0 800 5 0 0 0 0 0 250 250 250 0 227 0 0 0 0 400 0 0 0 -400 0 200 675 125 0 0 406 375 0 0 233 312 -400 24 0 446 0 0 0 0 284 0 0 0 0 0
0 422 0 0 0 0 0 0 0 0 200 0 300 0 0 166 0 500 333 0 0 0 0 0 0 358 0 900 100 0 0 1000 0 0 22 0 1000 0 333 0 0 0 0 100 0 400 0 0 900 0 0 750 0 900 358 0 0 0 100 0 333 333 333 1000 545 0 0 0 0 400 0 0 0 400 0 500 750 166 0 0 833 750 0 500 733 501 400 166 125 571 500 0 0 0 730 500 500 0 0 0
#COYS 2014-12-14
0 0 750 500 625 68 0 0 0 0 128 0 500 0 0 -300 375 375 0 -200 -400 -75 0 300 -400 -141 375 0 250 195 0 136 0 0 0 -100 0 0 0 442 0 400 -25 200 0 0 -33 100 -181 -155 375 0 0 0 0 133 0 0 0 0 500 562 0 0 150 500 0 0 0 0 0 31 0 318 0 -600 500 -250 0 -50 0 -113 0 -199 0 0 168 175 55 0 244 0 250 0 0 -49 0 150 400 0
0 0 900 500 316 277 1000 0 0 0 311 0 1000 0 0 550 750 750 0 250 400 366 0 750 600 733 775 0 100 720 0 454 0 0 0 399 0 0 0 671 0 525 200 300 0 0 966 600 450 288 1000 0 0 0 0 383 0 0 0 0 1000 875 0 0 850 900 0 0 0 0 0 168 0 727 0 700 500 50 0 50 0 141 0 233 0 0 327 166 916 0 422 0 333 0 0 944 0 500 800 0
#MUFC 2014-12-14
0 0 0 -33 0 136 136 -33 0 -42 0 66 -42 100 -42 -42 0 0 -24 100 500 466 -100 800 0 600 0 -575 0 0 0 0 0 0 250 0 0 0 0 83 0 -12 549 0 175 0 250 400 0 0 -75 900 100 0 800 500 0 -100 0 0 0 100 0 625 0 0 0 100 500 266 0 500 500 0 0 0 0 200 0 500 -300 500 500 0 500 800 0 0 200 0 0 0 0 375 500 -250 0 0 0 250
0 0 0 633 0 454 454 633 0 528 0 500 528 200 528 528 0 550 491 200 500 399 50 1000 0 950 0 700 422 0 0 0 0 0 300 0 0 0 0 150 0 575 699 0 225 0 375 200 0 0 950 700 200 0 400 500 0 450 0 125 0 200 0 500 0 0 0 200 500 366 0 500 500 0 0 0 0 500 0 500 400 500 500 0 500 750 0 0 500 0 0 0 0 625 1000 833 0 0 0 450
#LFC 2014-12-14
300 136 446 0 0 1000 500 -400 500 0 0 383 -83 0 -341 0 500 200 250 0 -216 0 233 0 125 0 0 0 0 161 800 800 400 0 -312 333 0 312 61 549 -300 0 0 0 -50 -99 -100 -75 0 0 0 -75 100 400 -200 -266 800 0 0 100 0 500 0 0 0 500 500 -100 87 0 100 24 0 -25 625 0 33 500 309 -275 0 400 0 100 0 0 -416 500 1000 0 500 100 400 800 -10 0 500 0 -83 -155
750 454 535 400 0 300 500 400 500 0 0 616 83 0 541 0 500 550 500 0 433 0 533 0 200 0 0 0 0 211 700 750 500 0 200 1000 0 484 327 699 200 0 0 0 200 300 100 366 1000 0 0 950 200 800 800 400 700 0 0 383 0 500 0 0 0 1000 500 50 191 0 200 225 0 125 500 0 66 500 587 350 100 375 0 200 100 0 750 500 300 0 500 200 875 750 640 0 750 0 83 522
#AFC 2014-12-13
0 160 0 500 0 0 0 500 0 0 1000 0 0 0 266 0 0 193 250 -1000 0 600 0 0 0 40 0 0 166 468 -100 0 0 0 0 400 0 0 130 0 0 333 0 0 800 0 0 0 0 0 0 0 0 0 0 0 0 0 0 0 0 37 0 0 0 0 0 -600 0 0 0 0 0 0 0 0 214 0 318 0 0 400 0 0 500 0 0 0 0 -390 1000 -50 0 0 0 0 500 0 0 0
500 539 0 1000 500 0 0 500 0 500 1000 0 0 500 566 500 0 383 250 1000 0 200 0 0 0 459 0 0 833 602 200 0 0 0 500 400 0 0 166 0 0 833 0 0 750 0 0 0 0 0 0 0 0 0 0 0 0 0 0 0 0 800 750 0 0 0 0 900 0 0 0 0 0 0 0 0 571 0 527 0 0 875 0 0 750 0 0 0 0 100 300 350 0 0 0 0 500 0 0 0
#NUFC 2014-12-13
500 0 0 1000 0 0 -100 0 0 0 0 0 375 0 500 0 0 0 0 0 -9 312 200 0 0 0 -1000 -312 0 0 -100 -9 -9 0 0 500 0 -50 0 -400 130 0 333 333 95 484 900 0 800 150 150 0 0 133 0 0 0 0 0 0 0 500 125 312 68 375 0 500 799 150 0 0 -500 460 0 170 1000 800 375 0 0 375 546 0 -150 800 -100 500 0 0 0 0 -400 500 1000 0 0 350 500 450
850 0 0 400 0 0 366 0 0 0 0 0 666 500 900 0 0 0 1000 0 371 750 200 750 0 0 900 875 0 0 500 371 371 0 0 750 0 400 0 400 427 0 688 688 600 625 1000 0 750 950 950 0 0 333 0 0 0 0 0 0 0 800 300 333 260 500 0 600 566 750 0 0 900 400 0 454 300 400 500 0 0 675 550 0 700 400 200 500 0 0 633 0 700 500 300 0 0 650 300 400
#Clarets 2014-12-13
800 0 0 0 0 0 0 0 0 800 0 0 0 0 0 250 0 312 352 0 250 500 390 250 0 -400 0 153 0 0 300 0 118 -400 0 0 0 0 700 0 0 0 0 136 0 0 0 0 0 0 0 0 0 0 0 0 0 -17 -17 0 312 0 0 0 500 1000 50 200 0 -234 -234 0 0 700 -500 0 0 1000 0 -449 0 0 200 200 250 0 0 0 0 0 0 0 0 0 0 375 312 0 0 350
750 0 0 0 0 0 0 0 0 400 0 0 0 0 0 200 0 333 651 0 1000 500 1000 408 0 400 0 477 0 0 300 0 727 400 0 0 0 0 700 0 0 0 0 454 0 0 0 0 0 0 0 0 0 0 0 0 0 350 350 0 333 0 0 66 500 1000 100 500 0 500 500 1000 1000 600 900 0 0 300 0 533 0 0 300 300 200 0 0 0 0 0 0 0 0 0 0 500 333 0 0 550
#SaintsFC 2014-12-13
125 0 500 0 -625 0 0 0 0 0 0 0 0 0 0 0 0 0 0 0 0 0 0 0 0 0 0 0 0 633 0 500 0 0 0 -250 500 375 200 -400 312 500 0 0 0 0 0 0 500 -10 0 0 0 18 0 0 0 0 0 0 250 1000 266 1000 1000 0 150 0 0 0 0 0 200 0 166 0 -175 37 422 0 500 500 331 400 0 0 0 250 250 0 -1000 640 0 0 -200 0 0 0 250 0
533 0 500 0 400 0 0 0 0 0 0 0 0 0 0 0 0 0 0 0 0 0 0 0 0 0 0 0 500 483 0 700 0 0 0 100 799 200 575 400 333 833 0 0 0 0 0 0 500 304 0 0 625 350 0 0 1000 0 0 0 416 300 466 1000 300 0 575 0 0 0 0 0 900 0 666 0 300 555 294 0 1000 500 500 400 0 0 100 250 333 0 1000 550 0 0 400 0 0 0 408 0
#CFC 2014-12-13
1000 75 0 0 500 0 100 0 0 0 -1000 0 -145 400 0 -199 0 0 0 400 33 0 0 -163 -144 0 0 0 0 0 187 -224 600 600 0 500 0 700 0 0 0 0 0 0 0 0 0 468 -100 0 0 400 -199 100 0 0 0 0 0 0 0 0 0 200 0 0 0 0 0 200 200 0 0 500 -50 1000 0 0 0 0 0 0 0 0 0 0 0 0 0 0 50 0 0 -200 0 0 0 0 0 0
1000 900 66 100 1000 0 83 0 0 0 1000 0 333 500 0 333 0 0 0 800 66 0 0 580 616 0 0 0 0 0 437 772 850 850 0 500 0 800 0 0 0 0 0 0 0 0 0 602 200 0 0 500 333 100 0 0 0 0 0 0 0 0 0 300 0 0 0 0 0 200 100 0 0 500 400 300 0 0 0 0 0 0 0 0 125 0 0 250 0 0 133 0 0 100 0 0 0 0 0 0
#hcafc 2014-12-13
0 0 0 0 0 0 0 0 0 0 136 -100 136 0 -55 57 125 0 100 0 -262 -83 250 0 170 500 0 300 -400 0 144 800 0 -400 -300 400 700 0 285 0 0 700 0 0 0 0 0 -500 -312 0 0 0 500 0 0 125 0 0 0 0 0 0 0 500 0 0 -250 0 500 0 350 500 -250 0 0 0 0 250 0 -700 0 -131 700 700 0 0 0 0 136 750 150 0 0 350 0 0 0 0 318 0
0 0 0 0 0 0 0 0 0 0 454 600 454 0 97 405 400 0 1000 0 725 733 200 0 454 888 0 300 400 0 644 400 0 400 400 625 600 0 535 0 0 600 0 0 0 500 0 900 687 0 0 0 1000 0 0 200 0 0 0 125 125 0 0 900 0 0 1000 0 888 0 650 1000 250 0 0 0 0 333 0 800 0 450 500 500 0 0 0 0 500 800 450 0 0 600 0 0 0 0 477 550
#CPFC 2014-12-13
400 800 200 976 0 0 700 781 -21 700 136 100 100 100 0 712 550 0 100 375 -200 0 0 0 0 0 662 250 83 0 78 -400 1000 0 250 1000 -400 197 -400 250 125 0 0 -62 500 0 312 0 318 500 0 300 185 -9 0 200 100 500 312 0 0 875 0 119 -187 400 500 550 566 0 241 312 -26 250 331 170 0 1000 0 0 1000 0 300 400 0 575 0 285 366 0 -266 0 0 175 -150 537 0 -50 0 0
408 750 500 600 0 0 600 600 288 600 454 200 200 200 1000 600 341 0 200 750 200 0 0 0 0 0 700 350 416 0 500 700 400 0 200 400 400 741 700 333 600 0 0 550 500 0 750 0 750 525 0 900 327 437 0 300 150 796 500 0 0 600 0 595 366 325 500 950 625 0 466 333 695 100 351 454 1000 1000 0 0 300 0 394 494 0 600 0 535 566 0 600 0 0 700 400 400 0 400 0 0
#SCFC 2014-12-13
0 0 200 100 0 0 0 150 0 0 100 150 0 0 49 0 550 0 0 0 0 0 0 0 500 0 0 0 450 300 0 750 0 0 0 0 0 0 200 600 500 0 200 0 -33 0 0 0 500 31 750 500 0 625 0 0 0 286 286 136 -350 100 0 0 0 0 0 -250 300 0 -500 800 0 136 150 550 0 399 0 0 0 0 500 0 0 400 200 0 100 0 -300 0 -37 -99 0 250 -266 136 0 0
0 0 100 312 0 0 0 133 0 0 200 133 0 1000 450 0 341 0 0 0 0 0 0 0 1000 0 0 0 562 100 0 594 0 0 0 0 0 0 200 1000 1000 0 200 333 566 0 0 0 500 283 594 500 0 500 0 0 0 522 522 500 600 400 0 0 0 0 0 562 100 0 875 400 0 454 341 800 0 400 0 0 0 0 750 0 0 375 500 0 375 0 300 0 479 583 0 494 288 500 0 0
#LCFC 2014-12-13
166 500 0 0 0 500 416 0 0 0 0 0 0 0 0 358 0 250 -405 343 537 0 308 0 700 1000 358 0 -300 416 0 416 -200 -25 0 0 112 0 500 -400 -400 -1000 0 -125 -350 125 0 350 0 227 433 0 0 0 200 0 -100 0 -125 0 357 -400 0 266 0 -400 0 -304 -223 0 449 0 0 0 0 0 0 0 0 0 600 0 0 0 0 0 0 0 0 0 0 -300 0 -200 -65 0 0 0 0 0
666 500 0 0 0 183 500 0 0 0 0 0 0 0 0 300 0 500 666 468 750 50 533 0 600 300 300 0 400 500 400 500 800 700 0 0 218 100 500 600 600 1000 0 750 400 1000 50 300 0 494 333 0 0 0 300 0 100 0 600 500 523 600 100 533 0 600 0 466 415 0 400 0 766 0 1000 500 0 0 0 0 1000 0 0 0 0 0 0 0 0 0 0 600 0 100 673 0 0 0 0 250
#MCFC 2014-12-13
900 0 200 0 250 0 0 0 136 0 166 0 0 0 -50 0 0 136 0 0 500 136 0 0 0 0 800 200 418 250 318 0 0 500 0 0 800 800 0 -231 0 500 0 780 0 0 318 200 200 200 0 50 136 200 50 0 0 0 118 200 0 0 50 500 1000 0 0 68 -50 136 1000 168 0 333 200 0 0 0 0 0 0 0 125 200 136 0 0 0 136 0 0 414 0 0 0 0 0 500 0 0
683 0 100 0 100 0 0 0 454 0 241 0 0 0 112 0 0 454 0 0 500 454 0 0 0 0 575 100 527 250 527 0 500 500 0 0 400 400 0 727 0 500 0 1000 0 0 527 100 100 100 358 191 454 100 191 0 0 0 727 100 0 0 191 900 300 0 0 227 400 454 300 377 0 750 100 0 0 0 0 0 0 0 166 100 454 1000 0 0 454 0 0 683 0 0 0 0 0 500 33 0
#SAFC 2014-12-13
0 0 733 0 100 0 -75 500 0 0 149 625 250 -125 0 0 -400 0 500 0 312 0 0 375 170 0 0 -100 0 800 625 -250 -400 207 400 0 500 400 268 175 0 0 -400 175 0 0 0 800 0 0 0 0 0 0 136 0 125 0 -100 268 0 -200 800 0 0 150 19 0 137 0 0 83 0 -350 462 200 0 0 500 500 500 500 225 625 -47 0 -500 0 600 0 -500 650 0 -100 400 0 0 600 150 0
0 1000 966 0 100 0 366 1000 0 0 500 500 200 250 0 100 400 0 800 0 333 0 0 500 454 0 0 200 0 400 500 888 700 464 662 0 300 700 577 700 0 0 600 700 0 0 0 1000 0 0 0 0 0 0 454 0 400 0 833 577 100 300 750 0 0 283 293 250 675 0 0 316 0 750 525 200 0 0 500 500 500 600 633 500 557 0 1000 0 1000 0 800 900 0 600 800 66 0 1000 400 0
#WHUFC 2014-12-13
500 500 0 200 200 200 200 200 0 400 0 350 0 0 0 0 0 0 0 0 0 149 250 150 500 0 -400 1000 312 400 375 75 166 170 0 0 0 0 0 0 800 400 500 0 0 0 -233 0 500 250 0 -50 0 0 0 0 0 500 506 0 125 0 0 500 166 125 350 0 0 0 400 0 1000 1000 -83 5 0 0 266 0 0 1000 0 0 0 0 0 1000 0 250 0 0 625 500 0 -375 0 0 0 0
900 500 0 100 100 100 100 100 0 700 0 500 0 0 0 0 0 0 0 0 100 500 200 950 500 0 400 300 333 600 500 300 333 454 0 0 0 355 0 0 400 700 500 0 0 0 888 0 900 450 300 50 0 0 0 0 0 500 503 0 375 0 0 500 522 400 900 0 0 0 500 0 300 300 33 333 0 0 250 0 0 300 0 66 0 0 0 300 0 750 0 0 900 900 0 500 0 0 0 0
#WBA 2014-12-13
0 0 -800 -800 0 333 0 0 0 250 0 0 0 468 0 0 568 700 0 0 0 500 1000 0 200 0 0 187 500 500 0 0 900 900 900 900 99 -100 0 700 800 0 0 0 0 0 0 -162 66 0 550 0 0 0 0 416 0 250 -250 0 -300 0 350 33 650 800 175 0 0 0 -293 0 200 93 350 0 0 1000 1000 -799 -200 175 400 0 600 0 625 625 -250 625 0 0 285 43 0 68 0 -200 350 232
0 0 900 900 583 712 0 0 0 400 0 0 0 727 0 0 727 600 1000 0 0 500 1000 0 200 0 0 859 825 825 0 0 1000 1000 1000 1000 600 50 0 466 750 0 178 0 0 0 650 387 166 0 650 0 0 0 100 483 500 333 100 0 600 0 550 633 644 400 700 650 0 0 450 1000 266 385 975 0 0 400 400 1000 50 700 900 0 1000 0 500 500 500 833 0 0 535 687 0 227 0 250 544 541
#AVFC 2014-12-13
0 0 0 333 300 0 0 0 245 583 0 250 0 250 0 468 0 0 0 700 0 0 0 0 0 0 0 0 0 568 0 0 0 0 0 0 0 0 -50 400 0 -133 -200 0 750 0 500 750 500 0 875 399 350 421 700 -200 0 1000 100 0 0 0 700 766 0 300 0 500 850 337 250 399 0 337 337 337 0 337 0 550 625 0 300 312 0 0 800 0 500 500 142 0 0 0 0 0 0 0 0 312
0 0 0 712 350 0 0 0 549 833 0 400 0 750 0 727 100 0 0 600 0 0 0 0 0 0 0 0 0 727 0 0 0 0 0 0 0 0 100 525 0 466 700 0 1000 100 1000 675 500 0 600 866 650 733 600 50 0 600 522 0 0 0 600 616 0 533 0 425 800 562 283 650 0 562 562 562 0 562 0 750 600 0 441 200 0 0 750 0 825 825 642 400 0 0 0 0 0 0 0 333
