#AFC 2015-12-21
100 500 400 400 -1000 316 200 875 0 0 -86 0 0 -200 350 600 0 0 0 0 1000 500 0 1000 -625 24 295 292 400 -100 350 0 300 0 1000 250 166 800 0 -260 -300 0 0 0 -300 520 400 -234 800 0 0 600 0 450 0 350 0 -150 0 -400 0 100 -100 0 0 0 0 0 -125 300 0 0 0 350 1000 0 0 -600 200 350 0 550 837
400 888 800 800 1000 533 300 700 0 66 603 0 0 700 650 700 0 0 0 66 1000 500 0 1000 700 225 565 267 400 200 650 0 350 0 1000 875 583 400 0 633 400 0 0 0 400 500 800 900 1000 0 0 800 0 500 0 650 0 450 0 700 0 100 200 0 0 0 0 0 700 100 0 0 0 650 700 0 0 800 100 650 0 600 500
#MCFC 2015-12-21
500 0 0 300 500 400 0 0 400 400 0 125 -16 0 136 237 800 -500 0 200 33 0 0 625 0 136 0 0 0 800 500 -50 0 125 600 245 500 0 136 295 -24 -150 600 0 0 68 200 0 250 0 600 0 0 0 0 400 400 0 800 600 0 0 -50 285 375 1000 -100 100 0 0 100 0 0 125 700 473 0 0 0 520 400 100 0 700 600 100 -300 350 200 0 0 -57 0 250 0 0 0 425 750 0
888 0 0 100 400 549 0 0 800 800 0 50 411 0 454 687 750 700 0 300 425 0 0 900 0 454 0 0 1000 575 888 262 1000 312 575 784 600 0 454 565 573 262 800 0 0 227 100 0 362 0 800 0 0 0 0 500 500 0 925 775 0 0 233 535 800 1000 200 400 0 0 150 0 1000 200 1000 585 0 0 0 500 800 150 0 1000 800 383 400 650 200 0 0 567 0 362 100 0 0 475 1000 0
#Swans 2015-12-20
0 0 400 0 500 0 0 0 0 136 0 433 250 256 0 0 -400 136 300 0 500 333 0 250 0 0 136 0 0 0 0 580 0 0 1000 0 0 0 0 0 0 800 0 0 -300 0 136 0 -81 -81 0 437 333 149 0 250 0 0 0 0 0 0 -156 400 0 0 234 0 0 0 0 0 0 0 0 0 0 0 -400 0 0 68 -166 0 211 50 0 300 0 0 166 0 0 136 136 600 0 0 0 100
0 0 900 0 500 0 0 0 0 454 0 766 500 327 0 0 400 454 200 0 600 533 0 200 0 0 454 0 0 0 0 567 0 0 300 0 0 0 0 0 0 900 0 0 200 0 454 0 327 327 0 350 200 500 0 425 0 0 0 0 0 0 200 1000 0 0 649 0 0 0 0 0 0 0 0 0 0 0 400 0 0 727 333 0 695 200 0 400 0 0 200 0 0 454 454 900 0 0 0 200
#WHUFC 2015-12-20
400 0 400 700 0 433 0 0 -1000 -600 400 0 0 -400 0 0 600 0 0 625 49 250 250 0 0 0 0 -100 0 0 0 0 0 0 0 400 400 400 0 0 0 0 200 149 0 0 0 0 0 0 -199 0 500 0 0 0 0 0 -547 68 0 0 0 0 0 0 0 0 0 491 0 800 0 0 116 600 -166 0 0 166 0 0 200 0 0 0 437 100 0 0 0 500 1000 125 0 500 212 0 100 0
400 0 400 900 0 766 0 0 1000 700 1000 0 0 400 0 0 900 0 0 1000 550 200 200 66 0 0 0 200 0 0 0 0 0 0 0 800 800 800 0 0 750 0 200 500 0 0 0 0 0 0 722 0 900 0 0 0 0 0 704 277 0 0 0 0 0 0 0 0 0 591 0 700 0 0 450 900 333 125 0 200 0 0 400 500 0 0 625 400 0 0 0 600 600 500 0 500 333 0 1000 0
#WatfordFC 2015-12-20
800 800 800 -108 800 400 800 0 0 366 0 400 160 400 800 0 0 0 -185 375 0 0 200 0 250 350 566 0 -66 0 800 300 0 800 0 416 0 350 0 0 0 0 520 0 0 800 0 0 0 400 575 0 0 250 800 0 0 -400 600 0 312 0 800 -388 500 1000 500 900 800 0 375 0 0 0 0 800 0 909 525 433 136 0 800 250 700 300 500 0 0 0 0 525 0 500 0 0 0 0 0 -625
400 400 400 538 750 400 750 0 0 700 0 700 539 550 750 0 0 66 262 1000 0 125 400 0 500 550 450 0 441 100 750 900 0 400 0 666 0 550 0 0 0 0 500 1000 0 400 0 0 0 375 775 0 1000 950 400 0 0 400 900 0 300 0 400 833 500 300 900 700 400 0 100 0 100 0 0 400 0 780 366 438 454 550 900 900 600 950 500 0 0 0 0 366 0 1000 0 0 0 100 0 900
#LFC 2015-12-20
0 400 450 250 0 500 850 375 0 0 700 0 275 50 800 0 170 0 100 0 400 200 0 200 0 0 0 0 200 0 500 1000 216 0 0 250 500 0 500 0 100 450 400 0 62 550 72 500 0 0 500 0 0 1000 0 0 0 0 0 200 -400 0 -99 608 -400 200 0 0 0 0 0 683 400 0 0 0 -400 600 300 266 500 0 466 149 0 224 500 283 0 350 200 0 -400 0 209 318 0 200 0 0
0 500 650 500 1000 900 1000 500 0 0 600 0 700 150 1000 0 454 812 250 0 700 500 0 500 0 0 0 0 500 0 500 300 383 0 0 333 1000 812 500 0 175 775 1000 0 550 375 500 1000 0 1000 500 0 125 300 0 0 0 812 0 500 400 0 766 450 400 500 0 0 0 125 650 766 900 0 0 0 400 900 500 799 1000 812 783 500 0 950 900 320 0 550 500 0 400 0 546 697 650 500 0 0
#NUFC 2015-12-19
400 0 0 178 -300 0 600 400 400 850 -200 0 -350 0 0 0 400 170 0 0 0 0 0 0 0 400 0 0 650 0 62 0 0 0 0 -66 0 0 -291 350 0 0 333 0 500 0 0 500 0 0 0 0 0 234 0 0 -400 600 0 0 0 100 0 700 0 0 199 0 -88 400 0 -88 0 0 0 -500 0 800 0 -191 0 976 1000 0 0 0 136 0 -150 649 -221 0 0 1000 0 0 -250 800 -282 600
500 100 0 310 600 0 700 800 800 650 200 0 366 0 0 0 800 454 0 0 0 0 0 0 0 200 0 0 650 0 450 0 0 0 0 266 0 0 541 650 250 0 666 0 500 0 0 500 0 0 0 0 0 560 0 0 700 746 0 0 0 1000 0 600 400 0 333 0 344 800 187 344 0 0 0 500 0 900 0 216 0 800 600 0 0 0 454 0 233 900 735 0 0 750 0 0 212 750 672 950
#AVFC 2015-12-19
50 0 400 400 -170 -875 0 0 -400 0 0 0 0 900 27 0 0 0 250 0 500 -66 550 24 350 0 0 0 0 0 0 0 100 136 0 -250 0 0 0 0 0 0 0 0 0 500 233 500 339 0 0 0 700 0 0 800 0 0 0 750 0 200 0 0 750 0 -104 0 0 0 0 0 0 -500 0 0 0 -155 0 0 0 0 0 0 50 500 -391 0 0 250 0 0 0 0 0 -562 -625 0 0 0
350 0 800 800 295 1000 0 0 400 0 0 0 0 850 583 0 0 1000 250 0 500 266 700 625 650 0 0 0 0 0 0 0 200 454 0 888 0 533 0 0 0 1000 1000 0 0 500 274 500 637 0 0 0 600 1000 1000 700 0 0 150 800 0 300 0 0 700 66 313 1000 1000 1000 1000 1000 0 500 1000 0 0 288 0 0 0 0 0 0 550 600 558 0 0 400 0 0 0 125 0 950 200 500 0 0
#CFC 2015-12-19
0 1000 750 0 400 0 0 11 0 0 0 0 -130 0 -1000 0 -316 0 0 0 0 0 1000 178 0 200 200 428 0 0 0 0 0 -233 500 53 0 400 400 0 0 100 -185 269 357 -260 415 0 261 0 0 0 -321 -200 0 -200 200 -400 200 0 0 0 -300 0 -23 0 0 0 0 -566 0 -206 0 200 0 85 -100 -75 99 0 0 0 0 312 212 100 0 0 0 200 400 0 0 0 0 0 0 0 0 0
0 300 449 0 800 0 1000 678 0 0 0 0 657 0 800 0 300 0 500 0 66 0 300 310 0 200 200 585 0 0 0 0 100 383 500 680 0 800 800 500 0 200 614 686 571 909 311 0 678 0 0 0 767 350 0 350 200 400 900 0 0 0 900 0 509 0 0 0 0 833 0 725 0 200 0 477 500 625 433 0 0 0 0 462 450 500 0 0 95 200 250 0 0 0 0 0 0 0 0 0
#SAFC 2015-12-19
0 0 0 0 0 -247 0 0 0 0 0 0 0 -77 350 500 0 0 0 111 0 0 0 0 0 -88 0 -88 -200 -200 0 0 0 0 0 0 250 0 0 -250 0 0 0 0 0 250 0 0 1000 0 136 0 0 166 0 0 800 0 0 0 0 0 0 0 -166 0 0 0 0 0 0 0 625 0 -625 500 -62 0 0 0 0 0 0 0 0 400 0 -175 875 500 0 0 0 175 333 -166 -350 0 -714 100
0 0 0 0 0 713 0 0 0 0 0 0 0 194 650 400 0 0 0 609 0 0 0 0 0 344 0 344 700 350 0 0 0 0 0 0 200 0 0 200 0 0 0 0 0 494 0 0 1000 0 454 0 0 666 0 0 750 0 0 0 0 0 0 0 433 0 0 250 0 0 0 0 541 0 1000 1000 687 0 0 0 0 0 0 0 0 500 0 125 600 550 0 0 0 525 750 433 400 0 857 400
#EFC 2015-12-19
0 378 0 0 0 0 0 0 0 0 1000 0 0 0 0 0 0 0 0 0 0 190 0 350 0 0 0 0 0 0 0 0 0 0 0 0 200 0 0 0 136 0 0 500 500 500 500 500 0 450 0 0 0 0 0 0 0 0 0 500 0 800 0 0 -400 0 250 0 0 0 0 0 0 0 199 -166 0 0 0 0 300 0 400 500 250 0 125 -400 0 0 350 0 100 68 0 0 400 0 22 0
0 251 1000 0 0 100 0 0 0 0 750 0 0 0 0 0 0 0 0 0 0 370 0 650 0 0 0 0 0 0 0 0 0 0 0 0 166 0 0 0 454 0 0 500 500 500 500 500 0 700 0 0 0 0 0 0 0 0 0 150 100 750 0 0 400 0 333 0 0 0 0 0 0 0 550 413 0 400 0 0 944 0 800 500 333 100 199 400 0 0 400 0 400 227 0 0 900 0 244 0
#LCFC 2015-12-19
0 -200 0 -291 0 0 0 0 0 0 500 0 0 0 0 0 0 625 0 600 0 0 595 187 350 350 500 0 600 0 0 0 0 0 125 0 0 0 0 0 0 0 142 250 0 500 0 0 0 700 0 136 500 100 0 136 500 -100 500 0 0 0 100 224 0 0 900 0 0 0 0 400 600 0 0 400 0 0 0 500 500 0 0 200 0 55 356 -500 0 0 0 0 0 0 0 0 0 0 600 0
0 400 0 541 0 0 0 0 0 0 600 125 0 0 0 0 0 500 0 1000 0 0 445 647 650 494 500 125 1000 0 0 0 0 0 400 0 0 0 0 0 0 0 267 200 0 500 0 0 0 700 0 454 500 200 0 454 500 50 500 0 0 0 1000 425 0 0 1000 0 0 0 0 375 900 0 0 799 0 0 0 600 888 0 0 400 0 577 477 900 0 0 0 0 0 0 0 0 0 0 900 0
#MUFC 2015-12-19
0 546 0 0 0 400 0 95 0 566 250 0 0 0 0 0 50 150 0 -250 -49 -207 -155 -350 425 442 400 400 0 0 0 50 0 -400 900 -291 -690 100 0 -300 0 0 578 368 0 -155 0 600 0 0 0 0 0 -557 0 0 0 200 -291 0 0 0 0 0 0 100 375 0 -250 0 0 200 0 0 0 -699 0 0 -207 0 0 0 0 0 0 125 -600 400 -300 37 0 625 100 0 0 0 0 0 350 -312
0 650 0 750 0 800 0 416 0 666 333 0 500 0 0 0 100 450 0 875 894 367 288 366 575 900 800 800 0 0 0 483 0 600 1000 541 950 100 0 850 0 0 660 702 0 288 0 550 0 0 0 0 0 778 0 0 0 300 541 0 0 0 0 0 0 250 500 0 950 1000 0 400 0 0 0 666 0 0 367 0 0 0 0 1000 0 400 900 400 400 287 0 900 50 0 250 0 125 0 300 400
#ncfc 2015-12-19
0 0 100 0 0 0 0 0 0 -50 0 0 0 350 0 1000 0 0 0 0 600 0 0 0 0 0 0 0 350 0 149 0 0 0 0 1000 0 0 0 0 100 0 300 0 637 0 0 -194 0 0 0 0 -812 0 -13 0 -400 0 0 -200 -293 285 0 0 0 0 150 500 0 343 0 0 33 0 0 0 0 16 0 0 0 0 0 449 0 0 0 0 150 0 0 0 0 0 0 0 0 0 0 0
0 0 200 0 0 0 0 0 0 400 500 0 0 650 0 600 125 0 0 0 1000 0 0 0 0 0 0 0 550 0 500 0 0 0 0 1000 0 0 0 0 200 0 550 0 550 0 0 288 0 100 0 0 750 0 444 0 400 0 0 300 675 535 0 0 0 0 300 600 0 468 0 1000 466 0 0 0 0 383 0 0 0 0 0 550 0 0 0 0 600 0 0 0 0 0 0 0 0 0 0 0
#SaintsFC 2015-12-19
0 0 0 0 0 -89 0 0 0 0 0 -89 0 0 0 -50 0 -50 0 -89 350 0 0 -50 0 0 0 0 0 0 0 0 -89 -89 -89 0 0 0 0 0 0 0 0 375 625 0 0 492 0 0 0 550 500 -699 0 0 250 0 800 0 0 0 0 0 0 0 0 500 0 0 0 500 0 0 0 0 0 0 1000 0 500 0 400 350 0 0 0 0 0 0 0 0 0 0 0 700 0 0 0 136
0 0 0 0 0 267 0 0 0 0 0 176 0 0 0 0 0 0 0 267 650 0 0 0 0 0 0 0 0 0 0 0 267 176 267 0 0 0 0 0 0 0 0 416 600 0 0 567 0 0 0 700 750 666 0 0 250 0 750 0 0 0 0 0 0 0 0 1000 0 0 0 1000 0 0 0 0 0 0 1000 0 600 0 500 650 0 0 566 0 0 0 0 0 0 0 0 825 0 0 0 454
#COYS 2015-12-19
0 0 156 0 250 0 357 100 0 0 -100 0 0 0 49 0 0 0 500 100 0 300 0 0 -250 0 350 0 0 266 0 0 0 0 400 0 0 0 0 0 309 0 0 400 0 500 500 525 0 500 750 0 500 100 600 0 937 0 0 0 0 0 0 500 0 0 0 0 0 495 0 68 466 0 418 500 500 0 0 0 0 0 0 0 -100 350 1000 0 0 0 250 250 562 -100 850 33 0 0 0 0
0 0 550 0 500 0 571 300 0 0 500 0 0 0 450 0 0 0 629 500 400 800 0 0 888 0 650 0 0 166 0 0 0 0 600 0 0 0 0 0 448 0 0 400 0 600 500 425 0 500 525 0 533 200 550 0 950 0 0 0 0 0 0 500 0 0 0 0 0 434 0 277 466 0 527 500 500 0 0 0 0 0 0 0 200 650 1000 0 0 0 399 375 550 400 600 722 0 0 0 0
#SCFC 2015-12-19
666 0 0 500 0 0 0 0 1000 0 0 0 0 0 595 350 0 0 300 0 781 0 466 1000 0 0 0 0 0 0 0 0 250 0 0 0 0 0 0 1000 -812 0 600 0 300 0 -250 0 87 0 0 0 1000 0 0 0 0 500 0 0 0 0 0 0 0 0 0 0 -1000 0 0 0 400 250 0 0 0 875 0 675 383 0 0 0 0 0 1000 0 0 0 0 0 0 500 0 0 0 0 0 24
966 1000 0 1000 0 0 0 0 400 0 0 0 0 0 445 650 0 0 0 0 600 0 700 400 0 0 0 0 0 0 0 0 333 1000 0 0 0 0 0 400 750 0 250 0 0 0 437 0 558 0 0 0 400 0 0 0 0 1000 0 650 0 0 0 0 0 0 0 0 900 0 0 0 500 500 0 0 0 600 650 750 566 0 0 0 0 0 400 0 0 0 0 0 0 500 0 0 0 0 0 522
#CPFC 2015-12-19
0 0 0 -350 625 0 0 0 0 0 0 0 0 0 -500 0 350 0 500 466 -781 0 0 0 0 333 0 0 0 0 0 0 0 -12 100 0 0 136 0 136 0 0 0 0 0 0 0 250 0 0 0 0 0 0 0 0 0 585 136 0 166 -400 213 187 0 0 0 136 333 390 0 0 0 0 0 600 0 0 0 0 500 500 0 175 0 0 140 0 854 283 136 0 0 0 0 500 378 0 0 0
0 0 0 366 500 0 0 0 0 0 0 0 0 500 1000 0 650 0 888 833 1000 0 0 0 0 666 0 0 0 0 0 0 0 687 350 0 500 454 0 454 0 0 0 0 0 0 0 200 0 0 0 0 0 0 0 0 0 200 454 0 333 400 454 900 0 0 0 454 350 333 0 0 0 0 0 250 0 0 0 0 500 600 0 600 0 33 325 0 650 455 454 0 0 0 0 1000 251 0 0 0
#WBA 2015-12-19
0 0 0 0 0 0 0 0 350 0 0 0 0 0 1000 -187 -25 430 600 875 0 0 0 0 -62 324 0 0 1000 250 0 333 0 0 50 0 0 650 -50 700 0 0 -6 -583 200 259 -400 175 -183 0 700 0 0 -750 0 0 258 500 0 0 -400 377 0 -388 -388 -388 0 0 0 0 333 0 0 500 0 281 0 0 0 0 333 0 400 0 0 366 0 600 0 0 500 0 0 0 0 0 0 0 0 250
0 0 0 0 0 0 0 0 650 0 0 0 0 0 1000 500 200 530 950 900 0 100 100 100 400 500 0 0 1000 200 0 666 0 0 683 0 0 625 300 950 0 0 443 716 200 600 400 650 799 66 600 0 0 800 0 0 833 1000 0 0 400 472 0 833 833 833 0 0 0 0 666 0 0 1000 0 425 0 0 0 0 666 0 500 400 100 466 0 1000 400 0 500 100 0 0 0 0 0 0 0 333
#AFCB 2015-12-19
0 0 0 0 0 0 400 0 105 350 0 0 0 0 291 0 0 0 500 800 0 0 0 0 0 0 118 250 -31 178 0 800 0 0 600 136 0 0 0 0 0 0 0 -400 0 382 157 0 -500 0 0 0 0 136 0 500 500 0 0 0 0 0 400 0 875 0 0 0 0 500 0 -500 0 0 0 0 0 0 0 0 136 0 700 0 0 0 0 33 0 0 0 875 0 500 0 0 0 -166 0 0
0 0 0 0 0 0 400 0 322 650 0 0 0 0 512 0 0 0 700 400 0 0 0 0 0 1000 277 200 427 785 0 400 0 0 1000 454 0 0 100 0 0 0 0 400 0 875 364 0 1000 0 0 0 0 454 0 1000 900 0 0 0 0 0 500 0 600 0 0 0 0 700 0 1000 0 0 633 0 1000 0 0 0 454 0 600 0 0 0 0 363 0 0 0 600 0 500 0 0 0 333 0 0
#LCFC 2015-12-14
0 0 0 100 566 0 0 -800 0 0 0 0 -1000 -155 -200 0 850 0 0 466 0 800 -400 266 -400 0 285 500 200 -500 -291 0 0 100 0 800 0 800 400 -750 1000 -400 0 0 0 500 566 0 0 550 500 200 0 -187 33 0 0 0 0 0 0 -450 500 500 0 250 800 700 0 237 0 400 400 0 -50 133 0 690 0 200 0 0 300 136 285 0 500 800 0 0 0 250 0 0 800 -400 250 68 -150 300
0 0 0 200 733 0 0 900 0 0 0 0 900 288 800 0 1000 0 0 427 0 400 400 313 400 0 535 600 475 400 541 0 0 1000 0 750 0 400 300 950 300 400 0 0 0 500 366 63 0 750 500 559 0 500 633 0 0 0 0 0 0 700 900 500 0 450 400 600 0 450 0 500 500 100 883 300 0 725 0 200 0 0 441 454 535 0 800 400 100 1000 0 250 0 550 750 400 487 537 400 625
#CFC 2015-12-14
0 0 750 0 100 1000 0 0 400 400 0 0 500 0 285 0 475 0 0 250 0 50 0 0 0 800 0 -28 0 0 400 0 800 0 136 0 0 200 0 0 0 0 750 0 0 285 285 0 0 0 0 0 0 0 400 0 100 1000 166 0 750 0 375 0 250 0 0 0 0 200 0 0 0 0 0 0 0 -200 750 285 0 0 0 -249 450 0 285 0 285 -499 0 66 0 0 200 -100 -100 0 0 0
0 0 950 0 200 1000 0 0 800 800 0 0 500 0 535 0 950 0 0 500 0 233 0 0 0 700 0 233 0 0 650 0 400 0 454 0 0 100 0 100 0 0 950 0 0 535 535 0 0 0 0 0 0 0 450 33 0 1000 541 0 950 0 475 0 333 0 0 0 0 200 0 0 0 0 0 0 0 200 950 535 0 0 500 483 300 0 535 0 535 533 0 500 0 0 500 100 100 0 0 0
#LFC 2015-12-13
0 0 583 200 800 136 136 136 -450 99 136 0 0 -145 0 350 193 -449 0 0 0 0 0 600 136 0 0 0 0 850 1000 0 -33 -345 -77 0 0 0 0 170 -500 136 500 166 378 454 -281 246 -272 625 16 0 168 350 0 136 355 0 100 350 642 -781 0 0 0 -50 -600 250 0 600 0 175 500 350 0 0 0 0 0 -187 0 513 -250 0 125 0 -184 0 -400 412 1000 0 0 100 0 -500 0 -145 350 0
0 0 644 200 1000 454 454 454 700 333 454 0 0 304 0 550 693 383 0 0 0 0 0 800 454 0 0 500 0 1000 300 0 300 470 394 0 0 0 0 500 500 454 200 333 251 466 560 365 561 600 394 0 277 550 0 454 511 0 455 550 767 900 0 0 0 400 900 375 500 900 0 275 500 550 0 0 0 0 0 50 0 355 0 0 166 0 500 0 600 558 1000 0 0 400 400 550 0 304 550 0
#WBA 2015-12-13
0 250 0 0 0 0 0 0 0 378 0 400 0 200 780 0 0 0 318 0 300 0 0 200 500 -125 -125 500 0 0 300 0 850 625 -1000 0 800 500 -125 0 0 0 0 0 0 0 0 0 0 0 0 100 0 -125 0 0 500 0 800 0 0 0 500 100 100 0 500 0 0 500 -400 0 0 375 0 800 136 0 0 0 0 -62 0 0 0 -200 0 0 1000 0 500 0 0 -200 0 0 -300 0 0 0
0 250 0 0 0 0 0 0 0 251 0 900 0 600 1000 0 0 0 477 0 200 0 0 250 533 375 375 888 0 0 600 0 600 1000 1000 0 1000 600 375 0 0 0 0 0 0 0 0 0 0 0 0 400 0 375 0 0 500 0 400 0 0 0 500 400 400 0 500 700 0 500 400 0 0 750 0 400 454 0 0 0 0 687 0 0 0 300 0 0 300 0 750 0 0 700 0 0 600 0 0 0
#COYS 2015-12-13
49 0 0 0 0 100 0 -62 500 400 400 400 0 750 0 156 0 0 -250 200 0 0 750 400 430 0 200 -600 375 500 421 200 0 450 503 1000 705 0 0 -150 -187 559 1000 683 0 250 0 350 459 450 -71 136 0 500 0 0 0 250 0 500 266 0 0 650 0 488 0 400 0 312 500 800 -781 0 0 0 700 0 0 750 0 166 500 500 260 0 -250 350 0 399 250 0 66 0 600 500 0 0 0 0
400 0 0 0 0 383 0 200 1000 900 900 408 0 500 0 100 0 0 1000 200 0 0 500 233 679 0 200 650 500 1000 747 649 0 550 615 1000 890 0 0 225 500 679 1000 650 0 450 0 600 483 825 214 454 0 1000 0 0 0 333 0 750 283 0 0 675 0 500 0 400 0 634 500 750 400 0 0 0 600 0 0 950 0 199 500 500 260 0 250 650 0 633 200 0 300 0 399 400 0 0 600 0
#NUFC 2015-12-13
400 400 750 437 700 136 0 -83 0 0 0 0 0 0 0 0 0 136 136 0 0 500 0 0 0 136 0 125 0 0 0 0 0 100 500 0 0 0 450 800 500 -500 0 0 0 0 0 0 0 0 -400 0 0 0 0 0 125 0 0 0 0 0 194 100 600 0 400 400 418 100 -100 0 800 400 0 0 357 -150 0 0 0 0 0 0 0 -114 400 0 0 400 0 0 -400 -125 0 0 0 0 0 400
800 800 675 541 600 454 0 333 0 0 0 0 0 0 0 0 0 454 454 0 0 700 500 0 0 454 0 725 0 0 0 0 0 100 833 0 0 0 850 400 833 450 0 0 0 0 0 0 0 0 400 0 0 0 100 0 400 376 33 0 0 0 366 100 900 33 800 800 527 100 433 0 400 500 0 0 571 25 0 0 33 0 0 0 0 427 500 1000 0 800 0 0 400 375 0 533 562 0 0 700
#AVFC 2015-12-13
100 400 400 0 375 0 0 0 0 -50 0 83 166 -100 0 359 50 0 0 350 32 0 325 -400 500 500 0 0 50 700 800 0 100 1000 -300 200 0 0 0 0 600 0 416 0 0 0 0 100 0 0 100 300 265 0 0 0 0 0 0 0 250 0 0 0 605 -25 200 0 0 0 0 0 0 0 0 0 500 136 0 800 -300 211 0 800 -400 0 0 800 1000 -56 -100 0 800 0 -200 50 0 0 150 250
580 800 800 0 1000 0 0 0 0 400 0 166 666 200 0 241 600 0 0 550 331 0 750 600 500 500 0 0 350 600 400 0 400 750 600 250 0 0 0 0 900 0 694 1000 0 0 0 400 0 0 400 650 605 0 0 0 0 0 0 0 200 0 0 0 575 75 500 0 0 0 0 0 0 0 0 0 1000 454 0 750 600 222 1000 750 400 0 0 750 1000 443 200 0 750 1000 300 1000 500 0 575 250
#AFC 2015-12-13
400 400 800 0 0 250 0 0 750 0 0 170 0 100 600 75 0 199 800 0 0 0 0 0 400 0 700 492 0 1000 0 0 400 400 0 0 0 700 -49 0 0 0 0 0 600 0 0 500 -250 0 107 -250 0 0 136 350 152 0 0 0 0 0 0 250 0 0 500 400 650 0 500 0 875 175 0 0 0 0 0 0 0 0 0 0 200 500 500 -460 285 0 250 0 0 0 0 800 600 0 0 133
800 800 700 0 0 250 0 0 700 0 0 454 0 600 550 625 0 399 400 273 0 0 0 0 1000 0 600 567 0 300 700 700 1000 1000 700 0 0 700 372 125 0 0 0 0 550 0 0 500 750 0 435 1000 0 0 454 550 444 0 0 100 0 0 0 200 0 0 500 800 650 0 900 0 600 275 0 0 0 0 0 0 0 0 0 0 400 500 600 716 535 0 500 0 0 0 1000 400 625 0 0 466
#AFCB 2015-12-12
-187 116 116 133 -155 0 0 175 512 125 400 -200 -155 -400 -400 -400 -250 0 0 800 800 250 800 0 0 0 0 0 0 0 800 800 900 0 666 0 387 400 0 0 0 -575 0 337 0 800 909 800 0 0 0 0 0 0 14 -166 900 0 750 350 525 400 0 0 250 0 0 500 0 0 0 875 68 0 0 200 0 0 0 0 -600 -93 400 -388 0 68 0 800 800 100 0 -93 0 500 0 400 0 266 -112 0
633 583 583 283 288 0 0 300 618 700 900 50 288 400 400 400 225 0 0 400 400 200 400 0 0 66 0 0 0 0 400 400 1000 0 766 0 900 200 0 0 0 1000 0 431 0 400 780 400 0 0 0 0 0 0 525 333 875 0 950 550 733 200 50 0 250 0 0 500 0 0 0 600 250 0 0 466 0 100 0 0 700 750 400 833 100 250 0 900 900 550 0 300 100 625 500 400 100 433 333 0
#MUFC 2015-12-12
0 687 1000 187 0 500 -79 0 0 500 -100 0 400 400 0 0 200 -100 0 400 166 0 0 266 0 -110 0 -800 -25 0 0 0 -54 350 375 500 0 300 100 50 266 0 0 0 0 -250 100 250 -400 125 0 0 0 0 0 375 800 0 0 250 -88 49 72 0 0 -200 0 0 0 0 -100 -150 0 333 370 0 -133 300 600 600 400 222 0 0 200 0 400 320 0 781 237 0 500 500 -200 0 0 456 450 450
0 550 700 437 357 400 333 0 0 1000 100 0 800 800 0 0 256 450 125 600 333 0 0 375 0 443 100 900 200 0 0 0 191 612 0 500 0 500 200 550 388 0 0 0 0 250 1000 1000 400 166 0 0 1000 0 0 800 400 0 0 500 628 450 194 0 400 600 0 0 0 400 275 300 0 666 441 0 533 500 1000 1000 600 644 0 0 200 0 800 385 500 500 600 0 500 625 800 0 0 784 750 950
#CPFC 2015-12-12
0 400 700 0 0 0 0 0 0 0 0 799 0 21 0 125 -575 0 -400 333 0 0 -400 -25 0 0 50 0 0 195 0 0 -150 0 0 -166 875 170 800 0 0 250 250 0 0 0 0 0 0 0 1000 -400 575 500 0 0 -500 1000 200 0 200 361 0 0 0 0 50 136 136 0 0 1000 -155 0 0 0 0 0 0 -291 0 0 0 0 111 0 0 0 0 250 0 500 375 250 0 250 185 343 800 478
0 400 600 0 100 0 0 100 100 0 0 1000 0 380 0 166 650 0 400 666 0 0 600 456 0 0 200 0 0 416 0 0 216 100 0 333 600 491 1000 1000 400 250 250 0 0 0 0 0 125 0 1000 400 775 350 0 0 1000 750 200 0 200 444 0 83 0 0 399 454 454 0 0 1000 288 0 0 0 0 0 0 543 0 0 0 0 255 0 0 0 0 250 0 500 950 750 0 250 478 825 1000 900
#SaintsFC 2015-12-12
0 0 400 500 200 -116 500 500 200 0 0 0 0 0 400 500 200 0 0 0 0 500 200 0 1000 0 0 125 0 383 -500 136 0 68 193 12 0 0 400 0 1000 500 0 400 0 0 500 125 250 0 0 -142 250 49 0 100 0 25 100 0 0 0 0 0 0 -142 -87 400 100 0 0 100 0 0 0 -100 383 0 -181 136 0 700 100 68 368 0 0 184 -7 0 0 68 -142 -142 0 193 0 100 12 0
0 0 400 833 200 333 833 833 200 0 0 0 0 0 400 833 200 100 0 0 0 833 200 0 1000 0 0 166 0 616 400 500 0 250 416 300 0 0 400 0 300 750 0 400 0 0 750 166 200 0 0 535 291 325 0 100 0 475 100 0 0 0 0 0 1000 535 325 375 100 0 0 100 0 0 0 400 616 0 450 500 0 600 100 250 700 0 0 333 166 0 0 250 535 535 0 416 0 100 300 0
#MCFC 2015-12-12
0 400 400 0 0 -54 0 200 -200 -62 800 0 0 0 712 0 0 0 -200 49 200 0 437 0 0 -200 0 0 200 0 0 300 400 625 -200 -97 767 0 0 136 0 0 136 200 -133 266 400 0 400 0 200 -499 200 0 0 0 0 400 150 0 -100 66 0 49 0 625 0 0 0 68 0 0 150 0 900 500 0 136 200 377 -208 450 0 -312 93 400 625 0 0 333 0 333 0 357 0 0 399 0 100 0
0 800 800 1000 0 191 0 250 400 187 400 100 0 0 700 0 0 0 400 700 500 0 450 0 0 450 0 0 500 0 0 200 500 900 400 144 696 100 66 454 0 0 454 500 199 166 800 0 700 0 200 562 700 0 0 0 0 400 100 0 100 466 0 700 0 900 0 0 0 727 0 0 100 0 1000 750 0 454 675 522 333 400 0 687 643 800 900 0 0 416 0 416 0 571 0 0 533 0 450 0
#Swans 2015-12-12
0 125 -66 0 0 -77 0 0 250 0 0 0 350 0 200 0 0 425 -61 0 0 0 66 250 -125 0 401 150 0 250 291 550 550 578 800 0 0 0 500 0 650 0 0 -120 0 400 0 0 0 200 0 0 178 0 700 433 -27 500 500 0 0 0 83 0 0 0 -206 0 0 156 0 -500 0 0 0 0 0 0 0 0 0 0 0 0 0 0 0 0 0 0 0 700 0 0 166 0 -166 0 225 0
0 400 166 0 0 194 0 0 687 0 0 0 362 0 900 0 0 500 588 0 0 0 100 500 375 0 560 875 0 200 575 700 650 660 750 0 0 0 500 0 675 0 0 262 0 625 0 0 0 900 0 0 533 0 600 500 344 750 500 0 0 0 411 0 0 0 543 0 0 750 0 1000 0 0 0 0 0 66 0 0 0 500 0 0 0 0 0 0 0 0 0 600 0 0 333 0 333 0 350 0
#SAFC 2015-12-12
375 800 0 312 100 500 0 0 138 0 -158 500 800 0 0 0 0 0 800 0 0 0 0 0 357 200 0 -400 700 700 0 0 -50 0 0 350 100 0 0 0 -400 180 -400 166 0 0 -187 166 0 100 -156 566 0 -166 0 0 400 0 0 -133 0 0 0 1000 0 500 0 475 0 1000 116 0 0 500 0 136 166 1000 0 200 800 0 1000 0 0 0 -500 0 330 0 0 116 0 0 0 0 0 116 0 -133
200 750 0 333 400 833 0 0 533 0 266 500 1000 0 0 0 0 0 400 0 0 0 0 0 571 400 0 400 600 600 0 0 550 500 0 600 300 0 0 0 400 385 400 376 0 0 500 466 0 300 375 812 0 333 0 0 700 112 550 466 0 125 0 300 0 500 0 575 0 300 666 0 0 400 0 454 166 300 0 300 400 100 300 0 0 0 500 0 520 0 0 666 0 0 0 0 0 666 0 133
#WatfordFC 2015-12-12
0 0 0 0 0 -158 250 0 0 0 0 0 0 500 153 0 -200 0 0 -475 0 0 0 625 0 0 0 0 -100 0 0 333 -156 -166 0 233 0 0 500 0 500 0 -199 0 0 0 200 -200 0 0 0 0 400 160 0 875 0 0 0 400 0 0 0 0 163 0 0 136 0 400 0 0 0 0 0 -333 0 0 136 0 0 150 0 200 160 50 136 136 -364 500 0 -333 136 -500 0 136 600 1000 136 -500
0 0 0 0 0 266 200 0 66 0 0 0 0 600 454 0 400 0 0 700 0 125 0 500 66 0 0 0 1000 0 0 500 375 333 0 266 0 66 500 0 500 0 950 0 0 0 300 400 0 0 0 0 800 539 0 600 0 0 0 500 0 0 0 0 436 66 0 454 0 800 0 0 0 0 0 666 0 0 454 0 0 500 0 300 539 500 454 454 541 1000 0 666 454 500 0 454 900 300 454 500
#WHUFC 2015-12-12
-262 0 0 0 0 0 0 250 -600 1000 0 0 500 800 0 0 0 0 -200 0 0 -395 0 0 0 0 0 0 150 166 250 250 -400 250 250 250 133 133 200 0 136 500 0 -300 0 -100 0 285 100 -345 0 100 437 0 0 800 -49 250 100 150 -223 0 300 0 -166 0 0 0 113 770 0 250 0 0 0 0 0 0 0 333 0 -166 50 -312 250 0 0 0 0 250 0 0 0 0 0 0 334 0 250 0
487 0 0 0 0 0 0 200 800 300 0 0 500 900 0 1000 0 1000 300 0 0 833 0 0 0 0 0 0 300 166 450 250 400 250 250 250 966 966 200 0 454 500 100 600 0 100 0 535 150 470 0 300 337 0 0 1000 400 500 100 300 285 0 466 0 333 0 0 0 772 566 0 750 0 0 0 0 0 0 0 1000 0 449 162 533 250 0 0 0 0 250 0 0 0 0 0 0 601 0 250 0
#SCFC 2015-12-12
0 136 0 250 50 383 500 136 900 500 0 0 0 0 0 0 400 500 -400 0 0 0 -66 -649 0 0 700 0 -625 250 139 -181 200 583 800 0 200 250 0 700 500 136 0 214 250 578 -400 0 0 0 700 0 -600 -223 1000 0 0 0 0 0 -600 276 0 62 183 66 1000 333 0 0 0 -400 0 0 0 900 0 0 0 0 350 -416 22 233 500 0 200 0 0 0 0 0 0 1000 136 314 183 0 350 0
0 454 0 687 50 466 600 454 1000 900 0 0 0 0 0 0 1000 500 400 0 0 0 600 1000 0 0 700 0 1000 471 633 512 300 716 750 0 200 250 0 600 600 454 0 571 200 660 600 0 0 0 600 0 900 285 300 0 0 0 0 0 900 477 0 500 587 300 300 416 0 0 0 400 0 0 0 350 0 0 0 0 700 666 294 233 1000 0 500 0 0 0 0 0 125 300 454 725 383 0 550 0
#ncfc 2015-12-12
0 0 0 1000 0 0 0 0 0 0 0 0 0 -16 66 170 0 0 0 350 300 800 350 437 0 1000 800 0 0 200 0 0 0 0 -200 0 500 136 0 0 0 -600 -175 -155 0 0 0 0 -750 0 0 0 0 -300 68 250 0 0 800 0 0 0 0 0 0 -166 0 0 0 0 0 0 0 875 625 0 0 0 0 0 -125 0 0 0 0 193 0 0 0 0 625 1000 0 414 0 0 0 0 500 150
0 0 0 400 0 0 0 0 0 0 0 0 0 133 466 454 0 125 0 650 0 400 650 337 1000 400 400 0 0 100 0 0 0 0 0 0 500 500 0 0 0 900 550 288 0 0 0 0 1000 0 0 0 0 600 750 333 0 0 400 0 0 0 0 0 0 433 66 0 0 0 0 0 0 600 625 0 0 0 0 0 125 125 0 0 0 606 0 50 0 0 900 1000 0 617 0 0 0 0 500 500
#EFC 2015-12-12
0 250 285 800 200 0 250 250 0 -291 -300 55 500 0 0 0 -400 0 0 -41 0 0 0 33 0 87 125 136 -155 0 0 0 0 0 0 0 0 -200 1000 250 0 250 0 0 0 0 0 0 450 0 0 0 0 0 900 500 136 200 136 0 0 1000 0 0 0 0 0 0 0 0 0 136 100 136 0 750 0 136 0 136 0 100 1000 -33 0 0 0 0 0 416 800 0 0 0 0 0 100 0 136 600
0 750 535 400 500 0 250 1000 0 541 475 152 500 1000 0 38 600 0 0 350 0 0 500 794 0 237 200 454 288 0 0 0 0 0 0 0 0 233 1000 700 0 350 0 0 0 0 0 0 875 0 0 0 1000 0 1000 1000 454 200 454 0 0 750 0 0 0 0 0 0 0 0 0 454 150 454 0 950 0 454 0 454 0 400 750 166 0 0 0 0 0 805 750 0 0 0 0 0 150 0 454 900
#EFC 2015-12-07
0 0 -71 0 0 0 350 -400 0 0 0 0 0 0 0 0 0 600 0 0 500 0 0 0 0 0 -71 0 0 333 0 113 0 0 133 0 0 133 0 0 0 0 500 68 450 -150 -150 0 800 0 0 -937 0 800 0 0 -400 750 0 0 62 -20 800 366 0 1000 0 250 800 -200 0 0 0 0 0 268 684 378 -185 -53 0 0 166 241 0 0 0 433 75 -349 350 0 0 0 66 -366 550 -166 433 433
0 0 214 0 0 0 600 700 0 0 0 0 0 0 0 0 0 1000 0 0 500 0 0 0 0 0 214 125 0 762 0 335 0 0 300 0 0 300 100 0 0 0 500 227 300 200 200 0 400 1000 0 900 0 400 83 400 400 600 0 0 114 379 1000 733 0 1000 100 333 750 200 0 0 0 0 0 427 659 251 262 425 0 1000 666 566 100 0 100 549 662 583 333 0 66 0 300 800 700 166 549 549
#CPFC 2015-12-07
0 0 -71 350 0 250 625 100 100 100 -56 -150 0 0 0 -600 0 500 200 0 0 0 0 0 0 0 0 -71 0 0 323 0 300 0 0 250 250 250 800 600 0 -150 -150 0 0 0 533 305 0 0 500 0 -937 0 0 600 500 0 800 -155 0 -100 525 0 800 0 0 0 -175 333 0 125 600 -500 0 250 433 800 0 0 0 416 -27 64 500 0 0 125 0 350 0 525 0 -600 0 937 850 400 0 0
0 0 214 600 0 900 500 400 400 400 443 541 0 0 0 800 0 600 483 0 0 0 0 0 0 0 0 214 0 0 449 0 100 625 0 200 200 200 750 800 0 200 200 0 0 0 316 1000 0 0 600 0 900 0 0 825 1000 0 750 288 0 100 366 0 1000 0 0 0 650 833 0 500 733 900 0 625 833 1000 0 0 0 633 244 496 600 0 0 425 0 399 0 366 0 1000 0 1000 1000 750 0 0
#NUFC 2015-12-06
500 0 0 0 0 0 0 38 700 0 400 400 285 -200 0 0 0 -300 136 -500 0 0 0 -100 0 0 0 0 400 0 0 0 800 -49 0 100 -200 0 160 300 500 0 0 187 0 0 0 -300 500 0 136 0 136 285 0 0 0 200 600 0 -100 -1000 0 0 0 0 0 0 0 0 -309 -125 0 100 0 800 285 0 -200 0 200 400 -200 0 0 0 0 -100 -500 136 136 500 0 100 0 500 0 0 0 0
1000 0 0 0 0 0 400 347 600 0 800 800 535 650 0 0 100 500 454 1000 0 0 0 400 0 0 0 0 400 0 0 0 400 250 0 200 50 0 539 200 500 0 0 437 0 0 0 400 1000 0 454 0 454 535 0 0 0 300 700 0 400 1000 0 0 0 0 0 0 0 0 573 500 0 200 0 400 535 0 100 0 500 800 300 0 0 0 233 400 1000 454 454 475 0 400 0 400 0 0 0 0
#LFC 2015-12-06
100 -200 0 -250 0 0 0 800 0 0 -500 0 -500 0 375 216 50 0 -500 -699 800 -300 0 0 0 136 -166 -500 100 100 -181 -500 -500 139 250 400 316 0 450 500 100 0 -500 -500 -500 -250 -500 160 366 0 -400 0 0 0 0 216 50 0 0 266 -346 135 0 200 250 0 0 113 300 250 300 800 0 -500 800 0 -500 800 0 -500 600 0 0 200 200 400 0 0 0 0 500 0 -500 -500 0 0 0 0 0 633
750 800 0 562 400 0 0 1000 0 0 600 0 600 0 750 429 50 0 600 666 1000 500 0 0 0 454 133 600 300 800 527 600 600 425 750 400 585 0 650 750 200 0 300 300 300 612 400 539 466 0 900 0 0 125 0 429 50 0 0 633 910 583 0 600 750 0 0 772 200 300 100 1000 0 600 1000 0 600 1000 0 600 1000 0 0 400 300 400 0 0 0 100 500 0 600 300 0 0 0 0 0 750
#CFC 2015-12-05
0 350 1000 -433 0 0 642 150 100 -100 0 0 0 166 0 800 0 0 400 400 -33 1000 -50 0 29 175 0 0 0 0 400 0 0 -71 0 0 0 0 -71 0 0 100 66 0 0 0 500 -49 0 0 0 0 0 0 -300 800 200 0 0 0 0 0 0 0 0 0 0 0 800 0 0 -33 1000 -50 166 0 -100 1000 166 0 350 1000 0 0 -433 900 600 600 600 0 0 0 642 150 0 466 -100 500 200 1000
0 550 300 600 0 0 767 449 700 400 0 0 0 311 0 750 450 0 800 800 466 1000 400 0 458 325 625 0 0 0 733 0 0 214 0 0 0 0 214 0 0 100 100 1000 0 0 600 566 100 0 0 0 0 0 600 1000 500 0 50 0 0 0 0 0 0 0 0 0 750 450 0 466 1000 400 311 0 400 300 311 0 550 300 0 33 600 650 433 775 433 0 100 0 767 449 0 399 400 500 200 300
#AFCB 2015-12-05
-71 0 0 0 0 0 0 0 900 250 -10 625 0 -83 0 0 0 214 0 -500 -500 0 0 0 0 0 -366 0 0 0 437 -100 -71 0 49 0 261 -200 0 625 -166 0 400 -71 500 49 0 49 0 0 300 0 0 0 500 0 0 0 300 650 -71 0 500 0 0 312 0 0 0 0 500 312 1000 0 0 0 0 200 800 0 0 0 433 -125 400 0 400 144 0 0 355 0 0 0 312 0 0 -1000 0 62
214 0 0 0 0 0 50 0 900 200 516 1000 0 216 0 0 0 428 0 900 900 0 0 0 0 0 633 0 0 0 577 300 214 0 450 0 678 200 0 500 333 0 400 214 500 450 0 450 0 0 400 0 0 0 900 0 0 0 400 819 214 0 900 0 0 333 100 100 0 0 400 333 750 0 0 0 0 200 750 100 0 0 466 200 400 0 400 486 0 0 545 0 0 0 333 0 0 1000 0 450
#AFC 2015-12-05
0 0 0 700 400 400 0 0 -12 0 0 0 366 0 0 0 0 0 0 0 0 0 0 200 -1000 0 -158 500 -349 -349 -291 -349 137 900 0 0 0 0 -75 1000 0 0 -333 0 0 0 250 0 0 -750 0 0 68 200 0 200 566 285 0 0 -166 183 -400 0 0 0 0 800 0 -166 200 200 0 0 -155 0 400 400 -155 0 0 1000 -97 -12 1000 1000 1000 1000 0 1000 1000 1000 1000 1000 0 0 0 -300 -100 475
0 0 0 600 800 800 0 0 0 0 0 0 233 0 0 0 400 0 0 0 0 0 0 300 1000 0 566 900 395 395 541 395 587 1000 0 0 0 0 566 400 0 400 666 0 100 0 200 0 0 1000 0 0 227 200 0 500 533 535 0 0 466 483 400 100 0 0 0 900 0 466 450 200 0 0 288 1000 800 800 288 0 0 300 187 0 300 300 300 300 0 300 300 300 300 300 0 1000 0 600 400 350
#SAFC 2015-12-05
0 400 400 400 357 0 400 400 400 214 400 800 0 400 375 0 0 0 0 0 0 -181 400 566 0 250 250 500 0 0 285 -100 443 250 -50 -250 0 0 0 443 0 0 443 0 437 500 0 0 600 632 0 443 443 125 0 800 0 400 399 66 -200 0 0 0 0 0 0 0 0 0 0 -166 0 150 66 0 0 0 0 0 0 -500 0 500 0 0 0 0 200 0 0 -250 0 0 0 125 0 234 200 250
0 378 378 378 535 0 378 378 1000 392 378 1000 0 250 500 125 0 100 0 0 0 577 500 533 0 200 200 1000 0 0 535 400 702 850 400 250 0 0 0 702 100 0 702 0 625 400 0 100 600 746 0 702 702 625 0 750 100 400 466 122 100 0 0 0 0 0 0 0 500 357 0 333 0 200 293 0 0 0 0 0 0 700 0 300 0 0 0 633 100 0 0 250 0 0 0 166 0 477 300 850
#MUFC 2015-12-05
0 100 625 0 0 0 -666 400 400 0 500 250 250 0 0 0 0 0 500 0 256 0 0 1000 0 0 0 0 -490 250 250 0 0 400 0 0 0 0 400 800 125 625 0 121 828 0 800 0 -75 0 591 900 0 0 200 0 200 200 200 200 50 -195 0 0 0 -75 0 0 1000 0 433 0 0 250 0 0 500 600 400 0 0 43 0 0 0 350 0 0 150 700 0 375 0 0 -155 0 50 0 266 0
0 700 500 0 0 0 866 800 800 0 212 500 800 0 0 0 0 0 1000 0 751 0 0 300 0 1000 0 0 880 800 800 0 100 375 1000 0 0 0 800 1000 466 900 66 222 600 1000 750 0 449 0 608 1000 0 0 200 0 200 200 200 200 150 250 0 0 0 366 125 0 400 0 444 500 633 800 0 0 900 700 800 0 66 427 0 0 0 550 0 0 400 600 0 700 0 0 288 0 150 0 266 0
#WHUFC 2015-12-05
-666 -71 250 0 0 0 242 300 0 -300 600 -71 0 250 250 250 0 400 250 68 0 1000 350 300 1000 1000 1000 1000 1000 1000 1000 1000 0 1000 1000 500 1000 1000 0 0 68 0 0 0 0 0 0 0 0 0 0 0 425 1000 300 0 0 400 0 0 500 0 400 0 1000 0 -75 0 0 68 71 500 0 -166 500 500 0 0 157 0 500 500 100 0 0 0 0 0 0 900 0 250 800 0 0 1000 0 750 0 0
866 214 800 500 0 0 548 550 500 400 1000 214 0 800 550 350 0 500 200 768 0 600 300 333 300 300 300 300 300 300 300 300 0 300 300 500 300 300 0 0 277 0 0 0 0 0 0 0 0 0 0 0 616 600 350 0 0 400 0 0 900 0 400 0 300 600 200 0 0 277 133 900 0 333 500 500 0 0 420 0 500 500 200 0 0 0 66 0 0 1000 66 250 750 66 0 600 0 400 0 0
#SaintsFC 2015-12-05
0 0 0 0 -200 500 0 454 0 250 0 -200 -155 0 500 0 -155 0 -200 0 -156 200 0 125 0 0 -200 0 0 -500 0 -200 0 0 0 0 0 250 0 516 683 0 0 0 266 0 0 0 -150 0 0 0 250 0 500 0 0 0 0 120 250 0 0 0 166 75 500 250 100 -500 0 800 0 200 0 0 0 0 0 0 0 136 0 0 0 0 -200 0 227 0 -166 250 0 -50 0 0 0 -400 0 0
0 0 0 0 200 500 0 845 0 333 0 200 288 0 1000 0 288 0 200 0 1000 200 0 312 0 0 200 0 100 483 0 200 0 0 0 0 0 200 0 666 666 0 0 0 605 0 0 0 250 0 0 0 333 950 850 0 0 0 0 670 500 0 0 0 272 350 750 950 300 600 0 900 0 200 0 0 66 0 0 66 0 454 0 0 0 0 233 0 545 0 333 250 0 466 0 0 0 400 0 0
#AVFC 2015-12-05
-400 0 0 68 400 125 400 400 0 0 0 -800 125 800 0 -200 0 0 0 0 0 -71 50 0 0 200 0 850 109 0 23 0 0 0 0 475 0 -200 0 0 0 0 0 0 -400 0 0 0 0 300 200 0 0 0 0 -700 50 200 0 136 -400 0 -600 -400 0 0 0 0 0 0 136 0 0 500 160 0 0 0 225 -100 0 0 -100 0 -350 100 -500 -77 0 700 0 0 -75 0 0 -133 0 0 -100 0
400 0 0 260 500 500 800 800 0 0 0 900 250 900 0 1000 1000 0 100 0 0 214 350 0 0 300 0 1000 430 0 451 0 0 0 0 603 0 250 0 0 0 0 0 0 400 0 0 0 0 200 300 0 0 0 0 800 350 300 0 454 400 0 700 400 0 0 0 0 0 0 454 0 0 500 539 0 0 0 325 400 0 125 0 0 600 383 1000 394 0 600 0 0 825 0 0 600 0 0 600 0
#Swans 2015-12-05
0 -33 0 250 0 0 0 -33 -33 416 -200 136 -1000 0 0 0 150 0 0 0 285 -1000 0 300 300 0 200 1000 300 0 0 0 0 0 150 0 0 0 284 0 0 0 0 800 150 500 -12 333 -99 400 1000 900 333 0 -400 -549 136 0 0 800 0 -99 0 0 0 400 0 0 -83 750 -625 0 -166 0 600 0 0 65 0 0 200 50 0 0 700 136 0 0 0 0 400 -600 0 0 350 200 227 600 0 0
0 266 0 1000 0 0 0 266 266 500 100 454 1000 0 0 0 450 0 0 1000 535 1000 0 450 450 0 300 1000 500 0 0 0 200 200 450 100 0 200 513 0 200 0 0 900 450 650 575 433 399 800 1000 900 433 0 400 633 454 0 0 900 0 399 0 0 100 800 0 0 33 750 1000 0 333 500 900 0 100 323 0 0 400 200 0 0 700 500 0 0 0 0 1000 700 0 0 100 700 545 900 0 0
#LCFC 2015-12-05
0 0 322 500 75 0 500 0 650 0 -249 0 1000 75 0 0 0 416 0 0 875 0 354 0 500 0 500 0 200 0 200 0 0 0 -300 1000 1000 0 1000 1000 1000 1000 1000 1000 1000 1000 -388 1000 1000 0 0 0 0 0 0 100 875 0 250 0 0 0 500 909 0 0 466 900 0 0 0 125 200 0 1000 0 0 0 0 0 0 250 0 1000 625 -150 245 -262 0 0 0 -400 700 0 554 0 400 0 0 400
0 500 344 600 250 0 875 0 800 0 150 66 750 250 0 0 0 500 66 0 600 0 480 0 500 0 750 0 500 0 500 0 0 0 562 300 300 0 300 300 300 300 300 300 300 300 833 300 300 0 0 0 0 0 0 250 600 0 283 0 0 0 500 780 0 0 233 900 0 0 0 100 400 0 1000 0 0 0 0 0 0 333 0 300 500 700 651 452 0 0 0 400 600 0 640 0 500 0 0 500
#WatfordFC 2015-12-05
0 0 -71 -71 0 0 166 0 0 125 250 0 0 0 0 375 -500 -300 0 0 166 0 250 -250 0 -400 0 0 700 0 0 800 250 0 0 0 600 0 0 -166 -100 0 0 136 0 -75 0 -400 -131 -131 0 0 0 0 -100 0 0 0 -53 0 0 250 0 0 0 500 0 0 250 0 500 500 -71 0 136 0 0 0 0 500 0 0 0 0 0 199 0 136 300 500 0 0 0 0 0 0 0 0 -388 0
0 0 214 214 333 0 250 0 0 187 200 66 0 0 0 100 700 600 0 0 500 0 750 900 0 400 0 0 600 0 0 400 333 0 0 0 1000 0 0 333 200 0 533 454 0 50 0 700 427 427 0 0 0 0 200 0 450 0 792 500 0 333 0 0 0 900 0 0 750 0 500 500 214 0 454 0 0 0 0 900 0 0 0 0 0 500 0 454 900 800 0 0 1000 0 533 0 0 0 833 0
#ncfc 2015-12-05
0 0 0 0 350 0 125 0 -300 0 0 0 0 250 0 118 1000 700 700 800 1000 1000 0 1000 1000 1000 1000 1000 1000 1000 0 1000 1000 0 0 0 0 -312 200 625 0 0 0 0 0 0 -375 -50 0 100 0 -400 0 250 0 -187 800 500 0 0 0 233 -333 0 500 0 0 208 0 -400 0 0 0 0 -562 0 0 233 -375 -400 0 0 0 49 -133 0 0 0 -71 0 136 -24 0 -75 0 600 -181 0 0 0
0 0 0 0 650 0 750 0 600 0 0 0 0 333 0 427 300 600 600 750 300 300 0 300 300 300 300 300 300 300 0 300 300 0 0 0 0 687 450 900 0 0 0 0 0 0 400 100 0 200 0 400 0 333 0 1000 400 500 0 0 0 566 1000 0 1000 0 0 250 0 400 0 0 0 0 687 0 0 255 575 400 0 0 0 288 633 0 0 0 214 500 454 575 0 50 0 900 427 0 0 0
#WBA 2015-12-05
-71 500 0 0 0 -71 0 0 0 0 0 -400 333 1000 1000 1000 -75 1000 171 1000 1000 1000 1000 1000 1000 1000 -100 1000 0 0 0 900 350 0 0 550 550 -200 0 0 0 0 562 0 541 350 0 0 550 550 550 249 187 260 -125 0 0 0 0 0 0 0 0 -50 166 166 800 0 275 800 333 0 -200 0 0 0 0 333 -71 -166 800 0 0 0 0 475 0 425 357 0 800 0 357 0 0 357 357 357 357 357
214 500 0 100 0 214 0 0 0 0 0 400 666 300 300 300 366 300 357 300 300 300 300 300 300 300 450 300 0 66 66 1000 550 0 0 500 500 250 0 0 0 0 750 0 733 550 0 0 500 500 500 350 791 260 366 0 0 0 0 0 0 0 0 400 333 333 750 0 825 400 666 100 250 0 0 0 0 666 214 562 700 0 0 0 0 400 0 575 571 0 750 0 571 0 0 571 571 571 571 571
#COYS 2015-12-05
437 308 0 0 0 250 800 400 0 0 0 0 0 400 0 500 0 800 0 -100 0 0 0 0 0 0 0 -16 0 233 800 500 0 0 -400 350 0 0 250 700 200 0 0 0 0 700 458 -100 100 545 0 0 375 300 250 215 375 -400 0 0 170 250 700 -12 350 0 -200 0 546 200 400 -71 535 375 -155 224 170 -250 0 -400 500 0 0 0 0 0 1000 0 0 0 0 -150 0 316 136 0 -291 1000 0 0
650 719 0 0 66 333 775 400 0 0 0 0 0 1000 0 600 0 725 0 350 300 0 0 0 0 0 0 708 0 349 750 400 0 0 400 350 0 0 333 800 200 0 0 0 0 600 500 700 300 558 0 0 612 1000 250 486 750 400 0 0 500 200 600 0 550 0 800 0 550 100 400 345 727 1000 288 475 500 1000 0 400 900 0 0 0 0 0 300 0 0 0 0 700 0 577 454 0 541 1000 0 0
#SCFC 2015-12-05
400 0 0 0 0 0 0 0 1000 1000 1000 1000 366 1000 1000 1000 1000 1000 1000 1000 1000 0 0 100 -50 0 0 125 250 0 0 0 0 566 0 0 100 0 600 0 0 0 0 66 0 0 -100 -100 0 100 100 1000 0 0 -100 400 400 0 300 -100 0 0 600 0 400 0 0 0 0 0 400 400 0 400 0 0 400 0 0 400 177 0 227 0 800 -100 0 0 0 0 227 136 0 0 125 0 0 0 0 0
500 0 0 0 0 0 0 0 300 300 300 300 533 300 300 300 300 300 300 300 300 0 0 150 400 0 0 200 250 0 100 0 0 666 0 0 200 0 900 0 0 0 0 300 0 0 550 550 0 88 200 300 0 0 550 1000 1000 0 700 550 0 0 900 0 1000 0 0 1000 0 0 1000 1000 0 1000 0 100 1000 0 0 1000 700 0 545 0 400 50 0 0 0 0 545 500 0 0 400 0 1000 0 0 0
#MCFC 2015-12-05
300 0 0 100 400 400 500 0 0 0 0 1000 -300 0 136 0 0 0 0 168 136 468 -133 -71 0 0 625 0 0 0 0 0 200 0 0 136 790 700 0 0 0 -231 1000 0 0 0 -200 600 350 -400 0 350 200 0 199 0 500 400 0 0 68 0 357 0 0 0 0 400 400 250 -699 500 0 900 0 1000 99 200 1000 1000 1000 0 1000 0 1000 1000 1000 1000 1000 0 200 1000 1000 0 0 1000 0 0 0 0
700 0 0 150 800 800 750 0 0 0 0 1000 350 0 454 0 0 0 0 477 454 727 155 214 0 0 900 0 0 0 0 0 500 0 0 454 700 1000 0 0 100 577 300 0 0 0 600 775 350 400 0 300 500 0 933 0 500 500 0 0 227 0 535 0 0 0 125 800 800 333 666 500 0 400 0 300 750 300 300 300 300 0 300 0 300 300 300 300 300 0 400 300 300 0 0 300 0 0 0 0
#LFC 2015-11-29
0 0 0 0 0 500 333 0 0 187 0 0 0 0 0 0 0 49 49 0 0 0 55 0 -75 0 750 0 0 0 0 600 200 0 600 300 0 0 850 0 0 0 0 0 125 0 0 0 0 0 0 0 500 0 -333 0 450 800 0 400 -125 500 0 136 0 0 0 0 0 -333 0 200 0 0 0 0 0 0 0 0 400 0 0 0 0 0 125 0 650 0 0 -250 0 0 -333 0 350 0 0 0
0 1000 0 0 500 550 666 750 0 333 0 125 0 0 0 0 1000 387 387 0 100 0 716 0 325 0 950 0 0 0 0 575 200 1000 1000 360 500 0 1000 125 0 125 0 0 166 0 0 0 125 0 0 0 833 0 666 250 650 575 0 375 375 400 0 454 0 0 0 0 0 666 0 300 0 0 0 0 0 0 0 0 533 0 0 0 0 0 166 0 800 0 0 350 0 0 666 0 550 0 0 0
#Swans 2015-11-29
0 0 0 850 0 166 0 0 0 0 0 81 500 -71 400 0 0 787 0 0 500 -181 0 800 800 0 0 433 0 250 0 350 0 -107 0 0 0 0 350 0 -166 0 200 544 0 0 0 0 0 100 0 0 100 0 0 -208 -100 0 0 0 0 -107 400 0 0 0 350 0 350 250 0 350 -399 0 357 350 -25 0 350 0 350 0 0 175 0 0 0 0 0 0 0 350 350 1000 0 0 350 350 -300 0
0 1000 1000 1000 0 375 1000 0 0 0 0 762 833 214 375 0 0 900 0 0 500 583 0 400 900 0 0 733 0 500 0 550 0 767 0 0 0 0 550 100 333 0 300 644 0 125 0 0 100 400 100 100 300 0 0 166 200 0 0 0 0 767 500 100 0 0 550 0 550 500 0 550 588 0 571 550 575 0 550 0 550 0 0 337 0 0 0 0 0 0 0 550 550 1000 0 0 550 550 588 0
#ncfc 2015-11-29
0 0 -400 0 0 0 0 200 0 0 600 -200 500 0 -400 0 0 -400 0 0 1000 -106 400 0 100 0 140 0 -321 200 0 0 500 500 0 0 0 625 136 125 678 0 -600 -66 0 100 0 -71 200 0 316 -200 0 100 433 0 800 100 0 49 -166 750 0 250 0 700 0 0 0 0 500 136 -83 0 0 0 0 500 0 0 0 799 0 -333 0 0 0 0 0 0 0 136 0 0 400 136 0 136 0 224
0 0 400 0 175 0 0 200 400 0 900 387 183 0 400 250 250 400 0 0 300 293 1000 100 100 0 219 0 785 400 0 0 500 500 0 0 0 500 500 500 435 0 900 99 0 400 0 214 500 0 577 100 0 900 733 0 750 900 0 650 433 950 0 200 0 600 0 0 0 0 500 454 266 0 0 0 0 833 0 0 0 650 0 1000 0 0 0 0 0 0 0 500 0 0 700 454 0 500 0 475
#AFC 2015-11-29
0 0 0 625 400 400 1000 800 0 0 700 0 0 0 600 -33 0 200 0 0 0 0 -5 0 0 -166 0 1000 -500 0 0 0 600 0 0 -200 0 61 0 0 500 316 0 559 500 0 0 0 -166 -166 0 0 -166 0 0 0 -400 0 400 0 0 0 0 0 136 800 -200 0 -700 500 0 0 0 -208 136 -699 800 0 250 100 400 0 0 0 0 100 0 300 0 0 125 0 0 0 0 0 0 600 0 70
0 0 0 600 800 800 300 900 0 0 900 0 0 0 700 519 0 450 0 0 0 0 305 0 0 433 0 1000 500 0 0 0 950 0 0 387 0 395 0 0 500 716 0 516 500 0 250 0 66 66 0 0 66 0 250 0 400 250 800 0 0 0 0 0 454 900 100 0 200 500 0 0 0 433 454 666 400 0 200 383 800 0 0 0 0 950 0 500 0 0 425 0 0 0 0 0 0 900 0 639
#WHUFC 2015-11-29
625 -116 -155 0 0 -83 0 500 500 500 600 0 0 250 0 250 0 213 0 0 400 0 0 362 -600 -155 -100 -600 0 0 -50 0 600 0 0 1000 -155 400 -400 0 0 0 0 0 0 -131 0 -166 0 0 1000 0 0 0 0 0 875 -250 0 0 0 0 136 0 0 -71 273 285 0 600 0 0 0 0 -100 600 0 136 136 136 0 354 -25 0 0 0 0 0 0 100 1000 136 -400 500 0 -100 0 375 0 700
1000 833 288 0 0 216 0 500 500 500 600 0 0 333 0 200 0 454 0 0 500 0 0 400 900 288 75 1000 0 0 50 0 900 0 0 300 288 450 400 0 0 100 0 0 0 427 0 333 0 0 300 0 0 0 0 0 600 500 0 0 0 0 454 0 0 214 325 535 0 900 0 0 0 0 1000 900 0 500 500 500 0 516 156 0 0 0 0 0 1000 100 300 500 400 500 0 1000 0 487 0 600
#WBA 2015-11-29
136 0 0 0 0 600 500 0 0 0 0 0 0 0 0 150 0 0 0 0 0 0 500 500 0 1000 0 378 -404 0 -400 0 0 357 0 0 0 0 0 275 0 0 -400 -55 0 0 250 600 -71 0 0 0 0 0 0 -25 0 0 0 0 0 433 22 285 0 0 0 0 0 0 0 0 850 166 1000 333 500 0 249 0 -166 500 0 0 0 0 136 800 0 0 -83 250 0 0 0 0 0 0 0 0
500 0 0 0 0 1000 500 0 0 0 0 0 0 0 0 50 0 0 0 0 0 400 500 500 0 600 0 251 583 0 400 0 0 571 0 0 0 0 0 568 0 0 600 355 0 0 250 900 214 0 0 0 0 0 0 200 0 0 0 0 0 750 414 535 0 0 0 0 0 0 0 0 450 166 300 666 500 0 500 500 433 900 0 0 0 0 454 400 0 0 116 500 0 0 0 0 0 0 0 100
#COYS 2015-11-29
0 0 200 200 -87 800 -349 136 800 0 0 400 800 750 416 0 200 -327 900 0 1000 0 200 0 540 0 -133 50 0 0 0 -400 0 450 1000 0 187 500 0 60 700 0 0 1000 250 0 0 -155 500 650 500 0 700 0 60 -780 500 0 0 900 750 0 0 0 1000 0 0 225 266 250 200 399 0 -600 0 0 0 200 0 0 215 800 800 0 0 600 -750 0 625 0 750 0 0 0 0 0 0 500 0 400
0 0 200 200 451 400 383 500 750 0 0 233 400 1000 666 0 200 344 875 0 1000 0 600 0 480 1000 744 500 0 0 0 400 0 894 300 100 375 600 0 700 600 0 0 300 500 1000 0 288 1000 816 1000 0 600 0 700 909 600 0 0 1000 950 0 0 0 300 0 0 750 433 500 200 422 0 800 0 0 357 200 0 0 381 400 400 0 0 950 1000 0 500 0 650 0 0 0 0 0 0 625 0 700
#CFC 2015-11-29
216 -100 0 16 0 200 0 0 0 400 400 0 0 0 0 0 0 200 0 -200 0 0 0 214 214 0 -400 0 0 0 -400 0 433 0 800 0 0 0 237 0 82 0 0 0 0 800 0 0 -333 0 0 0 0 0 0 0 0 0 850 0 0 0 0 433 0 0 433 183 0 0 0 0 0 0 0 0 0 66 0 0 0 200 0 0 0 -400 200 500 0 300 0 156 225 500 0 0 0 500 0 0
966 400 125 366 0 200 0 0 0 800 800 0 0 0 0 0 0 200 0 100 0 0 0 428 428 0 400 0 0 0 400 0 833 0 400 0 125 0 500 0 726 100 0 0 0 400 0 0 466 0 0 0 0 0 0 0 0 0 650 0 0 0 200 833 0 0 833 550 0 0 0 0 0 0 0 0 0 722 0 0 0 200 0 0 0 400 100 500 0 650 0 462 375 500 0 0 0 1000 0 0
#LCFC 2015-11-28
0 0 150 0 16 0 500 0 0 0 -16 0 0 0 83 0 375 0 0 -155 0 500 700 0 0 625 0 122 166 800 -70 500 0 250 -155 155 -155 237 766 0 500 0 0 0 0 -293 589 500 -1000 231 250 -500 375 0 136 142 150 0 93 0 1000 0 200 0 0 0 0 0 1000 900 0 500 199 781 0 450 -200 0 0 0 0 0 -300 0 250 125 0 250 -71 500 0 0 1000 0 0 1000 0 0 0 0
0 0 563 0 583 0 500 0 0 0 141 0 0 0 466 0 100 0 0 288 0 500 350 0 66 500 0 511 500 400 330 1000 0 250 288 355 288 462 766 0 537 0 0 0 0 450 750 500 1000 677 333 400 750 0 500 267 150 0 493 0 1000 0 450 0 0 0 0 0 1000 850 100 500 716 500 0 850 200 0 0 100 0 0 550 0 416 666 0 250 214 700 0 0 1000 0 0 1000 0 0 0 0
#MUFC 2015-11-28
0 333 0 200 0 0 0 0 100 400 400 400 400 -62 0 0 0 0 425 0 100 100 11 500 0 0 0 0 0 0 300 -100 0 0 0 0 -175 0 0 0 0 0 0 0 0 0 0 220 -223 0 700 312 400 500 0 0 99 500 0 -500 0 1000 0 0 1000 0 0 0 1000 0 0 0 -262 0 -25 0 0 500 0 166 0 0 0 -100 400 428 350 49 0 136 0 0 0 0 0 -300 500 0 1000 0
0 333 0 366 650 0 0 0 300 800 800 800 800 437 0 0 0 0 625 0 350 600 911 500 0 0 0 0 0 0 450 650 0 0 0 0 462 0 0 0 0 0 0 0 0 0 500 500 415 0 600 500 800 833 0 0 433 833 125 900 0 400 100 650 900 0 0 0 300 600 0 0 387 0 324 0 0 500 0 666 0 0 0 200 800 683 494 550 0 454 0 0 0 0 0 825 500 0 600 0
#AVFC 2015-11-28
225 -125 533 400 400 100 -71 125 100 0 -500 0 -291 0 0 0 -155 125 170 244 0 0 266 100 0 183 700 0 0 0 0 366 0 0 0 350 0 60 0 0 0 -52 0 0 -42 0 500 0 225 800 -500 -333 0 0 0 650 500 290 0 200 -625 0 0 600 0 0 0 0 800 375 500 300 125 0 285 0 125 0 0 0 250 136 500 285 -400 -1000 -200 350 0 0 450 100 0 0 0 160 0 250 0 -750
588 250 549 800 800 500 214 450 183 0 900 0 541 0 0 0 288 450 526 477 0 0 466 400 0 666 600 0 0 0 0 500 0 0 0 950 0 876 0 0 0 319 0 0 717 0 600 0 425 750 900 666 357 0 0 650 600 449 0 1000 400 0 566 900 0 0 0 0 900 750 1000 766 450 0 535 0 450 0 0 0 250 454 900 535 400 800 800 950 0 0 950 700 0 0 0 539 0 283 0 1000
#WatfordFC 2015-11-28
800 0 -71 -150 0 0 0 500 0 0 0 0 250 100 0 300 -55 333 0 1000 -400 0 0 -133 -400 100 0 100 -200 0 0 0 600 -625 700 166 800 0 0 0 250 0 0 -166 500 0 800 250 0 224 0 136 0 1000 0 0 0 -208 0 0 600 0 0 -187 300 -100 0 0 0 -208 0 0 250 0 0 -400 0 800 0 300 0 0 250 0 0 0 0 0 0 0 0 -71 0 0 0 25 0 0 50 0
900 0 214 425 0 0 0 500 0 0 0 0 200 700 0 900 188 666 50 300 400 50 0 477 400 400 0 300 250 100 100 100 700 400 600 333 750 0 0 0 250 0 0 333 888 0 900 450 66 216 0 454 0 950 0 0 0 433 0 0 900 0 0 433 500 300 0 100 0 433 0 0 250 0 0 400 0 750 100 750 0 0 250 750 0 0 0 0 0 0 0 214 0 0 0 250 0 0 650 0
#AFCB 2015-11-28
-71 0 -300 0 0 0 125 250 750 0 136 68 400 100 0 0 0 0 700 250 0 128 600 337 0 0 350 -400 445 136 0 0 100 0 -150 -150 633 333 -150 0 500 700 0 -125 -166 0 0 0 0 150 -71 1000 0 350 0 150 0 0 0 500 -71 400 200 0 0 0 0 400 0 -187 0 200 0 0 0 0 0 233 0 1000 0 400 -88 500 0 0 -71 0 0 0 68 0 616 500 312 375 0 1000 1000 -50
214 0 400 0 0 0 750 200 825 125 454 477 800 300 125 125 125 0 600 1000 0 595 900 562 125 0 550 400 701 454 0 0 1000 0 350 350 733 762 350 0 500 600 0 494 333 0 0 1000 0 750 214 800 0 550 0 250 0 0 0 1000 214 500 600 0 0 0 0 900 0 500 0 325 0 0 0 0 0 388 0 1000 0 400 877 900 400 0 214 0 0 0 227 0 966 625 333 500 0 1000 1000 1000
#EFC 2015-11-28
0 0 136 0 156 -71 0 168 0 -83 0 100 125 125 0 136 136 136 0 400 0 450 0 0 0 0 0 0 500 -400 -187 800 0 136 200 0 0 0 600 0 0 0 75 350 233 1000 -150 0 700 433 0 -200 500 0 500 500 250 500 500 0 0 0 0 333 0 0 0 100 100 500 0 0 0 0 0 100 0 0 0 700 0 0 0 500 150 0 0 -71 0 750 0 0 0 0 0 0 0 800 0 0
0 0 454 0 500 214 0 277 66 533 125 900 166 166 0 454 454 454 0 800 0 750 0 0 0 0 0 0 500 600 500 750 0 454 825 100 0 0 900 0 100 0 366 550 200 1000 399 0 600 566 0 50 1000 0 1000 1000 150 500 500 0 0 0 0 766 0 100 0 400 200 500 0 0 0 0 0 400 0 0 100 700 0 0 125 500 750 500 0 214 0 900 100 100 0 100 100 100 50 1000 100 50
#CPFC 2015-11-28
0 -71 0 0 0 433 0 0 0 250 0 136 0 0 0 0 0 -500 1000 600 250 250 250 0 350 200 0 1000 0 -375 0 0 0 0 0 293 -312 378 250 0 0 -8 787 136 1000 200 136 136 136 1000 0 0 0 -166 0 0 -8 800 -71 0 0 0 468 0 -245 600 -400 200 0 -75 0 -71 0 500 0 0 0 0 318 110 0 49 0 -166 0 0 -625 0 133 -76 350 800 0 0 0 625 700 0 0 800
0 214 0 0 0 608 0 0 0 200 0 454 0 0 0 0 0 500 1000 800 200 200 200 0 550 575 0 1000 0 525 0 0 0 0 0 500 625 251 250 0 0 216 700 454 1000 200 454 454 454 1000 0 0 0 333 0 0 216 400 214 0 0 0 727 0 833 800 400 300 0 250 0 214 0 500 0 0 0 0 527 600 0 450 0 433 0 0 1000 0 355 269 550 400 0 0 0 600 600 0 0 400
#NUFC 2015-11-28
0 0 400 400 -250 58 625 0 0 0 500 0 -175 136 -250 0 -155 0 0 -1000 900 0 0 500 -150 0 0 0 0 0 -100 3 -500 0 -61 -25 700 700 -11 500 0 0 700 -400 0 250 0 0 0 780 400 400 0 0 0 0 24 325 0 0 100 -138 0 0 50 136 136 46 0 366 0 0 -400 0 0 0 0 104 104 0 0 50 375 333 500 375 333 0 0 0 166 -50 0 0 0 214 0 0 0 400
0 0 800 800 550 733 750 0 0 0 500 0 550 454 500 0 288 0 0 1000 1000 100 0 400 537 0 0 0 0 0 600 351 1000 250 369 625 600 600 226 500 0 0 600 400 0 750 0 0 0 1000 800 800 100 750 0 0 414 687 0 0 200 719 66 0 350 500 500 416 0 633 0 550 700 0 0 0 0 325 325 0 0 350 500 666 500 500 500 0 0 0 500 0 66 0 0 571 0 0 66 800
#MCFC 2015-11-28
0 0 0 0 400 0 0 0 400 400 0 0 0 136 350 0 0 0 0 -68 -400 0 200 0 0 0 0 800 0 -71 0 0 200 0 500 0 -800 0 0 0 0 39 125 1000 166 600 0 0 0 0 200 -400 175 0 0 350 250 466 100 0 0 0 0 250 200 250 250 0 500 136 -150 650 0 0 99 -200 0 267 -133 0 400 0 0 -65 625 -125 0 0 200 416 0 0 200 -500 500 400 0 0 0 250
0 1000 0 0 400 0 0 0 800 800 0 0 0 454 500 0 0 0 0 425 400 0 500 0 0 0 0 700 0 214 0 0 500 0 500 0 900 0 0 0 0 539 166 400 333 1000 0 0 0 0 500 400 616 0 0 650 250 663 900 550 0 50 0 750 500 1000 1000 0 500 454 700 600 0 0 799 600 0 571 133 0 800 0 0 313 900 375 0 0 500 833 0 0 500 875 600 900 0 0 125 750
#SaintsFC 2015-11-28
0 -400 -300 0 0 0 0 0 -300 -300 0 -274 99 1000 250 -175 0 1000 0 166 500 0 0 350 393 0 350 393 0 333 -125 750 243 -71 393 0 0 393 0 0 393 0 0 0 133 -50 333 -166 125 200 333 0 0 0 0 0 -650 178 0 -200 0 0 0 0 -500 -50 375 -50 0 0 0 0 0 0 0 0 0 0 0 136 0 0 0 0 -50 0 0 0 -250 0 0 0 0 0 0 0 0 0 0 0
0 400 825 0 0 0 0 0 825 825 0 316 366 750 200 306 0 300 500 233 500 0 0 550 500 0 550 500 100 666 666 950 416 214 500 0 0 500 0 0 500 0 0 0 500 400 333 333 500 900 333 0 0 83 0 0 909 267 0 200 0 0 0 0 900 400 650 400 0 0 100 0 0 0 1000 0 0 0 0 454 100 100 100 0 400 100 0 0 850 0 0 100 0 0 0 100 0 0 0 0
#SAFC 2015-11-28
0 600 -33 800 0 0 0 0 -100 700 183 -55 250 250 136 136 -400 0 0 477 104 104 0 0 0 500 -50 -350 700 -71 0 0 0 0 266 -400 333 100 -400 0 250 0 -400 0 200 -400 0 174 300 0 0 500 0 0 -400 0 0 0 -400 0 550 -166 400 0 0 0 210 0 0 0 350 0 125 0 100 0 0 0 300 0 -125 300 0 316 0 0 -1000 0 0 0 500 500 500 0 0 500 500 500 500 -50
0 166 233 400 0 0 0 0 600 600 383 166 200 283 500 500 700 0 0 411 325 325 0 0 0 900 0 466 700 214 0 0 0 0 533 400 666 1000 400 0 200 1000 400 62 400 400 0 613 200 0 0 700 0 0 400 0 0 0 400 0 850 333 617 0 0 0 552 0 0 0 350 0 672 0 733 0 0 0 200 0 375 0 0 430 0 0 1000 0 100 0 900 900 900 0 0 500 500 500 500 150
#SCFC 2015-11-28
0 50 0 500 -343 0 600 0 0 138 260 0 600 0 0 600 600 600 -71 0 0 600 600 0 400 -166 0 200 -166 -166 -166 0 650 0 0 214 1000 250 625 210 0 0 0 0 0 -500 0 0 300 1000 100 266 0 0 125 0 125 500 500 500 0 0 0 0 0 0 0 0 0 -400 0 0 400 0 0 0 0 0 0 0 0 0 0 0 -50 0 0 200 0 0 250 0 0 0 214 -343 0 0 0 0
533 350 0 600 750 0 1000 0 0 475 728 0 800 33 0 1000 1000 1000 214 0 0 1000 1000 0 400 433 0 700 433 433 433 0 633 0 0 571 1000 250 750 552 0 0 0 0 0 500 0 0 0 900 300 333 0 0 475 0 475 900 900 900 0 0 0 100 0 100 0 0 0 400 0 0 400 0 750 125 0 0 0 100 125 0 0 0 250 0 0 250 0 100 312 250 0 100 571 750 100 0 500 100
#CPFC 2015-11-23
0 -71 -100 255 1000 0 1000 162 0 0 -250 66 0 0 -188 0 0 0 0 -500 -699 0 0 -400 0 0 0 0 93 200 136 400 250 250 250 0 -71 250 -400 -200 1000 0 800 0 0 1000 0 0 -375 0 600 350 0 0 0 -625 41 -500 400 -47 0 0 50 650 268 100 218 600 0 -166 -150 307 0 0 500 -200 -155 0 0 200 0 500 500 0 250 1000 800 500 0 700 0 513 -500 700 0 350 0 0 -366 1000
0 214 400 496 300 0 1000 658 0 0 274 691 0 0 322 0 100 0 500 900 666 0 0 400 0 0 0 0 377 449 454 500 200 200 200 0 214 300 400 0 300 0 750 0 0 1000 0 0 475 666 1000 650 0 0 0 400 411 400 325 435 0 0 708 450 600 200 600 550 0 333 300 700 0 0 500 300 288 0 0 400 0 500 750 0 533 300 900 500 250 600 500 525 1000 600 0 491 0 0 688 300
#SAFC 2015-11-23
0 -200 -200 0 -131 0 0 -131 49 400 -333 300 68 0 -200 0 0 27 700 -46 0 0 0 -250 0 0 -600 112 -71 100 0 0 0 0 500 0 0 400 525 -400 0 -166 -166 0 -150 0 105 422 625 333 0 -500 266 0 -500 125 0 300 500 500 0 99 0 350 -874 0 500 211 0 0 0 33 16 49 0 100 424 94 0 0 0 300 100 33 0 0 0 -400 -377 -294 150 0 0 0 -1000 -400 0 200 -874 0
0 350 600 0 577 0 500 577 700 500 452 200 277 0 0 0 100 416 600 580 0 0 0 250 0 0 900 883 214 450 0 0 0 0 400 0 500 400 600 400 0 333 66 0 300 0 200 294 500 333 0 1000 285 0 1000 875 0 875 500 600 0 600 0 350 666 0 600 388 125 0 0 466 750 600 0 450 583 433 0 0 0 900 783 622 0 0 0 500 544 544 650 0 0 0 1000 600 0 200 666 0
#COYS 2015-11-22
600 200 150 243 -505 0 700 0 600 0 -505 0 0 533 0 0 0 0 0 200 0 500 136 0 0 200 200 200 0 0 250 780 0 0 0 500 167 0 0 900 0 500 625 0 500 -1000 1000 0 0 350 0 500 0 800 0 49 1000 500 500 675 0 666 500 500 0 0 0 0 600 1000 0 0 -328 0 216 600 0 0 0 136 0 0 0 0 0 -400 0 0 0 0 0 0 0 0 0 375 0 0 0 1000
1000 500 562 897 1000 0 600 100 1000 0 1000 0 0 433 0 0 0 0 0 300 0 600 454 0 0 500 500 200 0 0 300 1000 0 0 0 550 820 0 0 1000 0 500 600 0 500 1000 300 0 0 550 0 1000 0 750 0 700 600 1000 1000 1000 0 916 550 1000 0 0 0 0 1000 1000 0 0 437 0 333 500 0 0 0 500 0 0 0 0 0 400 0 0 0 0 0 0 0 0 0 400 0 0 0 750
#WHUFC 2015-11-22
0 0 100 0 0 0 0 0 0 0 0 350 0 0 0 0 0 0 0 0 0 0 0 0 0 142 0 0 0 500 0 250 0 -200 0 0 -333 136 0 0 700 250 0 -100 -252 0 0 -71 0 67 -254 -500 -75 0 0 93 0 400 300 200 400 0 250 0 0 0 83 0 0 0 136 0 0 -400 0 -166 -400 350 0 650 0 400 433 466 250 187 -16 0 0 375 -400 600 -150 333 0 0 0 400 0 400
1000 0 0 0 0 0 0 0 0 0 0 650 0 0 0 0 0 0 0 0 0 0 0 0 0 267 0 0 0 500 0 200 0 300 900 0 666 454 125 0 950 250 0 450 440 0 0 214 0 176 420 900 366 0 0 50 0 400 533 500 400 0 500 0 0 0 583 0 0 0 454 0 0 400 0 333 400 362 0 350 0 375 733 266 250 437 350 0 0 900 400 1000 200 666 0 0 1000 250 100 400
#MCFC 2015-11-21
400 500 68 400 400 0 0 0 625 0 0 400 136 0 0 0 83 1000 0 0 600 0 0 0 0 0 -212 0 300 400 0 0 400 0 0 0 0 0 156 0 0 0 0 0 -150 0 0 104 124 0 0 500 0 500 520 520 0 156 0 0 0 0 400 700 1000 -300 0 0 0 0 0 0 0 0 625 0 0 500 -400 200 0 400 0 400 0 400 0 800 -66 0 0 0 650 500 0 0 0 -71 625 0
375 666 227 800 800 0 0 0 900 0 100 450 454 0 0 125 479 400 0 0 950 0 0 0 0 0 600 0 483 800 0 0 500 0 0 100 0 0 416 0 0 0 0 0 400 0 0 166 412 0 0 888 0 1000 500 500 0 1000 0 0 0 0 800 850 1000 600 0 0 0 0 0 0 0 0 500 0 0 500 400 500 0 400 0 400 0 400 0 1000 500 250 0 0 650 1000 0 0 0 214 900 0
#LFC 2015-11-21
400 -300 500 0 68 500 -350 500 49 100 300 0 0 0 0 375 0 0 500 0 400 800 318 0 400 0 600 0 0 0 218 0 125 0 0 0 100 0 0 0 0 387 0 0 0 0 0 550 83 0 -155 0 1000 0 -400 0 0 -625 0 -208 0 -155 -155 -155 -155 -155 625 -200 0 0 0 0 100 0 0 100 0 0 0 0 0 0 0 1000 0 100 -137 200 0 200 100 500 0 0 0 0 -62 136 0 0
375 800 666 0 227 500 600 800 650 50 750 0 0 0 0 416 62 0 850 0 525 750 602 0 500 0 600 0 0 0 602 0 250 0 0 0 50 0 0 0 100 637 0 0 125 1000 0 650 479 0 288 100 400 0 700 0 0 1000 0 666 0 288 288 288 288 288 500 350 0 0 0 0 50 0 0 50 0 0 0 0 0 250 0 1000 0 166 387 400 0 500 50 500 1000 1000 0 0 450 454 0 0
#CFC 2015-11-21
0 0 245 68 0 250 0 400 400 0 0 0 -500 500 0 -71 0 0 0 0 0 -200 400 0 0 0 -250 0 125 0 0 100 0 0 0 0 0 0 0 0 0 0 -214 0 0 0 0 0 0 -316 -316 0 -158 0 0 0 238 158 0 0 0 0 0 216 100 0 0 0 0 0 400 0 0 0 0 0 0 0 0 -155 285 -500 -77 0 450 0 273 0 0 0 0 0 0 0 0 0 0 0 238 0
0 700 618 227 0 300 0 800 800 0 0 0 1000 900 0 214 0 0 0 83 1000 200 525 0 112 0 150 0 797 0 0 400 0 0 0 0 1000 83 0 83 83 1000 610 0 0 125 0 0 0 300 300 0 150 0 0 0 523 441 0 0 0 0 0 300 400 1000 0 0 0 0 700 0 0 0 0 0 0 0 0 288 535 1000 144 0 293 0 358 0 0 0 0 0 0 0 0 0 0 0 523 0
#ncfc 2015-11-21
0 0 0 0 0 0 625 0 -1000 0 137 0 0 -400 0 0 0 0 0 -166 -125 0 0 0 0 0 -200 -400 136 0 0 300 250 750 0 0 0 136 0 450 0 0 0 400 0 -400 0 0 250 500 0 500 0 0 0 0 0 0 0 0 0 0 500 1000 0 0 136 0 0 0 0 500 0 650 0 0 0 0 0 500 0 800 -71 100 0 253 0 0 0 112 1000 350 -12 0 100 500 0 -400 0 0
0 0 0 0 0 0 900 0 1000 0 358 0 0 400 0 0 0 0 100 166 125 0 0 0 0 0 100 600 500 0 0 400 375 550 0 0 0 500 0 550 0 100 400 250 0 400 0 0 750 500 0 750 0 0 0 0 0 0 0 0 0 0 500 750 0 0 454 0 0 0 0 888 0 950 0 0 300 0 0 750 0 750 214 400 0 516 0 0 0 450 300 300 0 0 300 750 0 400 0 0
#EFC 2015-11-21
68 250 41 500 -50 -71 0 0 0 200 550 -250 -250 0 0 250 1000 -83 200 0 -500 -500 500 0 0 0 250 0 0 0 0 0 0 700 0 0 0 0 0 105 0 0 0 0 0 105 0 0 105 0 0 0 125 0 0 1000 0 1000 136 0 0 0 0 0 200 0 0 0 625 100 0 0 0 0 0 0 375 250 0 0 333 0 130 78 0 136 0 600 0 0 500 500 -125 0 0 226 250 0 199 378
227 500 291 600 566 214 0 0 0 100 500 450 450 0 0 312 1000 216 200 0 900 900 150 0 0 0 750 0 0 0 0 0 0 900 0 0 0 0 0 417 0 0 0 0 0 417 0 0 417 0 0 0 166 0 0 300 0 300 454 0 0 0 0 0 200 0 0 0 600 200 100 100 750 0 0 0 625 500 0 0 416 0 470 618 0 454 0 1000 0 0 1000 1000 375 500 0 357 500 0 300 251
#AVFC 2015-11-21
400 400 400 0 550 0 0 0 0 0 0 600 -71 -200 0 0 0 1000 -200 -187 0 -200 0 -200 -150 0 0 0 0 0 -200 -200 -200 -200 0 -200 0 8 0 0 0 0 500 700 100 0 0 0 0 0 0 0 0 0 0 0 0 0 0 -200 -200 -200 -200 100 0 700 -225 0 0 0 0 0 0 208 0 0 500 0 0 0 500 0 0 0 400 0 0 0 0 0 400 0 0 0 0 0 250 175 175 300
400 800 800 0 500 0 0 0 0 0 0 1000 214 400 66 0 0 1000 400 500 0 400 0 400 99 0 0 0 0 0 400 400 400 400 0 400 0 512 0 0 0 0 150 600 400 0 0 0 0 0 0 0 0 0 0 0 0 0 0 400 400 400 400 350 0 900 516 0 0 500 100 0 0 166 0 0 1000 0 0 0 1000 0 0 33 400 0 0 66 0 0 800 0 0 0 0 0 500 275 275 650
#NUFC 2015-11-21
178 400 400 161 -400 500 0 466 0 250 0 100 0 0 400 800 -50 0 550 -250 0 136 250 400 266 0 800 -6 0 0 166 100 -75 0 0 0 0 -400 100 0 -83 142 400 0 100 -200 -250 136 0 0 875 0 0 500 700 700 0 125 1000 200 0 -400 500 500 0 -400 -400 -714 562 0 0 0 0 0 0 312 0 -200 0 650 0 0 0 500 500 0 400 -150 0 136 178 300 50 -207 400 0 136 -312 0 250
335 800 800 726 400 500 0 549 0 333 0 400 0 0 800 400 300 0 750 400 0 454 750 800 399 0 400 306 0 0 333 1000 233 0 0 0 0 400 1000 0 583 517 800 0 1000 200 600 454 0 0 900 0 0 400 600 1000 0 625 300 200 0 400 1000 1000 0 400 400 857 600 0 0 0 0 0 0 333 0 366 0 950 0 0 0 500 500 0 500 700 66 500 428 900 350 601 800 0 500 600 0 362
#LCFC 2015-11-21
0 250 0 0 0 400 0 1000 1000 350 500 250 0 0 -6 -400 0 0 0 500 400 0 0 0 200 0 68 200 0 8 204 400 0 0 0 100 0 -66 0 0 0 0 625 -200 1000 1000 500 449 187 -500 200 400 358 200 0 0 1000 -200 250 0 0 0 400 0 0 -400 170 0 -71 0 0 0 0 0 400 0 250 0 0 0 0 700 0 400 0 600 286 0 0 0 0 0 500 700 0 0 0 0 0 400
0 466 0 0 0 400 0 1000 750 300 833 466 0 0 306 400 0 0 0 500 400 0 0 0 500 0 289 200 0 425 433 400 0 0 0 400 0 166 0 0 0 0 500 700 300 300 500 400 487 400 400 200 399 200 0 0 400 800 625 0 0 0 400 0 1000 400 500 0 214 0 0 0 0 0 400 0 283 0 0 0 0 600 0 400 0 800 355 0 0 0 0 0 500 600 0 0 0 250 0 400
#SaintsFC 2015-11-21
0 300 0 -400 0 0 -400 -400 0 196 500 -133 -400 0 -400 0 0 0 0 0 800 0 350 136 0 250 250 333 0 -272 0 -272 -388 0 -272 0 -272 -388 0 -272 0 0 0 0 0 0 -308 -388 -171 136 0 0 -200 0 1000 -272 -550 1000 -272 909 349 1000 6 99 500 1000 0 0 1000 -272 0 0 1000 0 1000 -272 0 0 -166 245 0 0 0 -71 0 0 0 0 0 0 0 500 0 0 0 0 0 0 0 0
0 500 0 1000 0 0 1000 1000 0 659 500 233 400 100 1000 0 0 0 0 0 1000 0 475 454 0 200 200 716 0 561 0 561 833 0 561 0 561 833 0 561 0 0 0 0 0 0 388 833 566 454 0 0 300 0 400 561 550 400 561 780 666 1000 666 900 500 400 0 0 300 561 0 0 400 130 400 561 0 0 333 579 0 1000 0 214 0 0 0 0 0 0 0 500 0 0 250 0 0 0 0 0
#SCFC 2015-11-21
137 0 187 0 0 600 0 0 0 72 0 625 0 600 0 -388 0 625 0 0 0 -71 0 1000 600 0 0 250 0 0 250 0 0 -56 -500 0 0 0 0 500 142 0 0 0 800 0 -550 0 145 0 295 0 800 0 400 0 0 0 0 0 0 0 416 0 399 0 416 137 399 399 -450 72 0 0 0 333 449 0 0 300 -229 -450 0 0 0 200 0 0 0 200 0 0 0 100 0 0 0 0 0 0
537 0 250 0 1000 1000 100 0 0 218 0 500 0 550 0 833 0 600 0 1000 0 214 0 300 900 0 0 250 0 0 250 0 0 375 1000 0 0 0 0 500 267 0 0 0 1000 0 650 0 513 0 378 0 1000 0 350 0 0 0 0 66 0 0 500 0 366 0 500 537 366 366 700 218 0 0 0 666 450 0 0 0 413 700 0 0 0 200 625 625 0 200 0 0 0 500 0 0 0 0 200 0
#Swans 2015-11-21
150 0 150 0 0 0 0 0 0 0 0 0 0 0 0 175 250 0 -133 136 136 0 800 0 -133 0 227 -125 0 0 -200 233 -500 0 -155 0 0 0 0 0 500 -500 0 250 300 0 0 225 0 0 -400 150 -71 0 0 0 0 150 150 0 0 250 800 -166 0 0 0 0 0 33 0 0 0 625 0 0 800 0 0 0 250 800 0 900 0 0 500 800 800 0 0 0 0 0 175 0 250 250 0 0
100 0 100 0 0 0 0 0 0 0 0 0 0 0 0 300 200 0 175 500 500 750 750 500 399 0 545 375 0 1000 500 533 300 0 288 0 0 0 0 0 500 900 0 500 400 0 1000 550 0 0 400 650 214 100 66 0 1000 650 650 1000 0 250 1000 333 0 0 0 0 0 388 0 0 0 500 0 0 1000 0 0 0 512 1000 0 1000 0 0 800 1000 1000 0 0 0 0 0 300 0 512 250 0 750
#AFCB 2015-11-21
500 -71 175 0 0 250 0 0 0 400 250 750 0 0 -400 500 0 0 0 0 193 -71 750 0 0 0 700 0 -166 0 533 -71 566 0 0 33 100 0 0 0 0 0 0 0 -125 0 163 250 0 0 0 0 0 0 200 800 -699 0 -71 400 258 258 -90 75 200 0 -345 0 0 0 -750 0 500 312 0 0 300 0 -71 0 700 -250 0 641 0 200 -250 285 700 -250 -379 0 0 500 0 -400 0 0 333 50
600 214 366 0 0 444 0 0 0 400 200 675 0 0 400 500 0 0 0 0 744 214 449 0 0 0 900 0 333 0 516 214 866 0 0 388 300 0 0 0 0 400 0 0 225 0 518 375 0 0 0 0 0 0 700 750 666 50 214 500 366 366 494 387 400 0 470 0 0 0 900 100 900 333 0 0 300 0 214 0 600 1000 0 816 0 600 1000 535 600 1000 704 0 0 744 0 900 0 100 833 100
#WBA 2015-11-21
0 -71 300 500 -125 0 0 277 0 0 378 200 27 0 500 0 0 0 300 355 500 -75 187 187 200 100 500 0 -75 0 0 0 0 0 625 0 0 0 0 787 0 312 500 -150 -725 500 350 0 116 -99 -699 0 0 700 0 375 0 0 500 0 250 0 0 0 0 0 0 0 0 787 0 0 500 0 0 200 0 -71 350 700 0 0 0 0 187 0 687 0 400 333 250 0 -12 0 0 0 0 0 250 0
0 214 1000 500 750 0 0 544 0 0 251 500 333 0 666 0 0 0 1000 555 150 366 437 437 200 150 500 0 450 0 0 0 0 0 600 0 250 0 0 600 100 250 500 350 950 900 300 0 516 850 666 0 0 600 100 416 0 0 888 1000 250 0 0 0 0 0 0 0 0 600 0 0 900 0 0 500 0 214 400 750 0 0 0 0 375 0 750 0 875 666 250 0 337 100 0 0 0 0 333 0
#AFC 2015-11-21
0 400 400 0 0 0 0 -500 0 0 0 136 0 136 0 0 136 500 0 0 0 400 0 136 500 212 400 1000 0 0 0 0 700 0 1000 1000 0 350 -200 0 750 0 0 -50 0 -50 583 0 0 0 0 0 800 500 0 0 400 1000 0 -527 0 0 0 0 0 0 0 200 200 0 66 0 0 0 0 0 0 0 0 0 0 500 500 500 136 0 400 0 136 250 0 -62 0 0 75 0 0 125 -200 0
400 800 800 0 0 400 0 900 0 0 400 500 100 500 0 0 500 833 0 400 0 400 400 500 833 351 800 300 0 0 0 0 700 0 300 300 0 550 400 0 700 0 0 400 0 400 650 0 0 0 0 0 200 600 0 0 800 1000 0 799 0 0 112 0 0 0 0 400 400 0 588 0 0 0 0 1000 0 0 0 0 0 500 500 500 454 0 650 0 454 550 0 400 0 0 375 400 0 666 300 0
#WatfordFC 2015-11-21
-71 500 0 250 625 250 357 233 0 180 433 -178 50 0 0 0 0 500 0 500 0 0 1000 0 0 0 0 700 68 0 0 0 0 250 -400 0 0 400 500 300 0 400 0 -8 0 350 0 0 0 400 0 0 -400 0 0 400 400 400 400 400 400 -166 400 0 500 300 0 500 0 0 0 350 0 -272 -286 0 0 0 0 0 0 -250 239 0 100 0 399 -55 375 0 0 0 0 0 100 0 0 -400 0 0
214 500 0 333 900 333 571 266 0 439 833 291 191 0 0 0 0 600 0 600 0 0 300 0 0 0 0 600 277 0 0 0 0 333 400 0 0 400 500 900 0 250 0 258 0 550 0 0 0 800 0 0 400 0 0 800 800 800 800 800 800 333 800 0 600 900 0 500 0 0 0 550 0 561 407 0 0 0 0 0 0 400 406 0 400 0 533 799 475 0 33 0 0 0 1000 0 0 400 0 0
#MUFC 2015-11-21
166 500 500 250 0 100 0 0 68 68 0 400 400 0 -87 0 250 0 150 500 0 0 515 0 -500 0 100 0 0 475 625 0 200 300 -500 0 0 -500 187 0 500 0 -166 400 400 400 0 0 0 0 0 350 1000 0 0 0 625 119 500 0 0 0 400 400 0 0 -200 0 0 139 0 200 625 112 0 800 0 433 288 0 0 550 250 0 76 225 250 111 187 0 400 250 0 0 500 357 0 0 -49 0
266 500 150 333 0 900 0 500 727 227 0 800 800 500 284 0 250 0 649 600 1000 0 750 0 1000 0 150 0 0 416 900 0 100 350 1000 0 0 666 575 0 500 0 466 900 900 900 0 0 0 0 0 300 400 0 1000 66 900 190 600 0 0 100 500 800 0 0 200 0 0 256 0 300 500 158 0 750 0 833 544 0 0 500 333 0 338 316 750 236 575 0 800 750 0 0 150 571 0 0 550 0
