#CPFC 2015-02-11
0 0 -500 500 649 -500 1000 0 200 0 500 0 0 50 50 50 -500 0 400 0 0 0 0 0 333 250 250 250 250 0 -600 333 -150 125 0 0 0 400 0 0 0 312 0 0 0 0 477 0 0 0 0 0 224 0 500 500 0 133 0 -50 0 0 -93 0 0 0 500 0 800 399 -33 375 0 0 -62 -99 550 136 -250 0 700 700 500 500 500 700 700 700 0 500 0 675 100 80 0 312 0 285 0 83
0 1000 538 1000 800 1000 300 0 900 0 600 0 0 162 162 162 1000 0 400 0 125 0 0 0 833 200 200 200 200 0 900 833 650 166 66 0 0 650 0 0 533 333 0 0 100 0 544 0 0 0 0 0 700 0 1000 1000 0 233 1000 83 0 0 283 0 0 0 1000 0 1000 400 316 1000 0 0 633 633 500 454 1000 0 1000 600 1000 1000 1000 600 600 600 0 1000 100 1000 200 710 0 800 0 535 0 166
#NUFC 2015-02-11
136 700 0 500 500 0 0 0 400 400 0 -100 400 200 0 -500 -75 1000 68 0 -200 -450 0 0 0 700 0 0 50 0 400 0 0 0 0 0 150 100 712 0 400 0 0 0 0 0 0 0 0 0 0 0 0 0 0 100 0 0 -400 136 -12 0 0 500 -50 200 0 0 312 200 100 0 400 750 0 300 0 0 0 0 0 0 0 5 0 475 0 875 -600 -600 500 0 -600 0 0 100 0 0 100 0
454 875 0 500 500 0 0 0 512 800 0 766 800 200 125 1000 850 300 289 0 700 750 0 125 0 600 0 0 150 0 900 0 0 0 125 0 475 200 800 0 800 433 0 0 0 0 0 0 0 0 0 0 125 125 0 150 0 0 600 454 609 0 0 600 700 733 0 0 900 300 100 0 400 750 0 100 0 0 0 125 0 0 0 800 0 625 100 600 900 900 900 0 900 0 0 400 0 0 100 533
#WBA 2015-02-11
0 -57 285 400 400 285 0 1000 0 0 516 0 -600 0 383 0 0 0 -25 0 0 0 500 -175 0 368 0 800 0 -200 0 -83 0 800 0 0 0 266 0 221 0 625 -200 -200 0 0 250 142 875 0 0 -50 200 0 0 270 -100 0 500 95 0 399 400 0 400 0 0 0 233 0 0 0 -600 136 250 0 250 0 187 400 50 0 -83 0 700 0 250 0 250 199 0 308 -150 233 50 0 406 0 0 0
0 467 535 900 900 535 0 400 0 0 716 0 800 0 600 0 0 0 700 0 0 1000 500 625 0 568 1000 400 0 200 0 433 0 750 66 250 0 500 0 612 0 700 200 800 0 0 650 417 700 0 0 200 200 0 0 830 400 1000 500 178 0 366 300 0 375 66 0 125 875 0 1000 0 633 454 333 0 333 0 616 600 191 0 83 0 700 0 333 0 750 466 0 450 541 283 500 0 350 0 0 0
#Swans 2015-02-11
-155 300 318 -200 0 170 0 250 0 0 500 0 0 0 0 136 375 312 0 200 0 -200 285 0 0 600 0 136 0 0 850 312 -133 0 0 -500 0 600 0 375 46 0 136 136 250 0 625 -155 100 -400 0 -200 0 0 800 100 -373 800 800 0 -388 136 500 500 -200 -388 -388 0 0 0 0 0 0 600 0 129 800 0 136 100 0 500 250 -200 0 500 0 0 0 0 300 0 0 -400 120 -400 -250 0 50 500
288 750 671 200 0 500 0 200 0 0 500 0 0 0 0 454 500 333 0 500 0 200 535 0 0 1000 0 454 0 0 1000 333 633 0 0 900 1000 800 0 611 460 0 500 500 500 0 500 288 100 400 0 200 0 0 900 350 541 900 900 0 833 500 500 500 200 833 833 0 0 0 0 0 0 725 0 554 900 0 500 100 600 1000 283 200 0 700 0 1000 100 0 500 0 0 400 458 400 500 0 200 500
#CFC 2015-02-11
0 0 0 0 0 0 0 0 366 0 0 625 0 0 0 0 0 0 0 136 309 400 -224 0 500 -250 0 0 66 0 0 0 0 200 0 500 1000 136 0 500 500 0 0 -224 0 -224 166 500 277 0 0 0 -49 0 -500 800 85 0 0 247 300 0 0 145 0 66 900 700 666 0 468 700 250 1000 0 136 136 0 0 0 0 0 0 90 0 0 30 0 375 0 0 0 400 0 0 0 0 100 0 -400
0 1000 0 0 0 0 0 0 333 0 0 500 0 0 0 0 0 0 0 454 438 800 500 0 600 1000 1000 0 408 0 0 0 0 300 0 600 750 454 0 600 600 0 0 500 0 500 241 650 603 0 0 0 241 0 650 750 250 125 0 342 200 0 0 313 0 500 900 600 666 0 602 600 200 1000 0 454 454 0 0 0 0 0 0 336 0 0 600 0 200 0 0 0 375 0 0 0 0 100 0 400
#EFC 2015-02-11
0 200 1000 0 -500 1000 0 0 650 0 0 0 0 0 0 0 1000 0 500 200 200 200 0 0 0 0 0 0 0 500 -600 500 500 500 0 0 -600 -422 700 66 0 800 733 550 100 733 0 0 250 188 66 0 0 0 0 0 -166 0 0 100 400 500 1000 0 800 800 1000 0 500 400 0 500 -250 0 0 0 0 250 -250 0 0 0 0 300 300 -10 0 0 0 0 0 0 0 100 393 0 0 0 0 500
0 500 300 0 1000 300 750 0 1000 0 0 0 0 0 50 0 300 1000 500 300 300 300 0 0 0 0 0 0 0 900 900 900 900 900 0 0 900 561 612 188 0 1000 716 568 900 716 0 0 300 616 188 0 0 0 0 1000 704 0 0 400 375 475 1000 0 400 400 1000 0 800 800 0 800 149 0 0 0 0 300 149 0 0 1000 0 431 544 222 0 0 0 0 0 0 0 100 750 0 0 0 400 500
#MUFC 2015-02-11
0 0 -400 0 0 0 0 0 156 0 0 0 0 0 0 0 0 0 0 0 0 0 0 0 0 0 0 0 0 0 0 0 0 0 0 0 0 0 0 0 0 0 0 0 0 425 222 0 0 100 0 350 0 -450 0 400 -900 75 0 -700 0 0 0 0 400 0 650 0 -55 0 309 400 0 0 0 0 200 400 0 0 0 -900 -900 0 0 100 0 -400 0 -200 800 0 -900 500 -500 0 0 -125 0 0
0 0 400 533 0 0 0 0 775 0 0 0 0 0 0 0 0 0 0 0 0 0 0 0 0 0 0 0 0 0 0 0 0 0 0 0 0 0 0 0 0 0 0 0 0 450 594 0 0 400 0 462 0 850 0 800 700 318 0 200 0 0 0 0 800 0 750 0 223 0 438 800 0 0 0 0 300 600 0 0 0 700 700 0 0 200 0 400 0 0 750 0 700 1000 666 0 0 375 0 0
#Clarets 2015-02-11
136 0 250 0 375 312 0 0 0 -175 0 0 0 0 0 0 136 50 0 -200 0 0 0 0 100 0 0 0 0 0 0 0 -400 0 0 0 250 250 0 58 0 0 -125 0 250 250 -166 375 375 312 0 310 0 -166 0 0 -600 0 0 0 0 -250 0 0 -400 625 0 533 0 0 -150 125 0 0 -33 0 475 0 350 -100 0 0 0 0 0 0 0 350 0 0 0 0 -150 -400 0 0 0 533 533 -83
500 0 200 0 500 333 0 0 0 550 0 0 0 0 0 0 454 100 0 400 0 0 0 0 250 0 0 0 0 0 0 0 400 0 0 0 450 450 0 408 0 0 250 0 200 200 166 500 500 333 0 408 0 166 0 0 900 0 66 0 0 250 0 0 400 625 0 266 0 0 99 300 0 0 933 0 825 0 550 100 0 0 0 0 0 0 0 550 100 0 0 0 700 400 0 0 0 266 266 83
#SaintsFC 2015-02-11
0 400 136 625 0 300 0 300 0 0 136 0 0 0 0 800 250 0 585 -100 500 400 -225 0 -166 0 0 800 283 500 0 400 0 283 350 0 375 375 312 0 0 0 283 0 800 -31 -100 0 400 300 -6 400 -200 -166 0 324 266 408 0 500 1000 0 0 0 0 -75 0 400 -500 332 400 -200 0 100 500 0 500 500 500 0 400 0 -194 400 200 54 0 0 136 0 0 0 750 0 400 0 366 166 -699 0
0 1000 500 500 0 550 0 550 0 0 454 0 0 0 0 750 200 400 750 300 1000 399 900 0 166 250 1000 900 533 700 0 1000 0 533 800 1000 500 500 333 0 0 100 533 0 700 427 600 0 800 100 350 1000 400 633 0 425 799 500 0 1000 300 0 0 0 0 366 0 800 1000 692 400 350 0 200 1000 0 500 625 625 0 1000 0 288 1000 500 450 500 500 454 0 0 0 950 0 600 0 596 283 666 0
#WHUFC 2015-02-11
0 -300 1000 1000 0 -500 1000 -400 0 542 0 0 0 625 0 0 250 -163 0 0 0 0 0 0 250 1000 0 375 312 -31 0 0 0 0 0 533 318 -600 500 0 -220 100 -400 750 0 0 0 500 1000 0 500 0 0 400 -500 0 0 79 24 0 0 0 0 -100 0 0 0 0 0 0 317 317 1000 0 136 0 274 0 274 0 0 0 0 0 277 0 0 0 137 250 0 0 274 0 0 0 0 0 0 200
0 600 300 300 0 1000 300 600 0 556 0 0 0 500 0 0 200 569 0 0 0 0 0 0 1000 300 0 500 333 427 0 0 0 0 0 416 477 800 500 0 588 450 600 400 0 0 0 500 1000 0 500 0 0 800 666 0 0 420 575 0 0 0 66 100 66 100 0 0 66 0 542 542 300 0 454 0 600 0 600 0 0 0 0 0 488 500 0 0 387 333 0 0 600 0 0 0 0 0 0 400
#SCFC 2015-02-11
-500 1000 0 -500 1000 0 0 0 0 0 0 0 250 550 0 0 0 0 0 0 -500 0 500 0 800 0 136 0 0 0 0 250 136 0 136 0 0 0 136 99 0 -155 -155 800 -500 500 700 0 -116 0 800 136 0 0 0 0 0 0 0 0 200 0 0 -155 -155 0 350 0 0 0 0 0 0 0 800 625 800 -500 0 250 0 -250 300 300 300 250 500 1000 300 -388 0 136 0 0 0 0 0 0 -150 462
1000 300 0 1000 300 0 0 0 0 0 0 0 250 1000 0 0 0 0 0 400 400 0 500 0 900 0 454 0 400 0 0 1000 500 0 500 0 0 0 454 533 0 288 288 900 900 500 600 0 216 0 750 500 0 0 0 0 0 0 0 0 500 0 0 288 288 0 550 0 0 0 100 0 0 0 900 500 900 900 0 250 100 250 200 200 200 375 500 300 400 833 0 500 0 0 0 0 0 0 350 925
#MCFC 2015-02-11
0 0 -125 378 400 0 0 -500 1000 0 0 -600 0 0 0 136 136 400 -600 0 0 0 0 0 0 0 0 800 0 0 0 0 0 378 378 0 136 0 800 250 62 0 0 0 261 500 -600 -163 0 0 0 0 0 -62 0 136 0 -425 0 0 0 0 0 0 500 0 150 0 -300 250 0 0 500 -100 0 0 383 150 0 0 166 0 -31 0 266 0 250 0 0 -533 0 200 175 0 400 -250 -400 1000 392 0
0 0 375 251 800 0 0 1000 300 0 0 1000 0 0 0 454 454 800 1000 0 0 0 0 0 0 0 0 400 0 300 0 0 0 251 251 0 454 300 400 250 287 0 1000 0 594 500 900 569 0 0 0 0 0 237 300 454 300 650 0 300 0 0 0 0 500 0 800 0 600 275 0 0 629 450 0 0 479 500 0 0 333 0 427 0 233 0 444 0 0 600 0 200 275 0 800 800 600 300 517 83
#LFC 2015-02-10
200 200 -150 0 500 238 16 250 800 333 0 -50 -100 0 0 500 0 0 -137 0 0 0 400 0 334 142 0 0 142 0 142 0 800 95 150 0 50 0 99 800 0 500 0 250 0 0 250 233 150 0 500 600 0 0 0 338 0 133 0 800 0 -155 0 500 0 338 875 -250 0 0 0 0 24 0 350 0 250 200 -21 800 0 -525 -200 300 0 100 0 150 0 0 0 0 0 0 600 0 150 650 -25 200
300 200 300 0 533 523 266 375 400 583 0 400 100 0 0 700 0 0 133 0 0 0 400 0 713 267 0 0 267 0 267 0 400 178 600 0 200 0 550 400 0 500 0 375 0 0 550 366 300 0 533 650 0 0 0 461 0 400 0 1000 0 288 0 500 0 461 600 466 0 0 0 283 342 0 462 0 1000 200 867 400 0 675 800 441 400 533 0 300 1000 0 0 0 0 0 1000 0 300 650 50 300
#COYS 2015-02-10
625 0 0 -187 0 25 0 300 116 0 750 228 400 0 433 0 0 0 0 800 0 0 900 0 -1000 125 -300 642 100 500 178 136 125 178 0 0 800 500 -25 0 500 250 469 414 0 0 0 500 250 0 0 0 0 0 0 0 199 750 -107 0 0 500 -500 -425 0 -500 0 500 0 -107 0 464 800 625 575 0 0 968 0 0 0 650 0 500 0 0 0 187 -33 0 350 0 0 0 0 200 0 337 99 0
888 0 0 500 0 191 0 550 744 0 875 311 250 0 633 0 0 0 0 400 0 0 700 500 900 400 400 642 1000 1000 598 454 250 598 0 0 1000 500 475 0 500 900 533 365 0 0 0 600 444 0 0 0 0 0 0 0 799 449 717 500 125 1000 1000 650 0 1000 0 600 0 717 0 742 966 600 575 0 0 1000 0 0 66 799 0 450 0 0 0 270 683 0 700 0 0 0 0 300 0 537 233 0
#AFC 2015-02-10
0 1000 333 0 0 0 0 0 0 250 500 0 35 -400 1000 0 -714 350 0 100 0 300 0 0 0 107 0 -699 136 0 650 400 0 133 0 -200 700 -21 0 400 468 400 0 300 -750 0 500 99 -199 0 0 0 0 25 -199 0 0 24 -199 0 0 -714 600 0 800 -91 0 0 0 0 0 0 0 0 0 400 800 -83 0 0 0 -433 0 318 800 0 200 -400 0 700 700 700 -500 92 0 0 0 0 -750 0
0 1000 666 0 0 0 0 0 0 1000 500 0 681 600 1000 100 857 425 0 800 0 100 0 0 50 785 800 666 454 0 450 525 0 549 0 450 900 258 0 800 602 800 0 500 750 400 500 800 550 0 0 0 0 150 550 0 0 500 550 0 700 857 900 0 700 466 0 1000 0 0 0 0 0 0 500 375 700 83 0 0 0 600 0 539 700 0 100 700 0 900 900 900 850 878 0 0 0 0 1000 0
#LCFC 2015-02-10
-66 1000 1000 0 0 -200 -100 568 -183 583 293 250 0 0 0 475 0 150 475 0 348 200 -200 0 625 0 250 0 83 -799 400 -150 50 375 0 812 136 0 62 0 150 250 0 0 250 150 0 0 0 562 0 -650 0 0 116 0 -100 233 800 333 -375 0 100 0 1000 0 0 850 -250 0 0 290 0 98 0 500 99 250 -200 0 -133 562 500 40 0 0 100 775 0 0 100 0 0 0 0 0 0 0 -183 200
266 300 1000 400 0 800 50 377 558 800 679 333 0 0 50 466 0 350 466 0 437 550 50 0 850 0 333 0 83 1000 600 600 250 944 1000 850 454 0 850 1000 600 333 0 500 333 350 0 500 0 550 0 750 125 0 616 400 600 266 700 662 500 0 277 0 300 0 0 450 500 0 0 640 0 396 100 500 700 333 450 0 166 1000 600 380 0 0 400 955 0 0 200 0 0 0 0 0 0 0 544 300
#hcafc 2015-02-10
215 -650 -383 0 0 0 0 0 0 0 0 190 250 0 200 0 500 700 0 -325 -266 -699 -500 303 0 0 1000 -150 80 390 666 500 -125 250 -50 100 0 150 -500 10 50 -1000 0 -150 0 0 -125 0 125 354 50 250 0 200 -266 0 -466 -500 -1000 0 0 150 3 0 400 100 100 0 -150 0 0 -400 500 -109 405 500 350 -600 500 0 0 -177 0 0 0 200 0 0 268 0 0 0 166 0 0 500 0 0 0 354
539 750 800 1000 0 1000 1000 0 0 0 0 450 450 0 200 0 1000 600 0 625 441 666 900 449 0 0 1000 650 269 500 746 500 866 333 50 150 0 733 866 300 50 1000 0 700 0 0 800 0 400 533 243 500 0 500 933 0 733 500 1000 0 0 550 544 0 450 400 400 0 700 0 0 600 1000 636 416 500 450 700 1000 0 0 344 0 0 0 900 1000 0 200 500 0 0 566 0 0 500 0 0 1000 375
#AVFC 2015-02-10
0 500 0 333 0 0 200 -52 -50 0 -799 0 172 0 200 0 166 150 422 666 700 172 500 422 250 250 250 133 250 133 133 0 133 452 800 178 172 178 178 178 1000 81 0 422 178 0 0 357 422 422 0 -150 0 515 306 0 250 -166 0 350 208 0 100 0 500 0 -400 0 0 0 -100 0 -250 350 -55 625 266 0 -77 375 312 0 525 0 700 350 -300 250 268 800 200 0 -375 0 0 0 387 0 500 0
0 200 0 500 0 0 450 500 300 400 866 0 588 0 300 0 666 600 294 650 600 588 500 294 462 462 462 600 462 600 600 0 600 565 400 348 588 348 348 348 300 400 0 294 348 0 0 571 294 294 0 700 0 450 750 0 200 700 0 600 508 0 400 0 500 0 400 0 0 0 400 400 250 300 88 900 300 0 644 500 333 0 875 0 600 800 1000 600 727 1000 525 0 399 0 1000 125 658 416 888 0
#SAFC 2015-02-10
400 285 0 0 525 416 357 0 300 0 0 100 840 500 0 250 250 500 0 0 -258 0 0 0 350 0 375 312 -600 625 500 0 0 -194 700 562 433 -250 -150 -150 250 -20 0 400 0 0 125 0 495 0 0 0 -400 400 316 316 -300 200 0 0 316 316 675 50 0 0 0 0 -437 229 0 0 0 0 600 -46 -750 208 500 600 0 0 234 50 0 0 0 0 500 0 0 0 136 500 0 0 0 0 0 0
800 535 0 0 541 500 535 0 475 0 0 200 750 500 0 200 200 500 0 0 433 0 0 0 300 0 500 333 900 600 1000 0 0 288 866 500 833 250 233 100 750 630 0 200 0 0 575 0 600 0 0 0 600 800 466 466 500 400 0 0 466 466 712 562 0 0 66 0 800 400 100 0 450 0 250 503 850 166 500 700 0 0 238 100 0 0 0 0 750 0 0 0 500 1000 0 0 0 0 0 0
#QPR 2015-02-10
-91 -500 -400 -100 -200 136 -200 -7 0 0 561 -200 125 -250 0 -333 114 0 100 -600 250 250 0 366 0 426 0 333 -400 0 333 500 500 -166 366 -77 -250 83 0 -150 375 312 350 350 350 -155 0 0 0 208 0 0 100 0 0 0 0 0 425 211 0 0 0 -97 1000 -250 1000 0 0 0 250 0 278 0 -400 1000 122 350 -100 -200 -62 100 0 0 800 0 0 400 625 500 -125 0 0 -387 500 1000 0 500 -200 0
369 562 600 400 500 454 300 378 0 0 845 200 425 700 0 966 262 0 400 900 200 200 0 766 0 525 0 485 400 0 1000 1000 900 433 733 422 100 458 0 800 500 333 550 550 550 288 0 0 0 500 0 0 400 333 100 0 0 0 331 397 500 0 0 144 300 888 750 0 0 0 200 500 384 0 600 300 422 550 400 500 400 100 0 0 550 0 0 900 600 500 375 0 0 500 1000 1000 0 1000 400 1000
#WHUFC 2015-02-08
0 -253 -250 0 0 700 306 -400 0 250 0 0 0 0 700 -500 800 0 0 312 0 0 375 375 0 0 166 166 345 0 0 100 0 0 300 0 0 0 0 136 0 625 136 1000 -250 -250 0 0 -166 136 500 0 0 68 0 0 0 0 112 0 0 0 -200 0 0 492 0 0 200 -500 0 0 0 350 -343 0 -350 0 0 0 150 0 -500 136 -500 -62 700 600 0 700 0 -125 -125 333 0 0 0 0 0 -199
0 426 650 0 750 700 762 400 0 700 0 0 0 0 600 650 400 0 0 333 0 0 500 500 1000 0 208 208 568 0 0 100 0 0 350 0 0 0 0 500 0 600 500 1000 750 312 0 0 66 500 900 0 0 377 0 0 0 0 600 0 0 333 400 0 0 567 0 0 200 300 125 0 0 662 600 1000 900 0 0 0 358 125 300 500 300 737 600 1000 0 600 66 375 375 666 125 0 0 125 0 950
#MUFC 2015-02-08
0 -107 0 0 0 0 600 0 625 -400 200 1000 0 600 0 0 0 0 0 -750 0 0 125 0 0 0 -400 0 0 500 0 0 -394 1000 1000 0 0 0 0 0 0 266 0 0 0 0 0 500 0 0 106 0 0 50 0 0 -125 0 0 0 0 0 500 900 0 0 0 0 0 0 0 0 0 1000 0 0 0 0 0 0 0 0 0 0 0 0 500 500 0 0 663 0 266 400 100 0 471 0 0 0
1000 767 0 0 0 0 666 0 250 400 200 300 0 600 0 0 650 0 0 1000 0 0 175 0 0 1000 400 0 0 1000 0 0 616 300 300 0 0 1000 0 0 0 441 0 0 0 0 0 500 0 0 700 0 0 450 0 0 375 0 0 0 0 0 750 1000 0 0 0 0 0 0 0 0 0 1000 0 0 0 0 0 0 0 0 100 0 0 0 500 1000 0 0 640 0 441 425 400 0 658 0 0 0
#NUFC 2015-02-08
800 399 400 0 -333 200 0 625 0 400 0 0 0 0 0 311 0 0 0 0 0 0 50 278 0 400 400 166 400 0 0 0 -500 125 0 0 0 433 -133 0 0 0 200 311 0 800 0 0 250 200 0 0 -25 248 0 500 -333 0 0 0 33 400 0 976 0 0 250 0 0 250 0 324 0 -750 312 -155 375 375 0 0 139 0 0 -87 0 200 200 0 175 0 0 0 0 0 233 0 0 0 0 0
400 366 800 0 666 100 0 600 0 425 0 0 357 0 0 527 0 0 0 0 0 0 399 418 0 800 800 666 800 0 0 100 1000 166 0 0 0 833 288 0 0 0 100 527 0 400 100 0 200 100 0 0 461 762 0 600 333 0 0 0 266 625 0 800 0 0 312 600 66 333 66 812 0 750 333 288 500 500 0 0 213 0 0 750 0 500 200 0 275 0 0 0 0 0 400 0 0 0 0 0
#SCFC 2015-02-08
449 0 375 -200 331 250 312 166 0 283 0 0 250 -94 0 0 525 100 0 500 100 0 -200 -250 0 0 1000 0 0 0 0 -200 0 500 265 -250 495 0 800 -400 500 0 250 0 0 800 0 -350 125 0 0 0 -125 -125 0 250 0 -100 0 0 0 -333 0 500 0 433 -127 100 800 200 136 136 0 40 -178 0 0 0 136 0 500 0 -31 0 250 0 0 0 -150 0 0 0 0 0 0 0 -350 0 285 0
400 0 650 700 687 450 400 296 0 650 0 0 250 275 500 0 875 100 0 500 100 0 700 200 0 0 750 0 0 0 0 450 1000 500 450 200 600 0 400 400 833 0 250 0 0 400 0 900 100 0 0 0 375 375 0 250 0 533 0 0 125 1000 125 833 0 500 470 100 400 200 454 454 0 280 568 0 0 0 500 0 833 0 493 66 250 0 0 0 233 0 0 0 0 0 0 0 525 0 535 0
#Clarets 2015-02-08
312 375 -388 0 0 0 0 0 -390 183 0 0 515 0 0 0 0 50 0 0 0 468 0 0 0 0 213 0 0 -400 25 -100 0 0 0 468 0 0 0 136 0 312 0 0 0 0 0 0 250 0 0 1000 0 0 0 0 0 0 136 0 0 0 175 -300 0 0 18 0 0 0 250 312 0 250 1000 0 357 390 0 50 0 250 0 0 203 -899 0 -899 0 0 0 0 0 250 0 312 375 0 0 0
333 500 833 0 0 0 0 0 520 444 0 0 735 0 0 0 0 100 0 0 0 677 0 0 0 0 454 0 0 400 400 100 0 0 0 727 0 0 0 454 0 333 66 0 0 333 0 0 408 0 0 300 275 0 0 66 0 0 454 0 0 0 500 200 0 0 277 0 0 0 200 333 0 1000 300 0 571 1000 625 100 0 491 0 0 621 600 0 600 500 0 0 1000 0 200 0 333 750 0 0 0
#WBA 2015-02-08
66 0 0 0 0 0 0 0 0 0 0 0 0 0 0 0 0 0 0 0 0 0 0 0 0 0 0 0 266 -150 500 -424 68 700 0 0 100 0 0 0 -200 1000 -161 0 0 272 466 0 0 250 -367 500 449 0 400 0 0 50 0 0 200 200 0 600 0 200 0 0 0 0 -155 136 -12 0 166 -41 1000 -325 0 0 49 200 0 0 0 0 -78 0 0 0 0 0 0 0 0 0 145 150 99 -125
500 0 0 0 0 0 0 0 0 0 0 0 0 0 0 0 0 0 0 0 0 0 0 1000 0 0 0 0 399 900 516 783 227 600 0 0 383 0 0 100 150 1000 529 0 0 408 433 62 0 333 750 550 400 0 600 66 0 400 0 0 500 200 0 600 0 200 0 0 0 0 455 296 512 250 233 683 300 500 0 166 450 200 625 0 0 0 437 0 0 0 0 0 0 0 0 0 437 550 375 500
#EFC 2015-02-07
0 0 -187 204 200 0 0 0 0 0 0 0 0 0 168 687 168 199 418 0 0 0 0 0 0 0 0 0 0 0 0 365 0 0 400 0 178 650 0 0 168 0 0 1000 0 100 350 333 0 0 500 0 136 0 136 136 136 136 0 0 0 800 0 0 0 312 200 233 0 0 -155 0 125 0 100 625 49 0 200 168 0 137 285 0 0 275 0 0 -250 585 0 0 0 0 49 199 195 250 0 0
0 0 500 523 100 0 0 0 0 1000 0 0 0 0 477 750 477 800 527 0 100 1000 1000 1000 1000 100 100 100 0 0 0 538 1000 0 233 1000 284 1000 0 1000 477 100 0 1000 355 550 400 666 0 0 500 0 500 0 500 500 500 500 0 0 0 750 1000 500 0 900 200 833 0 0 288 1000 216 66 400 600 450 0 200 477 0 825 535 0 0 850 0 0 250 750 0 1000 0 666 744 199 400 750 0 0
#LFC 2015-02-07
136 1000 0 0 -714 200 0 -100 200 200 1000 0 600 0 0 200 900 0 0 0 -900 250 -437 100 187 250 334 0 0 687 0 400 0 136 300 437 0 350 150 0 0 0 0 1000 0 0 0 0 0 0 1000 0 0 0 0 136 0 0 0 600 0 700 0 1000 0 1000 0 0 0 -291 0 24 200 1000 0 0 950 0 0 0 375 0 200 0 0 687 0 400 1000 -364 687 0 -250 0 -500 466 418 0 0 0
454 300 100 0 857 500 0 200 500 500 1000 1000 775 0 0 100 900 0 0 0 1000 333 766 200 437 283 713 0 0 750 0 900 0 454 100 466 0 462 491 0 0 0 0 300 800 0 0 0 0 0 300 0 0 0 0 454 0 0 0 600 0 650 66 1000 0 300 0 0 0 541 0 575 300 300 1000 0 650 0 0 0 100 0 400 0 0 750 0 1000 300 541 750 0 500 0 400 466 527 0 0 0
#AVFC 2015-02-07
-600 0 500 0 0 0 -400 125 0 -150 0 0 0 -32 0 1000 500 200 0 0 700 0 0 0 0 0 0 0 -400 0 400 700 833 0 0 166 0 -45 0 -341 225 0 0 -625 0 375 781 160 112 -37 0 500 0 0 0 -250 -625 -155 0 0 1000 300 0 0 0 0 250 -166 0 250 0 200 -133 -155 0 0 400 500 0 0 500 250 0 0 0 0 0 0 -500 0 400 -155 500 0 -500 0 500 100 0 0
900 0 500 0 0 0 400 100 0 700 0 0 300 510 0 1000 500 900 0 0 600 0 0 0 0 0 0 0 400 0 733 600 1000 100 0 833 0 800 0 613 600 0 0 1000 0 550 500 539 600 616 50 500 0 0 0 1000 1000 288 0 0 1000 766 0 0 0 1000 200 433 0 450 0 200 166 288 0 0 466 900 0 0 1000 500 0 300 0 0 1000 0 500 0 800 288 500 100 400 1000 600 200 233 0
#CFC 2015-02-07
136 238 0 0 136 416 208 -250 0 0 0 900 166 0 0 0 0 900 500 781 250 500 125 0 0 0 500 -200 0 450 500 400 0 500 0 187 0 25 -40 0 257 0 300 136 355 0 -193 -50 68 500 900 0 0 0 0 125 400 162 0 -300 357 0 500 0 0 0 0 0 0 250 250 250 0 500 456 500 500 550 500 0 500 -75 500 0 0 0 0 500 500 1000 0 250 250 0 1000 136 0 418 800 0
454 533 0 0 454 500 566 825 0 0 0 1000 266 0 0 0 0 1000 600 600 450 150 400 0 0 0 1000 400 0 750 1000 300 0 150 0 400 0 425 600 0 285 0 100 454 833 0 650 244 477 500 1000 0 0 0 0 366 900 250 0 500 571 0 1000 0 1000 50 0 300 0 333 333 333 100 500 527 1000 1000 875 500 0 1000 366 600 0 50 1000 0 600 600 300 0 333 333 1000 1000 454 0 527 1000 0
#LCFC 2015-02-07
0 68 0 275 700 650 -150 45 390 0 0 -200 0 0 0 0 0 320 583 0 0 500 0 0 0 250 -150 700 136 0 300 -21 700 1000 250 0 -200 390 0 0 0 0 0 0 625 800 300 0 -200 475 0 68 636 0 0 0 0 1000 0 433 800 500 0 0 0 0 -300 0 500 300 108 0 -775 0 0 0 50 194 0 299 12 -200 0 -200 -500 285 0 0 0 -200 300 0 285 0 333 166 285 -200 0 0
0 727 0 650 600 750 800 800 1000 0 0 250 1000 0 0 0 0 420 833 0 0 500 0 0 0 333 400 600 454 0 100 399 600 400 450 0 400 1000 0 0 0 0 0 0 1000 400 550 0 400 937 0 727 760 0 0 0 0 750 0 733 1000 500 0 0 0 0 400 0 733 200 505 0 950 0 0 1000 500 555 0 483 233 366 0 366 700 535 0 0 100 400 550 0 535 1000 666 222 535 400 1000 0
#CPFC 2015-02-07
0 0 0 0 500 -155 0 500 0 0 0 400 400 0 100 0 0 0 0 0 -400 0 0 0 0 305 250 250 250 1000 200 500 0 250 0 1000 437 625 400 400 0 136 500 284 500 0 0 -83 0 500 0 0 200 0 398 375 375 312 250 136 900 250 136 0 466 301 375 500 500 0 420 316 800 125 500 0 0 0 541 0 0 0 0 350 0 -140 800 -100 0 0 500 500 0 500 0 500 0 0 800 0
0 0 400 0 600 288 0 600 0 0 0 716 400 0 200 1000 725 0 1000 300 700 400 0 0 0 544 200 200 200 1000 725 900 0 200 0 1000 750 700 400 500 0 454 783 613 1000 0 0 250 0 525 0 0 600 0 400 500 500 333 1000 454 1000 250 454 0 966 405 750 600 600 0 363 283 400 181 650 0 0 500 833 500 0 0 500 300 0 450 200 83 0 0 600 666 0 600 0 600 0 0 400 0
#MCFC 2015-02-07
800 0 268 -750 -66 0 0 0 -100 0 0 0 0 250 0 650 0 0 0 0 0 0 500 500 400 0 0 0 400 181 136 0 0 136 0 -250 0 750 500 500 0 600 500 0 -500 0 500 -140 0 0 100 0 500 500 175 537 500 0 -200 0 0 -349 0 0 0 150 285 500 312 0 150 400 0 0 0 166 400 -200 250 -300 -404 -50 0 375 0 -650 500 500 0 0 136 350 100 0 875 -250 662 0 0 0
1000 0 500 1000 666 0 0 0 400 0 0 0 0 450 0 644 0 0 0 0 0 1000 700 900 800 0 0 0 800 500 454 125 0 454 0 250 0 750 900 900 0 900 500 100 400 0 500 750 0 100 400 0 600 888 525 750 1000 0 700 0 0 583 1000 0 0 900 535 1000 875 0 700 800 0 0 0 583 800 700 500 400 608 750 0 500 0 700 550 500 0 100 454 587 300 633 600 250 700 0 0 0
#hcafc 2015-02-07
0 0 0 0 0 0 -250 500 500 500 500 350 68 162 0 0 466 500 600 0 500 193 0 -333 136 650 650 250 600 300 -100 156 0 750 500 550 136 0 0 0 322 0 -266 -200 0 0 -100 0 500 500 0 437 0 0 0 -100 1000 300 0 200 0 0 0 0 0 0 136 0 0 268 268 0 0 800 136 243 -166 0 0 0 0 -5 0 0 0 1000 0 0 800 418 -500 700 -75 300 0 -550 -200 0 -500 400
0 0 0 0 0 0 250 1000 1000 500 500 450 227 511 0 0 600 500 750 0 1000 581 0 666 500 625 716 833 900 399 766 600 0 675 550 700 454 0 0 0 500 0 733 800 0 0 200 0 500 500 0 674 62 62 100 100 900 525 0 300 0 0 0 0 0 0 454 0 0 727 727 0 0 900 454 502 500 0 0 0 0 750 0 0 0 300 0 0 750 527 900 600 366 500 0 600 100 0 600 1000
#QPR 2015-02-07
0 800 0 0 318 325 -8 0 500 -75 0 -200 1000 136 0 1000 300 250 -175 218 0 625 0 0 100 350 1000 250 0 0 -77 0 -200 200 40 0 0 0 80 287 100 700 0 0 500 0 -400 500 312 0 0 250 0 1000 -125 441 0 0 -231 0 250 -500 0 0 0 0 0 0 0 0 416 0 0 0 0 0 416 -99 416 316 625 333 0 0 0 0 0 0 400 0 -97 -200 399 0 0 -62 416 325 -500 0
0 400 0 0 539 525 233 300 500 500 0 300 350 454 0 780 750 250 650 475 633 500 0 0 150 550 350 200 0 0 444 0 600 200 520 0 0 0 570 550 383 600 0 0 500 0 400 1000 333 0 0 550 100 300 375 644 0 250 700 0 850 1000 0 0 0 0 0 0 0 0 500 50 0 0 0 0 500 833 500 316 500 750 0 0 0 0 0 0 1000 0 144 853 491 0 100 250 500 375 300 0
#SaintsFC 2015-02-07
177 0 0 0 85 500 0 33 0 0 0 350 300 0 150 -400 0 0 0 0 0 433 250 500 500 500 100 50 0 150 350 -316 450 0 -100 250 42 0 0 0 300 0 0 0 0 0 200 200 0 400 800 0 0 0 0 0 0 625 150 0 375 312 0 0 33 0 0 0 1000 0 -200 -466 0 0 0 0 550 0 527 620 700 200 33 33 750 0 0 309 0 0 0 224 200 0 -7 400 600 0 150 -200
255 0 0 0 477 1000 0 300 125 0 0 650 397 0 0 400 0 0 0 0 0 833 333 1000 500 500 150 200 0 300 600 300 477 0 337 200 467 0 0 0 750 0 66 0 0 0 300 400 0 800 750 0 0 0 0 0 0 700 649 0 500 333 0 0 300 0 0 0 300 0 400 716 0 0 0 0 950 0 545 726 600 200 133 300 750 0 100 463 0 0 0 287 200 0 166 750 900 100 1000 200
#Swans 2015-02-07
-400 0 500 0 0 250 375 0 0 0 0 466 375 312 0 0 600 0 0 0 0 0 100 277 0 0 0 0 1000 0 300 250 0 -85 0 700 0 0 500 0 0 600 0 100 -155 500 0 0 25 0 800 0 100 0 0 0 175 0 500 250 250 0 600 136 -83 0 0 0 0 0 500 0 350 500 500 500 350 0 0 0 100 200 0 0 600 0 0 0 100 0 500 0 0 378 0 0 0 0 0 0
600 0 500 0 0 200 200 0 0 0 0 466 500 333 0 0 900 66 0 0 0 0 500 511 0 0 0 0 300 0 700 700 0 286 1000 600 0 0 833 0 0 900 0 250 288 1000 0 0 250 0 400 0 250 0 0 0 325 0 500 333 1000 0 900 500 666 0 0 0 0 0 533 0 650 500 500 500 300 0 0 0 400 300 0 0 900 0 0 250 400 0 500 250 0 651 0 0 0 0 0 0
#SAFC 2015-02-07
0 400 187 500 0 1000 133 495 250 -166 0 250 250 0 0 0 500 0 400 500 0 0 0 0 0 0 -500 375 312 200 0 400 0 0 487 0 0 539 350 0 -699 0 0 -1000 0 0 0 133 0 400 177 0 -65 400 -400 0 -400 0 614 400 -87 400 0 0 500 0 0 0 0 0 500 0 0 0 0 0 0 700 0 625 800 0 250 0 0 0 0 0 0 0 0 0 0 0 0 1000 0 0 0 500
0 800 450 500 0 780 388 600 333 250 0 200 200 1000 0 0 500 0 450 1000 0 0 0 0 0 0 1000 500 333 900 66 900 0 0 975 0 0 658 550 0 666 0 0 1000 0 100 0 333 0 900 588 538 588 600 600 0 400 0 708 700 284 800 0 500 700 0 0 0 0 0 500 0 0 0 0 0 0 600 0 625 400 0 333 0 0 0 0 0 0 0 0 0 0 0 0 300 0 0 0 500
#COYS 2015-02-07
0 0 0 449 0 566 -625 -349 0 500 0 0 750 0 -250 400 500 1000 0 -250 633 50 0 0 -300 0 0 0 0 170 0 0 0 500 0 -250 125 262 0 125 400 0 0 0 800 0 0 672 -233 -200 -266 0 0 0 200 0 -396 75 0 500 0 600 -395 0 0 291 0 0 608 166 270 0 0 0 0 200 488 0 0 0 0 0 303 0 0 0 0 -600 159 0 600 0 0 200 0 0 0 0 -141 800
125 0 0 750 0 766 500 395 0 666 0 0 449 0 700 900 150 300 0 500 866 500 0 0 600 0 0 0 0 454 0 0 916 1000 0 1000 750 658 0 200 600 0 611 0 1000 0 0 777 366 50 433 100 0 0 650 0 544 550 0 900 0 950 511 1000 0 250 125 0 791 433 433 0 0 0 0 500 900 0 0 0 0 0 452 0 0 0 0 800 752 0 950 0 0 549 0 0 0 0 516 700
#AFC 2015-02-07
-349 -349 300 0 0 0 0 0 0 0 0 500 375 0 0 0 500 0 0 250 0 0 -50 500 -500 0 0 350 0 0 0 0 0 0 700 0 0 583 350 0 0 0 0 0 0 0 0 0 300 400 800 0 400 300 312 33 0 0 0 0 0 0 0 0 0 0 0 0 250 0 0 0 0 500 0 136 500 125 0 0 0 0 0 250 266 0 200 500 672 -300 -500 350 0 0 188 0 0 0 200 0
395 395 516 0 0 0 0 0 0 0 0 600 583 0 0 600 500 0 0 450 0 0 244 500 1000 0 0 350 0 0 0 0 0 0 600 0 0 633 550 66 0 0 66 0 0 0 0 0 500 800 400 0 900 500 541 66 0 0 1000 1000 1000 0 0 0 0 0 0 0 494 0 0 0 0 500 0 500 866 383 0 0 0 0 0 444 133 0 500 600 827 400 1000 550 0 0 644 0 0 583 450 0
#SaintsFC 2015-02-01
0 0 0 0 0 500 0 0 0 136 585 700 -198 0 1000 -50 0 0 0 0 0 0 0 199 500 0 0 0 1000 -200 0 0 -625 0 0 0 0 1000 0 -100 0 66 250 625 0 700 80 125 0 0 0 0 -54 50 0 0 0 662 0 0 0 1000 0 0 250 293 418 139 0 0 0 350 400 50 267 0 0 0 700 0 0 312 -625 0 0 136 0 -101 400 0 449 0 500 250 199 0 0 0 1000 0
0 0 0 66 0 1000 0 0 0 454 670 600 262 0 300 400 0 0 0 0 0 0 0 389 600 0 0 0 750 450 0 0 1000 0 1000 0 0 600 0 400 0 566 333 275 0 700 230 700 0 0 0 0 498 700 500 0 0 500 0 0 100 300 0 0 288 521 527 470 0 0 0 300 900 150 563 0 0 0 600 0 0 300 1000 0 0 454 0 229 900 0 400 0 300 200 508 0 0 0 300 0
#Swans 2015-02-01
0 800 -100 300 -100 0 49 250 0 400 250 250 100 0 0 500 0 0 500 0 0 250 218 218 0 449 -155 733 400 312 0 625 700 0 150 0 -699 0 418 405 99 0 0 0 0 350 375 -83 237 0 600 0 399 0 0 0 0 0 812 66 750 937 -400 0 500 0 500 800 402 0 0 0 1000 0 700 200 283 -25 0 500 0 800 0 0 0 333 533 800 0 0 1000 136 387 500 0 -283 0 437 220 212
0 875 400 500 400 0 675 288 0 900 200 200 400 0 0 625 0 0 1000 0 0 450 477 477 0 400 288 483 633 333 0 600 600 0 875 0 666 0 527 708 800 0 0 700 0 550 750 266 575 0 799 0 400 0 0 0 0 0 454 555 750 800 400 0 212 0 875 900 855 0 0 0 300 0 600 900 383 550 0 900 0 400 0 0 0 308 566 900 0 0 750 454 383 500 0 816 0 617 418 436
#AFC 2015-02-01
50 0 1000 375 0 250 200 1000 0 0 0 24 -116 0 625 0 625 449 255 0 -800 900 0 -62 -62 -66 500 0 -62 0 125 100 -48 700 0 136 0 0 166 0 -25 0 200 250 0 168 0 291 -62 0 -62 -62 0 500 0 0 0 0 -500 136 0 0 0 0 0 418 0 312 0 500 250 312 -399 428 0 40 0 0 0 0 -200 200 200 200 0 0 800 136 0 0 0 333 0 0 0 1000 0 0 563 0
150 0 1000 479 0 200 300 1000 0 0 0 875 508 0 750 0 750 450 644 500 900 900 0 166 166 600 500 0 166 0 1000 350 134 600 0 454 0 0 666 0 350 0 300 1000 0 377 0 444 166 0 166 166 125 600 1000 0 0 0 400 454 0 0 0 0 0 527 0 250 0 500 500 500 466 660 0 580 0 0 0 0 700 500 500 500 0 500 400 454 0 0 0 333 0 0 0 1000 0 0 953 0
#AVFC 2015-02-01
0 490 490 0 0 700 325 -208 380 0 250 650 0 -81 0 500 211 500 500 500 211 211 211 500 700 700 0 -500 211 250 0 0 0 1000 0 0 781 458 0 650 0 212 0 500 500 0 0 -874 0 0 350 300 187 303 0 100 0 425 300 0 0 253 550 0 0 0 0 175 -155 0 0 -155 0 0 0 0 0 0 -400 -400 -600 0 0 400 0 500 400 -133 0 450 200 -208 0 0 1000 0 250 1000 100 783
66 651 651 0 0 600 491 66 540 0 1000 600 0 277 0 562 495 562 562 562 495 495 495 500 600 846 0 650 495 1000 0 0 0 1000 0 0 1000 400 0 725 0 373 0 600 600 0 0 666 0 0 650 200 437 293 0 1000 0 225 750 66 0 624 750 0 0 0 0 256 288 0 0 288 0 0 0 1000 0 0 400 400 900 0 0 350 0 650 400 288 0 475 360 250 0 1000 300 0 288 300 200 750
#CFC 2015-01-31
400 66 100 0 0 100 0 -388 416 0 -500 0 100 0 400 266 200 433 0 0 211 -388 0 0 0 0 600 0 0 200 0 416 416 0 0 -250 0 -975 0 279 200 0 0 0 0 0 372 0 1000 0 0 50 0 0 0 1000 0 1000 500 0 0 0 156 333 0 0 0 0 0 0 400 0 0 0 -250 0 0 0 -200 0 500 0 0 150 800 349 0 0 -500 800 0 0 0 0 0 0 0 0 468 216
900 100 150 0 0 150 0 833 583 0 1000 0 150 0 1000 454 500 483 0 0 495 833 333 0 0 0 900 300 0 500 0 583 583 0 0 888 0 975 0 451 300 0 0 0 0 0 533 0 300 0 300 230 0 1000 0 300 0 750 500 0 0 0 312 333 0 0 100 0 0 1000 800 0 0 0 533 0 0 0 800 0 491 0 0 450 750 666 100 0 650 400 0 0 0 1000 0 0 0 0 602 524
#MCFC 2015-01-31
500 233 136 0 0 0 500 0 0 0 -200 -400 -200 0 0 433 0 0 0 0 100 0 0 500 0 -400 0 0 0 500 175 0 0 -6 0 0 -100 0 62 149 -31 125 0 700 900 0 0 0 24 62 100 400 200 0 0 0 0 -100 -100 0 700 0 0 252 625 250 0 0 0 0 -75 0 0 0 0 150 0 199 192 804 0 800 0 0 -166 669 550 400 0 0 0 500 -131 0 -200 0 0 -166 0 -250
1000 200 454 500 0 0 600 0 0 0 250 400 262 0 1000 500 0 0 0 0 400 100 0 600 0 400 0 0 0 500 300 0 0 250 0 0 300 0 375 500 437 517 0 600 900 0 0 0 250 375 600 550 1000 0 0 0 0 400 400 0 200 0 0 823 600 500 1000 0 0 0 366 500 0 100 100 650 0 900 505 690 0 700 0 0 166 693 650 600 0 0 0 600 427 0 300 0 0 444 0 233
#CPFC 2015-01-31
566 1000 134 199 199 0 0 0 375 -166 136 900 0 62 0 0 0 450 -300 -15 400 -250 404 0 0 0 0 66 -1000 0 0 0 0 0 50 187 200 -125 0 324 -266 250 0 136 -75 390 -250 733 416 285 0 217 190 400 375 1000 0 -156 100 0 1000 0 101 180 0 0 66 136 0 -50 16 250 0 1000 168 1000 500 500 625 0 500 250 250 250 0 266 0 0 500 600 0 162 300 0 312 0 566 117 575 50
833 300 496 500 799 0 0 0 100 66 500 1000 0 700 500 0 0 449 750 262 400 250 738 0 0 400 0 575 800 0 0 0 0 0 187 600 500 375 0 722 700 406 1000 454 450 800 250 633 666 535 0 383 558 550 475 300 0 750 300 0 750 0 407 460 0 0 733 454 0 400 729 200 0 300 327 750 650 888 1000 0 900 200 200 200 0 408 0 0 1000 800 0 512 700 0 562 0 733 467 575 150
#EFC 2015-01-31
-99 200 0 -155 0 0 390 -250 550 500 0 0 0 0 0 0 0 0 -155 0 0 0 0 0 0 0 500 500 50 616 0 0 0 0 833 300 700 160 0 0 0 0 0 0 156 0 -155 0 -1000 466 0 0 500 0 0 0 0 0 0 0 0 0 0 0 0 0 0 0 0 0 541 0 0 200 500 0 357 500 14 300 -400 200 192 -200 166 177 183 250 -83 175 250 0 250 0 0 0 -283 0 0 0
500 200 0 288 0 0 800 250 900 1000 0 0 0 0 0 0 0 0 288 0 500 0 0 0 0 0 1000 1000 200 950 0 0 100 0 1000 900 600 539 0 0 500 0 0 0 1000 0 288 0 1000 716 0 0 600 0 0 0 0 0 0 0 0 0 0 0 0 500 0 0 0 0 733 0 0 200 888 0 535 1000 496 500 700 600 633 200 450 390 344 333 116 275 283 66 750 0 66 0 283 0 0 0
#LFC 2015-01-31
0 -375 129 500 -93 0 250 0 0 0 200 0 -250 500 100 0 0 0 400 260 -600 500 166 0 250 0 -233 -120 250 375 0 0 250 0 0 0 0 1000 0 300 0 0 0 0 -625 0 0 136 0 222 0 0 -500 0 0 216 0 300 37 0 399 -349 100 410 -600 500 399 0 600 0 400 245 327 0 625 -300 216 0 562 250 0 136 455 0 0 0 100 500 -650 68 0 341 -141 333 0 0 0 100 350 0
0 350 762 400 456 1000 383 0 0 0 300 0 250 425 625 0 0 0 900 716 1000 833 500 0 1000 0 399 760 449 750 0 0 500 0 0 0 0 300 0 450 0 0 0 0 1000 0 0 561 500 518 0 0 678 0 0 483 0 399 675 0 500 583 250 450 1000 833 500 0 737 0 900 883 438 0 600 500 362 0 600 444 0 454 588 0 0 0 200 600 900 227 0 766 258 666 500 0 0 100 650 1000
#WHUFC 2015-01-31
0 200 200 37 100 200 -100 200 200 500 0 200 200 433 200 -66 200 0 800 357 800 0 -900 50 -1000 700 0 500 -166 266 500 0 250 0 0 0 0 375 375 312 0 0 -350 0 0 -200 -250 0 -666 250 0 0 383 0 500 0 -400 0 0 0 0 0 0 0 500 500 250 0 0 -300 0 0 900 0 0 0 350 0 0 500 500 250 0 0 0 0 0 266 0 500 0 0 0 1000 250 0 0 500 0 -200
0 500 500 350 400 500 450 500 500 600 0 500 500 433 500 575 500 66 900 571 900 0 950 100 900 600 0 580 166 600 888 0 437 0 0 1000 0 500 500 333 0 0 900 0 0 100 250 0 1000 850 0 0 466 0 900 0 400 66 100 0 50 0 0 0 500 500 300 0 0 600 0 0 1000 0 0 0 462 0 0 500 1000 300 0 0 0 0 0 399 0 650 0 100 0 300 312 0 83 500 0 100
#MUFC 2015-01-31
166 0 100 0 -33 0 800 150 250 0 -400 -200 0 150 100 0 -500 -16 0 50 0 0 0 0 -500 -388 0 0 -62 0 0 250 500 -375 800 0 0 180 500 562 0 0 200 0 0 0 0 0 0 0 0 200 250 250 100 0 0 0 0 500 100 0 400 0 -224 0 400 0 500 -375 483 500 0 800 0 -200 0 1000 0 0 -600 0 166 500 500 100 0 399 250 0 0 0 0 550 0 0 283 0 500 0
277 0 200 0 427 0 400 50 250 0 400 200 0 50 200 0 1000 558 0 600 0 0 0 0 1000 833 0 0 850 0 0 200 525 375 400 0 0 600 700 250 0 0 100 0 0 0 0 0 0 0 0 300 250 333 200 0 0 0 0 833 200 0 800 0 422 1000 800 0 500 375 766 1000 433 750 0 271 0 1000 0 0 700 0 750 500 1000 200 0 566 416 1000 0 0 0 250 66 0 383 0 500 0
#LCFC 2015-01-31
800 0 100 0 0 346 0 0 0 0 0 200 0 244 208 244 0 0 0 0 0 166 400 0 200 115 700 650 0 -50 -400 1000 0 49 0 250 241 0 0 0 0 -699 700 125 0 0 0 0 0 0 0 0 500 170 -38 362 0 250 0 429 225 800 75 0 1000 0 0 -250 500 284 0 0 125 -49 0 0 0 0 170 0 0 -400 368 291 368 0 -50 450 0 0 0 0 0 0 116 379 650 0 0 312
400 0 200 0 250 638 0 0 0 66 0 325 0 322 666 322 0 0 0 0 0 666 400 1000 500 657 600 650 0 175 400 1000 0 450 1000 500 600 0 0 250 0 666 600 650 0 0 0 0 0 0 0 0 500 454 645 350 0 500 0 590 600 1000 450 0 750 0 0 900 500 363 0 0 400 750 0 0 0 0 572 0 0 400 677 533 677 0 250 550 0 1000 0 0 1000 0 250 450 650 0 0 333
#SCFC 2015-01-31
0 136 0 0 800 0 500 0 800 0 136 68 0 468 0 0 550 0 0 0 0 0 -200 0 0 0 0 250 0 0 0 -699 0 0 0 766 0 0 333 0 0 0 850 0 0 316 0 462 700 462 462 462 0 0 0 0 1000 1000 100 0 -400 495 291 0 0 0 0 0 375 0 0 0 937 0 562 0 0 0 400 875 375 0 0 136 1000 0 250 200 0 0 0 0 0 375 0 -500 0 -500 0 200
0 454 0 0 400 0 833 0 400 0 454 750 0 602 0 0 650 0 0 0 0 0 400 0 0 1000 0 500 0 0 0 666 0 0 0 750 0 0 500 100 0 0 800 0 0 616 1000 925 600 925 925 925 0 0 0 0 1000 300 400 0 400 600 533 0 1000 1000 0 0 750 0 0 0 1000 0 500 0 0 0 900 600 750 0 0 454 1000 0 288 100 0 0 0 0 0 475 0 500 0 1000 0 200
#QPR 2015-01-31
136 750 -50 0 -83 0 0 550 0 0 0 1000 50 0 0 625 127 0 0 200 250 0 400 1000 250 250 162 0 0 0 0 0 0 0 250 200 600 488 375 312 416 -53 0 100 300 900 250 0 400 100 -121 0 -83 0 700 0 500 500 0 0 0 136 0 200 0 250 0 -200 -250 0 0 250 0 200 0 -325 0 0 400 -101 100 0 200 0 0 0 0 -155 0 0 0 100 0 0 125 -400 400 0 -118 233
454 1000 150 0 750 0 0 700 0 250 0 1000 425 0 0 1000 487 0 0 362 500 0 687 300 200 200 512 0 0 0 0 0 0 0 500 362 500 250 500 333 666 296 0 500 533 900 1000 0 400 400 213 0 127 0 600 375 500 750 0 0 0 500 0 200 0 200 0 200 888 0 0 500 0 300 0 950 0 0 750 188 200 0 362 0 0 100 0 288 0 0 0 400 1000 0 500 800 450 0 296 333
#SAFC 2015-01-31
500 500 0 209 500 400 0 250 0 0 0 -300 0 400 500 0 0 312 75 0 0 250 200 0 225 0 625 -300 0 200 450 375 0 0 1000 0 0 200 -87 112 50 0 166 0 150 200 277 100 50 0 41 0 100 -400 0 0 250 277 500 0 -400 0 -400 -400 0 0 0 0 500 0 -500 50 200 250 500 350 350 350 350 166 0 800 0 0 -300 -300 150 0 0 495 0 0 0 0 0 -93 0 319 0 433
1000 500 0 748 500 800 0 200 0 0 0 200 0 800 375 0 0 333 675 0 0 1000 400 0 526 0 600 400 399 200 800 573 0 0 300 0 0 200 284 600 700 0 355 0 350 100 544 400 700 83 313 0 400 800 0 33 850 544 700 0 800 0 800 800 0 0 0 1000 1000 0 400 100 300 525 1000 500 500 500 500 566 0 400 0 0 400 400 350 0 0 600 0 0 100 0 0 283 0 444 0 605
#Clarets 2015-01-31
524 -400 700 0 0 0 250 375 312 366 0 0 0 0 0 0 0 0 0 -155 0 0 0 0 0 0 0 366 0 -250 250 100 0 466 100 -400 366 366 0 0 0 0 1000 250 300 312 600 0 366 0 0 50 0 0 500 0 0 366 366 -600 500 500 0 0 0 0 800 0 0 366 0 366 0 250 250 0 0 0 375 312 0 0 0 -50 250 366 0 0 400 0 -50 142 0 0 0 0 0 400 -100 0
772 400 600 0 0 0 200 500 333 900 0 0 0 0 0 33 0 0 0 288 0 0 0 0 0 0 0 900 0 250 250 150 0 750 150 400 900 900 400 0 0 0 300 200 300 333 700 0 900 0 66 100 0 0 1000 0 0 900 900 1000 1000 1000 0 0 0 0 750 66 0 900 0 900 0 200 200 0 0 0 500 333 0 0 0 400 500 900 0 0 200 0 400 767 0 0 0 0 0 1000 400 0
#WBA 2015-01-31
258 -131 0 68 -29 -56 433 0 0 -500 550 0 0 0 0 166 68 233 -500 -154 0 500 -71 175 250 0 -75 0 0 0 166 378 -400 400 0 0 0 0 466 400 33 216 0 0 -375 -1000 0 0 0 61 0 0 0 500 -99 260 0 0 -266 800 800 1000 371 366 -450 0 18 116 190 150 -400 0 -125 0 150 250 -350 136 -150 -400 0 400 333 0 1000 0 0 0 0 0 400 400 261 0 0 0 0 0 0 0
691 577 0 227 900 671 300 0 0 1000 700 0 0 0 0 666 352 466 500 818 0 1000 445 475 750 0 258 0 0 0 200 614 800 600 0 0 0 0 600 800 587 433 550 0 425 1000 0 0 0 253 0 0 0 500 466 260 0 0 508 400 400 300 483 700 700 0 372 522 513 266 400 0 444 0 200 1000 500 454 200 400 0 800 1000 0 400 0 0 0 0 0 800 800 472 0 0 0 0 0 0 0
#COYS 2015-01-31
-500 -55 0 0 0 0 285 0 0 0 0 0 -312 -732 250 0 0 0 0 0 0 750 0 0 312 0 800 0 91 0 750 0 0 0 0 0 0 0 166 142 250 -200 400 0 -200 0 0 0 0 500 0 600 250 -383 188 0 0 0 -166 333 7 0 1000 0 0 0 250 0 850 0 1000 300 0 325 366 150 0 0 -200 0 -200 300 0 250 -56 0 0 500 0 500 0 0 25 500 200 800 0 0 0 -359
900 355 0 1000 0 0 535 95 0 0 0 562 687 600 750 0 0 0 0 0 0 1000 1000 1000 875 0 900 0 538 0 1000 0 0 0 0 0 0 0 166 301 250 900 700 0 250 1000 0 0 0 625 0 1000 1000 483 700 0 0 33 166 533 371 0 300 0 1000 0 333 0 1000 0 300 300 0 725 433 600 0 0 100 0 233 575 0 533 188 0 0 475 1000 600 0 0 600 900 900 400 0 0 0 613
#hcafc 2015-01-31
800 0 100 0 0 100 0 250 0 250 600 1000 0 0 0 1000 -400 125 158 150 -350 0 -600 -333 500 170 0 -500 0 200 0 0 0 0 0 -15 700 -275 -93 -125 0 500 -1000 0 -131 -131 0 200 0 0 -300 250 0 450 800 -214 150 140 -125 0 0 -145 -156 -937 0 0 199 0 237 350 350 68 333 500 160 266 -156 125 0 800 0 -62 800 137 237 0 0 0 0 0 500 375 0 300 0 0 0 187 400 0
1000 0 1000 0 0 100 0 333 0 333 900 1000 200 0 0 875 850 400 799 300 500 0 1000 666 475 454 0 400 0 200 0 0 0 0 0 150 600 700 634 125 0 650 900 0 450 450 0 100 0 0 600 1000 0 950 1000 353 300 330 375 0 0 270 393 1000 0 0 583 0 544 350 350 352 562 500 539 399 393 300 0 900 0 187 900 450 500 0 0 0 0 0 500 416 66 516 0 0 0 266 875 0
#NUFC 2015-01-31
800 -800 -233 0 0 400 250 200 136 308 500 0 976 0 0 0 -108 0 233 0 1000 250 0 166 -333 68 0 200 850 607 0 0 0 0 0 250 33 0 600 0 0 0 0 -133 -229 381 0 200 0 262 0 0 0 0 0 -800 0 266 -333 0 -416 0 0 357 0 0 0 0 0 0 200 200 87 800 1000 500 -333 0 0 500 800 500 900 0 -383 -333 144 500 350 416 12 166 0 100 375 -500 0 0 -187 0
400 800 733 0 150 950 300 200 500 516 150 0 800 100 100 0 297 0 388 0 1000 250 0 600 666 227 0 100 550 435 0 0 0 0 1000 283 75 0 650 0 0 0 0 322 520 488 0 100 0 506 0 0 0 0 0 1000 0 300 666 0 666 0 0 535 0 0 0 125 0 0 100 300 162 900 300 500 666 0 0 625 900 475 1000 0 616 666 613 400 183 211 187 500 0 566 625 400 0 0 479 0
#EFC 2015-01-19
0 600 625 0 0 0 0 0 0 0 -200 0 0 0 0 0 0 0 0 0 0 0 0 0 228 200 -600 200 -600 0 0 1000 0 0 0 0 0 0 0 0 0 100 0 0 0 0 0 0 0 0 0 0 0 0 0 0 -200 0 0 0 0 0 0 200 0 282 0 0 0 0 399 0 0 1000 0 -66 0 0 0 0 0 100 136 0 500 0 650 0 -150 0 -400 -400 -400 -400 258 200 0 0 277 766
0 1000 1000 0 0 0 0 0 0 0 400 0 0 0 0 0 0 0 0 0 0 0 0 0 311 500 1000 500 1000 0 0 1000 0 0 0 33 0 0 33 0 0 100 0 0 0 0 0 0 0 0 0 1000 0 0 0 0 200 0 0 0 0 0 100 300 0 625 0 0 0 0 800 0 0 1000 0 166 0 0 0 0 0 200 500 0 500 0 1000 0 300 0 400 400 400 400 358 200 0 0 422 666
#WBA 2015-01-19
0 0 -155 0 0 0 199 100 600 136 0 -1000 0 0 0 0 400 0 600 -166 0 0 0 0 350 0 494 500 385 0 800 173 0 350 222 0 375 -125 -50 0 0 500 800 0 70 300 -300 0 166 0 100 33 0 136 -250 0 -400 -400 -400 -400 -300 0 0 0 0 -66 -200 0 500 -400 -599 446 -266 427 -77 976 0 0 0 400 400 0 0 0 0 395 500 520 0 300 350 -50 0 0 0 28 50 700 0 -285
0 0 288 0 0 0 833 550 300 454 0 1000 777 0 0 0 350 0 800 433 0 0 0 0 300 0 1000 600 790 0 750 273 0 400 388 0 200 625 400 0 0 1000 400 0 566 800 950 0 333 0 100 533 0 454 250 100 400 400 400 400 600 0 0 0 0 755 800 0 150 400 833 535 474 351 144 500 100 233 100 700 256 0 0 0 1000 568 500 500 0 500 300 400 0 0 0 345 533 600 125 496
#MCFC 2015-01-18
0 800 -500 0 -125 0 0 800 0 0 166 -450 -450 0 1000 250 142 333 433 -116 1000 1000 0 200 0 0 800 800 450 433 500 0 0 800 0 0 0 1000 0 0 0 0 800 0 0 200 0 120 0 0 1000 800 -32 87 0 0 0 500 0 0 0 0 0 0 0 0 800 200 -200 200 -32 -188 0 0 116 0 0 0 200 0 500 0 0 0 0 0 0 200 0 0 500 0 400 1000 125 -100 468 468 468 0
0 1000 1000 750 375 0 0 1000 0 0 333 450 650 0 1000 1000 567 583 944 799 1000 1000 200 300 0 0 1000 1000 650 944 650 0 0 1000 0 0 0 300 0 0 0 62 1000 0 0 400 0 580 0 0 1000 1000 619 187 0 800 0 1000 0 0 0 0 0 125 0 0 700 900 1000 600 619 213 0 800 416 100 100 0 500 0 500 0 0 0 0 25 0 500 0 100 1000 0 500 1000 300 500 427 427 427 0
#AFC 2015-01-18
0 -400 399 0 0 -200 -400 0 -500 -100 0 0 0 100 0 400 177 468 0 0 136 0 0 500 0 0 0 0 0 0 0 0 0 0 0 350 0 216 0 0 0 0 0 0 200 0 0 500 200 -200 437 0 -125 468 0 250 0 -300 300 0 -100 800 0 -244 1000 0 0 500 0 0 449 0 -400 0 200 0 199 600 200 200 600 0 0 0 600 0 0 0 600 600 600 200 200 200 200 1000 142 100 112 -31
0 600 829 0 0 400 400 0 1000 200 1000 750 0 400 0 1000 388 577 0 0 454 0 0 500 0 0 300 0 0 0 125 125 300 0 0 575 0 411 0 125 125 125 125 0 500 0 0 650 300 400 250 100 187 602 0 350 0 850 700 0 50 900 0 377 300 0 125 500 0 0 400 0 400 0 400 0 350 700 500 600 700 0 0 0 700 0 0 0 700 700 700 500 500 600 600 400 267 450 451 377
#WHUFC 2015-01-18
357 0 0 0 0 -327 800 1000 0 345 0 0 250 0 -250 136 250 -178 475 937 -232 1000 500 312 0 0 0 200 700 412 492 0 166 0 500 437 0 100 136 400 350 0 66 475 1000 0 400 0 475 250 0 0 475 800 449 475 0 195 500 66 475 136 475 0 1000 0 0 -400 0 0 166 0 83 33 0 133 16 350 371 136 0 458 400 325 0 0 0 0 0 136 0 0 0 0 100 250 0 250 0 0
571 0 0 0 0 644 1000 300 0 418 0 0 500 0 183 454 300 285 400 450 371 900 500 333 0 0 0 200 600 400 667 0 333 1000 150 800 0 400 454 950 533 0 533 400 900 0 450 0 400 500 0 0 400 900 750 400 0 600 888 399 400 454 400 0 300 0 0 400 0 0 366 0 166 433 0 600 144 800 558 454 0 762 950 479 0 0 0 0 0 454 0 66 0 0 400 333 0 283 0 0
#hcafc 2015-01-18
200 0 -750 0 -400 0 200 -500 0 0 0 0 500 -178 525 -183 -500 0 0 -400 0 0 136 0 0 0 166 250 -388 -200 0 0 900 687 -100 0 0 -155 0 0 -104 0 0 0 0 0 250 -208 0 -93 0 0 0 0 0 200 0 0 0 -300 1000 1000 82 68 250 0 0 0 0 0 200 400 0 0 0 -200 -500 200 0 200 -131 -131 0 -47 0 0 -400 200 0 0 0 0 0 0 0 0 -87 0 250 136
200 0 1000 0 400 0 500 1000 0 0 0 0 500 285 500 391 300 0 0 400 0 0 454 0 0 0 166 333 833 100 0 0 1000 750 500 0 0 288 400 0 354 0 0 0 0 0 450 166 0 633 288 288 0 1000 0 500 0 0 0 950 1000 1000 203 750 450 0 0 0 0 0 500 1000 0 0 0 333 562 300 125 200 450 450 0 591 0 0 600 566 0 0 0 1000 0 0 0 0 300 500 450 500
#NUFC 2015-01-17
400 0 0 136 0 0 0 0 0 0 0 0 0 400 -166 0 -500 0 0 0 0 0 0 0 0 0 0 0 800 136 200 0 200 0 0 0 200 200 200 0 0 0 0 0 0 0 200 0 0 0 0 0 0 0 300 0 -214 0 600 0 0 675 600 0 -25 0 0 200 0 200 199 0 0 0 200 700 0 214 0 0 100 625 243 0 -300 399 -333 258 0 0 0 0 0 0 375 0 0 133 800 1000
700 0 0 454 0 0 0 0 0 0 0 0 0 900 166 0 875 0 0 0 0 0 0 0 0 0 0 0 400 454 100 0 100 0 0 0 100 100 100 0 0 0 0 0 0 0 100 0 0 0 0 0 0 0 100 0 857 0 1000 0 0 1000 1000 0 525 1000 0 100 0 100 850 0 0 0 900 900 0 571 0 0 0 625 552 0 200 366 666 300 0 0 0 0 0 0 944 0 50 458 900 300
#SaintsFC 2015-01-17
363 0 200 200 100 250 0 16 0 335 0 800 0 500 0 0 0 0 -250 250 -83 250 208 625 300 208 400 559 400 -300 156 0 437 0 200 0 0 0 500 0 800 0 375 312 637 462 250 -156 55 216 800 909 50 270 350 -75 0 0 136 0 400 0 0 0 -600 0 -244 325 68 0 0 -83 0 0 285 -695 -175 -100 0 0 68 0 -416 1000 136 0 136 0 0 0 170 -100 215 0 0 0 516 0 500 0
311 0 300 300 200 500 0 311 0 602 0 750 0 183 0 0 0 0 450 312 83 200 666 888 0 666 541 608 437 600 583 0 566 0 400 0 0 0 1000 0 750 0 500 333 494 458 525 200 255 324 400 780 162 916 477 550 0 1000 500 0 900 0 66 0 650 0 400 454 250 0 0 83 0 0 233 900 450 200 0 0 450 0 783 750 500 0 500 0 0 0 500 450 738 500 0 0 716 0 1000 0
#AVFC 2015-01-17
800 0 100 0 136 33 0 0 0 0 0 0 500 300 0 224 0 0 0 -600 0 0 200 0 0 0 700 0 250 0 0 -200 0 0 0 0 0 0 0 200 0 0 0 0 0 0 350 350 0 0 0 -125 0 0 -400 -111 0 0 300 700 300 130 0 -533 66 781 -147 442 400 430 -400 -400 -400 0 0 350 0 0 100 0 0 0 500 0 0 -42 160 68 -125 136 -400 8 625 -62 0 0 -400 -400 333 321
400 0 200 0 454 616 125 0 0 125 125 125 1000 700 0 716 0 0 750 900 66 0 300 0 66 0 600 0 250 0 0 950 0 0 0 0 0 0 0 200 0 0 0 0 0 0 300 300 0 0 0 944 0 0 400 588 0 0 100 600 500 770 0 799 163 600 525 767 700 570 700 700 700 0 0 362 0 250 400 0 366 0 600 0 0 253 539 727 375 454 400 312 600 687 0 0 400 700 533 522
#LFC 2015-01-17
-99 1000 800 168 136 103 0 78 446 200 0 158 400 -200 0 0 0 0 0 1000 400 0 135 -238 0 0 0 -500 0 0 136 0 78 0 325 0 800 296 0 40 369 200 325 350 0 0 0 0 250 -66 512 350 213 0 200 0 214 0 449 0 166 0 500 200 0 0 250 0 0 250 0 250 -486 250 0 500 500 0 0 0 0 0 0 -300 0 0 500 45 400 400 400 0 0 0 0 0 316 -33 0 -500
583 1000 750 377 454 262 0 251 535 200 0 625 900 350 0 0 0 0 0 300 400 0 328 399 0 0 0 1000 0 0 454 0 184 0 562 66 1000 408 0 305 426 300 470 244 0 0 0 0 500 400 550 449 522 0 300 0 571 66 400 0 333 0 1000 399 0 0 250 0 0 700 0 250 833 750 500 700 833 0 0 0 0 0 0 400 0 0 500 366 500 500 1000 0 0 0 0 0 300 433 0 900
#Clarets 2015-01-17
200 200 0 0 250 375 375 312 150 536 350 300 0 500 800 0 0 0 -114 -114 0 0 0 0 800 366 1000 0 0 -400 500 0 0 0 0 0 0 0 68 -131 0 -66 0 0 800 800 800 800 0 0 0 -600 800 250 425 0 0 0 0 136 0 0 0 425 800 425 -66 0 -200 0 425 0 0 0 375 312 976 300 -400 600 600 0 125 0 0 0 0 0 0 0 0 0 0 0 0 675 0 -562 0 0
300 300 0 0 200 500 500 333 675 576 350 0 0 150 400 0 33 0 427 427 0 0 0 0 1000 466 400 0 0 550 888 0 0 0 0 0 0 0 227 427 0 155 0 0 400 400 400 400 0 0 0 700 400 200 575 0 0 0 0 500 0 0 0 575 750 575 783 0 400 0 575 0 100 100 500 333 1000 475 800 950 950 0 166 0 0 0 0 0 0 0 0 0 0 100 0 425 0 650 0 0
#CPFC 2015-01-17
0 0 -500 -500 0 0 0 200 -500 -500 200 -500 -500 -500 -500 0 0 0 0 0 -166 -500 -155 0 528 500 0 -150 0 875 136 0 0 -93 500 0 0 250 0 250 250 295 0 0 -155 -155 0 0 0 350 125 800 800 -250 500 0 0 0 0 0 0 0 0 0 0 0 250 175 800 800 0 850 0 0 0 0 0 0 0 0 0 300 0 312 800 0 0 0 500 0 0 375 312 0 0 0 100 -102 400 0
0 0 300 300 0 0 0 300 300 300 300 300 300 300 300 1000 0 944 0 0 333 300 288 0 567 400 0 600 0 600 454 0 0 375 900 0 0 500 0 200 200 649 0 0 288 288 0 0 0 400 900 400 400 400 500 0 0 0 0 0 0 0 0 0 0 0 750 150 400 1000 0 700 0 0 0 0 0 0 0 0 0 222 0 200 400 0 0 0 500 0 0 500 333 0 0 0 0 594 650 0
#LCFC 2015-01-17
0 0 200 200 200 0 0 0 0 0 0 150 0 375 0 0 0 211 700 -500 0 0 0 0 200 224 0 0 0 366 0 0 136 300 100 0 0 0 0 0 0 0 0 0 0 324 0 -49 0 0 0 175 0 175 -83 75 250 0 0 0 900 0 0 0 0 0 0 0 0 0 0 0 0 62 0 0 0 -312 650 314 175 0 0 244 75 0 400 -400 0 0 -625 24 200 24 0 -166 700 0 175 -155
0 0 300 300 500 0 250 0 0 0 0 199 0 944 0 0 0 388 600 299 0 0 0 0 300 325 0 66 0 433 0 0 454 750 400 0 0 0 0 0 0 0 0 0 500 800 0 450 0 0 0 775 0 775 216 375 944 0 0 0 1000 0 1000 0 66 0 0 0 0 0 0 0 0 150 0 0 0 687 450 571 775 0 0 433 375 0 400 700 0 0 1000 900 750 900 0 166 600 0 525 288
#SCFC 2015-01-17
0 -400 0 0 200 0 0 0 0 0 0 0 0 68 -93 0 0 0 0 0 0 250 0 650 0 0 0 0 0 224 0 500 0 0 0 0 500 285 700 0 250 0 0 -125 0 0 166 0 0 0 0 700 462 0 450 0 0 0 0 100 0 700 0 0 0 -200 462 462 462 462 462 462 462 462 462 0 0 0 200 100 0 100 0 0 0 800 0 0 650 400 650 0 0 0 66 200 200 200 700 0
0 400 0 0 300 0 0 0 0 125 0 0 0 277 375 0 0 0 0 0 300 875 0 875 0 1000 0 0 0 325 0 500 0 0 0 0 833 535 600 0 1000 0 0 375 0 0 166 0 0 0 0 900 925 0 500 0 0 0 0 300 0 600 0 550 0 50 925 925 925 925 925 925 925 925 925 0 0 0 100 400 0 50 0 0 0 750 0 0 625 900 550 0 0 0 600 100 100 100 900 0
#QPR 2015-01-17
0 0 0 500 448 0 937 -500 0 200 200 0 0 1000 136 136 333 250 170 0 0 0 0 100 0 0 250 500 0 0 0 1000 -500 0 -125 0 0 0 800 900 900 181 99 0 0 131 -400 600 100 0 1000 1000 0 355 900 375 312 0 0 0 800 0 0 -131 0 -166 0 -388 33 0 0 224 224 0 500 33 500 5 0 250 1000 600 0 0 750 99 99 0 187 0 588 500 0 150 16 311 0 433 175 0
0 0 0 500 362 0 900 299 0 300 300 0 0 300 454 454 500 500 454 0 0 0 0 800 0 0 200 500 0 0 0 900 299 0 375 0 0 0 400 1000 1000 492 433 0 0 525 600 1000 500 0 300 300 100 555 1000 500 333 0 0 0 750 0 0 450 500 166 0 833 641 0 66 325 325 0 500 641 500 437 562 1000 900 900 100 0 900 966 966 0 375 0 655 625 0 400 616 622 0 733 600 100
#MUFC 2015-01-17
0 0 -100 375 0 0 0 640 700 125 0 0 0 500 0 0 69 0 500 450 0 700 -350 0 600 0 0 118 250 -300 0 800 0 0 0 0 0 0 0 800 500 0 0 -166 500 0 0 1000 500 0 0 0 -300 0 0 0 0 -500 0 136 200 -500 199 0 800 318 0 0 -199 -49 0 0 0 -350 0 0 500 -150 516 1000 181 0 0 0 0 0 0 0 0 0 136 0 500 0 500 0 0 0 0 136
1000 0 100 475 0 0 125 625 600 200 0 0 0 900 0 0 347 100 1000 966 0 600 641 0 1000 0 0 427 250 600 0 700 0 0 0 0 0 0 0 400 750 0 1000 166 500 0 0 1000 500 0 300 0 400 0 0 0 0 900 0 454 300 900 533 0 750 677 0 0 766 233 0 0 0 600 0 0 900 800 549 1000 429 0 0 0 1000 0 0 0 0 250 454 0 500 0 500 0 0 0 0 454
#Swans 2015-01-17
145 0 200 0 0 0 0 0 -97 0 0 0 375 0 200 0 0 0 0 100 0 0 700 0 0 0 0 0 0 0 0 300 0 500 0 0 0 0 0 0 0 154 0 0 0 0 0 0 375 375 312 133 0 0 0 0 500 166 650 0 500 500 0 0 0 0 -200 500 0 0 0 0 700 0 285 800 0 0 -100 700 -187 0 378 0 700 -66 200 0 -66 0 0 366 99 0 285 0 1000 285 0 0
500 0 300 0 0 0 0 0 644 0 0 0 475 0 200 0 0 0 0 400 0 0 600 0 0 0 0 0 0 0 0 400 0 500 0 0 0 0 0 0 0 366 0 0 0 0 0 0 500 500 333 375 0 0 0 0 1000 166 875 0 500 500 0 100 0 0 250 500 0 0 0 0 900 0 535 750 0 0 450 900 500 100 651 0 900 433 300 0 500 850 0 600 591 0 535 66 300 535 0 0
#CFC 2015-01-17
0 1000 0 0 0 0 0 0 0 0 0 0 0 0 0 0 316 100 200 0 100 200 0 0 0 0 500 500 0 0 500 0 0 312 -333 0 0 500 0 0 0 1000 0 1000 166 0 500 0 0 200 0 200 0 200 200 0 0 0 500 0 250 0 700 0 0 468 0 0 0 0 225 -100 600 0 0 0 0 0 200 1000 500 0 200 0 175 28 0 0 250 0 0 0 0 0 0 0 0 0 750 0
0 300 0 0 0 0 0 0 0 0 0 0 0 0 0 0 549 150 300 0 150 300 0 0 0 0 900 750 0 0 350 0 0 500 666 0 0 900 0 0 0 600 0 300 750 0 500 0 0 300 0 300 0 300 300 0 0 0 500 0 500 0 600 0 0 602 0 100 0 0 450 300 591 0 0 0 0 0 300 300 700 0 300 0 525 584 0 0 500 0 0 0 0 0 0 0 0 0 1000 0
#COYS 2015-01-17
0 0 525 380 450 468 1000 0 0 166 0 633 136 0 0 0 500 214 100 0 0 0 200 675 0 0 700 -400 200 0 200 0 200 0 -400 500 500 200 0 0 750 136 0 0 0 0 335 500 0 500 625 216 136 800 200 1000 650 -57 -208 0 0 391 0 -166 0 166 0 976 0 250 0 0 0 500 800 0 0 0 625 0 0 0 250 250 200 537 -1000 0 900 0 37 50 -187 0 500 0 600 0 800 750
0 0 324 750 400 750 700 0 0 666 0 633 454 0 0 0 500 571 300 0 0 0 200 475 100 0 600 400 100 0 200 0 100 0 400 1000 700 900 0 1000 800 454 0 0 0 0 677 1000 0 1000 500 272 454 750 900 1000 500 307 166 0 0 541 0 333 0 233 0 600 0 333 0 0 0 500 1000 0 0 1000 888 0 500 0 655 300 200 450 1000 0 875 100 312 162 500 0 1000 0 950 0 700 800
#SAFC 2015-01-17
-500 -500 -500 0 -500 150 800 -50 0 0 125 -500 -87 -500 300 500 0 0 -300 33 -83 300 0 0 250 -62 0 0 100 0 0 0 350 -99 568 449 345 1000 250 250 0 -50 0 21 0 0 0 0 -300 87 600 0 900 250 500 0 500 0 0 -38 700 0 0 -266 0 525 800 1000 0 -500 0 250 375 312 0 1000 466 0 600 700 435 -312 1000 0 200 100 0 0 -193 0 0 0 0 0 800 0 0 0 0 0
300 300 300 0 300 200 900 200 0 0 900 300 237 300 0 888 0 0 100 466 216 0 0 0 300 450 0 0 900 0 0 0 550 875 377 400 484 300 200 200 0 400 0 473 1000 0 0 416 450 950 250 0 775 562 212 0 850 0 0 322 600 0 0 300 0 324 900 900 0 600 0 333 500 333 0 450 500 0 800 750 527 800 300 0 300 200 0 0 233 0 0 0 0 0 900 0 0 0 0 500
#MUFC 2015-01-11
-155 850 83 0 16 0 200 0 0 766 0 800 900 168 0 800 1000 0 0 450 0 0 0 0 800 136 0 0 136 0 400 318 400 318 318 318 318 0 318 318 318 318 318 318 318 318 318 318 318 318 0 300 0 800 800 0 0 250 0 200 250 250 278 0 1000 0 66 0 136 0 0 -200 400 -375 0 0 48 0 400 0 0 0 0 0 0 0 -27 800 700 0 1000 0 0 136 0 0 0 0 -133 0
288 1000 666 0 600 250 300 0 0 483 1000 400 1000 327 0 1000 300 0 0 566 0 0 0 0 400 454 0 0 454 366 375 643 400 643 643 643 643 0 643 643 643 643 643 643 643 643 643 643 643 643 0 600 0 200 400 0 0 500 0 300 300 300 529 0 1000 0 300 0 454 0 0 200 800 600 0 0 329 0 400 0 0 0 1000 0 0 0 344 1000 600 0 300 0 100 454 0 0 0 0 688 0
#SaintsFC 2015-01-11
-155 433 0 366 -200 -500 312 250 400 66 0 625 0 800 0 0 0 22 0 400 166 400 349 0 166 550 700 0 0 0 142 0 136 0 25 0 0 250 0 0 900 0 0 289 136 100 400 0 0 0 0 50 0 100 250 0 750 0 675 875 500 375 312 750 0 0 125 0 0 0 250 0 0 -49 0 0 400 300 -250 0 0 400 0 100 0 0 0 500 300 325 0 0 200 400 400 468 0 0 100 0
288 1000 0 750 200 1000 800 500 800 494 0 466 0 750 0 0 0 394 0 400 633 400 666 0 633 250 600 0 0 0 267 0 454 100 675 0 0 200 0 0 1000 0 700 492 454 1000 575 0 0 0 0 162 0 200 333 250 900 0 750 600 500 500 333 600 1000 116 133 0 0 0 333 0 0 533 0 0 800 500 233 0 0 800 0 200 0 0 0 500 500 637 0 0 400 233 233 602 0 0 200 0
#AFC 2015-01-11
375 0 0 0 0 400 0 136 0 0 0 -200 -200 -200 -200 585 -100 -99 0 0 0 255 -293 0 0 0 -50 0 0 0 0 0 0 700 0 0 1 0 0 358 -375 900 0 -149 300 -937 0 449 -200 53 181 0 170 222 0 800 468 0 0 0 0 0 0 0 0 0 -500 394 0 0 400 0 -187 0 0 0 166 -30 0 600 0 -30 800 0 0 0 -250 -100 0 200 0 0 0 0 0 0 0 0 0 0
500 0 0 0 100 800 100 454 0 0 0 200 200 200 200 750 100 333 0 0 0 688 450 0 0 0 900 0 0 0 0 0 0 600 0 0 332 0 0 641 600 700 0 700 650 800 0 450 500 525 274 0 454 555 0 200 602 0 541 0 0 66 66 0 0 0 400 571 0 0 450 0 375 0 0 0 400 247 0 1000 0 247 1000 0 0 0 500 25 0 300 0 0 0 0 0 0 0 0 1000 1000
#SCFC 2015-01-11
544 400 -500 -325 -110 -500 172 0 0 0 0 0 0 229 0 589 0 0 0 160 0 0 0 0 0 0 700 0 0 400 0 136 1000 0 0 0 225 0 0 0 0 0 800 0 154 136 1000 0 300 -400 136 500 400 416 0 0 100 500 0 0 0 0 268 0 0 800 136 0 0 700 0 250 0 100 0 100 136 400 -291 400 0 0 0 0 0 0 400 100 500 100 0 0 0 0 0 0 -500 250 -500 0
633 800 700 644 777 700 394 0 0 0 0 0 0 511 0 743 0 0 0 539 0 0 0 0 0 0 600 100 0 800 0 500 300 0 0 0 650 0 0 0 0 0 400 100 566 500 1000 0 0 400 454 500 800 500 0 533 100 250 125 0 0 0 427 0 0 400 454 0 0 600 0 333 0 200 0 400 454 1000 541 1000 0 0 0 0 0 0 400 900 600 900 566 0 0 0 0 0 500 250 500 0
#CPFC 2015-01-10
150 193 0 1000 0 0 0 0 0 0 0 0 0 -400 0 250 500 652 -400 -388 468 285 200 -431 0 -431 -431 0 -77 -431 0 318 136 0 0 0 250 250 0 250 700 303 0 -62 0 0 0 0 0 800 800 800 800 800 -100 350 0 350 387 0 500 375 312 600 625 800 359 0 0 0 0 0 0 100 0 0 -75 0 500 0 0 0 -131 333 400 0 0 116 250 570 318 -400 25 0 0 0 0 -62 0 0
450 393 0 300 0 0 0 125 0 125 125 0 0 400 0 333 500 678 400 833 750 535 539 727 1000 727 727 66 144 727 0 577 454 0 0 0 200 200 1000 333 700 425 500 187 0 0 0 0 0 900 900 900 900 900 400 350 0 933 720 0 900 500 333 900 1000 750 541 0 0 0 0 0 400 1000 0 0 316 0 500 300 0 0 427 833 900 0 0 500 333 694 477 400 550 0 0 0 0 433 0 0
#COYS 2015-01-10
0 0 357 -8 400 0 0 0 0 0 0 0 750 -800 0 450 -300 800 600 1000 -75 900 500 700 225 -300 0 0 0 245 500 750 0 750 500 0 330 0 750 0 266 0 600 400 0 0 750 350 458 200 0 0 0 -1000 500 300 250 0 375 166 0 233 -250 400 0 68 0 350 -100 0 350 915 500 -291 100 0 600 228 0 0 0 875 399 0 500 250 750 0 700 800 937 400 750 780 -437 225 125 0 1000 -255
0 0 571 375 625 100 0 0 500 0 0 0 1000 900 0 600 400 400 916 1000 225 900 600 800 366 600 0 0 0 600 600 1000 0 1000 1000 0 700 0 1000 0 350 0 1000 425 0 0 1000 700 666 500 0 0 300 1000 375 575 333 0 944 500 0 233 533 375 100 477 0 300 300 0 300 750 1000 541 150 0 883 495 0 0 0 800 366 0 1000 250 1000 0 600 750 1000 800 1000 1000 833 200 187 0 750 911
#Clarets 2015-01-10
250 250 0 312 -400 0 0 0 0 0 0 0 0 -200 0 1000 0 0 400 500 0 0 0 500 500 100 0 0 0 0 0 0 0 0 0 0 0 0 0 133 0 0 0 0 0 0 0 500 500 500 0 500 375 312 0 0 0 150 500 0 200 0 0 300 0 0 0 400 0 0 0 0 0 0 0 -100 -100 -291 200 250 375 312 0 0 0 0 0 0 50 162 0 0 0 0 0 0 0 0 800 0
200 200 0 333 400 0 0 0 0 66 0 0 0 100 0 750 0 0 450 500 0 0 0 500 500 400 0 0 0 0 0 0 0 0 0 0 0 0 0 400 100 1000 200 0 0 0 0 500 500 500 0 833 500 333 0 0 0 150 1000 0 262 0 1000 100 0 0 0 1000 0 0 0 0 0 0 0 200 200 541 100 200 500 333 0 500 0 0 0 0 100 618 0 0 500 0 0 0 0 0 750 0
#QPR 2015-01-10
0 178 0 600 0 0 0 0 0 0 0 -250 300 0 0 500 0 0 250 250 0 0 375 0 0 -262 800 0 0 100 800 0 400 234 -57 0 125 0 375 312 0 0 0 0 0 0 0 0 0 100 500 0 0 0 112 -250 0 -400 400 0 -100 -71 800 0 0 0 1000 0 27 -12 800 0 0 800 133 -50 0 0 -250 500 800 0 0 0 100 -25 0 0 -500 -250 300 0 50 0 0 0 0 0 0 0
0 535 0 950 1000 0 0 0 0 0 0 500 700 0 0 1000 0 0 200 200 0 0 550 1000 0 537 750 0 0 400 750 0 400 550 648 0 533 0 500 333 0 0 0 0 0 0 0 0 0 400 525 0 0 0 250 458 0 400 600 0 400 214 750 0 0 0 1000 0 277 600 1000 0 0 1000 216 400 0 0 250 600 900 0 0 0 400 16 0 0 500 300 700 0 100 0 500 0 33 0 0 0
#CFC 2015-01-10
0 0 0 0 0 0 0 0 -30 -200 0 -155 0 -200 650 0 0 0 0 0 0 0 500 416 0 0 0 1000 0 300 -250 0 -75 0 600 125 0 383 0 -600 0 0 0 0 400 750 29 450 500 400 0 -357 0 0 0 699 0 437 -150 0 0 0 0 0 0 -400 0 608 214 0 0 0 0 0 0 0 0 0 0 0 0 50 33 0 250 200 0 266 0 558 312 0 250 0 200 0 0 0 0 0
0 0 0 0 0 0 0 0 247 400 0 288 0 1000 750 0 0 0 0 0 1000 0 600 583 0 0 0 300 0 441 562 0 450 300 900 744 0 683 62 1000 0 0 0 0 500 750 430 933 500 800 0 678 0 0 0 600 0 650 537 0 0 100 0 0 0 600 0 641 428 0 0 0 0 0 0 0 0 0 500 0 0 350 550 0 300 200 0 400 0 535 750 0 500 0 100 0 0 0 0 0
#NUFC 2015-01-10
500 20 400 0 136 125 22 136 500 136 0 0 -433 0 0 0 0 500 0 0 136 250 0 312 976 -375 0 0 0 0 -500 22 268 558 -11 -600 0 -227 700 -500 -166 166 0 0 -388 0 0 -500 600 0 0 100 0 285 100 0 0 166 50 -155 412 -50 0 500 0 228 0 0 136 -275 600 275 0 100 0 0 136 0 -194 0 -116 0 199 -62 -155 200 -200 500 295 400 316 0 0 400 -155 -155 0 333 300 37
850 516 700 0 454 383 533 454 750 454 0 0 600 0 0 0 0 500 0 0 454 500 125 333 800 774 0 0 0 0 1000 533 427 483 520 950 0 394 600 1000 66 333 0 0 833 0 0 1000 900 0 0 383 0 535 750 0 0 250 241 288 500 400 0 600 0 311 0 0 454 900 900 362 0 383 0 0 454 1000 288 0 533 0 275 351 288 516 0 850 616 900 483 0 0 800 288 288 0 600 500 343
#EFC 2015-01-10
650 0 -400 0 0 0 400 -750 0 283 0 0 0 0 0 199 0 -75 -75 -75 -75 0 0 400 0 0 0 0 0 -100 0 0 -75 199 0 500 0 -50 0 1000 0 0 -400 0 0 0 0 0 0 0 0 0 0 -11 -11 0 -99 250 200 0 0 0 0 104 250 0 136 700 0 0 0 0 100 0 250 343 450 250 0 365 -131 0 400 0 402 700 0 1000 0 -250 -65 0 0 55 -400 300 0 205 0 -225
1000 0 400 0 0 0 800 1000 0 600 0 0 0 0 0 533 0 50 50 50 50 0 0 400 0 650 0 0 0 100 0 0 50 333 0 500 0 400 0 300 0 0 400 0 0 0 0 0 0 0 0 0 0 277 277 0 1000 500 100 0 0 0 0 520 250 0 500 600 0 0 0 0 400 0 550 487 650 750 0 538 427 0 450 0 600 600 0 600 0 500 538 0 0 716 400 433 0 436 0 150
#MCFC 2015-01-10
0 0 0 0 500 0 -500 -100 125 0 0 500 0 0 500 0 0 450 900 250 0 136 250 608 0 0 0 0 400 0 0 283 600 558 100 0 0 0 0 0 -100 0 0 0 0 0 0 0 200 800 0 0 0 500 99 0 0 250 0 0 0 0 268 0 166 1000 200 0 0 0 0 136 0 268 350 600 0 0 525 400 0 0 400 0 0 0 125 0 800 500 -500 500 -400 0 0 0 500 500 500 700
0 0 0 0 500 0 766 200 150 0 0 833 0 0 833 0 0 933 900 625 0 454 500 641 0 0 0 0 450 0 0 766 550 535 383 0 0 0 0 0 400 0 0 0 0 0 0 0 500 1000 0 0 1000 500 66 0 0 1000 0 0 0 0 727 0 250 1000 500 0 0 0 0 454 0 727 350 900 0 0 600 200 0 0 1000 0 0 0 150 0 1000 500 1000 500 400 0 0 0 500 500 500 549
#LCFC 2015-01-10
0 0 0 318 0 0 0 450 50 812 0 214 0 250 0 51 0 1000 0 0 0 0 0 0 0 0 0 0 500 0 250 500 0 500 0 600 1000 0 500 80 345 -70 -625 49 0 -50 350 0 500 700 -50 0 0 0 0 0 0 366 0 900 -400 344 875 400 0 0 0 500 200 0 250 -77 0 0 0 0 0 -166 250 0 0 0 0 444 0 0 0 -166 -166 375 0 0 -9 -699 0 0 0 500 0 0
0 0 0 643 0 0 0 500 750 700 0 296 0 500 0 484 0 1000 0 125 0 0 0 1000 0 0 0 0 833 0 250 888 0 833 1000 900 1000 500 833 303 651 216 1000 450 0 0 462 562 500 600 0 0 0 0 0 0 0 366 0 1000 400 344 600 800 0 0 0 500 200 0 550 177 0 0 0 250 0 500 250 0 0 0 0 571 0 0 133 500 66 416 250 0 371 666 0 0 0 600 0 0
#AVFC 2015-01-10
250 500 233 0 166 0 0 500 0 233 0 300 0 700 0 500 0 0 0 0 0 0 0 0 0 0 0 0 0 500 166 0 362 700 625 0 350 0 0 208 0 -75 112 0 0 437 67 0 500 0 0 0 49 49 -63 0 0 0 231 150 0 0 136 0 390 0 350 625 400 0 350 400 0 0 0 66 0 0 0 45 149 -266 0 800 0 500 0 90 300 0 0 312 62 200 -100 -474 0 0 0 0
500 1000 600 0 250 0 0 500 0 266 0 550 0 600 0 500 0 0 0 0 500 0 0 0 0 0 0 0 66 500 250 0 650 600 500 500 550 47 0 250 0 644 512 0 500 666 274 0 1000 500 0 0 650 450 319 0 0 0 653 700 0 0 454 500 812 0 550 600 450 0 300 800 0 0 0 433 0 0 0 210 675 355 0 750 0 600 250 451 700 250 0 333 449 300 400 583 0 0 1000 0
#Swans 2015-01-10
600 500 0 0 0 250 250 250 0 0 0 0 0 0 433 0 375 312 333 150 200 0 0 0 300 500 -400 700 0 483 175 0 0 0 268 0 0 0 350 -125 0 600 800 500 0 400 350 0 0 236 -100 0 0 0 0 0 0 216 285 0 289 0 0 175 0 350 6 0 0 -125 325 275 200 500 400 400 -200 0 400 200 400 400 4 850 400 400 -49 400 0 0 400 400 400 400 400 400 75 400 0 0
550 500 0 0 0 200 200 200 0 0 0 0 0 0 833 50 500 333 233 625 100 0 100 0 449 500 400 600 0 602 325 0 0 0 427 0 0 0 550 125 0 900 750 500 0 900 650 125 0 716 50 0 0 0 0 0 0 679 535 0 451 0 0 450 0 550 406 0 0 125 750 800 200 900 1000 1000 0 0 1000 100 1000 1000 843 450 1000 1000 1000 400 0 0 1000 1000 1000 1000 1000 1000 1000 1000 0 0
#WHUFC 2015-01-10
166 0 0 0 -100 136 0 0 0 0 0 0 600 0 0 0 0 0 600 0 0 0 0 0 0 -24 -24 700 0 0 0 0 -300 976 0 0 568 0 0 0 0 87 0 150 150 500 400 0 0 375 375 312 0 0 160 160 0 0 0 0 0 0 0 400 0 1000 -375 0 0 0 0 700 -1000 0 458 -71 12 136 500 200 0 0 366 0 800 0 0 0 -699 0 500 0 214 160 875 0 0 0 0 0
500 0 0 66 500 454 0 0 0 0 0 0 1000 0 0 0 0 0 1000 0 0 0 0 0 0 250 250 600 0 0 0 0 350 888 1000 0 727 0 0 0 0 375 0 300 950 500 800 0 0 500 500 333 0 0 539 539 1000 0 0 0 0 0 0 450 0 300 600 0 0 0 0 600 1000 0 700 214 825 500 888 500 0 0 700 0 400 0 0 0 666 0 500 0 551 539 600 0 0 0 0 0
#WBA 2015-01-10
0 0 0 0 0 0 0 0 239 0 -431 781 0 0 0 0 0 0 625 333 0 0 0 -283 0 374 800 0 300 1000 100 0 0 300 0 68 0 -250 250 -1000 0 0 500 0 0 -400 0 0 500 -166 0 0 0 62 136 250 136 -400 525 0 0 0 -400 0 -16 0 100 200 -200 400 500 1000 136 450 0 0 -400 100 0 0 0 0 0 0 500 0 0 0 375 0 0 -49 250 518 0 0 0 0 0 0
600 600 0 0 0 0 375 0 566 0 727 500 0 0 500 0 0 0 1000 666 0 0 0 400 0 530 400 0 100 900 600 0 100 100 0 227 0 800 900 1000 0 0 888 0 0 400 66 0 500 66 0 0 0 500 500 250 454 400 475 0 100 0 600 0 616 0 400 200 50 1000 500 300 454 850 0 0 550 600 0 0 0 0 0 1000 500 0 0 0 666 0 0 900 250 727 0 0 0 0 0 0
#hcafc 2015-01-10
0 0 -625 0 -128 0 0 400 136 900 125 -266 250 -250 442 0 0 0 -66 0 -250 -156 -750 0 255 0 -400 0 0 0 0 -77 500 0 24 -200 0 500 0 -500 500 0 0 0 33 -400 0 275 -75 375 0 0 0 800 0 600 0 -200 -200 -440 339 47 263 -600 46 0 0 800 0 0 -1000 -300 -400 0 625 -400 0 0 0 0 -200 0 500 -156 416 0 -200 -150 116 100 -150 1000 0 312 350 375 -500 750 0 0
0 0 900 0 462 0 0 400 454 1000 800 366 250 450 767 0 0 0 600 500 750 300 850 0 338 0 400 0 0 0 0 144 500 0 725 200 0 833 0 299 500 0 0 0 66 700 0 400 450 944 0 0 0 400 0 900 0 0 200 620 365 269 522 799 187 0 0 400 0 0 1000 300 400 0 888 600 0 0 0 0 200 0 900 543 829 1000 100 650 433 350 650 300 0 333 550 375 1000 1000 1000 0
#SAFC 2015-01-10
-438 400 0 533 500 0 0 0 200 100 0 0 292 0 0 250 250 0 -433 0 400 -350 0 0 800 800 0 0 0 500 0 0 0 0 0 312 250 300 0 0 400 0 0 375 312 0 0 -228 500 400 0 0 0 0 0 0 0 0 0 0 136 -10 0 0 50 0 -400 200 0 350 375 0 0 156 0 0 136 100 0 0 500 0 625 0 0 0 0 0 404 0 0 0 0 -291 0 0 0 0 0 0
641 350 0 966 1000 0 0 0 300 383 0 0 722 0 0 200 200 0 600 0 800 550 66 66 400 400 0 0 0 500 0 0 0 0 0 333 333 550 0 0 800 0 0 500 333 0 0 490 800 450 100 0 0 0 0 0 0 0 0 0 454 777 0 0 250 0 400 825 0 544 644 0 0 625 0 100 500 400 0 0 500 0 666 0 0 0 0 0 557 0 0 0 0 541 0 0 0 0 0 533
#LFC 2015-01-10
199 0 -421 -750 0 300 0 250 0 500 500 94 500 111 -699 1000 0 0 200 12 250 136 400 500 -150 200 0 0 122 -200 -225 0 800 0 800 600 0 0 0 50 200 0 0 400 66 100 600 0 0 355 -62 0 -125 442 200 0 250 0 440 400 0 0 -150 0 -329 -100 0 0 0 200 0 0 -131 -750 0 400 250 0 -268 0 -250 166 0 35 150 0 187 -125 0 0 -79 350 0 -62 136 1000 650 500 500 0
566 0 850 1000 0 752 0 1000 0 1000 500 455 500 555 666 300 0 0 200 491 333 454 1000 500 350 200 0 0 600 775 539 0 1000 250 1000 900 0 0 0 500 425 0 0 733 366 325 666 250 0 666 437 0 375 717 100 0 944 0 839 750 0 0 399 250 699 866 0 0 0 100 1000 0 240 1000 0 800 283 0 443 0 250 666 0 460 516 0 387 700 0 0 549 244 0 687 454 300 1000 500 600 0
