#MUFC 2017-08-13
0 0 0 0 450 0 0 0 333 800 800 800 136 136 0 0 0 266 266 166 0 -175 700 0 1000 700 0 399 333 0 0 0 0 0 0 112 333 0 250 0 0 468 468 1000 275 0 0 78 100 100 100 100 100 600 0 0 0 0 0 125 600 0 450 591 0 0 33 400 0 300 600 0 450 200 -250 0 800 500 300 0 -400 -250 250 175 277 100 0 0 0 0 750 0 0 0 200 0 0 0 -175 0
0 0 0 0 775 0 0 0 666 400 400 400 454 454 0 500 0 466 466 833 0 649 600 0 1000 600 0 366 666 0 0 0 0 0 1000 518 666 0 750 0 0 427 427 900 725 0 0 233 0 0 0 0 0 575 0 0 0 0 0 331 575 1000 700 875 0 0 600 1000 0 200 850 0 750 900 250 0 1000 875 800 0 700 450 416 650 777 200 0 0 0 0 800 0 0 0 300 0 0 0 649 0
#WHUFC 2017-08-13
136 0 0 0 -250 0 450 0 136 0 136 0 0 400 -100 281 233 0 428 233 0 800 0 0 0 -250 0 0 0 0 700 49 -9 0 -9 136 287 0 136 203 800 350 368 500 50 249 136 0 0 0 200 -131 100 -233 0 0 0 0 200 -200 200 27 -250 200 750 0 0 0 0 0 0 0 325 0 0 222 0 0 0 150 0 0 0 400 100 0 0 500 0 0 250 120 200 325 50 -250 1000 0 350 0
454 0 1000 0 250 0 691 0 454 125 454 0 0 900 100 526 683 95 535 683 0 750 0 300 0 250 0 0 0 0 600 450 371 0 371 454 675 0 454 375 1000 650 727 1000 550 900 454 0 0 0 200 600 200 550 0 100 1000 0 300 200 200 166 250 300 750 0 0 0 0 0 0 100 650 0 0 423 0 0 0 649 0 1000 0 1000 200 0 0 888 0 0 333 322 700 391 600 250 300 0 550 0
#NUFC 2017-08-13
0 109 180 0 0 0 337 -500 133 300 0 -50 -24 0 0 0 275 -66 -50 -500 0 0 425 433 136 136 -119 -208 -99 0 0 -200 136 136 425 50 0 0 0 200 600 0 500 241 0 -94 0 312 -781 -30 -131 0 1000 0 -31 0 0 -800 493 -219 -500 0 650 250 187 -200 333 0 200 0 375 -250 0 0 500 183 200 250 0 -550 -50 0 111 562 0 0 50 0 0 0 -250 750 358 150 0 200 -277 1000 0 0
0 425 566 100 0 0 637 900 750 450 0 400 350 0 500 0 475 366 244 900 0 0 575 466 454 454 413 66 566 0 0 800 454 454 525 900 0 1000 0 900 900 0 888 566 0 588 0 333 600 586 518 0 1000 0 650 0 0 900 496 496 500 0 700 333 318 250 500 0 100 0 750 750 0 0 416 583 300 900 0 800 350 0 497 694 0 0 150 0 0 0 1000 1000 391 650 0 900 638 1000 100 0
#COYS 2017-08-13
0 0 250 105 0 0 0 250 145 0 -200 0 418 0 0 -50 136 -600 0 -133 -1000 311 -600 0 0 -137 500 1000 200 425 300 -218 250 -250 500 0 0 300 1000 0 750 71 0 0 0 100 357 137 -200 250 525 -100 0 0 373 515 0 201 0 0 -400 0 0 600 0 0 300 780 700 -600 325 500 750 500 -600 500 200 45 0 0 -500 200 0 0 600 0 208 0 333 0 500 0 0 200 -500 0 0 0 375 0
0 0 750 566 0 0 0 375 581 0 800 100 527 0 0 400 454 900 0 233 1000 372 800 0 0 566 888 750 100 641 525 175 250 600 550 0 0 100 1000 0 900 383 0 250 0 450 535 462 100 250 500 200 0 1000 483 375 0 508 0 0 600 0 0 900 0 0 475 1000 600 800 649 500 950 500 800 500 400 618 0 0 1000 200 0 100 950 0 633 0 416 0 744 0 0 900 866 0 0 1000 750 0
#BHAFC 2017-08-12
-100 400 325 0 500 253 -646 0 625 312 0 0 375 -1000 -137 99 0 611 0 468 -100 0 0 0 47 318 0 0 700 -100 -12 342 -100 -100 0 0 0 0 0 0 0 0 0 0 0 -100 0 0 0 800 0 0 0 0 -16 -200 0 -100 -400 0 106 670 0 700 -100 0 0 250 0 0 0 -31 136 -500 0 0 0 -66 0 0 550 800 200 0 566 0 0 0 0 0 0 1000 156 900 0 333 0 0 250 0
200 900 555 0 600 468 628 0 500 250 0 0 750 1000 300 425 0 755 500 677 200 0 0 0 311 477 500 100 600 200 281 717 200 400 0 0 0 0 0 0 0 0 0 0 0 50 0 0 100 750 66 0 0 0 172 700 0 200 600 0 450 916 0 600 200 0 0 333 0 0 0 627 454 600 0 0 0 263 0 0 800 750 400 0 333 0 0 0 0 0 0 300 575 1000 0 666 0 0 375 0
#MCFC 2017-08-12
500 0 800 800 0 300 0 0 0 0 0 218 0 0 0 0 0 416 600 500 525 0 1000 533 0 -50 0 0 0 375 366 0 425 -25 0 0 0 0 0 666 0 0 213 213 0 0 200 0 500 0 0 0 0 0 500 0 0 0 200 250 0 400 0 0 212 0 0 0 0 0 0 -31 0 -500 375 0 353 357 394 -66 0 0 0 0 0 -250 136 0 0 0 0 0 0 150 -250 500 0 49 0 0
750 0 400 750 0 400 0 0 0 0 0 477 0 0 0 0 0 796 850 500 462 0 300 733 0 300 0 0 0 200 516 0 725 250 0 0 0 0 0 766 0 0 454 454 0 0 750 0 888 0 0 0 0 0 500 0 100 0 216 1000 0 500 0 0 373 0 600 0 0 0 0 277 0 400 200 0 333 493 484 466 0 0 0 0 0 500 454 500 0 0 0 0 0 237 533 1000 0 428 0 0
#CFC 2017-08-12
0 800 0 0 0 0 250 0 -400 -400 475 0 0 0 400 0 600 875 0 399 0 0 0 -493 0 300 0 218 0 0 0 0 0 500 0 0 200 500 0 400 214 214 -33 0 511 450 -156 0 0 0 -500 0 375 0 400 214 214 0 0 450 0 700 0 -200 400 300 666 125 0 -300 -175 0 0 0 550 0 400 213 213 200 0 0 1000 100 250 0 500 0 0 0 285 200 -300 -150 250 500 0 0 0 0
0 400 0 0 0 0 500 0 700 700 800 0 0 0 375 0 950 600 0 733 0 0 100 700 0 650 0 477 0 0 0 0 0 875 0 0 900 500 0 500 428 428 611 0 511 625 375 0 0 0 1000 0 750 0 500 428 428 0 0 625 0 800 0 100 500 750 766 125 0 200 175 0 0 0 975 0 650 454 454 500 0 0 300 383 500 0 888 0 0 0 535 200 475 237 250 500 0 0 0 0
#Clarets 2017-08-12
-100 -100 0 0 0 250 0 400 0 0 0 0 -66 0 150 0 0 0 0 0 0 800 0 0 -293 0 0 0 0 0 0 0 -250 0 0 0 600 800 0 0 800 250 100 0 0 625 0 0 0 0 400 500 0 0 0 0 400 700 200 0 400 0 0 200 100 0 0 0 0 0 0 0 0 1000 262 25 0 0 0 0 0 0 625 -100 166 0 170 500 0 400 0 0 1000 0 136 0 0 50 0 266
200 200 0 0 0 500 0 1000 0 0 0 0 400 0 750 0 0 0 0 0 0 750 0 0 600 0 0 0 0 0 0 666 550 0 0 0 433 750 0 0 400 333 1000 0 0 900 0 0 0 0 416 1000 0 0 0 0 250 600 200 0 233 0 0 200 400 0 0 0 0 0 0 0 0 300 872 300 0 0 0 0 0 0 900 200 833 0 500 500 0 633 0 0 300 0 454 0 0 350 0 188
#CPFC 2017-08-12
-400 136 43 200 200 -400 0 241 500 -100 0 -100 0 0 0 175 0 178 0 99 0 0 0 500 0 0 366 0 200 -400 666 260 100 300 316 800 0 0 500 318 625 -400 0 0 138 0 0 0 -100 0 -1000 0 0 -500 0 149 300 0 99 -125 -600 0 0 0 -100 370 350 -300 -95 62 0 0 142 405 0 0 -159 0 0 250 0 0 -125 500 100 -800 0 166 0 -150 -600 0 0 -125 -799 0 -400 -166 -200 285
699 454 427 400 950 700 0 694 500 200 0 200 0 0 0 518 0 267 0 425 1000 0 0 888 0 0 683 0 500 400 833 650 250 300 696 875 0 0 600 477 500 500 0 0 222 0 0 0 200 0 1000 0 0 900 0 600 200 0 300 200 800 0 0 0 200 325 400 550 199 450 0 0 267 388 0 0 709 0 0 333 0 0 200 500 400 900 0 666 0 600 800 0 0 200 1000 0 700 166 400 535
#HTAFC 2017-08-12
62 -133 0 0 500 400 292 -33 0 247 234 -100 -100 99 250 0 -100 0 0 -500 -100 550 -200 0 0 250 0 0 0 0 0 -100 0 -100 625 -100 1000 0 0 -150 800 -250 0 0 136 0 0 -21 0 0 100 400 0 318 0 0 446 14 500 0 -100 0 0 0 318 0 0 375 0 250 483 0 125 400 318 0 700 0 400 400 0 0 0 0 0 136 0 400 213 225 0 -234 500 0 0 357 378 589 -200 318
337 155 0 0 600 616 476 266 0 758 394 200 200 425 750 0 200 0 0 900 200 750 100 0 0 283 66 0 0 0 0 200 0 200 750 200 750 0 0 650 750 1000 100 0 454 0 0 300 0 0 400 800 0 643 0 0 571 229 750 0 200 0 1000 0 677 66 0 400 0 283 527 0 1000 375 643 0 600 100 800 800 0 0 1000 0 0 454 0 700 500 416 1000 400 500 0 0 571 500 630 800 643
#EFC 2017-08-12
800 0 0 0 0 0 0 500 150 0 100 0 0 136 0 0 100 193 137 -50 0 0 0 0 666 266 -200 0 0 0 0 0 0 0 0 0 0 0 0 400 100 400 136 0 0 600 0 0 0 136 0 0 0 0 216 0 0 -200 0 0 100 800 405 437 0 0 190 394 246 285 0 0 0 0 0 0 500 0 0 212 0 0 50 0 0 0 0 0 600 0 250 781 0 83 166 0 0 0 0 0
400 0 0 0 0 0 0 875 275 0 591 0 0 454 100 0 400 393 333 0 0 0 0 0 766 300 400 250 0 0 0 0 0 0 100 0 0 0 0 700 591 700 454 0 0 700 0 0 0 454 0 0 100 0 369 125 0 400 100 0 1000 750 388 650 100 0 436 484 571 535 0 0 0 0 0 0 600 288 0 684 0 0 150 0 1000 0 0 0 600 0 333 500 150 525 233 0 0 0 0 0
#SCFC 2017-08-12
-33 -100 312 350 0 0 0 125 193 0 99 0 0 0 0 250 250 0 0 0 575 200 0 0 0 0 0 0 -100 -100 0 0 0 -100 700 -312 0 -58 0 0 0 0 800 0 0 0 600 0 0 433 0 265 0 0 0 0 0 136 0 0 375 0 458 -400 300 136 300 0 0 0 0 0 0 50 49 0 -500 450 0 37 625 333 -250 0 375 0 356 346 153 0 500 136 500 0 600 136 136 136 136 136
288 200 819 750 0 0 0 1000 393 100 425 0 0 0 0 500 500 0 0 0 850 600 0 0 0 66 66 0 200 200 0 0 0 200 900 250 0 266 0 0 0 0 750 0 0 0 800 0 0 866 150 389 0 0 0 0 0 454 0 0 944 0 727 700 466 454 800 0 0 0 1000 0 0 100 950 0 400 700 66 266 1000 666 888 0 812 0 566 520 477 0 750 454 888 0 800 454 454 454 454 454
#SaintsFC 2017-08-12
285 550 250 0 0 0 -625 16 -94 0 500 0 0 168 233 0 0 0 137 375 0 0 0 0 -455 0 199 99 500 0 200 -100 287 0 0 -250 0 -75 101 318 0 0 0 700 500 0 0 50 0 250 0 0 0 0 0 -16 -600 0 99 875 -750 0 -300 0 0 -800 0 -125 193 500 0 -100 -100 -100 -500 266 -21 -100 0 -208 0 0 0 -100 0 378 50 0 0 600 0 200 700 333 0 500 37 0 0 0
535 500 500 0 0 0 900 466 466 0 500 0 0 377 233 0 0 0 466 750 0 0 0 0 577 0 366 425 600 0 500 200 487 0 0 533 0 366 670 477 0 0 0 600 600 500 1000 466 0 350 0 0 0 0 66 488 1000 0 675 800 800 0 400 0 0 900 0 200 325 550 0 200 200 200 400 500 300 200 0 437 0 0 0 200 0 251 225 0 0 950 66 300 600 533 0 600 337 0 0 0
#Swans 2017-08-12
34 0 136 500 0 0 0 0 500 -100 -100 136 -100 99 500 0 -100 0 0 0 0 0 318 0 0 0 0 0 0 0 875 0 99 0 187 500 100 136 0 136 300 0 0 -200 -194 700 -166 600 0 0 150 0 800 0 0 0 0 0 0 0 0 378 33 0 0 0 0 166 -400 0 0 106 -700 50 0 0 350 77 0 0 0 0 0 400 700 68 0 0 0 0 0 300 100 600 250 0 0 500 333 -150
555 0 454 500 0 0 0 0 833 200 200 454 200 425 833 0 200 0 1000 0 0 0 477 0 0 0 0 0 0 0 600 0 300 0 516 600 1000 454 0 454 650 0 0 800 288 600 500 800 0 500 500 0 700 0 0 0 0 0 0 100 66 666 155 0 0 0 0 355 800 0 0 478 1000 200 0 0 400 423 0 0 0 100 0 350 875 227 0 0 0 0 894 650 650 800 333 0 0 500 666 825
#WBA 2017-08-12
0 -100 -100 357 0 -125 0 -33 -100 300 0 -400 -750 0 500 0 500 0 250 0 0 150 99 133 416 0 0 0 0 0 320 500 0 136 0 0 -781 0 234 291 -12 125 0 -155 -500 331 58 -100 -400 250 0 0 800 0 0 250 0 0 250 0 500 400 -900 0 137 75 -500 0 0 187 468 0 0 0 0 0 700 -300 -625 0 -27 0 0 133 0 250 -200 0 -200 0 0 0 -333 -100 44 0 149 0 424 0
0 200 200 571 0 900 0 266 200 633 0 400 900 0 212 0 500 0 500 0 0 600 425 588 562 0 0 1000 0 0 636 500 0 454 500 0 1000 0 375 483 575 199 0 288 500 462 558 500 600 250 0 0 700 0 0 944 812 0 250 0 500 408 1000 0 500 494 1000 0 0 562 602 0 0 0 0 0 600 500 200 600 344 0 0 549 0 250 800 0 333 0 0 0 1000 200 155 0 500 0 833 0
#AFCB 2017-08-12
-500 175 0 350 100 212 0 250 0 172 111 0 625 -100 49 -87 0 -100 500 0 0 0 0 0 600 136 400 0 475 0 -55 -500 0 425 0 -49 0 589 -125 0 0 25 -400 250 500 0 800 475 -1000 0 -500 400 -77 0 0 -388 200 500 0 -166 0 -125 0 0 0 0 0 500 200 0 -100 500 0 0 0 446 350 0 0 0 0 500 400 93 -333 0 91 -100 625 77 0 0 0 83 0 0 -75 0 -500 0
1000 449 0 350 200 318 0 700 0 444 511 0 775 200 644 462 0 200 475 0 0 300 0 0 700 454 400 500 400 0 666 1000 100 1000 0 333 500 783 200 100 600 591 400 916 600 750 400 400 1000 100 1000 400 644 0 0 833 466 600 0 66 0 200 0 0 0 0 0 500 450 66 200 750 0 0 0 571 475 0 0 0 0 888 500 700 1000 0 258 950 500 477 0 0 0 541 0 0 366 0 900 0
#WatfordFC 2017-08-12
0 -400 0 0 0 0 0 0 0 250 0 0 -100 -43 0 0 0 0 0 0 250 0 0 0 99 0 250 -100 0 0 0 0 -100 0 0 433 0 -500 0 100 0 -500 350 149 178 -300 400 -100 -100 136 390 -62 450 0 0 0 300 62 0 0 0 324 -600 0 25 50 -400 525 -247 200 -100 -88 0 0 0 25 0 250 142 787 0 0 -125 -100 0 0 -200 0 -100 -100 0 -100 -66 400 0 14 0 -66 -250 0
0 700 0 0 0 0 0 0 0 500 0 0 200 700 0 0 0 0 0 0 500 0 0 0 425 0 500 200 0 0 0 0 200 0 0 733 0 700 0 400 575 700 550 533 317 399 1000 200 200 500 300 600 500 0 66 0 0 354 0 0 0 333 700 0 175 350 800 666 608 266 200 475 0 0 0 100 0 444 267 600 0 0 200 400 0 0 400 0 200 200 0 200 233 1000 1000 571 0 33 400 0
#LFC 2017-08-12
909 0 0 0 0 800 0 0 168 0 0 0 625 593 375 0 575 0 100 160 500 -200 0 0 500 0 0 -155 0 50 225 150 -88 109 -45 218 0 0 0 440 412 0 0 0 0 450 66 266 0 -666 0 323 500 175 0 500 50 812 0 0 0 187 325 0 0 0 0 0 0 375 788 202 -187 -316 100 -83 0 0 399 0 136 0 0 0 0 375 781 0 0 0 450 200 250 0 0 150 100 0 -350 0
780 0 0 0 0 400 0 1000 300 0 0 0 600 550 475 0 950 0 250 539 650 600 0 0 900 0 0 288 0 262 616 476 222 647 569 477 0 0 1000 670 550 0 0 755 0 400 158 350 0 1000 1000 518 875 425 0 900 700 1000 0 0 0 375 594 0 0 0 0 0 0 750 750 480 383 300 333 408 400 0 133 0 454 0 0 0 0 475 600 0 0 0 775 100 300 0 0 400 333 100 737 0
#AFC 2017-08-11
0 0 625 0 0 0 -375 0 0 250 666 136 0 0 -155 333 216 466 0 0 0 0 500 400 400 1000 500 -100 0 -100 -100 -100 437 500 0 0 0 0 0 100 100 500 0 0 0 0 300 0 0 0 300 0 0 486 0 0 0 650 1000 0 0 166 0 0 -625 0 136 500 0 700 0 200 0 -200 33 -162 0 0 250 49 0 200 0 500 650 0 0 0 0 250 200 0 300 1000 0 0 800 0 0 0
0 0 888 0 0 1000 750 0 0 500 333 454 0 0 288 666 483 861 0 0 0 0 750 800 800 300 500 400 0 400 400 400 625 500 1000 0 0 0 0 200 400 1000 0 0 0 0 100 0 0 0 575 250 0 478 0 0 0 575 1000 0 0 166 0 0 1000 0 454 500 0 600 0 500 100 500 388 237 62 0 483 450 0 500 0 500 950 0 0 0 0 875 500 0 975 1000 0 66 400 0 0 0
#LCFC 2017-08-11
412 0 100 400 400 0 300 0 800 0 200 200 0 0 136 0 200 151 133 0 233 0 0 178 300 0 136 433 -100 406 263 0 0 -75 0 0 166 0 0 306 0 0 0 -100 0 300 133 200 468 -200 81 0 136 0 0 0 500 0 0 -300 0 0 100 0 -66 -62 0 -400 0 -50 0 0 0 200 0 0 -24 0 283 0 -666 1000 600 700 0 -236 0 0 285 0 0 0 -400 0 0 250 412 0 1000 909
550 0 0 800 800 0 100 0 1000 0 300 500 0 250 454 0 500 393 533 0 566 0 0 535 600 0 653 733 400 616 535 0 0 366 0 0 666 0 0 525 0 1000 0 900 0 400 500 200 625 800 514 0 454 0 0 0 750 0 0 200 0 0 150 0 433 687 0 400 0 200 0 100 0 500 66 0 575 0 300 0 1000 400 900 600 0 606 66 0 535 0 0 0 400 100 0 283 550 500 900 780
#AFC 2017-05-21
0 218 218 16 -133 0 0 0 500 0 0 0 62 0 0 0 0 318 183 0 0 0 178 333 250 -500 250 -599 -500 0 0 0 50 0 0 0 0 302 0 0 0 0 -71 0 0 0 -1000 0 192 625 0 0 0 0 0 350 -571 0 136 0 0 0 0 0 136 625 770 0 0 0 0 0 0 350 0 0 16 0 0 -375 0 16 136 250 500 0 200 142 0 0 150 0 -364 0 0 200 250 17 0 0
0 477 477 283 288 0 0 0 500 0 1000 0 500 0 1000 1000 0 602 383 0 0 0 785 533 750 1000 1000 483 300 0 0 0 350 0 0 0 0 519 0 0 0 0 267 0 0 0 1000 0 467 500 0 0 0 0 0 550 819 0 500 0 0 0 0 0 454 500 516 0 0 100 0 0 0 650 0 0 283 0 0 650 0 283 454 750 888 0 200 301 0 0 708 0 541 0 1000 300 250 392 0 1000
#EFC 2017-05-21
0 0 0 0 0 0 100 400 0 0 0 0 199 136 136 -600 0 0 800 0 0 0 400 0 200 200 0 0 0 400 175 0 416 150 0 0 0 0 0 0 0 0 0 0 200 0 0 0 200 0 416 416 0 0 0 33 0 0 0 0 0 0 -126 1000 0 400 383 117 250 0 0 0 400 0 0 0 0 -400 -83 -100 -50 400 0 700 350 319 700 -500 0 -250 0 0 500 500 0 0 516 -200 0 233
0 0 0 0 0 0 0 800 0 0 0 0 700 454 454 800 125 0 1000 0 0 0 800 0 300 200 0 0 600 800 325 0 500 708 0 0 1000 0 0 0 1000 1000 1000 1000 500 100 0 0 500 575 500 500 0 0 0 300 0 0 0 0 0 0 571 300 0 800 658 481 1000 0 0 0 800 0 0 0 100 400 216 100 400 900 0 550 300 275 600 875 0 833 0 0 650 833 0 0 779 100 0 554
#Clarets 2017-05-21
0 0 0 0 0 -50 0 175 -50 -400 0 0 0 0 0 0 -200 350 0 0 650 0 0 412 0 0 0 0 50 0 0 500 0 0 0 0 0 0 0 -63 0 0 0 0 0 0 400 0 0 100 100 -400 750 0 -400 799 0 525 600 625 625 0 0 0 0 318 0 250 250 0 0 100 0 0 0 0 412 160 0 0 0 0 500 0 0 -500 0 0 0 -223 -166 -200 0 -125 0 0 0 0 625 100
1000 1000 0 0 0 400 0 825 400 400 0 0 0 0 0 0 700 462 0 0 750 0 1000 550 0 0 0 0 200 0 0 888 0 0 0 1000 0 0 0 612 0 0 0 0 0 0 800 0 0 400 400 400 750 0 400 500 0 666 900 900 900 0 0 0 0 477 0 500 500 0 0 300 0 500 500 0 550 539 0 0 100 0 500 0 0 700 0 0 0 415 511 50 0 225 0 0 0 0 900 150
#WHUFC 2017-05-21
0 0 361 0 0 0 0 -100 0 0 500 136 136 0 166 0 0 136 0 125 0 -200 100 0 0 350 0 0 -150 0 0 0 0 0 125 0 433 0 0 0 0 0 550 500 375 400 800 0 0 1000 0 -50 0 0 500 500 0 0 0 0 178 178 -200 0 0 0 0 0 0 1000 500 300 0 0 0 0 0 0 0 0 500 0 0 300 0 0 0 62 0 0 0 0 0 0 0 500 800 0 0 0
0 100 478 0 0 100 0 200 0 0 525 454 454 0 500 0 0 500 0 590 0 700 700 0 0 650 0 0 800 0 0 0 0 100 199 0 444 0 0 0 0 0 590 750 475 800 750 0 0 1000 0 400 0 0 500 500 0 0 0 0 267 267 200 1000 0 0 0 100 0 750 500 300 0 0 0 0 0 0 0 0 500 0 0 100 0 0 66 500 0 0 0 0 0 0 0 500 750 66 100 0
#CFC 2017-05-21
0 0 0 0 400 0 250 62 0 500 0 -125 0 0 0 0 0 -500 0 0 633 0 0 0 0 0 1000 0 0 0 0 0 0 0 0 111 -150 200 100 0 6 0 -234 0 0 0 0 0 0 0 0 0 0 750 800 0 800 0 0 216 250 166 416 0 0 0 0 0 0 333 600 0 0 0 0 100 150 0 0 0 800 0 0 0 0 0 0 500 0 700 800 0 0 0 -250 0 0 0 0 0
0 0 0 0 550 0 450 500 0 500 0 569 0 0 0 0 0 1000 0 0 666 0 0 0 0 0 750 0 0 0 0 0 125 0 500 666 400 300 400 0 318 0 500 0 0 0 0 0 0 0 0 0 0 950 750 0 400 0 150 479 750 296 500 0 0 0 0 0 0 833 1000 0 0 0 0 300 250 0 0 0 1000 475 0 0 0 0 0 1000 333 600 750 100 0 0 233 0 0 1000 0 0
#SAFC 2017-05-21
0 333 300 333 700 500 312 0 500 0 0 0 0 750 -600 0 266 0 100 0 0 500 86 0 0 250 99 875 650 0 170 -49 -83 250 0 166 0 49 319 331 0 200 0 0 0 0 0 0 400 0 -251 0 -500 0 300 366 0 425 0 100 800 0 0 0 200 206 700 0 0 -571 800 -1000 318 0 1000 0 0 0 0 0 0 0 500 0 0 0 206 0 400 300 0 0 0 350 0 0 0 700 0 0
0 666 100 699 600 600 200 0 900 0 0 0 0 950 900 100 433 0 449 0 0 1000 279 0 0 250 666 600 575 0 578 500 216 500 0 500 0 600 275 325 0 200 0 0 0 500 0 0 700 0 362 0 875 1000 100 416 0 625 0 233 400 0 0 0 900 700 600 0 0 919 400 1000 477 0 300 0 0 0 0 850 0 0 500 0 0 0 500 0 550 100 0 0 0 650 0 0 0 900 0 0
#hcafc 2017-05-21
200 0 0 160 0 -400 0 0 437 50 0 500 387 0 168 250 0 0 0 0 66 33 -400 1000 0 250 125 -612 0 0 0 433 -400 0 433 68 0 0 0 600 66 0 712 1000 0 -400 0 166 136 0 0 0 0 -150 100 0 -186 0 0 333 -150 116 500 350 0 1000 0 136 83 -937 500 0 0 0 125 0 -699 0 0 0 0 0 0 0 0 100 0 0 0 200 -500 250 800 142 0 0 500 0 0 533
200 372 0 539 0 600 0 0 300 350 0 500 600 0 477 200 0 0 0 0 666 341 400 300 0 450 400 950 125 0 0 500 700 0 733 727 0 500 125 1000 500 100 625 300 0 400 0 700 454 125 125 0 0 900 1000 0 622 0 0 1000 300 211 500 566 0 300 0 500 166 800 750 0 0 125 166 0 666 0 0 0 100 100 0 0 1000 1000 0 575 1000 200 1000 450 750 467 0 0 600 62 0 300
#COYS 2017-05-21
0 0 0 -388 0 1000 -241 -650 0 0 0 400 0 0 -291 0 0 0 0 250 0 250 0 50 500 0 250 0 400 -699 400 800 399 0 0 333 0 317 0 100 33 0 150 383 0 0 0 0 600 600 0 0 366 0 0 0 -150 -300 0 500 0 900 0 0 800 1000 -150 250 200 500 66 350 0 0 0 0 0 0 0 250 400 0 0 0 0 0 0 0 0 -500 0 0 0 0 1000 -100 0 200 400 400
0 0 0 833 0 888 366 1000 0 0 0 800 0 0 541 0 0 0 0 375 1000 850 0 650 600 0 350 0 800 666 650 1000 800 0 0 583 0 692 0 300 355 0 500 533 350 750 0 0 950 900 500 0 233 66 0 0 117 350 0 600 0 900 0 0 750 1000 700 333 200 500 500 533 0 0 0 0 0 0 0 900 500 0 0 0 0 0 0 0 0 400 0 0 0 0 1000 83 1000 200 500 875
#LCFC 2017-05-21
-200 0 0 0 200 0 0 0 250 -650 0 0 0 0 -700 400 400 0 -700 0 0 -700 0 316 0 200 650 0 -331 0 0 0 0 0 0 99 0 433 0 0 0 0 0 136 136 433 600 0 136 50 178 800 -133 -199 0 0 0 0 0 2 500 400 0 -80 0 -200 0 0 250 0 0 500 0 0 542 136 700 68 136 0 136 0 0 0 375 0 0 0 0 0 136 0 112 0 0 0 213 800 100 0
400 0 0 400 200 0 0 0 283 1000 125 0 1000 0 200 800 800 0 200 0 0 200 0 716 125 312 644 0 677 100 0 0 0 0 0 950 0 833 0 0 0 0 0 454 454 833 1000 0 454 350 267 750 177 783 0 0 0 0 0 563 800 600 100 393 0 100 0 0 450 0 0 900 0 0 467 454 600 227 454 0 500 0 0 0 975 0 0 0 600 0 454 0 562 0 50 0 454 1000 100 0
#AFCB 2017-05-21
290 333 0 0 0 0 0 0 0 0 0 68 500 0 0 0 500 0 166 200 0 0 0 0 1000 0 0 -46 0 0 0 0 0 468 0 0 0 500 0 0 0 0 -51 0 500 0 0 0 0 0 400 0 0 0 0 0 0 0 0 0 0 0 250 0 0 550 0 312 0 200 0 0 300 0 0 170 0 625 33 500 0 361 170 0 375 0 0 0 0 8 375 0 0 0 0 -200 400 400 0 50
370 833 0 0 0 125 0 0 66 500 0 477 500 100 0 0 500 1000 500 200 0 0 0 0 1000 0 0 500 0 0 0 0 0 602 0 0 0 500 1000 0 0 100 296 0 750 0 0 0 0 0 800 0 0 0 0 0 0 0 0 0 0 0 250 0 0 500 100 1000 0 650 0 0 166 0 0 454 0 900 355 500 0 746 500 0 750 100 0 0 0 533 750 0 0 0 0 700 400 800 0 100
#LFC 2017-05-21
285 0 100 976 218 218 0 -379 250 400 500 0 0 300 0 0 125 0 197 0 233 0 0 0 0 100 50 0 0 0 0 0 0 0 285 0 -400 800 550 0 0 500 392 900 0 0 500 0 0 0 0 0 0 0 136 136 500 0 0 0 0 0 0 0 136 136 136 136 136 0 630 274 0 0 250 0 250 0 156 -62 500 112 0 0 -175 0 0 400 400 0 375 0 0 0 0 0 0 450 0 0
535 0 100 600 477 477 500 704 750 900 500 0 0 800 0 0 500 0 370 0 200 0 500 0 0 0 50 0 0 0 0 0 0 0 535 0 600 1000 650 0 0 888 517 525 1000 0 600 0 0 0 0 0 1000 0 454 454 500 0 0 0 1000 0 125 0 454 454 454 454 454 0 283 700 0 0 275 0 750 650 791 250 391 300 0 0 550 0 0 800 800 0 825 0 0 0 0 0 0 775 0 0
#boro 2017-05-21
-50 0 0 0 250 0 -500 -145 400 0 437 0 0 0 0 0 136 0 0 0 0 0 0 0 600 0 0 0 250 400 268 0 0 52 -400 300 750 200 0 449 0 800 100 268 268 268 268 0 -46 0 0 0 0 0 0 268 268 1000 500 500 166 0 0 0 0 909 0 -416 0 0 900 700 0 0 0 0 0 400 0 0 0 0 0 136 0 136 -100 0 0 268 268 268 268 268 -50 0 0 0 250 0
200 0 0 0 250 0 1000 333 800 0 300 0 0 1000 0 0 454 0 500 0 0 0 0 0 900 0 0 0 450 800 627 0 0 666 400 400 800 400 125 350 0 950 450 627 627 627 627 0 394 0 0 0 1000 0 100 627 627 600 750 500 400 0 0 0 0 780 0 833 0 0 1000 600 0 0 0 0 0 800 0 0 0 1000 0 500 0 454 183 0 0 627 627 627 627 627 150 0 0 0 425 0
#MUFC 2017-05-21
0 0 675 218 218 0 -200 0 0 0 600 0 -400 0 0 200 0 0 0 1000 0 400 1000 -500 0 50 0 0 -145 100 0 233 0 0 0 1000 0 0 0 -599 500 175 -200 200 200 500 -273 200 375 0 0 0 370 50 384 300 0 0 0 0 0 0 500 -800 -111 0 0 0 0 0 0 0 0 400 400 0 0 0 0 0 300 0 0 0 574 0 375 500 0 0 0 0 136 136 333 350 0 49 -24 0
0 0 650 477 477 0 400 1000 1000 1000 875 0 400 0 0 300 0 0 0 300 0 800 900 1000 0 50 0 0 270 400 500 366 533 0 0 1000 0 0 125 483 1000 375 525 300 300 600 588 300 750 0 0 250 640 350 380 866 125 0 0 0 0 0 1000 950 388 0 0 1000 1000 0 0 0 100 800 800 0 0 0 0 0 666 0 0 0 323 0 333 500 1000 0 0 562 454 454 449 825 0 550 325 0
#CPFC 2017-05-21
136 0 0 0 500 0 -400 136 -325 0 0 0 0 0 0 0 425 0 24 0 -250 0 -88 250 136 200 -400 0 250 0 212 437 136 0 0 0 0 200 400 -100 136 86 0 24 24 200 136 200 0 0 212 233 0 0 500 200 250 200 136 -400 0 0 319 166 100 500 0 0 0 1000 0 0 0 0 0 -87 0 136 0 500 0 287 0 0 700 500 203 100 136 0 0 366 -550 0 500 0 166 212 0 250
454 0 0 0 600 0 700 454 475 0 0 0 0 0 0 125 562 0 125 0 250 0 556 500 454 500 600 0 900 0 351 750 454 0 100 0 0 500 425 500 454 447 125 125 125 900 454 850 0 0 351 366 0 0 1000 100 500 500 454 400 0 0 275 666 200 500 0 0 0 300 0 50 0 0 0 818 200 454 0 900 0 488 0 0 600 500 609 700 454 0 0 500 900 0 500 0 433 351 0 500
#SaintsFC 2017-05-21
0 562 0 316 214 800 71 0 0 0 0 -25 0 0 0 350 500 -700 0 600 500 0 200 0 225 0 875 0 318 0 100 -216 267 -500 0 0 0 0 -200 312 0 65 -25 200 283 0 -25 500 57 900 466 0 0 -150 800 -150 0 0 0 416 0 0 0 500 0 0 500 0 500 0 0 250 0 0 0 500 68 395 0 250 0 0 0 0 300 700 33 0 0 500 500 66 0 -49 166 250 800 375 125 0
0 600 0 766 642 400 665 0 0 62 0 700 0 0 0 356 500 1000 1000 900 600 0 200 0 216 0 600 1000 477 0 100 466 645 1000 125 0 500 0 233 333 0 461 700 200 399 1000 700 1000 621 900 352 0 0 266 1000 600 0 0 0 500 0 0 0 500 66 0 500 0 500 0 825 333 125 0 0 500 750 641 0 333 0 0 0 0 100 800 529 0 357 750 888 633 0 300 666 333 1000 600 166 0
#SCFC 2017-05-21
0 250 0 800 0 0 0 0 250 0 500 500 0 0 0 0 -700 0 0 0 50 0 0 0 0 -208 550 1000 0 0 250 -700 7 500 0 277 0 0 0 68 -250 0 0 166 0 350 0 0 0 0 0 0 500 0 0 0 168 7 0 0 0 0 800 7 7 0 0 -121 0 0 0 0 0 0 0 0 0 0 7 0 0 800 500 0 50 0 0 0 0 71 0 0 -400 0 750 0 0 -50 -33 -700
0 850 0 400 0 0 0 100 500 0 500 600 0 0 125 0 1000 0 0 0 50 0 0 0 0 300 700 400 0 0 850 200 394 500 0 799 125 0 0 227 700 0 0 283 0 800 0 1000 0 0 0 0 500 0 0 0 677 394 0 0 125 0 400 394 394 0 0 633 0 0 125 0 125 0 0 0 0 0 394 0 0 400 500 0 750 0 125 0 0 133 0 250 400 0 725 0 0 400 666 200
#Swans 2017-05-21
0 0 0 26 0 200 0 0 0 0 0 500 -400 0 0 0 325 500 0 350 0 0 0 0 0 104 0 -388 200 0 500 0 1000 0 -312 0 1000 0 0 0 500 0 0 0 500 0 0 0 0 0 1000 500 500 0 0 0 -100 0 1000 0 136 187 170 500 0 0 0 -83 0 -100 500 1000 0 -156 0 0 250 -207 -100 0 0 -100 37 0 0 0 0 500 250 312 500 0 800 0 0 0 175 0 375 -100
0 0 0 344 0 200 0 0 0 0 0 750 400 0 0 0 525 500 0 750 0 0 0 0 0 583 0 833 200 0 500 0 300 0 750 0 1000 0 0 0 750 0 0 0 750 0 0 0 0 0 1000 750 750 0 0 0 600 0 900 581 500 437 500 500 0 0 0 500 0 100 500 1000 0 843 100 1000 450 367 100 66 0 100 633 100 0 0 0 500 250 333 500 0 750 0 0 0 425 0 500 400
#WBA 2017-05-21
0 0 400 400 136 136 0 0 500 162 318 136 500 333 0 0 0 177 0 0 522 0 1000 600 194 0 0 0 750 100 500 0 0 0 -200 0 0 0 0 78 0 0 20 0 900 900 0 0 500 -200 -410 0 0 500 0 0 0 0 0 0 0 -1000 -800 -300 29 0 0 0 0 0 0 136 0 68 4 500 0 0 0 168 0 0 0 200 0 0 0 0 0 700 0 0 83 -300 0 29 0 0 0 0
0 625 800 800 454 454 0 0 833 600 643 454 833 666 0 0 0 241 125 0 583 0 300 650 333 0 0 0 600 150 500 0 0 0 400 0 0 0 0 418 0 0 354 0 600 600 0 0 500 300 629 0 0 500 0 0 0 0 0 0 500 900 900 400 251 0 0 0 0 0 0 454 0 227 209 500 0 0 0 677 0 0 0 200 0 500 0 1000 0 600 0 0 199 566 0 251 0 0 0 0
#WatfordFC 2017-05-21
400 -38 0 400 0 68 0 0 0 283 166 0 187 0 650 50 0 100 0 500 -166 -300 0 149 0 0 50 100 -383 -37 0 0 50 -400 175 -500 50 425 250 0 0 -16 0 -155 -145 -133 0 0 52 -141 488 -150 0 100 0 666 500 300 0 50 0 0 0 0 0 0 50 0 -400 175 0 -100 0 0 100 0 0 0 0 0 0 0 0 -50 0 0 0 0 -155 0 49 150 0 -500 175 -100 0 50 166 -500
800 378 0 800 550 477 0 66 0 711 333 0 687 0 644 200 0 516 0 1000 433 600 1000 313 0 0 200 600 716 520 1000 125 200 400 775 1000 200 533 750 0 0 647 0 288 270 585 333 0 845 500 188 350 0 300 1000 233 750 0 1000 200 125 1000 0 1000 500 125 200 0 400 775 0 200 0 0 400 0 500 1000 0 0 0 0 0 400 1000 500 650 0 288 620 450 500 0 1000 775 100 0 200 333 1000
#MCFC 2017-05-21
218 218 -500 0 0 136 136 0 150 0 0 0 0 400 400 0 136 136 0 0 68 150 0 0 0 250 0 0 200 0 700 0 0 0 0 0 0 0 0 650 100 136 136 1000 0 0 200 0 0 200 383 319 0 0 0 0 0 0 0 0 218 218 0 0 0 100 200 0 428 50 0 400 800 900 900 0 250 0 0 287 0 -449 250 0 0 500 800 0 0 0 0 0 500 357 200 200 -66 -400 600 0
477 477 1000 0 0 454 454 0 350 0 0 0 0 800 800 0 454 454 0 0 750 350 100 0 0 250 0 1000 300 0 600 0 0 0 0 0 0 66 66 644 400 454 454 300 0 0 100 0 0 500 535 275 0 0 0 125 0 400 0 1000 477 477 0 0 0 83 900 0 730 500 1000 1000 1000 600 600 0 850 0 0 500 0 541 333 0 0 550 750 0 0 0 0 1000 500 571 750 750 300 700 900 0
#LCFC 2017-05-18
136 316 0 0 125 0 -300 136 136 0 150 500 0 400 0 800 600 433 0 316 0 200 312 400 0 0 0 0 0 0 433 750 0 0 800 136 136 136 -1000 433 0 330 -238 0 -250 158 0 0 0 0 566 0 0 375 400 600 -77 350 0 500 100 0 0 558 0 0 0 136 0 0 0 0 400 -200 0 -145 0 0 0 0 0 0 -1000 0 333 0 0 0 -216 0 0 542 0 119 200 -600 0 700 0 0
454 616 0 0 625 0 200 454 454 125 400 500 0 800 0 400 1000 500 0 716 125 312 283 775 100 0 0 0 0 0 833 1000 0 0 750 454 454 454 1000 833 1000 711 845 0 233 425 0 0 0 0 666 1000 500 0 1000 1000 644 650 0 500 100 916 500 725 0 0 0 454 0 0 0 66 600 400 0 270 250 0 0 0 66 1000 1000 0 333 0 0 0 549 0 0 467 0 212 900 800 0 600 0 500
#COYS 2017-05-18
116 0 -600 0 0 0 1000 400 250 500 250 500 0 -300 0 199 0 -300 399 0 0 0 -250 0 0 700 0 400 0 600 600 100 0 1000 0 500 0 -145 200 0 500 0 495 390 500 0 0 0 250 0 0 500 0 0 625 0 0 -200 0 0 0 0 0 -78 0 0 0 50 0 500 712 262 200 0 100 -145 -200 0 0 136 136 0 0 0 -291 650 0 600 0 0 0 600 0 -110 500 0 0 500 -250 225
600 0 800 0 0 0 750 800 250 600 250 500 0 600 0 266 0 600 466 0 0 0 400 0 1000 600 0 800 0 550 687 400 0 1000 500 500 0 270 200 0 500 50 1000 550 900 0 0 0 300 0 1000 500 0 0 750 0 0 600 0 0 0 400 0 750 0 0 0 100 0 600 675 316 450 0 150 650 233 0 0 454 454 0 0 0 541 750 0 925 0 0 333 950 0 240 600 0 0 1000 888 537
#SaintsFC 2017-05-17
0 0 0 -50 200 -229 1000 -175 0 -75 166 274 0 0 0 -100 0 100 0 -750 9 700 0 0 375 100 0 0 357 900 0 0 211 0 0 0 0 0 1000 0 625 800 -154 0 0 0 0 0 200 200 0 0 62 180 0 -16 150 0 0 0 0 350 0 100 500 0 0 0 0 0 1000 1000 1000 0 0 0 0 500 -50 0 -500 0 0 400 0 400 875 -700 0 -155 425 0 375 0 0 0 0 -50 437 500
0 0 0 400 950 500 1000 300 0 400 400 533 0 0 0 400 0 400 1000 1000 371 600 0 0 283 133 0 0 571 1000 0 0 495 0 0 0 0 0 300 0 400 750 650 0 0 0 0 0 500 200 0 0 650 400 0 716 450 1000 0 0 0 550 0 400 500 0 0 1000 0 0 300 300 300 400 0 0 625 500 750 0 1000 0 0 450 0 200 600 1000 0 288 572 0 750 0 0 0 0 400 300 500
#MUFC 2017-05-17
0 0 0 0 0 350 1000 400 0 0 0 625 0 0 0 0 0 0 0 0 285 0 0 125 0 125 50 0 0 137 0 -50 0 0 0 0 1000 0 0 0 500 0 0 0 300 250 781 0 0 311 136 0 0 0 0 136 136 0 0 200 0 625 0 233 0 0 0 625 0 0 0 0 0 136 0 -100 -700 -125 0 0 0 0 0 0 0 400 400 -4 300 200 200 0 0 0 0 0 800 400 100 136
0 0 250 250 50 500 1000 1000 100 0 0 500 1000 100 0 0 0 0 0 250 535 0 0 400 0 191 50 250 0 512 0 483 0 0 250 0 1000 0 0 0 600 0 0 0 600 250 500 0 0 549 454 1000 0 0 0 454 454 0 0 300 0 1000 0 366 0 125 66 600 0 0 100 0 0 500 0 900 1000 375 1000 0 0 0 0 0 0 800 800 666 700 500 300 533 0 0 0 0 400 800 400 454
#MCFC 2017-05-16
0 0 0 0 500 0 284 0 284 0 284 218 0 -93 0 0 400 -291 -291 0 0 136 0 200 0 0 0 0 0 500 0 0 500 466 466 466 371 0 0 0 0 200 136 500 136 136 0 0 500 136 136 800 150 136 136 800 256 0 136 0 0 0 0 1000 136 0 136 68 136 0 209 800 -116 0 0 250 -75 900 900 1000 0 0 0 0 0 0 0 -225 0 500 0 0 111 0 181 333 0 218 218 243
0 0 66 0 600 0 593 0 593 0 593 277 0 300 0 0 800 541 541 0 0 454 0 500 0 100 1000 0 0 600 0 500 500 500 500 500 587 0 100 0 0 450 454 881 454 454 1000 100 500 454 454 400 633 454 454 1000 550 0 454 100 500 0 0 1000 454 1000 454 277 454 0 313 1000 550 100 0 250 825 600 600 300 0 0 0 0 0 0 0 425 0 625 0 0 378 0 629 1000 0 477 477 606
#WBA 2017-05-16
0 400 136 0 136 0 0 136 136 433 68 -166 -500 0 900 900 1000 104 400 -250 600 83 0 -33 0 -25 250 0 0 0 -375 0 0 -625 -625 136 136 0 -458 233 133 0 0 0 0 136 700 0 68 305 850 500 0 0 0 350 500 0 600 625 0 -150 400 353 0 0 200 333 136 400 429 187 200 875 142 -349 -200 -125 -250 102 0 0 900 900 -234 0 178 68 400 1000 0 0 0 0 136 0 250 21 0 0
0 800 454 0 454 0 0 454 454 733 277 166 400 0 600 600 300 687 350 750 750 166 0 634 0 450 450 0 0 0 375 0 500 1000 1000 454 454 0 583 533 175 0 0 33 0 454 600 500 277 522 800 1000 0 100 250 400 150 0 466 500 0 399 800 560 0 500 200 666 454 900 495 437 200 600 767 833 233 125 250 491 0 33 600 600 500 0 261 277 800 300 0 0 0 0 454 0 333 612 0 0
#AFC 2017-05-16
50 0 500 0 400 400 0 230 0 0 0 650 500 0 487 218 0 -275 0 100 0 -100 0 333 0 700 285 0 100 -300 -200 -200 500 500 0 500 300 0 500 0 0 1000 -200 700 0 0 500 0 0 -31 -291 33 -200 214 88 200 0 33 -291 0 0 0 0 0 45 0 -600 350 400 -250 0 400 333 0 0 0 1000 0 0 -100 281 0 0 300 0 0 0 227 168 -400 0 250 1000 0 500 700 0 0 433 27
500 0 500 0 200 200 0 364 0 0 0 700 750 0 662 277 0 631 0 200 0 266 0 600 0 850 535 0 212 600 50 50 600 500 0 1000 337 0 500 0 0 1000 50 800 0 66 500 0 0 50 541 399 50 571 492 300 0 399 541 0 0 0 0 0 151 0 900 650 200 1000 0 200 366 0 0 0 300 0 0 50 593 0 0 0 0 66 0 545 327 400 0 333 1000 0 625 650 0 0 633 530
#SAFC 2017-05-16
0 0 300 77 0 242 0 0 -150 781 166 -1000 0 380 425 0 0 0 0 0 0 0 0 357 0 0 0 0 0 0 0 350 0 649 0 -300 400 0 0 -166 0 250 0 0 0 -287 375 0 0 125 0 0 0 0 0 -200 0 0 0 322 190 562 250 -125 111 0 0 283 750 -625 200 0 156 0 0 0 0 -100 250 285 0 200 800 0 0 125 0 0 0 0 0 200 -107 33 0 0 0 0 250 0
0 0 562 288 0 317 0 0 550 500 833 1000 0 527 437 0 0 444 0 300 300 100 100 571 100 0 200 1000 0 300 0 450 0 800 1000 600 500 0 0 166 0 312 0 0 0 718 100 0 0 416 0 0 0 0 0 100 0 0 0 519 302 500 500 375 188 0 0 483 525 1000 450 0 200 0 0 0 0 200 500 535 0 500 400 0 1000 422 0 0 0 0 0 400 767 366 100 0 1000 0 500 0
#CFC 2017-05-15
800 0 0 0 0 0 0 500 500 -400 -400 0 0 0 0 0 0 -500 0 0 0 190 100 428 0 0 0 900 0 0 350 0 0 0 0 500 0 0 0 500 0 0 0 0 550 200 0 0 0 0 0 0 0 0 -90 500 0 0 0 0 0 433 250 312 0 0 0 136 0 500 0 -200 450 650 500 2 500 -250 0 0 0 0 0 100 0 0 500 100 0 0 -82 250 0 0 250 0 0 300 0 250
1000 0 0 0 1000 0 1000 500 500 700 700 0 0 0 0 0 0 1000 0 0 0 600 262 535 0 0 0 1000 0 0 450 0 0 0 0 500 0 0 0 408 0 100 0 0 850 500 0 0 0 0 0 0 0 0 470 500 0 0 0 0 0 733 450 250 125 0 0 454 0 500 0 200 750 450 600 480 1000 650 0 0 0 0 0 900 0 0 500 383 0 0 370 375 66 0 450 0 100 350 0 250
#WatfordFC 2017-05-15
400 433 0 650 400 0 0 262 0 0 -200 0 0 0 125 -51 0 0 500 0 0 142 0 0 297 0 0 -500 -77 625 -150 -500 0 0 0 0 287 -350 0 0 215 310 400 345 -24 449 0 0 0 0 0 800 14 0 -699 -533 -300 0 0 -200 0 117 125 220 0 0 0 100 0 0 -62 -33 0 0 600 0 0 400 0 -200 0 0 350 0 -241 250 0 0 -291 600 0 208 500 318 100 500 0 0 -399 233
800 399 0 450 800 0 0 408 0 0 800 0 0 0 100 384 0 0 500 0 0 267 500 0 537 0 500 1000 177 888 550 200 0 0 750 1000 537 833 0 0 315 342 550 608 550 700 50 0 500 0 0 400 491 0 666 666 400 100 1000 233 0 567 216 410 0 0 0 400 0 41 687 866 0 0 600 500 0 800 0 633 0 0 550 500 700 250 0 0 541 900 66 312 541 477 400 500 0 0 722 566
#COYS 2017-05-14
-500 200 541 0 236 233 187 0 0 0 200 750 0 200 0 0 0 400 80 0 -600 233 633 0 366 500 0 0 0 -500 311 333 0 500 -300 0 0 0 625 450 800 0 0 0 0 0 0 0 0 400 107 350 350 200 333 0 337 0 0 -250 500 0 312 762 0 0 0 483 0 0 0 -270 0 -800 0 412 866 37 0 0 200 266 800 500 0 800 350 1000 0 400 -150 250 0 33 250 0 0 0 0 0
1000 400 483 0 580 255 387 0 0 0 200 950 0 300 0 0 0 800 394 0 800 549 666 1000 866 500 0 0 0 1000 434 99 0 500 400 0 0 0 550 750 1000 0 0 0 0 0 0 0 0 800 285 450 350 341 666 0 387 0 0 233 500 0 408 825 1000 0 0 466 0 0 266 633 0 900 0 550 1000 444 0 0 200 433 400 500 0 750 572 1000 0 1000 200 250 0 366 875 0 0 0 0 0
#MUFC 2017-05-14
0 0 406 500 112 0 218 218 400 625 625 500 0 0 0 0 0 0 255 0 0 0 0 0 0 600 500 0 0 800 0 0 625 0 -137 0 1000 202 1000 0 0 50 800 0 125 0 0 450 0 -400 -400 33 0 0 0 503 250 0 0 -800 0 0 -145 0 500 300 300 781 0 -416 0 -100 -262 625 250 0 399 0 0 500 -500 -500 0 0 0 0 83 800 375 0 0 -250 0 0 0 500 0 -135 0 625
0 0 750 500 251 0 477 477 400 900 888 350 0 0 0 1000 1000 0 380 0 0 0 0 0 0 900 1000 0 0 400 0 0 900 1000 537 0 1000 500 1000 0 0 50 400 0 291 0 1000 700 0 400 400 366 0 0 0 635 250 0 0 900 0 0 320 0 600 750 750 600 0 666 0 550 387 600 450 0 700 0 0 449 1000 1000 0 0 0 0 583 750 600 125 0 1000 0 0 0 500 1000 372 0 900
#WHUFC 2017-05-14
266 0 136 0 250 0 100 500 200 0 0 800 250 0 0 0 71 250 650 250 245 266 250 -781 318 0 136 136 333 -310 0 0 800 0 0 287 100 0 0 375 0 0 136 136 0 0 0 0 500 -66 0 121 0 1000 -500 0 0 -62 0 0 712 0 136 0 700 100 0 300 300 233 0 0 0 0 0 800 197 0 -8 0 400 0 0 0 0 0 0 0 0 0 350 0 0 0 0 0 0 200 1000 -466
233 0 500 0 550 0 133 500 500 100 0 400 200 0 0 0 133 333 644 900 384 433 1000 600 527 0 454 454 300 679 0 0 550 0 100 200 400 0 0 425 0 0 454 454 0 0 0 0 900 683 0 319 0 400 1000 0 0 237 0 0 644 0 454 0 600 300 100 650 650 533 0 366 0 0 0 400 433 0 0 0 800 1000 0 0 0 0 0 0 0 0 550 750 0 0 0 100 0 500 400 799
#LFC 2017-05-14
200 0 0 218 218 0 -16 0 0 0 -49 0 24 500 0 0 0 -400 0 0 0 250 0 0 0 100 50 0 0 750 0 0 500 0 375 33 500 0 0 0 0 0 412 500 0 500 0 0 0 750 500 0 0 0 0 0 0 136 136 800 0 0 0 -200 -400 800 0 0 0 -312 0 -237 0 285 0 0 0 0 0 0 0 400 703 0 0 800 0 0 -400 0 -400 0 500 0 136 0 -300 200 243 0
950 0 0 477 477 0 483 0 0 0 600 0 700 400 600 0 100 400 0 0 1000 333 0 0 0 0 50 0 0 400 0 0 683 0 464 366 400 0 0 0 100 0 550 850 0 600 0 0 0 1000 750 0 0 0 0 0 0 454 454 400 0 0 0 300 600 400 125 66 0 687 1000 600 0 535 0 100 0 0 0 0 0 800 750 0 0 750 0 0 950 0 400 0 500 0 454 0 400 500 473 0
#CPFC 2017-05-14
500 500 100 0 274 0 136 250 0 0 0 0 0 0 0 0 0 0 0 0 125 0 100 100 100 -99 166 0 0 0 -75 0 500 0 0 0 0 41 0 0 0 0 -600 0 500 -400 0 500 399 312 500 500 1000 0 875 386 700 0 200 1000 500 0 0 0 0 0 -600 150 0 650 0 0 0 0 0 0 0 166 0 0 0 0 136 300 0 0 -250 0 0 0 -187 318 0 -66 0 342 -250 0 93 0
888 500 422 0 700 0 454 450 0 100 100 125 100 0 1000 0 0 0 100 0 500 0 100 100 100 500 666 100 0 0 466 0 1000 0 0 0 0 466 0 0 0 1000 1000 0 500 700 0 500 449 512 900 500 300 0 700 670 1000 0 488 300 1000 0 0 66 0 0 800 470 0 450 100 0 0 0 633 0 0 166 0 0 0 125 454 750 0 0 250 0 0 0 500 500 0 766 357 667 175 0 300 0
#hcafc 2017-05-14
-208 1000 -225 0 0 -166 0 150 0 0 100 100 100 0 0 -500 0 -375 0 -400 200 0 0 0 0 216 500 0 136 200 0 0 -500 -375 0 0 0 0 49 49 800 -105 433 109 -200 0 0 566 -194 -277 250 0 0 519 0 -416 -416 100 0 600 125 0 1000 500 216 -83 -83 -83 0 0 350 0 0 0 -491 -500 -500 -500 -400 0 -155 -155 800 0 100 100 900 293 0 0 550 500 455 -100 0 -500 0 250 -300 100
1000 390 550 0 1000 1000 0 550 0 0 100 100 100 100 0 1000 0 825 0 400 200 0 0 0 0 416 500 0 500 473 633 1000 299 666 0 0 0 0 950 950 1000 549 699 650 0 0 0 605 288 444 525 500 0 510 0 750 750 650 0 1000 166 0 650 600 400 83 83 83 0 0 361 0 0 0 541 500 400 400 400 0 288 288 750 0 1000 1000 1000 593 50 50 650 375 1000 200 500 500 0 750 433 100
#SCFC 2017-05-13
0 0 0 0 200 0 -155 -155 0 -388 0 0 136 136 -500 -500 -500 0 0 0 0 -25 0 0 0 0 0 100 100 0 0 0 0 0 266 0 0 0 100 0 500 0 99 0 0 0 -155 0 285 0 0 0 0 0 0 400 0 0 0 -500 136 0 -500 -155 -500 -500 750 0 -100 420 170 0 0 0 0 700 85 -600 0 0 0 625 0 0 -250 -155 -500 235 0 235 0 0 235 235 -250 300 -155 0 0 0
0 0 0 0 500 0 288 288 0 833 0 0 500 454 1000 400 400 0 0 0 0 200 0 0 0 0 0 350 350 0 0 0 0 0 466 0 0 0 400 0 266 0 700 0 0 0 288 0 535 0 0 0 0 0 0 400 0 1000 0 1000 454 0 1000 288 1000 1000 1000 0 100 518 454 0 0 0 0 600 227 950 1000 0 0 500 0 0 275 288 1000 250 0 250 0 0 250 250 233 100 288 0 0 0
#AFC 2017-05-13
1000 0 -150 250 0 0 0 0 0 0 0 0 500 0 0 0 170 500 -433 -166 0 0 600 500 0 0 0 0 0 0 0 0 0 0 0 0 0 550 0 0 0 0 0 0 250 0 0 400 500 0 0 0 1000 200 136 800 0 -500 -500 0 0 0 100 0 500 233 0 -300 825 500 0 0 0 -500 0 0 0 0 0 136 -500 250 0 0 350 0 0 0 345 0 0 0 0 0 333 -104 -155 -50 388 266
1000 0 700 375 0 0 0 0 0 0 0 0 500 0 0 0 454 500 600 916 0 1000 1000 500 0 0 0 0 1000 0 0 0 0 1000 0 0 1000 750 1000 0 0 0 0 1000 750 0 0 450 600 0 1000 0 1000 200 454 900 33 400 400 0 0 0 550 0 500 366 0 600 700 833 0 0 0 200 100 0 0 0 0 454 200 500 0 0 550 0 500 0 618 0 0 100 0 0 549 295 288 425 566 300
#AFCB 2017-05-13
0 800 0 0 210 512 0 0 0 250 -500 0 0 0 0 0 170 -155 -175 0 0 0 333 144 333 350 0 -400 0 109 0 0 150 0 -291 0 -10 0 0 0 0 0 0 0 271 0 0 0 500 500 400 500 0 0 -66 0 0 0 0 800 550 0 0 416 -500 0 0 500 300 0 0 -250 -400 800 300 -250 0 800 0 -650 0 0 0 0 170 -200 0 -612 0 -500 0 -156 0 0 800 500 0 0 0 0
0 1000 0 0 700 800 0 125 0 333 1000 0 0 100 0 0 454 288 799 0 0 0 500 444 500 550 0 400 0 638 0 0 649 0 958 0 880 0 0 0 0 100 0 0 498 0 0 0 500 500 800 500 0 0 466 0 300 0 0 750 500 100 0 833 1000 0 0 650 166 0 0 600 400 400 799 616 0 750 0 1000 0 0 100 0 401 700 0 700 0 1000 0 100 0 0 900 500 0 0 0 0
#Clarets 2017-05-13
0 0 433 0 0 0 0 0 0 0 0 0 0 0 433 0 0 0 0 0 0 0 0 0 0 0 0 0 0 0 -266 -266 0 0 0 0 322 441 -175 0 0 0 50 0 0 0 0 500 0 0 633 150 0 0 -125 0 133 0 0 500 0 700 300 0 -38 625 0 300 -38 0 25 136 0 400 500 612 0 625 0 0 -77 800 800 0 0 0 0 0 0 0 0 412 0 0 0 0 0 0 0 0
0 0 733 0 0 0 0 0 0 0 0 650 0 0 733 0 0 0 1000 0 0 0 0 0 0 0 0 0 0 0 666 666 0 0 0 0 644 533 199 0 0 0 100 0 0 0 0 833 0 0 633 775 1000 875 875 0 966 1000 0 1000 0 600 0 0 522 900 0 500 522 0 750 454 0 1000 500 750 0 500 0 0 144 400 400 0 0 0 1000 300 0 1000 0 550 0 0 0 0 0 0 0 1000
#boro 2017-05-13
0 -66 0 0 -77 500 250 244 0 0 -750 350 500 0 0 0 -12 0 0 0 0 0 -500 0 300 -1000 350 350 500 500 0 0 0 200 0 350 0 0 0 0 0 0 0 350 0 500 0 200 166 0 350 -312 -700 0 433 0 0 350 275 275 500 500 500 150 400 0 0 500 0 500 200 0 0 0 475 300 0 0 0 175 0 416 50 416 416 5 0 0 0 0 0 0 0 350 0 0 0 -125 0 312
0 722 0 0 394 750 600 455 0 0 1000 650 500 0 0 0 700 0 0 0 0 0 1000 0 636 1000 650 550 500 500 308 0 0 200 0 925 0 0 0 1000 0 0 0 650 0 1000 0 100 333 0 550 687 1000 0 400 0 0 550 325 325 500 500 500 250 800 0 0 500 500 750 200 0 0 0 800 650 0 0 0 300 0 500 500 500 500 689 0 0 125 0 0 125 0 500 0 0 0 250 100 1000
#SaintsFC 2017-05-13
0 0 0 0 175 175 -300 150 450 93 0 1000 500 0 0 100 0 -425 0 0 250 312 0 437 0 0 250 0 0 500 0 100 -50 500 100 0 0 0 0 100 1000 1000 1000 150 0 0 400 0 0 0 0 0 345 24 100 -1000 500 0 0 -200 0 800 0 -500 0 0 0 0 0 125 0 0 211 125 -233 0 600 -349 0 -600 -187 500 0 0 0 0 0 378 175 -166 0 500 -200 -27 0 500 750 175 500 0
0 0 0 0 894 325 400 529 400 510 0 750 750 0 400 100 0 650 0 0 500 283 0 650 0 625 450 0 0 600 0 100 400 888 1000 0 0 0 0 400 1000 1000 1000 833 0 0 900 600 0 0 0 0 456 216 400 1000 500 0 0 100 66 750 66 533 0 0 0 66 0 575 0 0 570 275 350 0 1000 483 0 900 500 650 0 0 0 0 0 561 275 166 0 600 333 194 0 500 450 575 796 400
#SAFC 2017-05-13
200 0 0 0 0 0 0 0 0 357 -194 0 0 0 0 500 0 0 250 0 0 0 0 0 0 0 0 0 800 326 -155 0 -250 0 0 111 0 279 0 0 0 0 0 0 0 0 0 0 0 375 0 0 0 0 0 0 100 0 0 -150 400 0 0 0 0 0 300 0 400 0 250 800 0 0 0 0 -200 0 0 0 0 0 0 0 0 100 425 -750 0 250 0 0 0 0 0 0 0 0 -75 0
200 0 0 0 0 0 0 0 0 535 288 0 0 100 0 675 0 100 625 0 0 0 0 0 0 0 0 0 1000 671 288 1000 233 0 0 447 0 373 600 0 0 0 0 0 0 0 0 0 0 775 0 0 0 0 0 0 200 0 0 500 700 0 0 0 0 0 100 0 700 0 450 750 100 0 0 0 300 0 0 0 0 0 533 533 0 200 600 750 0 250 0 0 0 533 0 0 0 0 875 0
#Swans 2017-05-13
400 -388 0 350 -388 0 0 700 333 0 0 333 0 0 0 0 0 0 500 0 300 0 0 0 0 0 -637 100 0 0 104 0 449 0 0 0 0 0 0 0 285 0 0 0 0 0 0 0 0 600 0 600 0 0 0 0 0 170 0 0 0 285 0 0 0 0 446 0 -750 -750 0 75 138 0 0 0 400 0 0 0 0 83 200 0 100 0 0 300 200 0 0 0 0 0 356 0 -388 0 300 156
300 833 0 650 833 0 0 900 1000 0 0 1000 0 0 0 0 0 0 500 0 550 0 450 0 0 0 533 350 0 0 366 0 750 0 0 0 0 0 0 0 535 0 0 0 0 0 0 0 0 950 0 1000 0 0 0 0 0 454 0 0 0 535 0 0 0 0 535 0 1000 1000 0 416 333 1000 0 0 900 0 125 66 0 777 422 0 400 0 0 100 100 0 0 125 750 0 437 0 833 0 650 500
#MCFC 2017-05-13
0 136 136 0 0 166 125 900 900 0 0 0 0 0 0 0 0 0 400 400 136 136 0 200 -9 375 -500 -500 0 0 275 268 268 268 268 268 268 268 268 268 268 -625 0 0 0 0 0 50 136 136 -25 68 0 0 0 0 0 -116 0 200 0 199 249 0 0 900 -400 136 136 0 1000 0 0 850 0 100 268 268 268 268 268 268 268 268 268 268 800 825 549 0 0 -100 100 0 0 0 0 0 -33 500
0 454 454 0 0 496 375 600 600 0 0 0 0 0 0 0 0 0 800 800 454 454 0 300 425 650 400 400 66 0 516 677 677 677 677 677 677 677 677 677 677 1000 100 0 100 0 0 200 454 454 425 227 1000 0 0 0 0 677 0 100 0 799 700 0 0 400 400 454 454 0 300 0 100 1000 0 300 677 677 677 677 677 677 677 677 677 677 400 700 650 0 0 400 400 0 0 0 0 0 166 500
#LCFC 2017-05-13
-31 0 500 0 200 0 0 136 0 0 0 0 0 0 -31 0 0 0 0 125 0 400 400 0 0 0 249 0 0 0 -500 -500 0 316 0 200 0 0 0 200 0 -50 433 0 33 0 0 207 0 0 1000 0 433 800 0 -200 0 -200 0 -250 0 0 0 0 0 214 0 345 0 -500 500 200 0 400 33 1000 0 0 0 285 700 0 500 0 0 109 0 0 542 0 0 937 0 0 0 0 0 0 0 -200
500 0 500 0 500 0 0 454 0 0 0 0 0 0 500 0 0 125 0 650 0 800 800 0 0 0 700 0 66 0 400 400 0 716 125 312 100 0 0 200 0 133 833 0 466 0 0 385 0 66 300 0 833 400 0 700 0 700 500 500 0 0 0 100 0 642 0 618 0 500 425 300 0 600 300 1000 0 1000 0 535 1000 0 833 0 0 638 0 0 467 0 0 900 0 0 0 0 0 0 0 262
#WBA 2017-05-12
0 -388 -250 0 0 400 400 -127 50 0 136 136 -50 0 900 900 900 900 0 900 0 900 900 900 900 900 0 0 0 0 300 0 -99 0 1000 1000 -125 0 0 468 0 0 0 0 0 0 136 136 136 136 136 800 0 0 500 400 400 0 400 400 400 400 400 136 136 136 136 136 136 136 900 900 900 900 900 0 0 433 0 0 0 0 200 0 200 0 0 -66 0 0 800 900 900 285 0 0 0 800 0 900
0 833 750 0 0 800 800 144 800 0 454 454 750 0 600 600 600 600 0 600 0 600 600 600 600 600 0 0 0 0 450 500 555 0 1000 300 375 125 0 427 0 0 0 0 0 0 454 454 454 454 454 400 750 66 1000 800 800 0 800 800 800 800 800 454 454 454 454 454 454 454 600 600 600 600 600 0 0 733 0 1000 0 0 200 0 300 250 0 322 0 76 900 600 600 535 0 0 0 400 0 600
#CFC 2017-05-12
0 214 0 433 0 268 268 268 268 268 0 0 -200 -200 49 0 0 214 0 433 -250 300 -80 0 0 0 16 0 0 214 433 0 16 0 0 0 0 0 0 0 0 0 100 66 268 268 268 268 268 0 0 0 0 100 0 0 0 0 0 0 0 318 0 0 0 562 500 0 214 433 0 0 0 468 -77 0 0 0 0 -312 0 0 0 0 0 214 0 0 337 500 400 0 250 250 1000 0 250 100 0 0
100 428 0 716 0 627 627 627 627 627 0 0 400 400 450 0 0 428 0 716 750 650 323 0 0 0 266 125 0 428 716 0 266 0 0 0 0 125 0 0 0 0 150 100 627 627 627 627 627 0 0 0 0 150 0 0 0 0 0 0 0 727 0 0 0 550 833 0 428 716 0 0 0 200 144 0 0 0 0 600 0 0 0 0 0 428 0 0 825 500 1000 100 500 500 300 0 500 833 100 0
#EFC 2017-05-12
-500 400 268 268 268 268 268 0 233 0 0 0 0 100 400 0 0 200 0 0 0 400 -25 0 0 0 0 0 0 268 268 268 268 268 0 400 0 0 700 0 200 0 0 200 200 0 200 0 200 0 200 0 200 0 266 0 400 0 199 66 405 600 0 0 0 0 0 0 0 0 0 0 0 0 0 0 0 268 268 268 268 268 200 400 0 200 0 0 500 0 0 -66 0 0 0 0 216 0 600 0
900 1000 627 627 627 627 627 0 366 0 0 0 0 0 800 0 0 500 0 0 0 1000 200 0 125 0 0 0 0 627 627 627 627 627 0 800 0 0 600 1000 500 1000 1000 500 500 1000 500 1000 500 1000 500 1000 500 0 133 0 800 0 355 466 603 700 0 0 0 100 0 0 0 0 0 0 0 0 0 0 0 627 627 627 627 627 500 800 1000 266 1000 0 900 100 0 533 0 875 0 0 416 0 550 0
#WatfordFC 2017-05-12
400 0 400 686 587 500 0 -100 418 136 418 -388 218 136 318 468 136 136 0 136 0 0 325 136 0 151 -9 0 136 136 136 18 41 345 0 68 2 175 18 -231 218 468 156 136 284 136 191 0 0 0 0 0 0 0 800 -25 250 471 0 0 0 16 0 0 -500 0 0 1000 -25 0 -25 0 0 -25 0 -50 0 -800 0 700 700 0 0 -100 0 0 500 -145 350 200 24 0 0 0 300 0 -250 400 0 0
800 66 800 711 450 500 1000 200 550 500 550 833 750 500 500 625 500 500 0 500 0 0 700 500 0 422 394 400 500 500 500 450 250 549 0 250 279 312 450 700 350 625 1000 500 400 500 600 0 0 0 0 0 875 0 1000 200 750 557 0 0 0 183 0 0 900 0 0 750 200 0 200 0 500 200 0 100 0 900 0 600 600 0 0 75 0 0 500 666 300 350 844 0 0 0 0 0 888 800 0 0
#SaintsFC 2017-05-10
500 0 500 700 500 0 312 0 0 -300 0 0 0 0 -208 -1000 0 0 200 500 -500 0 800 0 -500 250 -21 468 875 83 -21 0 0 83 0 500 0 0 500 0 0 335 125 41 0 0 500 0 0 -50 0 0 200 0 0 136 116 400 250 234 500 -21 0 -400 0 -394 -400 49 58 0 52 0 0 0 0 500 184 468 0 200 0 0 -100 0 250 0 0 0 0 0 0 500 -50 0 0 0 0 -70 0 33
666 0 875 700 500 0 250 0 0 400 0 33 0 0 66 1000 0 0 200 833 1000 0 400 0 800 1000 233 427 600 366 351 0 66 833 0 625 0 0 500 0 0 500 362 250 0 0 500 400 0 400 0 0 900 0 283 454 383 450 300 643 600 311 0 400 0 616 450 650 800 100 357 0 0 0 0 833 541 427 100 575 0 0 262 125 533 0 0 0 0 0 0 900 400 0 0 125 0 562 0 33
#AFC 2017-05-10
318 0 0 -200 0 600 1000 900 392 0 233 500 0 900 500 0 0 0 -400 500 250 500 0 0 0 1000 0 -37 -200 0 0 93 218 218 0 136 0 62 0 136 1000 500 0 350 468 0 0 233 100 -25 0 0 0 800 500 0 0 0 0 0 0 0 0 0 0 0 300 268 0 0 0 400 0 0 0 258 0 -100 85 -250 0 100 0 0 -300 0 1000 357 333 700 0 0 -349 0 0 0 600 0 0 0
477 0 0 0 0 300 300 1000 517 0 366 500 0 1000 500 0 0 0 600 500 333 500 0 0 0 300 0 525 0 0 0 750 477 477 0 500 0 354 0 500 1000 750 0 650 427 0 0 366 200 625 0 0 0 400 500 0 0 0 0 0 0 0 0 0 0 0 200 550 0 0 0 200 0 0 0 462 0 550 227 200 0 800 0 0 700 0 1000 535 366 500 0 0 583 0 0 0 900 0 0 0
#CFC 2017-05-08
0 0 0 650 0 178 0 0 0 0 0 600 0 600 0 0 -400 0 0 0 0 0 0 0 0 0 0 0 0 500 0 -100 233 0 0 0 200 0 0 0 0 0 0 0 0 0 0 -500 -500 0 0 500 0 500 0 200 0 -500 0 0 -49 0 0 0 550 500 0 500 0 0 0 0 433 0 0 0 0 0 300 1000 700 0 500 250 200 250 0 0 0 0 500 0 0 0 0 0 116 49 0 0
0 0 0 900 0 285 0 0 0 0 0 900 0 650 0 0 400 0 0 0 0 0 0 0 0 0 0 0 0 600 0 100 366 125 0 0 300 0 0 0 0 0 0 0 0 0 0 1000 1000 0 0 500 0 500 0 100 0 1000 0 0 750 0 0 0 650 500 0 500 0 0 0 0 433 0 0 0 0 0 429 300 900 0 500 250 200 950 0 0 0 0 500 100 0 0 0 0 411 75 0 0
#boro 2017-05-08
0 0 0 800 0 800 0 -74 700 0 136 200 227 850 -83 0 0 0 0 562 136 0 0 0 0 800 800 0 0 261 -155 0 800 0 375 0 -270 0 800 136 172 1000 0 0 -300 35 0 -577 0 -194 0 0 -50 -625 111 136 542 500 0 0 0 -1000 -83 0 0 500 0 0 0 -327 800 136 350 0 0 0 -100 0 -155 -312 0 0 200 0 0 0 -400 216 -250 0 -400 -400 -72 0 122 0 100 0 0 1000
0 0 0 900 0 900 0 466 600 0 454 300 545 1000 266 0 0 0 0 550 454 0 0 0 66 750 400 0 0 550 288 0 400 0 700 0 465 0 400 454 394 400 0 0 400 417 0 644 0 288 0 0 400 200 297 454 642 600 0 0 0 1000 916 0 0 750 0 0 0 644 400 500 350 0 33 0 333 0 288 750 0 0 200 0 0 0 600 416 250 0 600 400 522 0 644 0 100 0 0 300
#AFC 2017-05-07
218 218 0 -50 0 0 0 0 0 0 0 0 0 0 625 0 -250 0 136 0 0 0 0 -500 233 0 0 0 0 1000 0 0 0 0 0 0 0 0 400 0 0 -300 -400 0 -500 218 0 0 0 0 136 0 0 357 0 -400 -400 0 0 0 74 0 0 0 0 0 0 0 -83 0 0 0 437 0 0 0 0 -93 0 0 0 -35 0 0 0 -16 0 375 0 -400 -400 0 0 125 500 0 0 266 227 -325
477 477 125 450 0 0 166 0 0 0 0 0 66 0 900 0 500 0 454 0 0 0 0 900 366 0 0 0 0 300 0 0 0 0 500 0 0 0 200 0 0 350 400 0 400 277 0 0 0 0 454 0 0 535 0 900 900 0 0 0 441 0 0 0 0 0 0 0 605 0 400 0 283 0 0 0 0 284 0 0 350 327 0 0 0 441 0 200 400 600 400 0 0 400 500 0 0 508 545 825
#MUFC 2017-05-07
-230 450 218 218 250 0 0 0 0 187 500 0 0 0 0 0 -125 229 -166 1000 0 0 0 0 1000 0 112 50 600 100 700 0 0 400 0 187 100 0 187 233 333 0 333 136 187 0 500 187 187 0 0 -250 -145 0 -12 187 0 0 -500 0 0 0 1000 0 0 300 0 0 0 0 225 375 0 0 0 0 0 -600 400 0 0 0 0 500 333 100 136 -400 0 0 0 0 -250 0 0 0 218 400 0 0
461 775 477 477 250 0 0 0 0 375 1000 0 0 0 0 0 375 405 944 300 0 0 0 0 1000 0 518 50 433 200 725 0 0 500 0 375 200 0 375 366 449 0 449 454 375 0 600 375 375 0 0 250 270 0 725 375 0 0 900 0 125 0 300 0 0 600 0 0 0 500 258 500 0 0 0 0 0 800 800 0 0 0 0 500 449 200 454 400 0 0 0 0 250 0 0 0 277 250 0 0
#LFC 2017-05-07
0 500 218 218 0 -166 500 0 0 50 100 0 0 200 0 0 -46 0 500 0 0 500 500 0 1000 500 0 136 136 0 0 0 0 66 0 600 250 0 0 0 0 400 0 200 0 -699 136 100 0 0 0 218 0 200 0 250 600 449 -166 425 0 150 0 175 483 500 812 425 468 0 0 200 500 200 166 0 378 -150 0 -157 -700 200 500 -388 0 0 150 0 0 0 0 500 0 0 0 0 0 337 0 500
0 500 477 477 0 944 600 0 0 50 0 0 0 400 125 750 329 0 666 0 0 600 600 0 1000 666 0 454 454 0 125 1000 0 433 0 466 200 0 0 0 0 800 0 533 0 666 454 750 0 0 0 277 0 100 0 900 900 500 566 625 0 50 0 825 449 750 449 625 427 0 125 312 500 400 250 0 484 400 66 226 900 100 750 833 0 0 50 0 0 0 0 1000 0 0 0 0 0 492 0 1000
#SaintsFC 2017-05-07
0 400 83 0 0 -600 -1000 800 318 101 800 -83 318 0 150 0 -500 -400 128 0 362 0 0 250 0 500 0 900 250 -200 0 -400 175 -500 0 36 475 0 250 0 600 0 0 227 -900 -155 0 0 244 0 0 0 0 0 -155 -72 166 0 405 172 400 0 0 0 700 0 0 0 500 0 449 0 -1000 0 0 306 -200 500 0 75 541 250 416 250 200 600 500 0 -155 500 191 0 0 266 -156 0 0 250 0 400
0 600 450 0 0 700 800 400 727 558 400 494 477 100 100 500 1000 400 333 1000 650 100 0 333 0 666 0 350 500 50 0 400 400 550 0 284 450 0 250 100 900 0 0 545 1000 288 0 0 577 0 0 1000 0 0 288 188 333 0 355 394 1000 0 0 0 750 0 0 0 600 0 900 0 1000 0 0 625 800 500 0 950 733 333 500 429 900 900 500 0 288 600 441 0 0 566 375 0 0 500 0 500
#Swans 2017-05-06
0 850 0 0 600 -400 0 100 100 100 100 100 0 133 0 -500 11 -350 600 -3 0 0 0 0 312 0 108 0 500 800 0 0 -83 337 0 341 -66 250 -200 0 150 0 0 0 0 125 0 0 0 49 0 0 750 781 0 -333 500 83 0 0 0 1000 0 0 500 0 0 800 0 0 -200 750 0 136 0 0 500 0 0 0 0 750 750 750 0 0 0 400 750 0 612 0 0 0 0 418 0 425 0 443
0 1000 0 0 1000 400 0 900 900 900 900 550 0 466 0 400 711 500 500 459 0 100 0 125 283 1000 400 0 750 725 1000 0 537 387 0 716 799 1000 200 0 600 0 0 0 0 231 125 0 0 650 500 0 750 500 0 500 625 166 166 0 0 1000 0 0 888 0 0 750 0 0 700 750 0 500 0 0 888 0 0 0 1000 750 750 750 0 0 500 233 750 0 775 0 0 0 1000 550 0 825 0 625
#EFC 2017-05-06
0 0 300 0 100 400 0 500 0 0 250 0 0 0 0 0 0 0 400 0 200 0 0 -187 0 -500 400 0 675 500 0 0 350 350 350 -50 -50 500 -50 500 500 350 -50 500 0 0 0 0 500 0 0 136 136 0 0 0 0 375 400 0 0 350 0 -700 0 0 700 0 700 200 55 0 800 -1000 0 400 0 350 0 0 0 0 0 0 0 250 600 300 0 100 -225 0 -333 300 0 100 0 0 0 350
0 0 100 0 0 800 0 750 0 0 250 0 0 0 125 0 0 0 800 0 100 0 155 500 0 900 800 0 825 150 0 0 550 550 550 400 400 750 400 750 750 550 400 750 0 100 0 0 600 0 0 454 454 0 0 0 0 450 800 0 0 550 750 200 0 0 600 0 600 100 111 0 1000 1000 100 1000 0 650 0 0 0 0 0 1000 0 540 500 100 0 400 150 0 666 600 50 300 0 0 0 650
#AFCB 2017-05-06
0 0 0 0 0 500 0 100 -233 0 0 0 0 500 0 0 500 0 0 100 0 260 625 -62 0 285 500 800 0 0 0 0 0 0 0 122 0 0 0 0 111 875 0 0 0 0 0 0 800 0 0 0 400 0 0 0 80 212 333 166 0 0 0 525 350 0 525 0 0 550 0 0 0 0 300 0 0 400 900 0 500 800 0 -500 450 0 0 0 0 -112 0 0 166 0 100 0 0 350 450 0
0 0 0 125 0 150 0 300 383 100 0 0 0 500 0 0 900 0 1000 450 0 260 750 187 0 535 500 400 0 0 0 0 0 0 0 577 0 0 100 0 250 800 0 0 0 0 0 0 1000 0 0 0 800 0 0 0 332 766 500 733 250 0 0 625 550 0 625 0 0 500 100 0 0 0 166 0 0 633 875 0 625 1000 0 400 362 0 0 0 0 287 0 100 466 0 100 0 0 550 816 0
#SCFC 2017-05-06
0 0 0 0 0 345 500 136 0 100 0 0 0 0 -200 0 0 34 437 193 0 136 0 -375 375 0 0 0 0 0 300 450 83 0 0 0 100 -287 25 0 666 0 0 0 285 0 0 750 0 425 450 151 0 500 0 0 0 0 100 0 0 625 1000 0 -100 0 132 0 0 250 450 0 -700 0 500 750 500 0 0 0 0 800 500 0 0 485 0 0 0 0 0 416 0 0 0 0 0 0 0 485
0 0 0 0 0 645 150 454 0 900 0 0 0 0 700 0 0 238 566 327 0 454 66 400 700 562 0 0 0 0 441 750 166 0 0 0 200 784 662 0 199 100 0 0 535 0 0 750 0 862 900 393 0 500 0 0 0 0 200 0 0 500 1000 0 250 0 432 0 0 333 900 0 900 0 400 750 400 100 0 0 0 750 500 0 0 350 0 0 0 0 100 500 0 0 0 0 0 0 0 350
#Clarets 2017-05-06
0 500 400 0 0 0 0 0 0 0 0 0 0 0 0 0 250 318 0 0 400 0 625 0 0 0 100 0 0 0 0 0 200 0 0 0 0 0 -277 -162 -350 0 0 0 0 0 1000 0 0 0 0 0 0 -41 24 -166 250 700 0 0 0 0 0 0 0 0 0 0 875 285 0 406 0 0 0 0 0 250 0 350 0 -316 0 0 0 625 800 1000 800 166 937 0 500 0 625 318 0 500 -38 0
0 150 900 0 0 0 0 0 0 0 0 0 0 400 0 0 250 500 0 0 400 0 900 0 0 0 400 0 0 0 0 0 450 0 0 0 0 0 344 472 416 0 0 0 0 0 750 0 0 0 0 0 0 295 366 166 200 600 0 0 66 0 400 0 250 0 0 0 600 535 100 450 0 0 0 0 0 200 0 550 0 300 0 0 0 900 400 300 400 566 750 0 875 0 900 477 0 694 345 0
#WBA 2017-05-06
136 136 300 -100 900 900 0 -1000 0 400 136 350 0 333 350 0 0 333 0 136 136 0 0 0 0 0 0 0 0 1000 0 0 0 0 0 0 800 625 -699 0 166 500 1000 500 0 0 300 0 200 0 0 0 -187 -187 0 0 0 0 0 300 432 50 136 136 0 0 0 0 0 -375 0 433 0 500 700 0 700 0 524 -100 300 0 0 400 100 49 0 0 -83 -69 0 0 800 0 100 0 350 59 0 266
454 454 700 300 600 600 0 1000 0 800 454 550 0 666 650 0 0 666 0 454 454 0 0 500 500 500 0 0 0 1000 0 0 0 0 0 0 1000 500 666 0 583 500 400 500 0 0 500 0 400 700 0 0 500 500 0 66 0 0 0 1000 493 200 454 500 0 0 0 0 0 625 1000 833 0 500 600 500 600 100 625 400 500 0 0 350 1000 244 0 0 83 55 0 0 400 0 600 0 550 429 0 916
#hcafc 2017-05-06
0 0 333 170 290 0 0 0 49 -125 300 -500 0 0 0 -166 -166 -400 150 0 0 0 0 0 0 200 0 0 -100 0 -400 0 0 -200 0 625 266 0 357 0 0 316 -150 0 0 0 -133 0 0 0 250 0 0 0 0 0 0 0 700 -781 0 700 -500 214 -125 0 -150 0 625 74 -1000 0 618 625 0 0 0 -224 320 0 200 200 0 418 0 0 612 0 -62 800 666 0 0 500 333 360 300 0 0 0
0 0 544 454 551 0 0 525 775 750 541 400 0 0 0 433 433 400 277 0 0 0 0 0 0 200 0 0 780 0 400 0 0 200 0 500 416 0 535 283 0 683 500 500 0 0 166 0 0 0 1000 125 0 0 0 0 0 0 900 1000 0 800 900 571 375 0 500 0 900 675 1000 0 700 650 0 66 500 774 540 0 200 200 0 571 0 500 775 0 187 1000 666 0 0 500 666 416 200 300 0 0
#SAFC 2017-05-06
-93 0 0 0 0 0 0 156 500 0 0 0 0 590 0 400 170 -347 -312 -291 -500 0 0 0 0 0 0 50 0 0 -625 0 -355 0 0 0 0 0 0 0 0 375 0 0 0 158 158 158 0 -562 0 0 0 0 -250 0 350 0 0 0 0 0 -187 -291 80 0 0 0 0 0 325 250 147 0 300 200 0 0 0 -172 0 0 0 0 -500 0 0 0 0 -200 0 800 400 -500 0 500 100 0 750 -291
400 0 0 0 0 0 0 400 150 0 0 100 0 850 0 700 454 644 500 541 1000 0 0 0 0 0 0 350 0 366 700 0 558 300 0 0 0 0 0 0 0 200 0 0 0 358 358 358 0 600 0 0 0 0 650 0 350 0 0 150 0 0 500 541 269 0 0 0 66 0 666 500 490 0 200 500 0 0 0 511 0 0 0 0 1000 0 0 0 0 400 0 900 700 1000 0 600 825 0 1000 541
#LCFC 2017-05-06
800 0 0 0 0 111 0 0 0 400 900 500 0 0 0 0 0 0 250 0 0 0 316 0 200 400 0 900 800 -275 0 0 0 0 0 0 0 0 -350 0 900 -74 0 0 50 433 0 0 0 200 0 0 400 433 0 0 0 0 0 16 0 0 400 350 100 400 0 116 0 -45 250 250 800 0 0 233 0 0 0 0 312 -388 -388 0 542 0 0 0 -55 -55 0 0 0 0 0 0 99 0 0 0
1000 0 0 0 125 250 0 0 0 800 1000 888 0 0 0 0 0 0 200 0 0 0 716 125 312 875 0 1000 1000 181 0 0 0 100 0 0 0 0 162 125 1000 461 0 0 162 833 125 0 0 100 0 0 900 833 0 0 0 0 0 144 0 0 600 350 450 800 0 516 0 275 750 750 750 0 600 700 0 0 0 0 333 833 833 0 467 0 0 0 55 55 0 0 0 0 0 0 661 0 0 0
#WatfordFC 2017-05-06
400 400 -500 500 0 -500 0 250 0 400 0 254 166 0 -312 0 0 16 400 500 0 0 300 0 0 0 0 0 0 400 0 250 0 254 0 250 0 0 254 500 0 229 -99 0 0 250 0 0 0 300 254 300 500 0 -400 0 0 -19 250 0 0 0 -316 125 0 0 97 0 0 0 500 625 0 0 245 300 0 0 500 0 0 500 0 0 566 350 0 0 0 0 -333 0 0 -400 300 0 400 -100 0 0
800 800 700 900 0 700 0 450 288 400 0 770 311 0 625 0 0 144 800 500 500 0 200 0 0 0 0 116 288 400 0 416 0 770 0 500 0 0 770 666 0 800 647 0 0 450 0 0 0 200 770 200 900 0 400 0 0 458 400 0 0 250 733 166 0 0 347 0 0 0 328 900 0 0 384 0 0 0 500 0 0 500 0 0 375 350 0 0 0 0 455 0 0 400 650 0 800 400 0 0
#MCFC 2017-05-06
136 136 0 0 0 233 136 -50 136 0 900 900 0 0 0 0 0 1000 0 850 1000 0 0 400 136 0 -33 266 0 100 716 0 0 0 80 101 0 0 0 0 0 0 300 -400 136 136 0 0 500 0 0 0 0 160 -155 100 -400 136 136 500 504 400 0 0 350 0 0 0 0 133 0 68 468 300 0 399 750 126 0 0 0 0 0 0 750 650 250 0 0 358 1000 0 0 0 500 0 0 800 0 0
454 454 0 0 0 366 454 400 454 1000 600 600 0 0 0 0 1000 300 0 700 300 0 0 800 454 0 175 466 0 150 833 0 0 0 180 325 0 0 0 100 0 0 500 700 454 454 0 0 500 0 400 1000 0 539 288 600 700 454 454 188 283 950 0 0 550 0 0 0 0 633 0 227 427 750 0 433 900 555 0 0 0 0 0 500 700 625 250 0 0 383 300 0 0 0 150 0 0 400 0 1000
#CPFC 2017-05-06
0 0 136 202 0 250 136 0 0 0 0 0 400 0 0 366 0 0 0 0 700 0 500 0 0 0 0 738 0 0 200 0 0 500 0 700 700 0 0 0 500 0 0 0 0 800 548 0 0 0 0 0 0 0 233 0 0 400 -166 0 0 233 0 0 0 0 0 0 500 0 312 0 0 0 0 800 0 0 136 100 0 0 0 0 0 400 0 800 0 0 -158 0 323 0 172 0 0 0 213 0
0 0 454 355 0 450 454 0 0 125 0 0 800 0 0 733 100 0 0 0 600 0 600 0 0 0 0 500 0 0 300 0 1000 500 0 600 600 0 0 0 500 0 0 0 0 400 496 0 0 0 0 750 0 0 366 0 0 600 66 0 0 625 0 0 0 0 0 100 600 0 533 0 0 0 0 400 0 0 500 650 0 0 0 0 500 800 0 750 0 0 150 0 587 166 444 0 0 0 454 0
#WHUFC 2017-05-05
125 0 0 0 0 0 -500 136 433 -500 900 750 200 0 1000 0 0 0 0 0 0 525 250 250 250 200 136 116 212 250 -250 0 0 0 0 400 136 0 0 0 136 0 250 200 0 -175 250 136 0 178 0 0 136 0 500 -400 0 0 -699 -500 -125 100 0 136 585 0 0 700 222 213 0 0 0 97 0 520 0 0 0 0 0 400 0 50 -400 183 0 0 100 800 -221 500 -221 500 400 0 400 0 0 0
562 0 0 0 100 0 600 500 733 300 1000 900 200 0 300 0 0 0 0 0 0 566 500 500 500 300 454 333 425 500 533 0 0 0 0 800 454 0 0 0 454 0 500 200 0 650 500 454 0 345 0 0 454 0 500 600 0 0 666 500 375 400 0 454 100 600 0 600 666 500 0 100 0 700 0 1000 0 0 0 0 0 800 0 233 400 494 0 0 150 800 518 900 518 900 700 0 700 0 0 1000
#COYS 2017-05-05
800 0 200 200 200 162 0 0 400 0 200 136 -22 100 0 200 262 650 -58 312 400 750 0 0 266 0 0 0 0 890 500 1000 400 500 500 0 1000 0 0 0 600 0 0 0 0 0 0 0 0 350 533 -41 0 -150 -500 0 344 0 0 0 250 0 0 200 0 -188 324 350 0 0 0 47 266 0 -16 -77 600 0 83 -500 200 0 0 0 0 3 18 68 0 -325 400 33 0 0 0 0 0 0 700 800
1000 0 200 200 200 550 0 0 800 0 450 454 322 100 0 450 550 775 200 1000 800 1000 0 0 833 0 0 1000 0 625 600 1000 412 500 600 0 1000 0 158 0 600 0 0 0 0 0 0 0 0 700 633 458 0 550 875 0 633 0 0 250 333 0 0 200 0 211 500 550 0 0 500 236 666 0 464 311 1000 0 444 1000 155 0 0 0 0 661 297 227 0 225 375 33 0 0 0 0 0 0 600 750
#WatfordFC 2017-05-01
400 -500 500 0 0 100 400 800 300 0 0 -375 -200 0 0 125 -208 333 325 0 1000 333 800 500 0 11 275 1000 0 733 0 -250 0 200 0 0 0 0 0 700 380 0 600 720 387 0 0 0 0 500 0 1000 1000 136 0 0 800 600 0 200 0 0 0 -77 0 0 400 0 0 0 250 0 -875 0 700 500 136 0 -200 0 0 800 0 0 87 136 0 200 0 0 136 0 0 800 0 -500 0 0 800 400
800 900 500 0 0 400 800 1000 800 0 0 400 400 1000 0 1000 166 366 491 0 400 466 1000 500 400 595 375 1000 66 416 0 888 0 400 0 0 0 0 0 600 380 0 466 740 825 0 0 125 0 455 0 300 300 454 0 0 750 250 0 500 100 0 0 177 0 0 800 0 66 100 300 0 1000 0 600 500 454 0 500 0 0 400 0 0 333 454 0 250 0 0 454 0 750 400 0 1000 0 0 400 800
#LFC 2017-05-01
300 458 900 900 0 -21 0 750 -500 0 -25 0 0 0 0 0 250 750 0 500 0 0 100 50 0 0 0 0 300 300 0 300 500 200 433 0 412 0 500 0 350 300 0 0 0 1000 0 1000 0 66 233 0 0 0 1000 0 0 0 50 0 0 -600 0 0 0 0 0 433 136 0 0 0 450 0 250 0 0 400 0 433 0 0 0 -714 324 1000 1000 0 425 400 399 0 0 400 0 200 800 500 0 0
200 500 600 600 0 379 0 750 900 0 233 100 0 125 1000 0 250 750 0 700 0 0 0 50 100 0 50 0 200 200 0 200 500 200 375 0 550 0 600 0 475 200 0 0 0 300 0 1000 0 533 366 125 0 0 300 0 0 0 200 0 0 800 0 0 0 0 0 633 454 0 0 0 450 0 516 0 0 503 0 633 0 0 0 857 425 300 300 0 416 500 266 0 0 800 125 312 900 500 0 0
#COYS 2017-04-30
650 425 0 0 250 0 625 0 -200 0 0 0 0 0 400 412 600 466 0 0 0 0 0 0 0 0 0 800 500 166 -250 0 0 0 200 200 0 0 500 500 750 500 0 0 0 0 0 62 0 400 1000 0 170 287 0 0 400 500 95 0 -500 300 0 350 0 0 0 500 500 136 350 -49 0 0 0 174 0 0 0 333 136 0 0 500 0 133 558 -32 0 250 0 0 650 0 0 -133 500 766 483 -650
1000 625 0 0 250 0 500 0 600 0 0 0 0 0 800 550 583 366 0 0 500 0 0 0 0 0 100 400 500 833 250 0 0 0 200 200 0 0 700 700 500 700 0 0 0 500 0 245 0 800 400 0 454 450 0 0 800 750 584 0 1000 475 0 341 0 0 0 183 600 454 500 825 0 0 0 656 0 0 0 666 454 0 0 750 0 333 799 460 0 200 0 0 787 0 0 533 500 666 577 1000
#AFC 2017-04-30
218 218 0 218 -166 0 0 0 0 0 700 0 0 0 0 0 0 0 500 357 0 0 -256 0 0 200 357 0 0 0 0 0 500 0 -25 -650 -49 100 0 0 500 0 0 0 0 200 0
477 477 0 368 66 0 0 0 0 0 600 0 0 0 0 0 0 0 500 571 0 0 727 0 0 100 571 0 0 0 0 0 500 0 666 1000 850 300 0 0 500 0 0 0 0 200 0
#EFC 2017-04-30
0 0 0 0 100 400 0 0 136 136 0 0 0 500 500 500 0 0 0 0 0 0 0 400 500 0 0 0 -416 550 500 400 0 400 0 0 0 0 0 0 0 0 400 0 0 400 24 0 285 0 0 0 0 203 0 0 62 0 0 113 0 1000 357 0 500 0 0 0 0 0 112 0 0 0 0 0 0 -250 166 237 500 0 700 0 700 400 0 -255 0 0 0 24 1000 0 0 0 1000 625 0 666
0 0 500 0 0 800 0 0 454 454 125 0 600 250 250 250 0 0 0 0 0 0 0 800 250 0 0 0 666 950 500 800 0 700 0 100 100 0 0 600 0 0 700 125 125 800 850 0 535 0 0 0 0 416 0 1000 500 600 0 335 0 300 535 0 150 0 0 0 0 100 375 0 0 0 0 0 0 250 766 600 833 0 900 0 900 900 0 711 0 0 0 850 1000 0 1000 0 1000 650 0 533
#CFC 2017-04-30
0 50 0 0 -166 200 0 136 0 0 0 0 0 0 0 136 68 0 0 0 0 337 500 0 0 0 0 0 0 0 0 0 136 0 0 0 0 0 0 0 0 0 800 0 0 500 0 0 425 0 0 0 107 0 0 0 0 0 -666 0 0 285 350 0 0 175 0 400 312 -155 0 -155 500 1000 0 0 0 0 0 0 0 -125 0 0 0 0 0 0 500 0 400 0 350 337 0 -250 -500 0 0 50
0 62 0 125 66 100 0 454 0 0 0 0 0 0 0 454 227 0 0 0 0 825 900 125 0 0 0 0 0 0 0 0 454 125 0 0 0 0 0 0 0 0 1000 0 0 900 0 0 575 0 0 0 285 0 0 0 0 0 1000 0 0 535 566 0 0 606 0 500 500 288 0 288 500 1000 0 100 0 0 0 0 0 416 0 1000 0 0 0 0 500 0 700 0 566 825 0 225 500 0 0 62
#boro 2017-04-30
0 -250 0 0 0 0 300 500 300 0 100 0 0 -178 500 0 100 0 0 800 0 0 0 80 0 0 100 0 0 0 0 0 0 0 125 66 -291 400 0 500 233 500 0 0 0 0 225 0 650 0 0 0 142 -400 0 0 0 300 -266 0 0 800 49 150 -250 0 -133 250 0 500 0 0 0 0 0 0 312 0 400 0 0 0 0 500 537 800 -199 0 0 0 -500 0 0 0 0 800 50 800 800 136
0 700 0 0 0 0 650 600 650 0 300 0 0 285 500 0 400 0 0 400 0 0 0 269 333 0 300 0 0 0 0 0 0 0 100 549 541 400 0 500 566 900 0 0 0 0 450 0 1000 0 0 0 267 400 0 0 0 650 766 0 1000 400 650 700 250 0 197 666 0 666 0 0 0 0 0 0 333 0 800 0 1000 0 0 500 400 750 641 0 0 500 500 0 0 0 0 750 100 750 400 454
#MCFC 2017-04-30
218 218 250 0 100 -166 0 0 412 0 0 0 1000 0 0 500 -125 500 136 136 0 -500 0 0 0 375 500 0 0 500 0 0 0 500 0 350 0 0 0 0 0 150 -50 0 500 300 0 0 0 500 0 500 0 0 -35 -200 0 200 0 350 550 -100 300 300 500 -250 0 0 0 0 0 0 300 49 -100 0 200 0 0 0 266 0 0 433 0 0 -1000 200 0 -388 0 -388 500 500 -1000 0 0 0 0 0
477 477 250 0 0 66 0 0 550 0 0 0 750 0 0 1000 316 900 454 454 0 1000 100 100 0 466 500 0 0 678 0 0 1000 750 0 350 0 100 0 0 0 450 400 0 475 433 0 166 0 500 0 500 0 0 571 233 100 100 166 300 650 300 200 200 833 100 0 0 0 0 0 0 750 575 400 0 100 0 0 0 305 250 0 833 0 0 900 700 0 833 0 833 500 500 1000 100 0 0 0 0
