#AFCB 2018-05-05
500 366 0 136 150 700 -537 100 400 -50 -83 370 243 0 166 0 0 300 800 0 187 50 9 0 -68 0 0 0 26 300 558 568 300 -145 0 0 0 0 -237 83 260 0 350 500 -125 0 0 0 0 416 250 -200 400 133 0 0 0 1000 0 0 0 251 25 625 141 108 0 0 0 0 0 0 500 -200 130 500 -155 0 500 0 0 375 0 0 0 0 0 0 0 0 312 0 492 136 462 0 0 0 288 566
800 700 0 500 100 600 525 83 800 216 83 616 525 0 750 0 0 300 400 0 300 700 592 0 381 0 0 0 340 500 645 377 750 520 12 500 0 0 487 316 260 0 600 650 125 250 0 0 0 833 500 400 600 655 0 0 0 300 0 0 0 425 275 675 325 450 0 0 0 0 0 0 750 233 470 500 288 0 850 0 0 500 533 0 0 0 0 1000 0 0 550 0 567 433 587 0 0 66 559 633
#Swans 2018-05-05
0 166 0 400 400 0 -100 500 0 0 500 85 0 400 300 -325 100 75 400 800 0 510 0 500 0 568 250 0 0 0 400 0 -324 0 0 27 400 166 50 400 0 0 700 0 812 0 0 0 500 198 68 0 255 0 0 0 0 0 0 100 0 0 0 0 433 350 96 -83 0 0 400 600 -100 410 0 -400 27 0 -100 0 400 0 136 250 733 136 716 -83 250 650 0 0 -259 0 0 0 136 0 500 800
0 383 0 800 233 0 50 888 0 0 1000 356 0 1000 300 744 400 650 1000 650 0 750 0 633 0 377 799 0 0 0 375 0 508 1000 1000 266 400 416 100 600 0 0 600 0 800 0 0 0 900 640 227 250 590 0 0 0 0 0 0 300 100 0 0 0 833 300 528 125 125 125 600 900 400 690 0 400 266 0 400 0 400 0 500 750 466 500 566 372 333 575 0 0 577 0 0 125 454 0 900 400
#LCFC 2018-05-05
0 -500 500 -100 136 0 -116 0 514 136 0 166 0 166 0 300 93 500 100 -38 400 0 0 0 500 311 -156 136 12 0 800 0 0 0 0 0 562 0 137 467 0 -355 0 -8 100 0 0 -600 -25 0 450 0 0 1000 800 -8 0 312 0 0 0 0 0 0 -200 333 0 625 0 412 0 0 0 -250 800 562 562 185 0 112 357 430 0 1000 -400 0 0 0 0 166 200 0 0 0 0 437 0 166 0 200
62 533 750 362 500 0 466 0 707 454 0 288 0 566 0 633 430 750 100 345 500 433 0 0 750 447 525 454 437 0 1000 0 0 0 0 0 500 0 750 662 0 533 0 566 488 0 100 1000 375 0 200 0 0 400 750 566 0 425 0 0 0 0 0 0 100 399 125 900 0 550 0 0 0 250 1000 500 500 720 0 437 571 446 0 300 400 0 0 0 0 666 500 0 0 0 0 550 0 666 0 500
#WHUFC 2018-05-05
0 125 136 0 125 0 -21 50 -600 250 175 136 0 95 0 0 0 0 0 0 -125 0 0 100 0 -31 0 136 136 0 68 136 0 136 -88 68 136 68 68 575 136 400 136 250 0 68 136 250 0 0 -75 0 0 1000 0 -187 0 0 66 0 0 0 500 -216 107 0 400 250 0 500 250 0 136 400 125 -1000 0 507 700 800 393 0 0 0 -125 0 0 0 0 83 136 500 0 0 -100 400 0 -400 250 0
0 575 454 1000 216 0 392 150 1000 500 825 500 0 234 125 0 0 0 0 1000 375 0 0 400 0 843 0 500 500 0 300 500 0 500 593 500 500 300 250 650 500 1000 500 250 0 250 500 450 0 0 362 0 500 300 0 895 0 0 593 0 0 0 250 800 785 0 900 650 0 500 900 0 454 600 458 1000 0 785 600 750 756 0 0 0 537 0 0 0 0 583 454 750 0 500 500 600 0 400 283 0
#WatfordFC 2018-05-05
136 0 350 375 166 0 166 0 500 0 0 0 335 166 68 0 500 0 0 450 -325 875 0 400 366 1000 83 500 -125 0 0 400 0 0 145 0 0 136 0 437 125 -400 0 125 0 400 233 200 0 195 0 0 500 -364 0 72 0 -400 -100 346 318 0 0 150 384 0 199 1000 381 650 250 449 333 -312 0 222 0 400 0 0 0 -175 0 0 0 0 500 233 0 0 400 0 0 685 242 0 600 1000 0 0
454 0 550 625 666 0 333 0 800 0 1000 0 477 666 227 0 500 0 0 650 700 700 450 700 433 300 583 650 375 0 1000 900 0 0 241 0 0 454 0 475 250 400 0 250 0 200 733 700 0 452 450 0 700 541 500 741 0 400 25 538 500 0 0 366 728 0 566 300 662 450 500 762 466 250 0 644 0 800 1000 750 0 650 0 0 0 0 850 366 0 0 1000 0 400 778 367 0 1000 1000 1000 0
#NUFC 2018-05-05
0 0 0 0 350 0 0 0 -400 0 800 0 -604 0 23 200 0 136 433 78 0 0 0 50 -500 350 450 99 700 100 0 368 0 0 533 -45 0 0 0 133 283 0 0 87 700 -143 100 500 800 700 550 256 0 0 333 833 0 0 0 0 0 700 0 500 89 500 0 0 0 0 0 200 1000 0 650 0 0 0 0 250 0 0 0 0 300 250 -300 0 162 0 411 0 300 0 450 0 172 0 0 66
0 66 0 100 550 250 0 0 600 0 400 1000 583 0 322 100 0 454 546 750 1000 0 0 200 900 550 750 441 600 400 277 641 0 333 833 676 0 0 0 581 516 0 0 667 600 518 100 475 750 800 200 550 0 0 533 1000 0 0 0 0 0 600 0 883 642 150 0 0 0 0 0 100 300 0 700 0 0 0 0 444 0 0 0 0 100 291 750 0 536 0 750 250 866 0 375 0 444 0 0 399
#WBA 2018-05-05
-177 -77 0 0 0 -66 282 -400 -200 -200 0 0 500 500 0 0 781 392 194 500 0 0 1000 170 700 0 466 0 0 0 0 200 -107 50 0 0 0 500 0 0 0 0 0 0 500 833 700 0 1000 250 77 350 0 0 700 0 650 0 -244 -177 -177 -177 449 -155 0 250 0 0 875 400 -699 266 49 0 300 0 0 -77 -77 -77 0 250 100 0 0 0 0 0 500 0 0 -500 0 0 500 0 250 -26 0 0
344 644 0 0 0 500 596 400 300 300 0 0 1000 1000 0 0 500 517 758 533 0 0 300 696 850 0 633 0 0 0 0 200 240 450 0 0 0 533 50 0 0 0 0 0 600 833 850 0 300 333 88 550 0 0 600 0 675 0 516 344 344 344 400 288 1000 850 0 0 600 450 666 488 650 0 366 0 0 644 644 644 0 1000 50 500 0 0 466 0 500 0 0 1000 0 0 600 100 500 497 0 0
#COYS 2018-05-05
0 0 0 0 0 -200 -84 0 0 800 0 -200 0 500 0 -49 400 700 0 500 181 300 -400 0 0 500 400 0 781 166 68 0 666 0 266 0 0 0 0 0 0 900 0 0 -151 412 136 0 0 0 0 67 0 -400 0 0 399 0 500 0 0 0 0 233 -125 0 0 0 800 466 -566 383 136 0 0 900 -155 0 687 0 466 0 0 1000 700 200 -236 136 0 0 166 -600 200 500 500 0 0 0 0 350
0 0 0 0 0 300 422 0 0 200 0 700 0 1000 0 600 200 600 0 1000 475 200 950 0 0 600 900 1000 600 683 227 0 666 0 866 0 0 0 0 0 0 1000 0 0 729 550 454 0 0 0 0 180 1000 600 0 0 433 0 600 22 0 22 0 533 900 100 0 0 400 666 933 850 500 0 66 850 288 500 1000 0 699 0 0 300 850 150 303 454 0 0 199 800 200 500 400 0 0 0 0 930
#SCFC 2018-05-05
112 250 0 0 0 416 0 0 400 0 125 0 0 0 0 500 207 100 0 -75 0 0 0 0 0 285 500 500 285 0 0 0 400 0 0 0 937 0 0 99 0 -155 0 0 0 0 0 -200 0 0 37 0 -1000 0 0 0 112 0 0 0 111 625 0 -385 0 200 500 500 461 0 400 136 250 285 0 0 0 -133 0 0 -2 0 350 -1000 0 0 500 500 -100 0 500 0 500 0 0 166 166 142 500 250
566 333 0 0 500 750 125 125 400 125 706 0 0 0 0 500 289 400 1000 100 0 0 0 0 0 535 500 500 535 0 0 0 375 0 0 0 900 0 0 700 0 288 0 0 0 0 0 100 0 400 327 0 1000 1000 0 0 204 0 1000 0 500 600 678 429 0 100 600 600 378 0 666 500 500 535 833 600 450 799 100 0 287 0 100 1000 0 0 500 1000 400 0 1000 0 1000 633 450 433 433 317 1000 200
#CPFC 2018-05-05
0 0 0 0 0 0 136 0 0 0 0 0 0 416 0 0 100 900 0 285 162 800 0 400 800 0 400 0 0 0 230 112 99 0 0 0 0 0 500 0 0 37 -333 -50 0 318 625 0 0 0 0 0 0 133 100 -75 0 187 125 528 0 600 0 500 500 0 0 0 0 0 0 175 125 0 -265 0 350 0 500 -31 0 0 0 500 0 0 357 0 0 44 487 133 0 0 0 0 425 0 50 0
0 0 0 100 100 100 454 0 0 500 0 500 0 750 0 500 300 1000 0 535 415 750 0 1000 400 500 378 0 0 0 850 300 300 0 0 0 0 0 500 0 0 240 666 900 0 500 275 0 0 1000 0 0 0 466 225 366 0 437 316 585 0 1000 0 500 500 0 0 0 0 333 0 275 166 0 575 0 650 0 500 300 0 0 0 500 0 0 571 0 0 473 650 600 0 0 0 500 500 0 200 100
#BHAFC 2018-05-04
0 250 1000 350 95 0 0 0 -83 0 0 0 0 -258 533 -60 -50 200 0 0 -400 0 0 -600 -300 -266 -150 0 0 0 216 0 200 0 4 0 402 -250 311 0 0 0 -62 -52 233 208 0 212 0 281 175 1000 400 0 0 62 0 -500 4 -100 0 0 44 1000 -625 400 0 150 -400 250 -400 425 250 360 0 49 1000 0 266 136 -23 416 0 366 2 700 -39 0 266 266 400 0 200 0 -50 268 172 0 -141 83
0 450 300 550 744 0 0 0 125 0 0 0 0 363 833 525 850 517 0 0 400 0 0 900 400 399 700 0 0 0 447 0 100 0 500 0 680 225 466 500 76 0 575 353 533 250 0 351 0 375 300 1000 733 0 0 375 33 550 500 400 0 66 437 1000 1000 400 500 486 400 500 400 575 750 730 0 400 1000 0 266 346 69 500 0 725 513 600 427 0 266 266 500 520 300 0 432 535 490 0 191 333
#MUFC 2018-05-04
625 0 400 0 0 0 0 0 66 200 350 440 0 -93 0 400 418 450 0 0 0 108 0 300 0 0 -125 -150 0 0 -133 234 350 0 -300 0 99 85 250 0 0 0 800 250 0 0 -357 93 0 0 400 0 199 -140 900 250 583 0 0 450 0 166 625 0 214 364 100 0 0 0 600 800 0 230 0 500 0 100 0 87 0 0 -60 0 0 0 83 0 -41 0 -200 0 224 0 0 175 658 0 300 800
888 1000 1000 0 0 0 0 0 600 200 650 519 0 250 0 700 600 625 0 1000 0 191 0 1000 1000 1000 375 700 0 0 580 600 550 0 950 0 549 782 562 0 0 0 400 250 0 0 428 613 0 0 1000 0 633 331 1000 1000 512 260 0 750 0 333 775 0 428 822 200 0 0 0 700 400 0 447 0 550 0 566 0 872 0 0 459 1000 0 0 145 0 500 0 700 0 700 0 0 266 533 0 500 400
#COYS 2018-04-30
500 0 0 0 412 500 0 68 0 600 0 1000 412 -225 0 0 0 136 0 -500 600 0 0 68 333 -371 0 700 450 0 433 350 0 50 -150 250 224 0 1000 562 250 283 0 0 -349 -122 160 -661 -661 0 185 199 49 -133 500 0 0 300 625 0 0 416 58 175 437 0 68 -322 100 -312 114 400 500 200 -150 -266 0 0 -166 0 100 0 199 400 0 0 0 -112 0 0 -300 283 0 0 -66 600 0 333 -700 -433
888 0 0 0 550 600 0 727 0 950 0 1000 751 325 0 0 0 454 0 500 950 0 0 727 666 344 0 600 447 0 416 300 0 700 200 333 375 0 1000 875 1000 833 700 500 333 440 300 700 700 0 409 466 700 233 500 0 0 500 500 500 0 500 319 419 622 0 727 588 400 687 329 200 500 300 400 666 0 0 666 0 300 0 466 250 0 0 0 183 0 0 400 633 0 0 633 425 0 355 700 700
#WatfordFC 2018-04-30
0 136 500 250 0 1000 0 -300 1000 -661 -661 625 -99 0 -150 400 500 -150 0 500 0 0 675 281 0 250 -661 0 -50 700 100 -91 0 0 241 0 0 0 0 0 233 500 0 99 0 900 -250 0 0 0 0 0 600 333 -66 0 -375 166 0 -62 0 0 0 0 0 300 0 0 0 0 250 122 -399 56 500 -125 0 0 125 625 0 0 -300 100 -125 -649 -8 0 0 0 263 1000 0 416 225 56 0 800 0 0
0 500 800 450 0 300 0 500 300 700 700 500 833 0 700 200 500 400 1000 500 0 0 812 362 0 450 700 0 300 600 350 408 250 0 476 0 0 0 0 0 366 562 0 449 0 650 500 0 0 0 0 0 900 355 349 125 400 533 0 187 0 0 125 0 1000 300 0 0 0 0 333 320 688 357 500 375 0 0 200 500 0 0 950 400 375 783 314 0 66 0 619 1000 33 729 558 357 0 1000 0 525
#MUFC 2018-04-29
0 0 1000 150 800 464 0 -358 0 0 -476 0 64 250 0 0 0 0 350 0 0 72 0 400 -233 225 116 0 0 150 206 250 0 -50 937 500 -33 83 126 -625 -625 300 0 423 -155 0 -750 146 0 -300 153 0 0 107 450 0 54 350 0 150 116 0 250 308 0 0 469 400 116 0 466 400 400 0 149 0 0 54 159 100 66 0 0 700 0 0 800 50 0 766 50 -66 49 -358 37 382 1000 235 0 80
0 0 1000 300 400 742 0 575 0 0 797 0 256 1000 0 0 62 500 650 0 0 375 0 350 516 300 648 0 500 150 641 450 0 641 950 750 466 444 178 1000 1000 533 1000 535 288 0 1000 297 0 400 377 0 0 517 375 0 720 550 0 177 254 0 333 648 0 0 600 900 344 0 600 800 900 0 362 0 1000 720 510 200 368 66 1000 800 0 0 750 133 0 511 600 700 450 575 800 390 300 584 0 520
#AFC 2018-04-29
0 3 24 0 110 0 300 625 625 64 -97 400 234 0 0 128 356 100 0 50 450 0 400 0 0 0 100 600 50 -250 233 125 166 216 295 500 0 -155 -503 222 0 0 0 -208 33 -300 50 350 233 -100 533 0 0 400 375 100 0 0 0 412 500 0 0 0 416 0 400 0 0 0 0 350 566 300 0 0 0 312 283 234 500 0 0 0 0 200 334 0 690 -500 100 559 0 0 -250 350 0 0 250 0
0 359 475 0 514 0 500 900 694 256 187 350 713 0 0 595 486 550 0 125 375 0 800 0 1000 0 200 600 133 212 266 166 333 416 511 500 0 288 616 377 292 0 0 341 733 950 150 577 366 200 750 0 0 700 100 233 0 0 0 466 500 0 0 0 777 0 800 0 0 0 0 450 533 500 0 0 0 200 883 480 500 0 0 0 100 200 475 0 649 1000 200 750 0 0 1000 550 0 0 333 0
#WHUFC 2018-04-29
0 0 0 0 0 0 0 318 162 150 500 275 295 0 0 0 0 100 375 -250 0 136 0 136 243 450 68 136 33 -133 0 0 0 0 0 -100 150 0 552 357 0 0 387 0 0 0 350 0 0 0 0 500 0 0 0 0 -155 700 250 0 -500 0 0 250 0 -183 0 0 0 0 0 0 0 0 0 0 -100 0 0 1000 350 0 -178 0 0 -108 0 0 -133 0 81 114 0 0 -300 183 0 0 0 0
0 0 0 500 0 0 1000 477 395 400 850 375 511 0 0 0 0 100 666 1000 0 500 0 500 525 575 450 500 529 155 0 0 0 1000 125 400 383 0 633 535 0 100 537 0 0 0 266 22 0 0 0 900 0 0 0 0 288 600 333 0 500 100 0 250 0 388 500 500 0 500 0 0 0 0 0 0 400 0 22 900 350 0 571 0 0 225 0 400 155 750 537 346 0 250 450 316 0 0 0 0
#MCFC 2018-04-29
0 -600 343 -50 0 500 0 0 0 0 0 0 0 500 0 1000 0 123 99 125 0 937 0 0 0 0 0 175 0 0 0 0 0 0 0 0 375 400 50 0 1000 0 400 800 -49 0 0 600 0 0 0 0 0 500 187 233 273 0 0 -103 0 -699 0 0 -162 0 0 -125 0 0 666 -250 -200 0 0 0 266 178 0 0 0 100 0 0 0 800 0 1000 0 400 169 0 0 300 500 0 0 0 750 400
0 1000 643 225 0 500 0 0 0 0 0 650 0 850 0 300 0 251 277 166 0 600 0 0 0 0 0 549 0 0 0 0 0 0 0 0 500 1000 500 0 1000 650 200 1000 233 0 0 900 0 0 0 0 0 500 875 383 494 0 0 450 0 666 0 0 541 0 0 375 0 0 916 1000 100 0 0 0 300 678 0 0 0 750 0 0 0 750 0 300 0 550 453 0 0 266 475 0 0 125 400 350
#Swans 2018-04-28
0 0 500 0 0 0 -62 0 516 516 0 171 500 350 0 0 300 0 0 425 0 300 -200 100 0 0 -51 500 0 0 781 31 0 400 0 0 -116 399 0 0 0 325 74 0 -50 578 0 400 0 0 0 0 0 0 250 100 154 0 -93 -259 0 0 0 250 0 0 0 -100 0 -750 500 -319 500 0 0 -100 -116 399 0 -100 500 0 0 136 136 0 0 400 0 400 0 0 0 233 0 375 74 -115 0 380
0 0 800 0 1000 0 237 0 633 633 500 300 500 400 0 500 100 0 0 875 0 100 250 100 1000 125 332 500 0 0 600 156 0 900 0 66 66 662 0 0 0 550 341 0 150 467 0 1000 0 0 0 0 0 0 750 1000 384 0 750 577 500 0 1000 750 188 500 0 400 125 1000 500 791 500 66 0 400 66 662 0 400 833 0 0 500 500 0 300 700 0 700 0 0 0 366 0 750 525 701 0 500
#CFC 2018-04-28
600 437 79 0 0 0 -250 0 0 290 0 0 450 449 87 0 66 0 0 42 0 500 171 100 100 251 300 99 375 -120 0 -7 0 0 437 45 250 0 600 0 0 0 0 0 0 587 0 0 0 62 0 800 0 0 359 0 0 0 97 0 99 -54 500 400 0 200 0 488 0 1000 168 0 0 200 0 0 0 125 0 0 0 0 400 0 644 0 0 0 0 0 200 -11 250 0 288 233 0 250 0 0
575 337 361 0 0 0 650 0 0 350 0 0 600 520 775 0 433 0 0 407 0 800 351 400 400 476 0 283 606 530 0 227 0 0 400 151 750 0 1000 0 0 0 100 0 0 475 0 0 0 500 0 400 0 0 738 0 0 0 433 0 283 266 600 700 0 100 0 900 0 1000 377 0 500 200 0 0 0 166 0 0 0 0 900 0 799 0 0 0 0 0 300 496 450 0 686 200 100 200 0 0
#Clarets 2018-04-28
100 425 0 0 616 525 136 0 250 0 325 83 625 0 800 0 0 450 500 625 0 250 252 -50 0 0 800 800 437 -104 0 420 -37 0 0 0 0 -35 166 625 0 0 900 625 0 559 400 0 400 540 0 250 0 0 49 0 1000 0 0 400 -699 687 0 625 200 300 1000 162 0 0 0 0 0 333 0 0 0 400 0 -99 0 -300 400 0 100 266 625 0 93 800 312 416 56 625 0 83 0 0 350 27
0 725 0 0 700 625 454 0 250 0 506 291 900 0 750 0 0 300 900 900 0 500 523 400 66 66 1000 700 750 83 0 400 300 0 0 0 0 71 188 900 0 0 700 900 0 580 233 0 800 530 333 450 0 0 450 66 400 0 0 200 666 800 0 900 400 300 400 300 0 0 1000 0 550 400 0 0 0 800 0 633 0 475 600 0 100 250 900 0 593 400 566 750 540 900 0 383 0 500 550 411
#BHAFC 2018-04-28
300 0 0 425 0 0 0 133 0 0 0 0 0 -71 0 231 500 -291 0 50 0 -50 525 0 0 500 0 1000 0 0 -62 0 104 19 0 500 485 0 250 233 168 400 1000 412 187 -44 -50 443 1000 -100 -500 100 0 279 266 0 0 93 0 -400 0 400 280 0 400 229 550 400 369 0 100 400 -150 400 400 1000 131 281 250 -40 433 475 77 66 700 0 0 12 0 199 356 -50 0 750 375 125 500 0 187 -77
325 0 0 725 0 50 0 433 50 0 0 0 0 142 0 595 900 541 142 100 0 150 625 0 0 500 62 300 0 0 120 0 570 380 0 500 677 0 250 233 277 200 300 751 483 100 550 744 300 344 400 550 0 566 250 0 66 243 0 400 0 400 383 0 400 524 375 400 847 0 550 533 500 400 400 695 633 429 631 300 833 425 311 616 600 0 0 825 0 336 756 400 0 675 416 250 500 144 212 194
#CPFC 2018-04-28
0 0 0 0 0 0 0 -400 0 0 400 0 0 366 0 194 500 0 -100 0 0 0 0 0 -94 0 136 0 550 0 0 1000 60 -250 -400 0 268 362 0 -150 68 175 0 0 416 177 0 0 0 500 333 0 428 -500 0 136 0 279 0 0 0 0 650 0 125 177 113 385 0 149 0 566 0 0 -200 76 0 0 166 800 430 600 800 800 500 0 600 -200 0 0 800 -99 0 400 22 0 0 0 0 50
0 0 125 125 125 1000 0 850 0 0 800 0 0 633 0 388 500 0 450 0 0 0 0 50 454 0 500 0 650 0 0 900 300 500 400 1000 436 579 0 350 227 200 0 0 500 500 500 0 0 500 433 0 567 400 0 500 1000 585 0 0 0 0 450 0 925 500 646 500 0 500 0 600 0 1000 1000 204 0 0 411 1000 580 466 750 750 500 0 900 1000 0 625 1000 494 0 200 404 0 0 0 0 133
#LCFC 2018-04-28
421 500 312 0 0 0 0 0 0 0 500 -60 124 0 31 0 145 101 -197 161 -200 -81 33 400 800 0 0 0 0 -66 50 -400 285 391 45 281 191 1000 -100 -600 416 -125 250 285 62 0 0 229 0 125 625 150 0 0 0 0 0 300 75 1000 1000 -266 0 0 0 0 -100 0 -150 625 0 0 0 0 125 0 200 0 0 0 250 0 0 0 211 433 500 0 0 0 -16 0 201 566 0 99 700 500 0 0
476 600 484 0 0 0 0 0 0 0 888 390 491 0 312 66 500 508 336 259 1000 473 211 800 900 325 0 0 0 766 614 700 535 554 151 750 358 1000 500 900 703 950 312 535 500 0 0 383 0 575 600 416 0 0 0 125 0 566 216 1000 900 333 125 125 125 1000 112 1000 350 600 0 0 0 0 200 0 950 1000 0 0 250 0 0 0 517 566 562 125 0 0 94 1000 495 600 0 500 600 600 0 0
#HTAFC 2018-04-28
-400 0 0 0 0 0 -325 282 0 0 0 0 83 0 0 49 900 0 199 0 0 0 500 -55 -250 700 350 0 0 0 100 0 1000 -400 0 0 0 500 0 500 500 500 0 0 300 -350 400 0 0 -500 0 400 500 0 0 0 0 -400 0 0 250 -41 -200 525 0 100 0 0 0 410 0 175 271 600 500 -500 0 172 400 175 0 0 0 450 136 0 0 650 125 0 -200 262 199 104 500 0 0 400 -200 400
600 0 0 0 0 0 450 596 0 0 0 0 433 0 0 600 875 0 155 0 0 0 833 377 750 600 300 0 0 0 100 0 1000 400 0 0 0 600 1000 600 900 900 0 0 441 750 500 0 0 400 0 233 833 0 0 0 0 400 0 1000 1000 225 850 575 0 400 0 0 0 554 0 325 547 400 500 400 0 394 500 366 0 400 0 516 500 0 0 950 311 0 216 375 155 770 750 0 0 1000 0 500
#EFC 2018-04-28
0 0 0 400 0 0 136 0 -312 0 0 155 0 0 50 0 400 282 0 0 0 208 126 90 375 600 700 0 -500 0 285 0 0 -437 0 -50 0 0 0 0 500 3 -400 83 50 50 -62 0 83 0 0 193 0 0 0 -100 33 0 107 700 0 0 640 500 0 0 0 0 0 142 0 0 0 846 200 0 0 395 180 0 0 400 118 0 0 0 100 0 54 -434 500 318 500 -1000 0 500 0 0 1000 60
0 112 112 800 0 0 454 0 687 0 0 480 0 0 350 0 900 596 0 0 0 516 264 336 750 550 600 125 300 0 535 0 0 833 0 400 0 0 0 0 900 575 600 405 50 254 237 0 433 0 0 463 0 0 0 333 400 0 517 600 0 0 800 500 50 0 0 0 0 267 0 0 0 733 300 500 0 491 440 0 0 400 418 0 0 0 200 0 322 762 833 527 500 1000 1000 750 0 0 1000 300
#NUFC 2018-04-28
0 700 0 0 0 0 300 0 0 0 0 0 0 1000 0 0 0 0 136 500 666 350 0 383 0 450 437 0 500 -158 800 0 600 0 0 412 0 0 0 -1000 976 11 370 208 120 0 0 300 800 0 -62 800 193 100 0 -500 0 433 0 0 0 500 0 -300 0 0 0 400 333 0 155 0 800 250 -166 -291 -750 0 400 400 0 350 0 0 350 -302 0 0 0 0 -56 281 0 0 133 0 0 -625 0 0
0 600 0 1000 0 0 500 0 0 0 0 0 0 300 66 0 0 0 454 500 666 650 0 583 0 375 750 0 475 166 900 100 550 0 0 550 0 0 100 1000 800 408 486 583 420 0 0 425 400 0 237 400 463 0 0 683 0 733 650 0 0 600 0 400 0 0 0 550 461 0 392 0 400 333 166 472 1000 0 900 900 0 594 0 0 587 433 0 0 0 0 443 300 100 0 405 0 0 400 66 66
#WBA 2018-04-28
0 -42 100 0 0 0 620 0 437 0 62 340 800 -18 370 0 500 0 358 0 200 0 0 236 300 0 425 0 0 0 -133 0 0 575 0 0 -194 625 250 0 0 0 0 0 -200 45 136 136 0 0 500 250 0 0 0 0 400 198 0 620 0 800 0 0 503 0 0 500 0 300 0 0 160 416 183 620 800 800 0 0 0 200 300 0 0 0 -83 172 100 100 100 0 300 300 300 300 342 0 0 0
0 266 200 0 0 0 626 0 750 0 500 527 400 322 486 0 500 0 549 0 200 0 0 723 500 0 750 125 0 0 222 0 0 575 0 66 288 600 250 0 0 0 0 0 400 151 500 500 0 0 500 300 100 0 0 0 900 454 0 626 0 750 0 0 860 0 0 900 0 500 0 0 539 377 416 626 1000 750 0 0 0 200 400 0 0 0 449 394 200 200 200 0 500 500 500 500 467 0 0 0
#SaintsFC 2018-04-28
0 0 0 0 0 0 0 0 0 0 -199 -345 125 0 400 300 0 800 0 275 0 1000 -600 200 0 650 300 -383 0 0 500 0 0 0 0 -250 0 0 -100 343 0 400 0 -700 0 0 285 0 800 0 27 1000 0 0 0 0 0 127 0 0 222 -83 -500 0 57 0 100 118 500 0 400 -50 -1 0 0 0 -125 99 122 0 0 260 100 74 -1000 700 -100 175 300 500 0 0 0 -29 200 0 0 -83 0 0
125 0 0 0 0 0 0 0 0 0 666 550 175 333 800 500 0 400 0 650 0 390 900 700 0 450 900 383 0 0 1000 0 0 0 0 750 0 0 250 587 0 575 600 1000 1000 0 535 0 750 0 522 900 0 0 0 0 0 500 0 0 331 458 550 0 473 0 200 418 500 1000 900 812 364 0 0 0 375 333 394 0 0 541 400 505 1000 600 225 894 100 600 0 0 50 584 200 0 0 549 0 0
#AFCB 2018-04-28
0 100 0 0 0 0 0 200 400 0 33 0 800 275 750 159 0 800 650 285 0 357 500 -200 33 -700 0 -250 0 0 0 0 -31 0 0 0 0 149 75 127 0 0 0 222 500 0 0 500 -1 250 122 0 449 625 0 0 650 0 425 285 0 700 0 0 -250 454 0 0 -150 0 0 700 136 0 0 -166 -112 0 -250 0 0 133 -400 136 650 500 200 -194 566 170 -22 66 700 214 0 -400 166 0 0 0
0 0 0 0 0 0 0 200 800 0 549 0 400 650 1000 220 0 750 450 535 0 571 600 449 200 1000 1000 250 0 0 0 0 462 0 66 0 0 500 450 500 0 0 0 331 500 0 1000 500 364 200 394 0 400 900 0 0 650 0 769 535 0 600 0 0 1000 890 0 0 900 125 1000 600 500 0 0 366 633 50 1000 0 0 266 400 500 450 500 500 615 762 454 155 633 500 571 0 400 166 0 1000 0
#LFC 2018-04-28
-24 0 1000 -83 300 416 166 0 -50 0 -150 83 0 600 166 0 50 1000 0 0 50 0 0 0 13 -175 100 0 0 0 0 68 0 0 437 625 800 0 0 0 0 -1000 500 0 -625 -300 0 0 0 0 0 0 0 0 0 0 0 0 0 0 0 0 0 0 0 0 187 350 0 94 0 200 375 139 0 -66 -529 0 0 0 0 0 0 500 0 -250 0 600 -450 0 250 583 0 0 0 144 71 0 -211 -62
325 0 300 283 100 750 233 0 306 0 550 466 0 562 583 0 500 300 0 0 200 0 0 0 347 199 400 0 0 0 0 227 0 0 337 900 1000 0 0 0 0 1000 500 0 1000 600 0 0 0 0 0 0 0 0 0 0 0 0 0 0 0 0 0 0 0 0 375 300 62 181 0 300 600 360 366 75 733 0 0 0 0 0 0 500 0 850 0 900 600 0 333 633 0 0 0 577 538 550 597 500
#SCFC 2018-04-28
0 0 0 0 266 0 0 1000 650 342 0 0 375 0 0 0 108 466 0 650 0 1000 0 0 0 0 100 0 0 250 -400 250 214 300 0 0 400 -125 250 700 -77 37 1000 62 0 50 312 0 -125 50 0 0 400 0 208 0 0 300 1000 0 113 0 208 0 0 300 -100 50 -100 0 0 62 0 50 62 62 0 0 -100 0 -100 0 0 400 500 0 0 216 -62 0 200 193 130 -28 380 0 0 0 420 0
0 0 0 0 233 0 0 300 700 667 0 0 750 0 0 0 225 366 0 700 0 900 0 0 0 0 100 366 0 333 400 650 571 200 0 0 900 375 650 600 144 375 300 220 0 200 322 0 375 200 0 0 600 0 333 0 0 200 300 0 522 0 833 0 0 633 449 200 200 0 0 200 0 200 200 200 0 0 400 0 400 0 366 500 750 0 0 377 337 0 300 393 130 300 500 1000 0 0 484 0
#EFC 2018-04-23
0 -500 0 0 500 -300 0 468 -699 -699 -699 -699 0 136 225 342 136 400 0 -699 0 900 0 -21 -162 0 253 500 0 0 0 -158 -49 0 0 0 -250 0 0 0 250 285 125 -28 1000 128 400 400 0 0 111 0 -62 449 33 0 600 200 -208 0 0 0 0 0 0 0 406 59 0 -175 0 400 250 0 500 0 250 250 250 0 0 0 0 368 350 0 399 0 0 0 0 -1000 125 0 116 0 0 0 0 266
0 600 0 125 500 600 0 450 666 666 666 666 0 454 616 667 500 850 0 666 50 1000 0 251 237 0 253 600 0 0 0 650 600 0 0 100 833 0 0 0 577 535 666 821 1000 311 800 400 0 0 338 0 150 400 866 0 950 200 600 0 0 0 0 0 0 0 581 213 125 450 250 900 333 0 600 0 875 750 333 100 0 0 0 702 900 0 420 0 0 0 0 1000 166 0 524 0 0 0 250 433
#NUFC 2018-04-23
100 0 616 437 175 -251 0 0 33 450 6 0 31 -400 -183 0 0 78 114 650 -400 -468 0 575 669 -155 -88 0 500 800 -300 0 0 0 0 400 -155 500 468 500 500 -387 0 500 0 -300 475 166 -38 500 61 0 0 800 0 0 416 188 95 0 500 175 0 0 0 -1000 -221 0 205 -400 285 500 -155 -158 183 0 225 48 0 625 0 0 416 136 -250 0 0 0 0 -116 378 -271 781 300 -333 0 122 44 600 449
1000 500 766 650 700 778 0 0 66 600 556 0 220 600 283 0 0 326 285 794 750 400 0 825 626 288 238 0 600 400 400 0 0 0 0 1000 288 500 450 700 600 650 0 1000 0 650 616 383 134 600 437 0 1000 700 1000 0 500 428 377 0 500 616 1000 1000 0 200 484 0 595 400 535 888 288 224 470 0 616 362 0 750 0 0 750 500 1000 150 100 0 0 733 735 600 500 483 666 0 394 333 900 400
#MCFC 2018-04-22
345 607 450 450 -1000 -99 0 -524 500 309 -125 187 0 433 0 47 0 425 0 0 0 0 345 309 0 0 0 135 800 44 0 800 0 0 250 0 500 0 0 -325 187 500 312 0 47 0 500 0 350 250 350 350 0 0 500 0 345 357 0 268 0 700 320 0 0 -4 0 0 0 625 312 0 150 170 335 0 250 380 0 532 350 0 0 0 300 500 0 0 0 0 0 166 800 -14 136 0 0 0 250 4
584 541 600 475 1000 222 0 625 500 538 375 810 0 677 0 670 0 725 0 0 0 700 584 538 0 0 0 375 400 466 0 400 0 0 437 0 500 0 0 825 810 500 900 0 670 0 500 0 300 333 300 300 0 0 500 0 584 571 0 627 0 600 633 0 0 713 0 0 0 900 300 0 433 454 677 0 450 677 0 559 750 0 0 0 0 475 0 666 0 0 0 250 750 627 454 0 0 0 450 720
#Swans 2018-04-22
250 0 125 0 -50 0 0 425 0 262 0 0 -500 562 -244 500 200 0 0 25 115 400 350 500 0 10 0 0 -62 -200 -128 275 570 69 1000 1000 1000 1000 348 0 566 0 375 0 0 400 0 125 500 0 0 33 0 0 0 0 0 0 0 250 850 1000 0 0 0 0 0 850 0 250 0 0 500 199 0 0 166 -600 0 0 0 0 -37 425 -600 192 0 0 -370 0 0 0 0 0 441 441 0 78 250 0
300 0 266 0 525 0 0 725 0 466 0 0 500 819 400 833 700 0 0 50 475 575 650 750 0 345 0 1000 312 50 685 708 513 313 900 900 900 900 493 125 750 0 475 0 825 400 0 666 500 0 199 522 0 0 0 1000 1000 0 0 333 1000 900 0 0 0 0 0 1000 0 250 0 0 600 683 0 0 833 900 0 0 0 0 700 1000 800 367 0 1000 829 0 0 0 0 0 399 399 0 485 333 0
#AFC 2018-04-22
50 -300 500 128 0 -87 200 -87 168 573 650 433 -266 -6 0 -77 0 0 -450 116 -187 166 500 300 416 -150 114 0 1000 200 -450 -174 -166 214 642 84 700 62 0 -155 0 0 136 339 0 117 202 50 -500 -4 0 -400 0 500 0 0 233 427 0 100 250 500 976 700 333 -650 136 0 0 -46 222 333 0 0 100 583 0 373 200 586 0 633 0 295 -100 0 400 0 0 -225 750 200 -400 -400 0 166 425 0 -33 762
200 600 600 511 0 533 539 533 327 528 675 388 399 247 0 644 0 0 700 616 500 1000 1000 300 833 562 465 500 1000 937 700 555 166 429 417 496 600 250 0 288 0 0 454 605 0 630 756 350 1000 318 0 800 0 600 750 500 366 635 0 500 350 796 500 600 141 850 454 100 0 356 377 666 0 1000 475 666 0 647 200 646 0 799 0 401 500 0 375 0 0 650 450 726 616 600 0 166 725 0 433 750
#WHUFC 2018-04-22
300 136 0 0 309 125 0 425 309 0 100 100 100 100 100 0 375 0 450 0 479 0 500 0 0 -74 200 800 200 500 0 0 0 0 116 12 116 116 0 0 0 37 -80 228 100 100 100 100 0 0 100 500 0 37 0 -104 0 0 0 250 200 550 0 0 34 -250 -250 136 136 136 0 0 0 383 400 0 500 0 0 308 145 0 0 57 0 150 64 0 0 0 0 0 0 0 -100 -100 0 37 -100 -80
650 454 0 0 538 250 1000 725 538 0 400 400 400 400 400 0 875 0 700 1000 500 0 900 0 0 616 325 900 325 600 0 0 0 125 238 673 238 238 0 0 0 387 200 811 400 400 400 400 0 0 400 500 0 387 0 600 1000 1000 0 500 500 350 0 100 644 800 100 454 454 454 0 0 0 716 533 1000 600 0 0 441 445 0 0 645 0 450 805 0 0 0 0 0 0 0 400 100 0 387 400 200
#SCFC 2018-04-22
-400 300 0 -50 399 -205 342 416 -50 50 -400 100 0 0 0 -240 -50 50 700 0 300 -396 909 -400 0 0 0 0 0 0 400 400 300 0 0 0 0 300 400 35 0 0 200 0 0 -1000 0 -248 400 0 0 200 0 200 0 0 410 -250 0 -137 400 0 866 500 0 0 0 0 0 0 0 0 200 0 -100 30 0 66 -250 300 -100 400 0 0 0 0 0 0 800 200 500 650 0 0 0 0 0 500 0 0
250 200 0 300 781 238 667 750 300 750 250 150 0 0 0 251 300 750 600 0 200 697 780 800 0 0 0 0 0 0 575 350 200 0 0 1000 0 343 400 345 1000 0 300 0 0 900 0 593 400 1000 0 500 1000 500 0 0 966 400 0 725 516 100 850 750 100 0 100 0 0 100 0 0 500 0 400 310 0 484 450 850 400 400 0 0 0 0 0 0 750 500 500 450 0 0 0 0 0 833 125 0
#Clarets 2018-04-22
0 500 416 0 0 0 0 0 -400 0 625 -25 400 0 0 0 160 0 0 625 0 360 -157 0 0 0 0 0 0 136 350 0 -50 50 0 100 0 0 0 0 12 0 166 0 -166 0 0 -15 166 0 0 1000 1000 0 400 0 625 0 350 0 0 0 -50 0 0 0 225 0 200 0 600 0 187 0 268 170 0 0 0 -50 0 0 0 0 0 0 95 0 200 0 500 -50 -50 -50 0 700 141 0 0 0
0 850 750 0 0 0 0 0 400 0 900 233 200 0 0 0 539 0 0 900 0 363 406 0 0 0 0 0 0 500 350 0 400 800 0 1000 0 0 1000 0 351 1000 188 500 66 1000 0 310 427 0 1000 300 300 0 633 0 625 0 550 0 0 0 400 0 0 0 650 0 100 0 1000 0 400 0 700 500 0 0 0 400 0 0 0 0 0 0 604 0 450 0 233 400 400 400 0 550 566 0 0 0
#WatfordFC 2018-04-21
0 0 400 400 -464 0 0 0 0 250 0 -225 0 62 400 0 357 500 0 0 200 0 155 84 66 0 158 -125 -125 500 1000 79 0 0 0 -334 -16 175 300 0 0 0 350 -107 370 0 216 500 0 0 333 0 155 500 400 66 0 84 0 250 0 0 0 -62 0 166 250 700 24 -11 0 250 75 587 0 390 500 229 266 0 -194 0 0 0 0 0 -133 136 211 0 0 318 250 0 0 75 500 0 104 0
0 0 500 800 441 0 0 0 0 450 0 475 0 454 500 0 553 833 0 0 900 0 374 405 533 100 483 775 375 500 300 380 0 0 0 808 133 647 500 0 0 0 766 928 623 0 366 833 0 0 355 0 374 900 408 533 1000 405 0 700 0 0 0 187 0 283 450 600 375 517 0 500 537 583 0 250 900 416 300 0 288 0 0 0 1000 0 466 454 495 0 0 500 650 0 1000 641 500 0 463 0
#CPFC 2018-04-21
0 0 0 110 0 0 0 0 326 500 38 0 136 -416 400 0 207 0 0 -464 233 0 0 0 0 0 0 0 0 500 875 0 500 0 0 74 0 0 400 -500 5 500 0 400 0 200 0 0 250 137 500 0 0 0 550 666 800 207 800 416 -250 66 0 533 185 350 -330 0 0 -331 0 -116 700 375 195 0 500 0 0 151 43 0 0 400 0 0 307 136 1000 -135 0 57 0 0 0 193 145 600 0 509
0 0 0 802 0 0 0 0 457 396 277 0 500 1000 800 0 430 0 0 441 666 0 0 0 0 0 0 0 0 316 700 0 1000 0 0 415 0 0 200 1000 414 500 0 900 0 200 0 0 300 162 500 1000 0 0 750 816 400 525 400 500 888 413 0 602 527 800 669 0 1000 677 0 558 600 800 166 0 150 0 0 393 404 0 0 375 500 0 749 454 1000 529 0 324 0 0 0 352 751 900 0 511
#WBA 2018-04-21
186 0 -400 136 0 500 0 450 0 0 350 0 0 0 400 68 0 0 0 0 433 0 0 0 350 0 -500 0 66 770 0 68 0 0 -116 0 0 0 0 0 0 0 0 -400 -600 136 0 0 0 0 0 0 350 0 0 0 0 0 625 0 0 0 200 -250 0 0 200 111 0 0 0 0 -166 800 0 175 -478 0 0 0 0 0 233 0 0 130 600 0 16 500 229 250 0 0 111 200 0 0 0 0
146 0 600 500 0 500 0 644 0 0 550 0 0 0 400 377 0 1000 0 75 450 0 0 0 650 700 700 0 75 650 0 227 0 0 300 0 0 0 0 0 0 0 500 950 900 454 0 0 0 0 0 0 550 0 0 0 0 0 1000 0 0 0 450 183 250 33 500 688 0 50 0 0 250 1000 0 275 628 0 1000 0 0 0 366 0 0 404 1000 0 33 500 416 850 0 0 371 250 100 0 0 1000
#LFC 2018-04-21
0 211 0 625 1000 0 -500 -166 0 -1000 0 68 800 0 0 350 -500 0 650 0 136 750 291 0 136 291 0 0 -62 -52 1000 0 0 390 100 1000 250 556 350 0 1000 0 0 0 0 0 0 0 0 0 0 0 0 0 0 0 0 0 0 0 0 400 450 50 0 0 0 170 0 0 0 0 1000 500 1000 1000 0 0 0 -15 -217 136 -500 0 300 0 68 68 0 0 136 0 700 200 312 0 300 0 0 136
0 495 0 900 300 0 1000 166 0 1000 0 227 400 0 0 650 875 0 1000 0 454 900 483 0 454 391 0 0 187 553 400 0 0 200 483 400 200 366 550 0 400 0 0 0 0 0 0 0 0 0 0 0 0 0 0 0 0 0 0 0 0 500 600 100 0 0 0 454 0 0 0 0 300 500 300 400 0 0 0 950 446 454 700 0 1000 0 300 250 0 0 446 0 600 200 750 0 370 0 0 454
#Clarets 2018-04-19
425 500 0 0 800 0 0 341 125 0 0 500 0 433 0 350 0 600 0 212 160 121 475 0 0 25 211 99 400 136 766 600 0 0 0 0 0 0 520 468 1000 0 0 99 333 452 0 750 -400 625 100 400 0 200 1000 0 625 0 -125 0 0 0 0 235 633 -400 750 0 200 0 0 0 0 0 0 500 133 1000 625 300 800 0 136 0 0 375 357 400 50 0 0 0 500 0 909 0 0 800 -150 500
725 800 0 0 400 0 0 479 166 0 0 650 0 733 600 550 0 1000 0 300 236 658 522 0 0 550 711 500 800 500 666 449 0 0 0 0 169 0 500 646 750 1000 0 66 333 623 0 575 400 900 100 700 0 525 600 0 900 0 375 0 0 1000 0 335 833 400 950 0 900 0 0 0 0 0 0 750 450 750 900 290 400 0 454 0 0 400 535 250 200 300 0 0 700 0 780 0 0 400 233 888
#CFC 2018-04-19
400 400 716 437 -1000 -1000 -266 0 0 0 400 -800 0 0 0 -400 518 0 0 0 -280 77 0 0 0 261 0 474 0 0 0 500 0 0 260 0 -150 -41 500 0 0 -400 213 0 0 366 0 0 404 437 0 0 0 333 250 0 80 1000 0 0 450 0 800 154 200 0 200 0 781 -40 -500 450 20 105 -3 800 0 225 0 49 0 0 0 68 500 0 0 800 0 533 -41 1000 0 0 0 0 0 0 0 -25
800 375 566 650 1000 1000 666 0 0 0 550 1000 0 250 0 562 875 0 0 125 411 600 0 0 0 678 1000 445 0 0 0 800 1000 1000 573 0 700 480 500 0 0 500 758 0 0 666 0 0 725 800 0 0 0 427 500 0 393 1000 0 0 537 0 400 466 400 0 580 0 500 420 800 537 448 808 483 400 0 525 0 450 100 0 0 362 500 0 0 400 0 716 458 750 0 0 0 0 0 0 0 200
#LCFC 2018-04-19
433 0 500 300 416 250 342 0 0 437 750 400 0 500 0 0 500 0 133 68 -200 0 650 0 0 -700 468 200 250 0 0 113 0 0 -171 0 350 408 150 0 136 408 0 0 0 -400 0 0 -24 -125 316 0 625 0 -148 0 -600 300 600 0 750 200 200 500 200 -133 900 0 0 68 0 0 500 0 50 -260 0 0 0 287 -24 -125 316 0 -168 0 -100 200 83 100 -500 0 -300 0 -500 0 400 200 -400 0
366 0 500 100 650 875 667 333 0 550 600 1000 0 500 0 0 1000 0 416 352 100 0 675 100 600 1000 700 100 450 0 0 644 0 0 451 0 525 450 649 0 500 450 0 0 0 400 100 0 350 375 644 0 500 0 461 0 900 533 1000 0 650 200 200 833 500 155 1000 500 0 227 0 0 500 0 700 520 0 0 0 487 350 375 644 0 450 0 400 100 475 550 400 0 600 0 299 0 900 100 400 0
#SaintsFC 2018-04-19
-71 -125 0 0 0 -250 -1000 0 -425 0 0 342 0 625 0 0 72 329 158 0 200 0 62 0 500 153 0 0 0 500 600 -312 125 110 266 0 83 0 -400 371 -98 -1000 0 0 0 -125 0 58 100 750 62 200 -200 -400 541 658 0 -117 0 225 -700 0 0 0 0 150 0 0 -81 275 0 -171 350 280 112 224 -232 500 150 250 -250 136 0 1000 -800 0 0 580 250 300 -225 -99 0 400 -250 0 0 300 0 150
142 1000 100 0 0 666 1000 0 700 0 0 667 0 900 0 0 244 313 491 0 600 0 400 0 900 581 1000 0 0 500 700 100 333 502 366 0 458 0 500 100 294 1000 0 0 0 650 0 233 450 900 600 200 50 400 833 758 0 750 0 316 1000 1000 0 0 0 483 0 0 430 625 0 451 400 559 550 950 588 200 649 1000 1000 500 0 800 900 0 0 575 250 500 450 583 0 200 350 0 0 533 0 700
#AFCB 2018-04-18
0 0 0 -500 141 0 187 0 291 0 -458 0 1000 500 800 512 325 266 0 -400 0 275 357 200 0 500 0 0 0 625 50 416 0 250 0 500 425 0 0 0 0 0 0 350 -125 800 933 0 0 0 -112 -400 100 275 0 0 0 500 0 700 -77 166 -250 0 0 0 0 -66 0 0 500 -125 0 362 253 0 73 0 0 100 0 0 1000 500 -39 0 73 0 0 0 0 372 0 550 500 0 250 308 0 0
0 0 1000 500 158 0 600 125 500 0 625 1000 700 500 750 450 1000 600 0 700 0 519 571 100 1000 666 0 0 0 900 350 666 0 300 0 750 575 66 66 0 0 66 66 650 508 1000 716 0 0 0 424 400 300 375 0 50 0 500 0 600 177 562 562 0 0 0 0 366 0 0 600 375 0 383 182 0 333 0 0 1000 0 0 300 799 525 0 333 0 0 0 0 572 0 600 500 0 100 566 100 0
#MUFC 2018-04-18
625 625 250 0 0 99 250 0 -362 0 0 0 0 -125 1000 0 0 500 390 0 0 383 0 375 -79 0 333 -400 562 -33 136 625 0 212 -6 500 0 0 0 250 0 200 0 250 0 0 500 0 0 0 0 700 212 400 500 0 0 0 800 375 0 200 19 0 150 266 100 0 -33 -171 0 0 0 325 339 0 453 -800 0 0 525 0 291 0 0 0 -400 490 0 0 0 0 33 0 -30 0 0 0 425 0
900 888 750 0 100 799 450 0 762 250 0 0 358 375 900 0 0 750 200 0 0 405 0 600 233 0 833 500 550 549 454 900 0 483 366 500 0 1000 0 200 0 500 0 750 0 0 500 0 0 0 0 600 1000 350 500 0 0 0 700 611 0 500 443 0 649 122 280 0 533 687 0 100 0 312 430 0 646 800 0 0 750 0 500 0 0 0 512 750 0 0 0 0 375 0 260 0 0 0 1000 0
#BHAFC 2018-04-17
0 0 166 0 0 0 500 0 0 -500 -637 0 -156 0 0 0 0 100 -250 700 308 800 0 -166 125 0 0 450 183 1000 650 200 50 0 -75 0 136 0 -400 -87 0 566 500 800 0 100 500 0 266 0 200 0 116 0 200 310 -125 -433 0 0 0 100 0 -187 270 12 250 800 49 0 136 0 0 800 0 0 0 433 0 500 0 0 -75 0 0 156 0 0 0 0 0 625 200 0 -162 800 500 0 -291 625
0 0 127 0 0 0 500 0 0 700 787 0 375 0 0 0 0 650 50 600 566 750 0 166 625 0 333 750 916 300 500 300 500 0 466 0 500 0 400 413 0 783 500 400 0 700 500 0 466 0 900 0 305 0 200 434 156 600 0 0 0 100 0 500 333 218 250 400 644 0 500 0 0 400 0 0 0 833 0 500 0 0 674 50 0 312 0 0 0 0 0 900 900 0 401 400 200 0 541 500
#COYS 2018-04-17
162 800 0 800 0 0 0 300 0 100 520 0 0 0 0 0 481 366 0 -600 0 0 0 87 337 0 556 0 800 0 0 225 0 550 759 0 -550 500 500 0 1000 183 800 186 0 0 0 72 0 -69 125 0 0 0 200 8 156 0 0 200 0 0 196 625 68 275 0 0 245 187 200 0 0 0 283 -874 -349 640 0 166 0 259 0 0 500 312 0 -166 430 0 412 800 0 0 125 0 300 200 200 0
575 400 0 1000 0 0 0 500 0 300 559 0 0 0 0 0 612 650 481 800 0 0 0 224 612 0 700 0 400 0 0 200 0 625 813 0 900 700 500 0 750 433 750 533 0 0 0 294 0 377 375 0 0 0 200 208 612 1000 0 300 0 0 508 500 750 794 0 0 451 562 300 0 500 0 555 666 383 500 0 533 0 338 0 0 500 797 0 166 425 0 572 750 0 0 1000 0 575 200 100 0
#WHUFC 2018-04-16
0 0 450 -281 800 0 0 0 68 -400 136 318 -131 200 136 90 -131 175 -281 466 0 0 0 0 136 541 -81 0 625 192 133 800 200 0 500 -155 -155 0 200 0 0 0 0 400 125 0 0 1000 -300 100 0 200 500 -199 -99 0 625 0 0 500 156 700 208 0 168 0 36 33 -1000 100 250 0 500 0 250 0 0 0 0 0 0 0 0 0 0 450 100 0 650 400 -500 125 0 0 0 0 0 0 225 500
0 0 391 583 1000 0 0 66 450 600 500 500 450 850 500 318 600 175 583 400 0 0 0 0 500 733 256 1000 900 598 433 400 900 0 1000 288 288 66 350 500 0 0 0 600 283 0 0 780 433 300 0 200 500 655 700 0 449 0 0 900 800 600 666 100 427 0 236 633 1000 300 500 0 500 0 500 0 0 0 0 0 0 333 0 0 0 535 100 0 450 600 650 775 0 400 0 0 0 0 650 500
#SCFC 2018-04-16
0 0 0 -200 -450 -133 200 375 -30 0 -1000 -12 -12 -12 0 100 0 114 -390 -15 -15 66 -133 -15 0 -15 -15 -15 0 -15 -600 70 170 0 -150 0 -400 -122 95 -312 48 -38 39 500 0 0 400 118 -50 266 400 125 0 0 800 433 -150 400 0 0 0 0 225 -699 433 -155 0 700 -155 200 -474 170 -400 50 0 170 200 0 0 199 0 0 0 400 -50 0 208 -475 342 0 285 437 0 0 0 0 250 141 -390 49
0 0 0 200 1000 311 200 675 453 100 1000 266 266 266 0 100 0 262 533 333 333 633 288 333 916 333 333 333 1000 333 700 279 500 1000 262 0 600 344 534 687 329 322 650 550 0 0 450 300 200 197 900 511 0 1000 400 450 800 1000 0 0 0 0 600 666 300 288 0 600 288 500 288 500 400 200 0 500 500 0 0 500 0 0 0 400 400 0 307 675 502 1000 535 675 0 0 0 0 1000 400 250 675
#MUFC 2018-04-15
-108 0 0 100 0 100 0 0 0 0 100 308 800 0 0 -250 0 0 591 350 0 500 0 -300 700 -257 -400 136 233 187 1000 466 0 216 0 100 0 0 0 50 136 0 162 -97 400 0 0 0 800 250 800 100 122 399 0 0 0 0 0 0 1000 0 100 0 0 1000 0 0 0 -116 0 716 0 0 550 0 18 0 366 68 216 162 0 0 333 416 0 0 0 800 0 1000 0 166 0 0 0 0 0 0
233 0 0 400 0 400 0 0 0 0 200 483 400 0 0 533 0 0 608 475 0 800 0 450 600 767 500 454 399 437 1000 366 0 916 0 400 0 0 0 700 454 0 200 213 200 0 0 0 750 500 750 400 618 400 0 0 0 0 0 0 1000 0 400 1000 0 300 0 1000 1000 533 0 833 0 0 391 0 275 0 333 477 416 362 125 0 366 625 0 0 0 400 0 400 125 549 0 0 0 0 0 100
#WBA 2018-04-15
100 0 166 0 0 0 0 0 0 250 0 -250 0 0 0 0 0 149 136 0 1000 0 -91 0 111 0 0 0 0 800 285 300 800 0 0 0 0 0 800 -114 -200 0 0 800 -250 -437 116 0 200 449 -50 500 0 0 250 0 0 0 0 0 0 250 149 0 0 0 0 0 500 800 0 0 -150 201 0 827 0 74 700 100 500 -316 0 0 -283 104 75 0 0 0 0 0 400 500 0 350 0 0 116 0
200 0 333 0 0 0 0 0 0 450 0 250 0 0 500 0 0 300 454 0 750 0 641 586 222 500 0 0 0 750 535 449 750 0 0 616 1000 0 750 741 300 0 0 400 250 625 216 0 300 600 125 500 66 500 623 0 0 0 0 0 0 350 286 0 0 0 0 0 500 750 0 0 650 663 0 800 0 375 700 900 888 750 0 0 433 483 341 0 0 0 0 0 200 800 0 550 0 0 350 125
#NUFC 2018-04-15
500 400 0 625 -50 0 0 0 0 0 315 0 0 350 375 150 0 500 0 -66 125 800 1000 800 0 550 212 0 400 0 0 0 0 0 400 233 700 0 0 0 0 0 0 -125 625 0 366 225 258 224 258 800 0 500 500 0 -166 0 -100 0 227 0 0 0 0 157 208 199 375 500 500 0 0 250 800 0 0 700 250 287 400 400 137 -200 -99 111 0 500 0 0 0 0 0 600 0 400 0 0 450 0
266 1000 0 900 300 0 0 0 0 0 750 0 0 550 800 250 0 1000 0 266 650 1000 1000 1000 0 350 456 125 800 0 0 0 0 100 600 811 600 0 0 66 66 0 0 1000 900 0 766 600 572 425 572 1000 0 833 833 0 603 0 300 0 545 1000 1000 0 0 380 725 308 598 750 500 0 0 250 750 0 0 600 450 450 900 900 625 100 650 311 0 500 0 100 0 0 0 1000 0 600 0 0 375 0
#AFC 2018-04-15
0 -35 0 248 0 300 0 700 0 144 0 700 0 441 124 0 0 500 0 0 200 0 -500 -237 0 650 500 -132 328 0 0 0 0 -216 0 0 0 0 0 800 233 1000 0 1000 0 350 225 475 178 62 500 250 500 1000 0 0 250 207 0 0 0 0 -1000 0 450 450 500 0 311 -300 300 0 425 500 0 0 -62 433 0 0 700 0 0 0 0 0 600 -133 0 500 0 -400 0 0 33 -800 0 0 -400 136
0 607 0 511 0 500 0 700 0 468 0 750 0 488 429 500 33 833 0 0 500 0 750 342 0 400 750 370 411 0 0 100 0 283 0 0 0 0 0 400 366 1000 0 1000 0 300 275 527 324 500 500 333 400 1000 0 0 333 534 0 700 0 0 1000 0 375 700 200 0 888 600 200 0 600 750 0 0 437 633 0 0 600 0 0 0 0 0 1000 611 0 250 0 400 0 0 483 950 0 0 400 454
#COYS 2018-04-14
0 0 625 225 0 0 0 -125 0 150 -400 -400 0 0 100 0 0 412 0 0 33 0 1000 -625 234 0 105 0 -99 0 0 0 0 100 100 100 100 0 250 600 100 100 100 100 100 250 -16 0 0 600 0 500 0 500 0 0 0 0 0 -600 0 0 -600 0 300 0 -55 0 650 -166 534 0 0 0 0 0 600 0 166 0 -800 0 500 0 0 200 0 0 450 0 -600 49 0 416 -1000 0 500 468 -181 0
0 0 900 725 0 0 0 550 0 475 700 400 0 0 450 0 700 550 0 0 66 0 750 400 478 0 555 0 633 0 0 0 0 400 400 400 400 0 150 1000 400 400 400 400 400 531 533 0 0 900 0 700 0 500 0 0 0 0 0 1000 0 0 800 0 900 0 113 400 450 333 677 0 0 0 0 0 950 0 283 0 800 0 500 0 0 500 0 0 293 533 800 450 0 833 900 0 600 577 427 0
#MCFC 2018-04-14
200 0 0 37 0 150 0 0 0 0 0 0 0 600 325 0 487 0 0 166 0 200 0 47 0 0 0 0 800 0 191 0 0 0 0 268 0 0 0 366 0 0 0 0 800 -177 0 0 0 -300 0 0 0 0 0 0 -141 100 0 100 150 0 -22 333 0 -49 0 100 -200 0 0 0 0 0 0 -600 0 900 0 0 0 459 0 -625 0 0 0 0 250 0 0 0 0 316 233 0 0 0 500 0
100 0 0 675 0 746 0 0 0 0 0 0 0 900 433 0 525 0 0 300 0 500 0 519 125 0 0 0 400 0 525 0 0 0 0 627 0 0 0 649 400 0 0 0 1000 455 0 0 0 400 0 0 0 0 0 0 408 400 0 400 825 0 188 697 0 650 0 300 100 0 0 0 0 0 0 644 0 350 0 0 0 602 0 1000 0 0 0 0 500 0 0 0 0 716 366 0 0 0 150 0
#LFC 2018-04-14
400 0 625 41 0 650 0 0 0 1000 0 -216 187 0 0 0 0 0 0 625 142 0 0 300 0 233 446 0 0 166 0 136 0 -85 0 0 40 0 0 150 412 -50 0 425 780 0 0 800 0 125 0 0 0 0 0 0 0 0 0 0 0 0 0 0 0 0 0 0 507 0 375 0 300 650 -307 0 800 650 556 600 1000 625 322 0 397 0 -100 0 0 127 214 381 399 300 75 800 516 100 312 619
250 0 900 447 0 637 0 0 0 300 0 733 437 500 0 0 0 0 0 500 260 0 0 441 0 266 571 0 0 283 0 454 1000 571 125 0 680 0 0 216 550 300 0 474 1000 0 0 400 0 383 0 0 0 0 0 0 0 0 0 0 0 0 0 0 0 0 0 0 350 0 600 0 100 450 767 0 750 450 366 900 400 900 394 0 607 0 449 0 0 485 500 725 533 450 316 1000 900 150 333 680
#AFCB 2018-04-14
400 0 0 0 0 0 150 0 0 525 0 62 686 200 400 0 0 0 400 0 600 0 1000 250 0 483 37 500 0 500 200 213 0 0 388 0 500 0 0 0 400 0 0 0 0 533 150 875 0 212 0 0 318 -73 700 0 550 0 -400 333 136 0 0 500 0 77 587 400 0 456 0 0 0 0 0 240 400 0 0 0 0 800 683 285 350 0 731 500 -166 100 -100 375 400 0 250 195 150 95 625 0
250 0 0 0 0 0 50 0 0 366 0 458 616 200 250 0 0 0 378 0 825 0 1000 300 0 566 391 150 0 900 200 454 0 0 444 0 700 0 0 0 250 0 0 0 0 385 549 600 0 512 0 0 427 534 600 0 200 0 700 316 500 0 0 500 0 277 475 250 0 575 0 0 0 0 0 500 250 0 250 0 0 1000 533 535 500 0 562 500 166 200 100 416 250 0 450 370 250 454 900 66
#Clarets 2018-04-14
0 500 0 -500 0 0 425 149 0 0 0 625 600 199 133 0 68 357 150 0 600 0 625 0 175 0 136 200 400 0 0 -250 400 150 625 0 0 250 600 0 400 133 0 0 0 0 800 500 760 0 0 250 533 0 0 625 0 0 0 0 0 750 0 0 875 0 0 200 0 466 0 0 0 183 250 390 0 0 -133 0 400 0 625 0 700 0 0 172 0 -399 0 0 68 0 0 -64 166 24 800 66
0 1000 0 1000 0 0 775 650 1000 0 0 900 1000 261 399 0 227 571 150 0 1000 0 900 0 325 0 454 550 250 0 0 200 700 100 900 0 0 450 800 0 400 700 0 0 0 0 750 575 830 1000 0 333 433 0 0 900 0 0 0 0 0 587 0 0 600 0 0 200 0 450 0 0 0 416 250 562 0 0 416 0 350 300 900 0 650 0 0 144 0 633 0 0 227 0 0 191 166 468 400 66
#LCFC 2018-04-14
0 0 0 0 0 0 0 0 0 -100 1000 127 0 100 0 0 0 0 0 650 0 0 0 333 -200 0 0 136 -195 136 -200 450 650 350 200 0 0 0 0 93 -400 164 -64 112 500 750 625 0 -100 0 0 400 0 0 700 581 0 0 900 0 625 100 400 0 400 -161 0 -155 500 125 0 0 0 500 500 0 0 0 0 0 100 0 0 166 0 -87 500 0 0 80 500 406 -150 318 0 625 0 -24 300 400
0 0 0 0 0 0 0 0 0 112 300 316 0 750 0 0 0 0 0 625 0 119 1000 666 200 0 0 500 375 500 100 500 450 462 400 1000 0 0 0 700 400 337 500 410 150 750 500 0 200 0 0 600 0 0 700 700 0 1000 400 40 500 449 750 0 400 785 0 288 275 450 0 0 0 500 275 0 1000 0 0 0 600 0 0 416 1000 418 900 0 0 540 275 362 750 477 1000 500 1000 512 350 450
#CPFC 2018-04-14
200 0 33 216 500 0 350 -23 0 500 0 99 477 200 200 0 -800 400 -125 237 0 -156 0 0 0 222 -77 -369 -405 0 0 0 399 433 0 0 99 0 400 225 0 220 0 200 500 200 400 0 0 0 50 500 300 437 0 0 0 211 0 -166 0 200 0 0 136 200 200 200 0 -25 -400 350 237 136 250 250 500 136 0 500 0 750 0 0 170 298 -100 0 200 500 225 41 500 400 0 781 0 500 500 500
200 0 300 1000 1000 0 550 338 0 475 0 362 677 500 500 0 900 500 375 441 0 375 0 0 0 655 144 488 588 0 0 0 496 933 0 0 205 0 400 675 0 640 0 200 600 100 233 0 0 0 1000 500 383 666 0 0 0 517 0 244 0 500 0 0 500 200 200 200 0 493 400 425 550 500 700 450 600 500 0 500 0 400 0 0 500 500 100 0 300 500 225 472 600 1000 0 600 0 1000 1000 1000
#BHAFC 2018-04-14
0 33 875 0 -23 537 800 0 0 111 300 -222 558 -138 0 266 500 500 350 -400 0 300 0 0 0 209 0 0 0 0 0 0 0 -250 100 250 0 -200 200 0 -16 0 -25 -299 200 0 265 600 625 500 0 -100 -500 500 0 0 255 0 0 450 175 266 0 333 0 38 -250 0 0 -150 48 400 0 -400 625 0 133 368 0 0 136 -62 0 0 533 133 166 550 0 333 500 -1000 0 200 800 500 0 0 0 0
0 300 950 0 338 400 1000 0 0 311 413 155 571 722 0 272 600 750 650 600 0 366 0 0 0 325 0 300 0 0 0 0 0 1000 200 250 0 700 500 0 683 0 493 524 200 0 489 700 500 500 0 100 900 150 0 0 455 0 0 597 500 488 0 466 0 464 950 466 0 133 546 400 0 466 500 0 333 627 0 0 400 400 0 0 266 596 166 341 1000 452 275 1000 0 300 1000 275 250 0 166 0
#HTAFC 2018-04-14
0 200 0 0 412 0 0 233 133 0 -400 0 200 233 0 -200 666 0 0 0 0 1000 800 -200 400 687 0 0 41 0 -33 375 0 150 -422 0 41 0 0 0 0 -125 0 -200 47 0 0 0 0 875 0 233 0 381 200 500 0 1000 800 0 0 136 250 0 0 0 0 0 0 0 0 500 0 -150 208 112 68 100 0 -12 0 0 0 250 616 700 1000 150 0 400 350 0 0 0 0 1000 812 0 0 500
0 150 0 0 550 0 0 600 133 0 600 66 100 577 0 233 666 0 0 1000 0 1000 1000 300 400 525 0 0 549 0 283 625 0 641 555 0 250 0 0 0 0 125 0 100 508 0 0 0 0 600 0 683 0 429 150 500 0 1000 750 0 0 454 500 0 0 0 0 0 0 500 0 900 0 275 166 466 227 300 0 575 100 0 100 408 577 750 1000 641 0 400 550 0 0 0 0 300 944 44 0 1000
#WatfordFC 2018-04-14
-699 0 0 0 0 400 0 0 33 0 400 -699 0 800 -33 0 -58 100 0 0 275 400 0 450 0 68 156 800 400 -699 0 0 0 0 0 500 0 0 0 500 0 0 0 210 0 320 0 0 -58 100 500 100 0 250 49 294 500 150 240 150 0 0 0 -300 500 0 0 133 0 130 150 0 666 487 37 179 490 -83 214 150 0 0 0 -300 500 0 0 -133 300 400 0 100 0 500 416 150 0 0 489 0
666 0 0 0 250 400 0 0 66 0 800 666 0 875 283 0 483 199 0 0 650 800 0 400 0 477 400 875 800 666 0 0 0 0 0 900 600 0 0 500 400 0 0 406 0 440 0 0 483 199 900 250 0 408 533 372 500 491 600 650 0 0 0 350 500 0 0 433 0 394 650 0 533 800 604 667 456 116 571 650 0 0 0 350 500 0 0 133 100 900 66 100 0 500 344 650 0 0 362 83
#Swans 2018-04-14
0 500 0 0 87 170 0 280 0 0 0 466 0 0 0 0 333 0 27 0 0 0 0 500 500 0 350 350 666 500 0 0 0 300 0 800 800 136 0 0 0 0 0 99 0 137 500 800 300 0 416 150 850 0 0 0 50 0 133 375 700 100 49 0 640 0 0 0 300 25 50 488 0 0 166 -100 -100 -300 -100 550 0 500 350 0 0 -100 300 700 136 0 77 600 0 0 300 136 416 33 49 725
0 1000 0 0 725 454 0 498 0 0 0 791 0 0 0 0 666 0 322 0 0 0 0 600 500 0 300 300 666 500 0 0 0 500 0 700 400 454 500 0 0 0 0 366 0 387 1000 1000 441 0 500 100 1000 0 300 0 150 0 466 610 850 300 264 0 750 0 0 0 500 550 150 823 0 0 591 400 400 500 400 944 0 500 550 0 0 200 500 600 500 0 222 1000 0 0 441 500 500 322 264 1000
#EFC 2018-04-14
0 400 0 616 0 -85 0 0 50 0 0 0 0 500 -166 0 0 0 500 0 0 0 0 242 0 0 0 625 -400 0 0 0 0 0 0 268 500 0 250 580 35 -200 0 -65 285 0 0 0 0 0 333 0 0 0 50 0 0 0 500 136 0 113 200 0 0 100 50 50 50 0 31 -600 0 0 0 0 0 0 0 250 260 0 -700 0 0 0 0 357 100 -200 233 150 900 0 0 0 136 100 0 0
0 800 0 549 333 571 0 0 200 0 0 0 0 500 500 0 0 0 600 0 750 0 0 467 0 0 0 500 400 0 0 0 0 0 0 627 500 0 312 770 270 100 0 426 535 0 0 0 0 0 833 0 0 250 200 0 0 0 600 500 0 272 300 100 0 400 200 200 200 0 616 550 0 0 0 0 0 0 0 500 650 0 200 0 0 0 0 535 433 200 366 125 650 0 0 0 454 433 0 0
#SaintsFC 2018-04-14
0 0 0 500 0 0 0 378 0 0 1000 0 133 0 -163 375 285 16 16 16 450 0 0 125 266 0 0 0 43 0 0 0 0 150 0 0 187 600 650 520 0 285 500 400 500 136 0 0 0 -700 0 500 0 -37 325 2 0 0 0 50 0 -50 -111 0 0 100 0 0 0 400 0 -500 -699 0 0 0 108 -92 0 0 500 -65 350 0 0 0 250 250 -68 350 1000 -400 0 0 -166 136 0 50 0 -500
0 0 0 750 0 0 0 531 0 0 750 1000 366 0 494 475 535 583 583 583 450 0 0 416 549 0 0 0 637 0 0 0 500 475 0 0 625 944 450 520 0 535 500 400 500 454 0 550 0 1000 0 150 0 450 543 311 0 0 0 450 0 600 444 125 0 266 0 0 0 1000 0 900 666 0 0 500 477 485 0 0 750 520 350 0 0 0 541 750 229 300 300 700 0 0 166 454 0 450 207 900
#CFC 2018-04-14
0 0 250 0 0 516 0 0 0 500 349 125 0 200 -116 0 -250 0 0 0 0 0 399 0 0 0 0 500 -200 0 0 -800 800 -600 8 641 0 108 0 0 0 412 -400 -100 800 0 0 0 800 0 0 0 133 275 0 -31 0 0 0 0 500 0 268 666 0 -500 0 0 0 0 74 0 250 178 0 0 500 -41 0 -12 0 0 300 0 875 0 0 279 0 0 0 0 0 0 250 250 250 250 0 -225
0 250 500 0 0 583 0 0 0 500 666 283 0 300 633 0 450 0 0 0 0 0 366 0 0 0 0 750 600 0 0 800 1000 950 316 650 0 525 1000 0 0 550 400 449 400 0 0 0 400 0 125 0 366 875 0 243 0 0 66 0 1000 0 627 333 0 1000 0 62 0 0 525 0 750 346 0 0 1000 458 0 681 0 0 850 0 600 0 500 400 0 0 0 0 100 0 500 500 500 500 0 175
#CFC 2018-04-08
0 136 0 800 446 0 -575 0 449 -155 200 -155 0 406 -541 0 0 400 666 400 400 0 -400 0 -72 800 700 0 233 850 0 -200 0 700 160 50 284 0 600 284 0 250 339 99 0 600 320 -333 -128 0 0 0 0 100 0 -250 0 -250 -250 -250 0 -100 200 -425 -242 0 0 0 -133 0 0 -87 0 400 408 211 65 0 0 0 0 0 500 -33 268 0 200 0 0 800 0 -125 -125 211 136 0 0 0 0 500
0 500 0 400 571 0 1000 125 520 288 100 288 0 625 1000 0 0 900 533 500 900 0 400 0 504 400 600 0 533 875 0 100 0 600 539 533 513 0 900 513 0 250 400 625 0 600 633 708 858 0 0 0 0 200 0 500 0 500 500 500 0 200 100 700 707 0 0 0 333 0 0 387 0 600 449 288 500 0 0 0 0 0 900 600 627 0 950 0 0 400 0 750 750 288 500 0 0 0 0 500
#WHUFC 2018-04-08
0 250 200 0 0 0 75 0 0 125 0 0 637 0 0 0 -242 -133 0 0 0 0 500 -333 136 295 100 0 300 800 0 0 309 400 375 0 0 600 500 357 0 50 136 0 -300 166 180 0 60 -600 0 0 325 309 100 -10 -200 -200 130 0 0 0 0 0 0 0 500 0 0 0 314 -200 0 -125 37 309 -23 400 0 0 0 0 0 0 0 -400 200 0 309 91 335 500 0 300 168 -100 -100 0 139 392
0 333 300 0 0 0 233 125 0 229 0 0 750 0 0 0 707 333 0 0 650 0 600 666 500 300 750 0 600 400 0 0 538 400 750 0 500 1000 900 571 0 300 454 0 800 666 303 0 445 900 0 0 625 538 83 267 200 200 130 0 1000 1000 0 0 0 0 900 0 0 0 496 200 700 375 250 538 714 1000 0 0 0 0 0 0 0 400 450 0 538 661 500 1000 33 750 360 400 400 250 399 258
#AFC 2018-04-08
0 0 300 383 0 0 0 250 0 209 -50 0 114 400 625 0 300 136 33 0 0 0 283 1000 0 212 0 0 0 307 450 0 0 0 633 0 266 0 500 0 300 0 125 310 125 125 125 268 0 0 0 0 136 800 400 0 1000 0 375 0 0 0 -500 -1000 0 0 -65 136 0 0 -400 0 0 0 633 300 0 633 49 -99 0 100 0 106 0 312 114 562 144 0 0 500 150 -150 300 0 0 0 625 0
0 0 200 466 0 0 0 283 0 466 244 0 443 200 900 0 200 454 66 0 0 0 691 300 0 589 0 0 66 662 916 0 0 66 683 0 366 0 500 0 200 66 850 426 850 850 850 627 0 55 0 0 500 400 800 0 300 0 750 0 0 0 1000 1000 0 0 520 500 0 0 400 0 0 0 1000 200 0 833 450 222 0 400 0 727 0 700 475 800 388 100 100 500 300 650 200 0 0 0 900 0
#SaintsFC 2018-04-08
-162 300 0 100 0 0 0 -275 300 0 0 0 0 100 -9 0 325 -162 211 -400 0 300 -312 400 250 0 0 500 140 400 22 1000 211 0 500 136 158 581 83 266 0 0 0 0 50 -200 -250 300 49 100 116 500 0 260 -22 136 500 0 250 -50 800 433 291 -100 104 -22 186 0 211 -100 0 -700 300 0 0 0 537 0 0 0 83 1000 0 0 0 0 200 -125 800 0 0 0 0 0 800 0 1000 -350 0 378
350 200 0 1000 0 0 0 575 200 0 0 0 0 450 235 0 399 350 288 400 0 200 1000 540 250 0 0 550 603 500 503 780 288 0 500 500 633 773 333 650 0 0 0 0 233 100 250 200 650 400 205 500 0 780 155 454 888 0 700 150 900 450 325 650 444 222 506 100 288 466 0 1000 200 0 0 0 300 0 0 0 833 1000 0 500 0 0 500 1000 400 0 0 0 0 0 900 0 1000 950 0 500
#MCFC 2018-04-07
562 55 -34 0 0 800 183 266 0 41 25 57 500 -500 0 0 0 -66 0 100 233 0 562 0 0 333 0 250 200 850 -125 0 166 200 500 0 80 246 -300 -1000 0 0 500 0 200 0 375 -50 91 650 0 68 0 0 0 -125 57 0 0 0 0 0 0 425 0 0 0 0 0 400 0 0 0 0 500 136 0 850 850 -100 325 0 0 0 0 25 -65 100 0 0 0 0 400 0 -111 0 253 0 285 0
450 444 333 0 0 900 250 166 0 477 275 480 500 500 0 0 0 466 0 183 366 0 500 0 0 833 0 750 950 950 100 0 205 450 500 0 480 730 400 1000 0 0 500 0 950 0 616 675 450 644 0 252 0 0 0 375 294 0 0 0 1000 0 0 533 0 0 0 0 0 700 0 1000 0 0 900 454 0 950 950 450 894 0 0 0 0 50 468 200 0 33 0 0 800 0 277 1000 596 0 535 0
#MUFC 2018-04-07
426 1000 0 0 0 1000 266 198 0 0 341 0 283 500 0 0 0 1000 0 0 0 0 0 0 0 0 0 0 0 0 0 0 0 0 0 0 0 0 0 0 0 0 0 0 100 0 208 0 937 -133 1000 300 0 0 800 336 24 0 0 500 0 0 375 225 100 0 0 0 175 1000 0 100 246 200 200 250 426 500 1000 0 0 0 1000 -50 500 0 0 -75 -500 250 0 0 0 833 426 -250 500 0 49 406
518 400 0 0 0 400 166 506 400 0 748 0 475 600 0 0 0 1000 0 0 0 0 0 0 0 0 0 0 0 0 0 0 0 0 0 0 0 0 0 0 0 0 0 0 183 0 549 0 900 441 400 399 0 0 400 416 275 0 0 700 0 0 487 650 200 0 0 125 825 300 0 150 730 400 300 500 518 500 400 0 0 0 400 675 500 0 0 750 1000 500 0 0 0 366 518 1000 500 0 625 562
#AFCB 2018-04-07
0 -16 -100 0 0 0 216 700 0 0 0 0 0 0 -150 0 -25 150 0 0 0 0 0 0 0 0 0 0 -400 0 216 700 0 -291 -308 -200 -500 0 0 0 0 256 -75 287 -150 0 300 140 125 1000 0 -111 0 0 0 0 0 300 0 0 0 0 0 0 -33 285 0 0 0 0 -100 0 108 400 250 0 0 66 0 0 500 100 350 0 350 139 0 500 166 0 875 0 500 875 0 196 0 -100 500 0
0 269 400 0 0 0 399 600 0 1000 0 0 0 0 200 66 475 444 0 0 0 250 1000 562 0 0 0 0 400 0 399 600 0 541 391 200 400 0 0 0 1000 603 616 616 300 0 800 437 445 750 0 269 0 0 1000 0 0 500 0 0 0 0 0 0 33 535 0 1000 0 0 100 0 244 800 800 0 0 433 1000 66 500 200 449 0 449 356 0 650 316 0 600 0 833 600 0 413 250 400 850 0
#CPFC 2018-04-07
-214 -16 0 -600 0 216 0 136 0 0 0 100 0 0 -99 -323 0 733 -24 0 0 500 0 -225 0 0 400 0 0 -166 -100 0 0 -150 343 0 280 0 0 500 0 0 0 500 0 0 -200 0 221 125 1000 0 200 -12 0 0 300 300 0 208 0 216 300 0 -699 0 -80 0 0 800 146 0 37 0 0 100 50 0 0 0 0 0 0 0 300 0 500 -250 -500 0 0 325 218 0 0 0 0 -500 -125 0
627 269 0 800 0 399 0 454 0 0 0 650 1000 0 350 268 0 650 566 0 0 1000 0 475 0 0 600 0 0 175 250 0 0 300 525 1000 426 0 0 500 0 0 0 500 0 0 400 0 474 400 1000 0 300 287 0 0 650 650 0 516 0 399 650 0 666 0 77 0 0 750 485 550 477 0 0 300 416 0 0 0 1000 0 0 0 800 0 625 700 400 25 0 500 400 0 0 0 0 1000 1000 0
#BHAFC 2018-04-07
0 0 0 369 68 500 0 0 0 0 0 0 150 0 0 0 0 0 0 0 311 -200 0 500 0 -200 600 0 650 0 -450 -225 0 -72 0 136 -125 0 0 -125 -200 0 800 0 0 -1000 228 0 0 0 0 0 0 0 0 0 0 400 139 0 0 0 500 169 68 1000 0 23 0 83 375 0 400 400 433 0 400 0 0 99 -200 500 0 500 0 0 0 350 222 200 -79 250 1000 566 0 0 -100 0 0 0
0 0 0 468 250 500 0 0 0 0 500 0 444 0 0 0 500 0 0 0 744 383 0 500 0 233 800 0 450 0 700 725 0 372 0 454 650 0 0 375 250 0 400 0 0 1000 547 0 0 0 0 0 0 0 0 0 0 383 361 0 0 0 500 416 727 400 0 238 0 116 750 0 400 450 766 0 800 125 0 199 383 550 0 400 0 0 0 550 516 300 384 283 900 700 0 0 400 0 0 0
#HTAFC 2018-04-07
0 -187 0 0 0 0 -133 0 0 0 0 0 0 0 0 92 800 -200 0 0 0 0 250 -12 650 160 0 0 -43 225 0 0 -202 172 0 0 350 0 125 500 0 0 300 0 500 0 0 0 0 -50 0 0 -1000 0 0 266 409 0 169 0 250 -400 0 725 0 0 66 -200 0 -300 222 0 -250 310 0 200 250 335 0 0 0 0 0 400 0 0 0 0 0 0 100 225 0 -100 0 400 333 0 125 0
0 500 0 0 0 0 233 0 0 0 0 100 0 0 0 545 400 383 1000 0 0 0 500 387 450 740 0 0 350 875 0 0 344 594 0 0 550 100 591 1000 0 0 485 0 950 0 0 0 0 800 0 0 1000 0 0 300 615 0 416 0 500 506 0 825 0 0 533 383 0 600 446 0 1000 503 0 500 500 527 0 0 0 0 0 900 0 0 0 66 500 0 100 875 0 500 33 200 558 0 568 0
#LCFC 2018-04-07
216 0 0 0 0 0 0 0 300 0 0 0 0 153 27 150 166 0 200 800 119 425 455 -500 0 0 0 500 300 0 250 133 0 275 433 400 0 500 -50 0 366 0 0 0 340 0 312 0 100 0 0 0 800 515 0 0 -400 375 225 -40 285 100 0 0 0 464 375 48 250 0 0 0 0 -99 0 750 0 0 1000 0 0 -125 312 0 0 23 0 1000 800 350 0 390 0 475 0 171 250 400 0 0
916 0 0 0 0 0 0 0 1000 0 0 0 0 475 485 444 666 0 400 700 454 525 571 1000 0 0 0 500 650 0 450 833 0 325 633 800 0 900 266 0 725 0 0 0 413 0 545 1000 600 1000 0 0 900 500 0 0 400 475 491 771 535 600 0 0 0 571 750 614 950 125 0 0 0 700 0 675 0 41 1000 300 0 600 623 600 625 238 0 300 900 550 0 450 0 675 0 633 312 800 0 0
#NUFC 2018-04-07
0 0 -400 0 0 0 0 11 -400 300 0 0 0 -1000 200 0 0 0 483 0 0 0 200 400 0 100 77 0 412 187 400 0 33 0 -383 500 0 68 68 68 0 0 0 100 -250 0 0 0 0 0 0 -400 0 0 0 0 500 0 0 -200 150 1000 -200 0 0 295 0 -400 0 11 -300 0 412 0 125 250 455 0 500 200 0 0 1000 500 -100 0 0 0 0 293 0 0 200 0 0 0 300 0 0 0
0 0 400 0 0 0 0 244 400 100 0 0 0 1000 950 0 0 1000 949 0 0 0 950 900 1000 100 322 0 550 437 900 0 500 0 633 625 0 727 727 727 0 0 1000 200 1000 1000 0 0 0 0 0 400 0 0 0 0 500 0 0 0 444 1000 450 0 0 411 0 400 0 611 350 0 732 0 250 500 571 0 500 950 0 100 750 500 400 0 0 0 0 616 0 0 483 0 0 0 779 0 0 0
#SCFC 2018-04-07
104 0 0 0 68 68 -349 200 -200 0 -171 136 781 -100 0 -425 56 -90 0 -250 500 200 400 -400 0 0 0 0 0 -350 -286 0 0 0 -350 0 0 600 337 0 800 50 400 500 0 500 0 625 0 0 0 450 50 0 0 -200 450 0 400 31 -20 0 0 0 50 258 -250 0 0 50 500 50 50 0 0 50 0 0 0 0 0 500 -400 0 0 400 800 -77 0 0 -400 -20 -100 -400 0 -400 625 0 -100 -200
520 0 0 0 377 377 333 950 233 0 518 454 500 500 1000 600 580 313 0 400 600 950 500 400 66 1000 0 0 600 500 644 0 1000 0 600 0 0 600 412 0 750 200 700 500 0 500 0 500 0 0 0 700 200 0 0 50 700 0 800 461 400 0 0 0 200 571 250 0 0 200 500 200 200 0 0 200 0 300 0 0 0 500 400 500 0 800 750 644 0 50 400 400 400 400 0 400 500 300 400 50
#COYS 2018-04-07
741 0 0 0 53 0 0 0 -250 0 191 0 0 -200 -21 781 200 400 -250 458 -83 500 268 152 0 0 -400 0 0 0 339 0 0 0 -500 100 500 -400 -125 0 0 300 250 400 0 512 0 125 0 0 -349 0 88 249 0 0 166 318 350 800 800 0 0 325 0 104 0 0 83 700 -122 0 0 0 258 0 -39 600 0 0 650 0 350 125 800 625 600 600 500 250 0 0 0 0 0 0 0 136 136 0
666 0 0 0 436 400 0 0 800 0 394 0 0 233 635 500 200 700 400 500 750 500 568 680 0 0 400 0 0 0 474 0 0 0 666 325 500 400 750 0 0 500 500 800 0 751 0 666 0 0 333 0 659 800 0 66 166 687 475 1000 400 0 0 333 0 583 0 0 433 600 595 0 0 0 608 0 413 550 0 0 675 0 551 684 750 500 583 800 550 250 0 0 0 0 0 0 0 454 454 0
#WatfordFC 2018-04-07
164 0 0 0 0 0 0 750 0 150 9 0 -600 0 0 150 866 0 0 1000 150 0 0 -200 383 185 -99 333 300 362 -233 -78 0 500 -155 0 300 0 0 116 100 0 -18 -125 42 26 0 0 -55 163 300 -85 8 0 120 0 -125 214 241 150 -100 161 0 -50 0 0 -155 375 500 33 47 0 250 200 500 0 0 150 500 62 0 0 266 0 0 0 -75 -200 0 0 185 333 362 391 -500 0 350 166 0 0
575 0 0 125 125 0 0 944 0 500 188 0 750 0 0 444 466 0 0 1000 500 0 0 50 400 352 411 583 500 404 333 312 0 500 288 466 583 0 100 183 250 125 329 416 264 224 0 0 55 322 700 229 274 0 520 0 375 346 464 500 400 509 550 425 0 1000 288 408 500 333 950 0 1000 500 500 0 0 450 500 544 0 0 633 0 0 0 325 50 0 0 352 583 404 641 900 0 300 333 0 0
#Clarets 2018-04-07
0 0 0 433 0 0 0 0 -593 0 0 0 0 0 500 625 350 -89 100 0 0 50 316 0 0 0 0 625 0 0 100 0 625 0 0 0 0 0 0 0 0 425 0 666 0 0 0 0 0 0 0 0 0 0 0 0 136 250 0 0 0 0 400 0 0 800 500 80 625 0 0 0 0 0 0 0 136 500 0 0 400 0 400 400 462 300 800 0 800 0 41 0 0 625 300 700 0 0 0 239
0 0 0 566 0 0 0 0 678 0 0 0 0 0 400 900 405 391 400 0 76 500 233 0 0 0 0 900 0 0 400 0 900 0 0 0 0 0 0 0 0 516 0 666 0 0 0 0 100 666 0 0 0 0 0 0 454 350 0 0 0 0 1000 0 0 750 600 423 900 0 0 0 0 0 0 0 500 500 0 0 450 0 560 400 555 594 400 0 400 0 250 0 472 900 500 700 0 0 0 296
#WBA 2018-04-07
800 333 0 -937 0 166 0 0 0 0 0 625 1000 0 -50 333 500 0 0 0 0 136 0 169 0 0 250 0 0 -416 337 400 250 293 -49 0 0 -166 150 0 0 0 0 0 0 250 75 0 0 630 166 340 0 0 16 -218 83 0 0 0 0 31 0 -488 0 0 0 0 -100 83 0 0 0 0 325 0 0 0 57 0 300 175 333 281 0 400 -400 250 0 -166 0 0 74 0 0 1000 500 0 250 312
700 833 0 900 0 166 0 0 0 0 0 475 750 0 150 666 600 0 0 0 0 500 0 623 0 0 333 0 0 666 425 459 350 652 650 0 0 500 444 0 0 0 0 0 0 333 1000 66 100 280 833 444 100 0 33 360 383 550 0 0 0 283 0 687 0 1000 0 125 100 266 0 0 0 0 750 0 0 100 483 100 800 325 666 416 0 600 400 333 0 500 0 0 375 0 0 1000 233 0 200 333
#Swans 2018-04-07
0 900 0 250 -187 -33 0 99 0 0 0 0 0 0 30 42 150 416 0 0 0 0 350 0 0 0 1000 675 0 0 475 -87 0 0 466 0 33 0 0 166 500 0 600 0 0 0 400 400 400 500 0 136 250 136 30 500 0 0 0 0 0 535 0 0 -100 -100 0 -177 825 30 68 -100 42 0 318 150 0 0 0 136 0 780 142 -250 0 0 0 87 136 0 375 400 0 425 -25 -244 0 0 0 0
0 900 0 312 500 658 0 400 0 0 0 0 0 0 193 578 350 500 0 0 0 0 550 0 0 0 1000 800 0 0 725 700 0 0 799 0 633 0 0 250 500 0 1000 0 0 0 400 400 400 900 0 454 200 454 516 900 0 0 0 0 500 607 0 0 400 400 0 166 875 193 250 400 578 0 500 350 0 0 0 500 0 1000 267 250 0 0 0 725 454 400 750 900 0 719 378 477 0 0 0 0
#EFC 2018-04-07
-400 0 200 0 477 500 0 500 500 0 0 136 0 0 0 800 0 477 477 0 0 0 0 0 500 0 0 59 0 0 333 0 196 0 0 375 0 0 250 0 -1000 0 0 0 0 500 0 -266 520 259 0 0 0 0 299 0 0 0 600 224 0 -99 216 0 375 375 150 136 0 0 250 -150 0 0 0 450 0 -133 0 -156 0 0 200 0 100 0 312 -599 200 400 200 200 400 0 1000 250 0 0 0 0
700 0 100 0 644 900 0 500 500 1000 0 500 1000 0 0 400 0 644 644 1000 0 0 0 0 833 0 0 490 0 0 666 0 476 0 0 541 0 0 333 0 1000 0 0 500 0 500 0 300 519 588 0 0 0 1000 600 0 0 0 1000 500 0 255 423 0 575 541 444 454 1000 0 350 100 0 0 66 616 0 506 0 375 50 0 100 0 383 0 412 583 100 566 100 100 400 0 400 600 0 0 0 0
#LFC 2018-04-07
0 -150 -500 1000 0 101 0 -200 0 781 -34 -166 0 -142 250 0 357 0 200 -462 0 170 125 183 136 400 212 0 833 41 25 57 200 0 0 0 199 0 0 750 100 252 287 1000 -500 333 -25 0 -150 357 150 0 -16 0 0 0 0 0 0 0 0 0 0 0 0 0 0 0 0 0 0 0 0 575 -66 -400 250 0 0 -400 0 0 -400 0 0 850 -99 0 0 0 0 66 -67 316 500 500 0 12 -237 -525
0 325 300 500 0 525 0 100 562 750 333 250 0 535 300 466 535 0 200 687 0 275 437 250 454 400 725 0 600 477 275 480 100 500 0 0 266 0 0 800 400 604 487 1000 500 355 925 0 200 750 404 0 433 0 0 0 0 0 0 0 0 0 0 0 0 0 0 0 0 0 0 0 0 850 466 700 375 0 0 400 0 0 700 0 0 875 466 0 0 0 0 66 641 433 888 500 0 445 384 575
#CFC 2018-04-01
600 -187 -625 0 324 0 0 0 550 -100 0 0 0 -233 0 0 0 0 0 -250 300 0 0 533 0 500 433 0 0 0 0 0 250 0 16 -750 500 400 0 800 0 0 0 833 0 0 500 100 631 0 550 0 0 133 0 500 716 1000 266 300 24 0 433 -349 0 200 0 1000 206 -1000 500 0 0 800 99 0 0 0 266 0 566 284 0 0 -275 -50 -366 0 450 0 1000 0 0 0 0 0 220 700 -250 0
800 800 1000 0 275 0 0 0 637 600 0 0 0 566 0 0 0 0 0 650 650 0 0 266 0 500 733 0 0 0 0 0 750 0 211 1000 900 400 0 400 0 400 0 496 0 0 750 200 567 0 450 0 300 466 0 500 516 300 626 350 458 0 733 333 0 300 0 300 631 1000 750 0 0 400 450 0 0 0 233 0 666 513 0 0 550 683 566 0 316 0 300 0 0 0 0 0 366 600 750 0
#COYS 2018-04-01
600 595 0 0 -600 0 0 0 232 800 200 225 0 550 0 0 600 357 -525 0 0 0 0 0 0 0 -250 412 0 0 -110 0 700 0 450 500 175 937 0 250 162 68 99 166 -84 445 278 0 0 0 0 0 0 0 100 0 0 0 0 0 500 200 250 450 284 0 0 -500 500 550 0 900 500 666 0 600 190 0 0 -500 0 0 223 -1000 100 0 54 196 200 0 400 250 0 800 0 800 500 0 0 650
800 628 0 0 800 0 0 0 375 400 300 683 1000 450 0 0 900 571 850 0 0 0 0 0 0 0 450 550 0 0 431 0 466 0 850 500 758 900 0 200 643 227 255 408 556 466 385 0 0 0 0 0 0 0 400 0 0 0 0 0 1000 500 500 700 838 0 0 900 562 450 0 1000 750 616 0 1000 684 450 0 900 0 0 452 1000 600 0 233 697 512 0 233 300 0 700 0 750 500 0 0 450
#AFC 2018-04-01
0 0 0 0 0 0 -400 0 0 0 0 800 100 300 500 500 0 500 0 0 0 -625 -200 625 -166 0 0 0 0 0 0 399 -250 0 0 0 85 225 0 -1000 466 0 0 0 0 800 233 0 0 0 800 136 136 0 0 0 -41 666 0 600 0 149 266 350 250 0 -200 312 0 500 0 0 0 0 0 0 233 0 200 500 0 0 342 100 0 -55 0 0 0 0 -375 0 229 250 536 2 0 0 -125 0
0 100 0 0 0 0 400 0 0 0 0 400 800 633 750 500 0 750 0 0 0 1000 450 900 433 0 0 0 0 0 0 466 600 0 1000 0 307 550 0 1000 666 0 0 0 0 1000 366 0 0 0 1000 454 454 500 0 0 125 666 0 900 0 600 516 550 875 0 900 400 0 500 0 500 0 0 0 0 266 0 650 600 0 0 767 400 0 677 0 0 0 100 500 0 559 250 460 473 0 0 375 0
#SCFC 2018-04-01
250 133 900 0 149 0 0 199 0 0 0 800 0 800 0 0 0 800 0 200 200 350 4 683 31 0 0 -233 0 0 0 0 100 4 0 0 612 -66 -875 0 100 83 -66 -24 0 300 650 0 -405 152 183 188 0 450 0 0 0 0 145 209 0 0 0 0 0 0 0 0 700 333 0 0 0 0 225 399 600 0 0 333 0 0 0 0 0 0 178 0 0 -200 0 0 -200 68 0 -203 0 125 0 0
375 300 1000 0 600 0 0 406 0 100 0 400 0 400 0 0 0 400 0 366 950 600 352 766 480 0 0 799 0 0 0 0 100 352 0 0 562 233 1000 33 483 466 233 288 0 100 450 0 633 394 483 322 0 350 0 0 0 0 533 488 0 0 0 0 0 0 100 0 600 500 0 0 0 0 250 450 900 0 0 500 0 400 0 0 0 0 278 0 0 500 0 0 500 260 0 437 0 300 0 0
#EFC 2018-03-31
-200 333 0 0 0 0 0 1000 0 333 333 0 0 -25 100 0 -50 0 -200 0 0 0 0 0 1000 0 0 0 -155 0 166 25 268 250 -100 125 583 0 400 -95 0 0 227 233 -200 -125 433 0 128 500 0 500 -79 0 0 0 0 -25 166 -25 400 300 62 0 0 200 0 0 250 500 1000 1000 0 0 0 272 300 1000 -333 0 1000 1000 1000 0 0 0 0 1000 212 0 1000 400 136 0 0 0 0 0 0 250
200 833 0 0 0 0 0 300 0 833 833 0 0 233 100 0 200 0 0 1000 0 0 0 0 300 0 0 0 288 0 266 575 627 500 200 666 650 0 500 470 500 0 545 541 200 312 466 0 399 500 0 700 399 1000 0 100 0 191 333 500 400 200 500 0 0 200 0 454 500 500 300 1000 0 0 400 438 533 300 666 0 300 300 300 0 0 0 0 900 384 0 300 400 454 0 0 0 0 0 0 500
#MCFC 2018-03-31
-200 214 0 -133 500 500 -134 0 0 0 866 125 0 800 0 0 0 0 0 0 0 200 900 303 350 0 -100 -100 406 0 0 500 0 25 700 0 0 268 0 400 28 0 0 0 0 33 -95 200 133 0 0 0 0 -200 -125 625 500 214 0 0 200 -800 0 100 0 0 700 0 0 1000 -25 0 500 66 233 0 0 0 0 200 -600 0 200 -155 250 133 650 0 -9 500 0 333 0 0 0 0 -4 0 1000 0
200 629 0 300 500 875 714 0 0 0 533 825 0 750 0 0 0 0 1000 0 0 300 1000 452 300 0 730 400 750 0 0 900 0 575 600 0 0 627 0 400 323 0 0 0 0 633 470 100 411 0 0 0 0 200 312 600 500 629 0 0 500 900 0 150 0 1000 900 0 0 300 500 550 500 433 266 0 0 0 1000 250 900 0 200 288 277 366 575 0 371 500 100 300 0 0 0 0 595 0 300 0
#BHAFC 2018-03-31
0 0 0 475 800 0 0 0 0 0 0 144 500 593 -1000 0 0 500 -125 0 -400 0 0 0 0 -125 149 400 0 700 370 0 0 193 0 800 0 369 97 700 0 -100 0 0 357 357 625 0 0 223 0 100 50 -291 500 125 400 712 -250 -300 975 400 0 24 300 500 91 0 0 -300 100 616 0 616 175 -300 369 -100 100 616 400 -100 250 200 250 -100 400 200 17 -150 220 -325 175 0 400 200 224 -400 0 -93
0 0 0 700 750 0 0 0 1000 0 0 744 750 550 1000 0 0 400 75 0 400 0 0 0 0 375 449 400 66 600 545 0 0 393 0 750 0 619 566 600 1000 1000 0 0 571 571 900 0 105 318 0 100 50 541 500 437 1000 700 483 600 1000 1000 0 494 0 650 549 0 0 600 300 741 0 741 325 450 619 50 400 741 700 400 283 700 313 400 400 700 513 325 400 500 275 400 400 700 400 400 300 250
#LCFC 2018-03-31
0 0 0 0 0 0 0 0 0 0 0 0 800 444 0 399 500 0 -800 800 0 0 0 625 0 -33 -400 500 378 0 0 0 0 1000 377 0 -400 0 0 0 500 0 -25 700 260 212 0 136 400 136 800 178 0 0 136 -1000 0 108 0 0 0 50 0 0 0 0 700 0 0 125 900 130 500 0 0 800 -800 0 500 0 324 0 500 700 62 1000 -25 136 228 0 0 0 0 0 500 400 100 0 0 0
0 0 0 0 0 0 0 0 0 0 0 0 1000 555 0 333 500 0 900 750 0 0 0 600 0 786 400 900 651 0 0 0 600 1000 510 0 400 0 1000 0 500 0 533 600 630 384 0 454 600 454 750 484 0 0 454 950 0 433 0 0 1000 266 0 0 0 333 600 0 0 250 750 390 500 0 0 400 900 0 500 0 375 0 500 600 500 1000 475 454 675 0 0 100 0 0 1000 600 100 0 0 0
