#WatfordFC 2018-02-05
0 0 1000 1000 1000 300 100 700 -505 0 0 1000 0 0 -120 199 300 333 -66 0 0 0 0 800 0 466 0 138 61 0 118 -699 0 420 158 0 0 0 0 -50 0 136 0 0 500 700 400 408 -62 0 -24 1000 0 24 -296 490 0 0 500 0 206 1000 1000 -225 176 1000 1000 250 1 404 9 0 -89 0 250 350 0 100 0 0 285 0 500 1000 499 499 -100 500 166 136 500 0 12 0 125 200 0 500 750 133
0 0 300 300 300 500 400 600 1000 0 0 300 0 0 470 512 433 500 466 0 0 0 0 400 66 766 0 300 347 0 300 666 0 603 350 1000 0 0 0 200 0 454 0 0 500 600 400 583 650 0 500 300 425 484 350 300 0 0 1000 0 459 300 300 400 455 300 300 200 538 500 550 100 176 0 1000 550 0 300 0 0 535 0 500 300 750 750 250 888 666 454 500 0 208 0 350 200 350 1000 566 266
#CFC 2018-02-05
0 0 500 333 266 0 178 178 178 178 178 178 178 178 -200 400 0 0 1000 120 -71 1000 1000 -50 400 0 100 208 0 0 -71 -600 0 0 0 0 0 0 -116 500 120 100 0 700 100 -600 0 0 0 150 300 -400 0 0 212 0 0 -250 300 0 0 300 212 976 0 0 300 0 0 237 0 500 1000 0 200 633 200 0 500 -16 -600 -600 -600 -600 -118 0 166 -600 800 0 0 0 0 -600 0 781 0 -549 0 0
0 0 500 333 199 100 751 751 751 751 751 751 751 751 0 800 0 0 300 516 214 300 300 400 677 0 277 433 0 125 214 700 0 1000 1000 0 0 0 600 550 516 277 0 600 277 900 0 0 1000 250 500 700 125 0 475 0 0 500 500 0 0 500 225 600 0 0 500 0 0 687 0 475 300 0 300 766 300 0 750 466 700 700 700 700 638 125 166 700 400 0 0 0 0 700 0 500 0 533 0 0
#LFC 2018-02-04
0 200 138 100 500 59 250 266 55 250 200 800 1000 0 0 50 0 75 0 250 112 0 0 700 81 150 800 700 412 0 0 0 322 0 800 700 0 75 800 0 0 250 0 0 250 33 0 0 0 0 1000 400 0 437 168 0 0 339 0 0 0 400 285 100 466 400 800 0 500 404 700 24 0 -16 0 -197 0 0 0 0 50 150 193 0 0 0 296 575 0 0 0 400 0 0 64 500 0 0 0 0
0 200 394 200 500 650 333 288 466 333 400 400 1000 0 0 150 0 581 0 300 450 0 100 900 162 0 650 600 550 0 0 0 350 0 400 600 0 683 750 0 0 333 0 0 450 399 0 0 0 0 750 250 0 687 377 0 0 455 0 0 0 250 535 200 647 250 1000 100 500 694 700 404 0 291 0 713 0 0 500 0 500 0 643 0 0 0 383 575 0 0 0 600 0 750 562 562 500 0 0 100
#COYS 2018-02-04
0 733 0 316 200 0 0 0 500 0 0 500 400 625 0 0 0 459 250 1000 100 400 0 0 0 382 0 0 600 375 0 0 283 500 0 1000 800 0 -23 1000 399 0 0 -275 0 400 0 875 150 219 0 0 0 170 400 136 75 -700 0 0 491 500 69 0 0 0 233 375 0 0 333 0 0 0 400 0 318 0 -155 -433 285 -142 350 0 0 0 250 312 312 312 1000 0 0 600 0 500 0 350 -100 -400
0 799 0 516 200 0 0 0 450 0 0 500 400 900 0 0 0 559 333 1000 200 900 0 0 300 462 0 0 1000 540 0 0 383 500 0 400 750 0 421 1000 400 0 0 400 100 633 0 600 725 472 0 0 0 454 400 454 300 900 0 600 708 500 380 0 0 0 200 587 0 0 958 0 0 0 450 0 677 0 288 600 535 450 487 0 66 625 250 670 670 670 750 250 66 383 0 600 0 950 591 400
#CPFC 2018-02-04
99 44 500 0 1000 1000 1000 500 -200 458 100 0 -216 0 148 275 0 0 0 0 0 160 0 -72 0 136 700 0 0 268 0 0 200 148 500 0 0 500 600 36 375 0 123 13 0 -93 0 0 0 0 0 670 11 0 300 108 0 300 1000 0 0 250 449 0 0 -200 0 -100 -250 -100 0 -166 -100 700 0 0 100 100 100 0 0 0 0 0 1000 250 0 500 0 0 75 0 0 1000 900 0 0 0 0 500
650 401 150 0 300 300 300 800 150 500 300 0 588 0 497 799 0 1000 0 0 0 539 0 396 0 454 600 0 0 627 0 0 100 497 900 0 0 475 250 547 200 0 384 703 0 500 0 0 0 0 0 466 572 0 350 500 0 0 300 0 0 550 400 0 0 400 0 400 1000 400 0 455 400 600 0 0 400 400 400 0 0 0 0 0 1000 333 0 500 0 0 358 0 0 300 525 0 0 0 0 750
#NUFC 2018-02-04
500 -156 0 0 49 0 0 200 142 0 -100 0 260 0 800 0 145 -208 0 0 88 200 83 0 0 0 1000 -400 0 450 0 1000 288 0 0 145 100 -400 0 382 0 0 0 0 0 0 -400 0 600 250 0 -125 0 0 -200 0 0 -100 75 600 0 500 900 0 200 0 0 600 0 0 0 96 -400 100 99 0 30 200 0 136 0 433 -90 136 0 0 0 0 0 0 0 -112 200 -200 0 333 0 0 0 0
750 750 362 0 600 0 0 950 317 0 400 0 300 0 750 0 480 902 0 0 572 950 166 0 0 0 300 900 0 500 466 300 555 0 0 830 300 900 0 573 0 0 0 0 0 0 700 0 900 900 66 375 0 0 100 0 0 400 550 712 0 500 1000 0 450 0 0 1000 0 0 0 495 400 200 550 0 306 483 0 500 400 600 700 500 1000 0 0 0 0 0 400 762 250 400 0 308 0 0 0 0
#AFC 2018-02-03
0 100 136 100 0 0 0 0 83 0 0 0 625 600 136 0 0 0 485 733 409 136 300 350 0 136 0 0 500 250 166 142 0 -125 250 250 500 500 0 0 250 250 500 350 0 0 200 -16 0 750 0 0 143 1000 -200 500 250 800 0 100 0 49 170 600 7 0 500 0 0 0 120 433 170 0 0 -62 0 200 166 0 0 97 175 651 400 0 0 350 199 -600 -49 -100 0 125 -16 -155 0 0 49 250
0 400 454 400 500 0 0 0 750 0 0 0 600 900 454 0 0 0 727 799 466 454 500 650 0 454 0 0 500 300 333 267 0 825 333 333 600 650 0 0 333 300 500 550 0 0 100 603 0 750 0 0 377 900 800 500 250 1000 0 200 0 700 454 637 523 0 500 0 0 1000 445 300 454 0 0 187 0 400 399 0 0 419 325 780 400 0 675 650 700 900 650 0 0 433 483 288 0 0 396 200
#EFC 2018-02-03
0 468 -33 136 291 0 0 0 0 700 -33 -33 -33 -33 216 0 525 345 0 0 0 370 0 -250 0 500 500 211 137 -400 0 0 400 0 395 439 400 0 0 433 500 0 -500 0 400 933 150 0 0 0 0 136 -306 136 136 136 -266 0 700 900 0 0 8 0 233 0 425 116 -121 0 -500 0 158 325 100 100 0 212 464 450 -49 105 -500 0 100 0 800 500 0 234 250 0 -187 0 464 682 -500 -327 0 -500
0 450 166 454 606 0 0 0 0 600 166 166 166 166 244 0 541 380 0 500 0 666 0 149 0 483 650 688 575 400 0 0 1000 0 711 556 800 76 0 577 1000 0 1000 700 800 500 266 0 0 0 0 454 727 454 454 454 666 0 700 1000 0 50 425 0 216 0 362 566 584 0 1000 100 426 550 650 400 100 291 742 500 700 247 300 0 100 0 750 150 0 643 478 250 500 0 742 871 300 294 0 875
#AFCB 2018-02-03
0 0 -125 0 250 111 -66 600 261 800 0 -1000 0 0 250 0 0 150 62 0 100 800 -266 0 475 418 -125 308 0 0 0 0 -500 500 625 0 0 1000 -500 85 -500 0 -40 0 -313 -233 -1000 400 16 -24 1000 1000 33 -77 0 66 166 116 0 50 133 0 550 412 0 0 0 270 600 0 0 1000 0 173 0 0 85 750 0 187 400 156 625 458 72 395 0 400 455 90 -200 107 325 -333 449 0 0 800 450 166
0 0 625 66 333 311 600 800 345 400 0 1000 0 0 700 0 0 266 533 0 100 400 666 66 447 543 875 516 0 0 0 66 300 600 750 0 0 300 300 252 300 300 263 100 513 655 1000 900 566 348 300 300 322 367 0 338 600 762 0 650 288 66 700 550 0 0 0 611 900 0 0 700 0 600 0 0 283 500 0 487 800 166 1000 541 700 566 0 233 633 506 233 571 850 533 375 0 0 400 756 300
#SCFC 2018-02-03
100 0 200 0 0 0 0 136 625 136 0 625 150 -1000 222 0 136 -266 0 0 0 136 0 0 800 0 0 0 0 0 600 675 568 83 88 100 0 0 366 0 0 0 100 136 136 -77 -2 0 -300 0 0 375 136 0 260 0 -289 0 0 0 0 0 125 166 0 222 -150 136 0 136 0 136 0 -42 136 0 0 800 0 168 800 0 0 550 -100 316 -300 -95 404 136 136 800 0 366 80 0 400 136 136 136
400 0 300 0 0 0 0 454 500 454 0 500 266 1000 464 0 454 666 0 0 0 454 0 0 750 0 0 0 0 0 900 425 727 344 366 150 0 0 700 0 0 0 100 454 454 588 371 0 1000 0 0 644 454 0 260 0 333 0 0 0 0 0 100 600 0 464 400 454 0 454 0 454 0 458 454 0 0 1000 0 427 1000 0 0 750 493 525 200 700 799 454 454 1000 0 483 269 0 600 454 454 454
#BHAFC 2018-02-03
0 -400 0 500 700 0 0 0 -33 0 41 0 350 162 150 -300 0 178 178 -266 361 0 -150 208 0 126 1000 62 0 0 0 0 400 -58 100 -33 -33 50 800 0 0 800 202 240 8 -33 0 -200 66 0 0 310 350 556 0 0 600 600 600 600 600 600 600 600 318 -200 625 0 0 0 0 0 -100 0 0 800 0 0 0 0 5 0 166 0 0 400 -104 0 0 0 0 875 -400 0 0 94 200 500 250 428
0 700 0 375 600 0 0 0 466 333 591 0 550 412 266 400 100 319 319 666 583 0 250 166 0 372 1000 1000 0 0 0 0 150 345 200 466 466 200 750 0 0 900 583 413 202 466 0 166 540 166 0 452 650 541 0 0 633 633 633 633 633 633 633 633 477 316 900 0 0 0 0 0 400 0 0 750 0 0 0 0 661 466 344 0 0 900 368 0 0 0 0 600 400 0 0 566 500 500 283 500
#WHUFC 2018-02-03
100 166 0 250 0 0 0 0 300 100 0 -77 0 0 0 0 333 375 0 500 0 246 270 22 0 425 180 0 0 375 250 133 0 0 315 -25 0 -100 585 566 0 0 -300 150 0 0 180 -166 0 -266 0 433 0 0 127 187 -25 0 -500 400 -200 180 0 0 1000 0 0 0 0 -166 0 0 -600 0 -400 0 0 156 300 400 266 350 500 0 100 250 0 0 0 0 0 0 0 0 0 -102 -500 122 50 209
400 566 0 550 0 0 0 0 433 100 0 144 0 0 0 0 666 500 0 900 0 517 540 722 0 850 575 0 0 750 450 366 0 0 710 50 0 50 377 496 0 0 700 266 0 0 290 500 0 666 0 662 0 0 260 237 350 0 1000 800 200 575 0 0 900 0 0 0 0 500 200 0 900 0 600 0 0 392 650 375 333 362 500 66 333 750 0 0 0 0 0 0 0 0 0 350 300 420 191 400
#LCFC 2018-02-03
0 133 625 350 0 100 -300 250 100 0 100 0 -223 200 400 0 100 66 408 28 245 0 650 500 -500 0 -162 33 -400 0 20 0 50 0 0 0 976 0 0 0 -500 0 700 0 0 366 0 224 433 235 0 0 200 0 0 0 0 -199 0 -500 0 392 0 1000 178 214 60 0 625 -125 64 105 -312 0 0 700 136 0 0 -291 0 0 64 -137 500 66 0 150 224 -155 700 0 0 1000 0 325 733 225 383 100
0 420 531 694 0 400 200 283 400 0 100 0 285 200 425 0 150 100 700 216 480 0 450 200 300 0 237 433 900 0 466 0 400 0 0 0 600 0 0 0 1000 0 600 0 0 500 0 464 766 575 0 0 250 0 0 0 100 449 0 900 0 541 0 300 630 396 450 0 750 200 312 255 200 0 100 600 454 125 650 458 0 0 425 550 600 466 0 800 825 288 900 0 0 300 125 575 716 750 450 150
#Swans 2018-02-03
0 0 199 0 650 136 0 750 0 233 333 0 0 466 250 100 100 0 -199 281 0 0 0 375 200 75 0 0 -125 0 -266 0 0 0 0 0 800 0 0 0 0 675 0 -100 75 0 284 0 0 200 0 0 200 150 -500 -750 0 0 0 100 500 284 216 100 -180 0 -95 250 1000 0 0 800 468 250 0 136 250 250 0 250 1000 50 350 525 1000 0 0 -300 250 0 68 136 0 0 136 250 250 0 375 250
0 0 566 0 450 454 0 800 0 441 466 0 0 666 500 337 0 0 750 266 0 0 0 1000 300 475 0 0 366 0 666 0 0 0 0 0 750 0 0 0 0 425 0 400 475 0 545 0 0 500 0 0 300 500 300 1000 0 0 0 345 833 545 866 100 477 0 700 250 300 0 0 900 750 250 0 500 333 333 0 510 300 200 444 750 300 0 525 450 750 0 727 500 0 0 454 750 333 0 416 250
#MUFC 2018-02-03
216 100 199 111 -200 0 0 0 625 -100 0 300 64 0 0 0 0 0 100 0 -200 500 516 0 100 -87 0 450 500 0 350 0 500 166 0 487 -400 900 300 0 0 57 0 -33 -49 900 650 0 0 0 0 0 0 150 300 100 1000 0 0 0 293 0 366 -122 0 0 0 0 800 0 0 500 100 -200 0 0 400 500 456 0 408 0 -133 437 350 0 0 0 187 0 781 650 0 0 500 170 200 0 -8 0
266 400 441 222 333 0 0 0 500 356 0 0 422 0 100 125 0 0 141 0 533 150 350 0 150 479 0 300 600 0 650 0 756 250 0 212 1000 400 575 0 0 657 0 622 750 1000 450 0 0 0 0 0 0 404 100 200 1000 133 0 0 300 0 700 444 0 0 0 0 400 0 0 600 150 800 0 0 1000 500 525 0 566 0 155 462 550 0 633 0 375 0 500 700 112 0 500 454 100 0 191 0
#HTAFC 2018-02-03
0 0 375 650 600 -16 -8 0 0 0 500 375 616 -172 380 281 5 100 0 150 250 300 0 0 -266 350 650 500 287 0 70 -71 333 0 300 -137 -200 0 79 1000 0 0 -300 0 875 1000 0 200 100 500 0 0 -172 0 0 695 281 0 500 0 220 0 91 220 0 0 500 125 350 350 100 0 0 175 909 300 -88 -31 298 100 41 0 0 0 0 322 -7 -550 0 0 300 0 250 0 0 0 0 50 0 137
0 0 666 450 1000 166 191 0 66 0 900 475 791 226 450 333 414 1000 0 266 550 750 0 0 666 650 750 500 550 0 766 142 1000 0 500 775 649 66 659 300 0 0 600 0 600 300 0 1000 200 900 0 0 226 0 100 700 362 0 500 0 480 0 541 480 0 0 520 366 350 300 1000 0 0 325 780 650 438 450 441 400 250 0 100 366 0 519 467 700 0 0 750 0 250 0 0 0 0 263 0 462
#WBA 2018-02-03
0 0 875 0 0 100 250 420 0 0 200 0 100 700 200 0 0 306 131 650 200 112 -155 -700 250 0 -400 200 -200 0 0 0 0 500 27 0 0 285 0 0 50 800 0 -800 250 270 0 0 116 0 0 500 0 500 50 -266 0 266 0 0 0 600 -200 0 0 0 600 0 0 575 -80 416 0 0 48 0 400 118 162 0 0 0 0 0 -200 0 212 258 600 -121 0 800 50 50 0 0 0 400 0 -400
0 0 600 0 0 400 475 559 0 0 100 0 400 350 100 0 0 500 656 450 362 351 288 1000 300 1000 400 400 350 0 0 0 0 600 635 0 1000 535 0 0 150 750 0 900 550 339 0 0 483 0 0 900 500 1000 150 666 0 233 0 0 0 1000 488 0 0 1000 612 0 0 700 380 666 0 0 271 0 750 425 520 0 0 0 0 0 700 0 291 450 1000 799 320 750 150 150 66 0 0 1000 0 400
#SaintsFC 2018-02-03
106 0 199 100 0 200 0 0 0 0 700 -125 650 -24 -166 0 400 250 -186 -150 0 -700 118 100 0 0 -500 0 -150 525 0 -97 0 160 0 0 700 0 0 500 100 800 300 125 437 0 0 600 0 41 0 0 0 800 0 500 260 0 175 0 0 0 -400 100 0 0 -266 112 88 0 0 0 0 0 0 227 325 -160 -750 0 -49 408 0 0 0 0 0 575 0 3 -155 0 625 -80 -500 62 600 -125 400 669
350 0 600 100 0 200 0 0 0 0 350 494 450 479 616 0 747 425 658 600 0 1000 225 383 0 0 1000 1000 200 450 0 383 0 360 0 0 600 0 0 700 800 750 266 300 687 0 0 1000 0 591 0 0 0 750 0 1000 390 750 659 0 0 0 600 350 0 428 666 489 413 0 0 0 0 0 1000 545 375 233 700 0 800 480 0 0 0 0 0 700 0 252 288 0 500 380 200 1000 900 666 900 589
#Clarets 2018-02-03
100 -266 0 0 0 0 0 0 0 625 0 200 -75 500 0 0 0 -400 1000 0 0 200 0 0 300 0 625 -250 0 400 400 250 0 400 0 0 0 0 0 0 0 1000 0 0 900 700 0 400 0 416 250 0 0 0 0 -127 800 400 0 300 136 300 0 0 0 -62 0 200 350 0 0 600 0 -50 0 0 0 -22 0 0 0 0 242 0 0 0 0 0 0 318 0 0 0 0 -87 335 -65 250 0 0
400 666 0 0 0 0 0 0 0 900 0 300 50 700 0 0 1000 400 300 0 0 300 0 0 550 0 900 1000 0 500 1000 700 0 1000 0 666 666 0 0 0 1000 300 0 0 350 900 0 450 100 516 700 0 0 0 0 366 400 700 0 625 454 200 0 0 0 400 0 200 550 0 0 1000 0 400 0 0 0 155 0 100 0 0 371 0 0 0 0 0 0 500 0 0 0 0 400 500 335 300 0 0
#MCFC 2018-02-03
216 105 0 0 100 0 0 0 562 55 0 568 0 -100 -223 0 200 500 675 675 900 -300 0 0 909 68 523 523 523 0 -375 0 0 0 166 0 112 500 0 0 50 0 285 0 0 0 0 200 500 250 0 -80 0 285 0 0 1000 170 423 0 199 1000 0 333 0 0 0 0 0 0 262 183 200 -50 0 225 375 200 0 150 800 0 175 0 0 0 375 64 0 -400 -195 0 -400 0 -500 0 0 -50 -250 1000
266 566 0 0 400 0 0 0 550 666 0 750 0 416 285 0 200 500 750 750 400 600 0 0 780 260 617 617 617 0 625 0 0 0 383 0 351 700 0 0 400 0 427 0 0 0 0 300 500 300 0 580 0 427 0 0 1000 454 799 0 300 300 1000 183 0 0 0 0 0 0 562 510 250 400 100 400 1000 300 0 450 400 0 375 0 0 100 950 312 0 1000 1000 0 600 0 400 0 0 350 250 1000
#MCFC 2018-01-31
-714 500 -50 0 333 -600 0 0 0 0 136 0 233 160 -125 0 -240 -300 -200 0 0 139 0 0 0 0 0 833 0 253 66 133 0 492 0 500 -63 0 0 0 200 0 0 0 1000 25 0 0 700 250 -200 166 0 0 -275 -100 700 0 -141 0 110 0 0 0 200 0 -133 0 0 -250 240 0 166 800 562 0 250 0 0 0 0 87 -300 400 183 328 0 0 69 -1000 0 0 0 0 0 0 0 250 -500 0
857 500 50 0 500 700 0 0 0 0 454 300 571 451 183 1000 365 600 400 0 0 257 0 0 0 0 0 496 0 433 33 199 0 567 0 750 322 0 0 0 600 0 0 0 300 525 0 1000 900 350 400 166 0 0 450 200 800 0 866 141 680 0 0 875 500 0 583 0 0 750 659 0 666 900 450 0 250 0 100 0 0 875 600 700 850 460 0 0 484 1000 0 0 0 0 0 0 0 333 600 0
#WBA 2018-01-31
0 0 0 0 350 183 0 300 750 -100 500 0 250 0 400 -166 800 500 437 700 705 800 0 0 -200 416 0 200 200 0 400 0 333 16 0 -200 500 0 0 0 550 -77 200 900 400 0 0 0 0 250 500 800 0 177 -200 0 0 800 0 0 600 700 133 0 0 0 49 800 0 0 0 700 0 0 -175 0 750 0 0 90 0 -600 0 325 0 0 0 51 250 0 -155 0 333 0 0 0 1000 1000 387 400
0 0 0 0 650 616 0 550 825 50 500 0 525 0 650 166 900 500 400 600 730 750 0 0 400 500 0 400 900 175 1000 66 666 199 0 400 1000 199 250 0 650 144 500 600 500 0 0 0 0 283 625 900 0 350 100 1000 0 900 0 500 1000 600 766 500 0 0 338 750 0 0 0 700 0 0 700 0 825 0 0 470 600 800 0 525 0 0 0 440 333 0 288 0 408 0 0 0 600 300 575 900
#SCFC 2018-01-31
600 0 550 -49 285 285 0 250 -200 0 350 0 0 285 800 0 0 1000 333 0 366 500 -49 0 0 0 500 400 0 -50 -187 0 0 0 500 500 -50 -100 433 700 300 0 0 0 0 0 145 -100 106 0 0 0 0 0 0 0 0 550 0 262 0 0 0 170 -400 100 0 100 800 350 100 0 0 0 -55 -255 0 433 -66 0 -330 0 0 -161 0 800 0 0 0 300 -300 0 0 600 266 400 1000 -100 -50 700
616 0 550 516 535 535 0 450 400 0 550 0 0 535 1000 0 0 1000 99 0 552 700 516 0 0 0 600 800 0 100 500 0 0 0 500 500 700 400 500 600 200 0 0 0 0 0 600 400 366 0 0 0 0 0 0 0 0 550 0 816 0 0 0 861 600 383 0 383 750 325 200 0 0 0 55 388 1000 833 138 0 265 0 0 227 0 750 0 0 0 200 450 0 0 900 383 562 300 400 200 575
#WatfordFC 2018-01-31
0 437 700 416 440 500 0 250 0 193 0 0 0 0 550 0 833 0 0 425 0 14 357 0 0 0 0 0 0 0 0 -38 0 0 0 0 1000 0 0 -50 0 425 1000 0 500 0 -625 100 237 700 281 800 0 625 -31 440 500 400 -243 0 440 0 -250 0 440 516 171 100 300 -62 0 -300 -243 483 0 0 -93 0 0 400 400 -300 -625 0 800 528 700 -43 0 449 0 0 0 0 308 0 0 0 1000 0
0 300 800 666 420 600 0 333 1000 393 0 0 0 0 550 0 866 0 0 400 0 340 535 0 0 0 0 0 0 0 0 430 0 0 0 0 900 0 0 100 0 400 900 0 500 0 1000 400 411 600 429 900 0 1000 350 420 500 900 288 0 420 0 500 0 420 588 623 550 0 400 0 700 550 585 0 0 493 0 0 700 800 980 625 0 1000 399 600 350 0 450 1000 0 0 0 564 0 100 0 1000 0
#COYS 2018-01-31
0 800 136 0 71 275 0 -333 0 750 1000 224 -200 -218 0 700 0 91 0 0 1000 0 0 0 0 0 100 0 200 330 416 330 0 0 0 -51 -200 800 -500 750 0 -125 0 250 0 300 475 -66 288 33 156 0 0 0 0 0 300 0 458 0 0 -500 0 0 75 0 25 136 -62 410 0 0 187 99 406 0 368 0 0 700 750 -349 0 33 266 500 -116 500 252 0 -155 0 200 -83 175 200 138 0 0 261
0 750 454 0 637 525 50 444 0 625 300 225 800 596 0 800 0 368 0 0 300 0 0 0 0 0 400 0 300 495 350 495 0 250 0 362 400 900 200 400 0 375 0 250 0 500 712 466 502 900 687 1000 0 0 0 0 600 0 796 200 533 200 0 0 950 0 375 454 312 635 0 0 375 622 800 357 483 1000 0 799 400 333 600 266 266 500 416 500 616 0 288 0 200 600 316 300 499 0 0 477
#MUFC 2018-01-31
575 500 68 -456 0 100 -500 300 0 0 250 1000 0 68 0 200 -900 250 0 -200 0 0 160 837 837 0 0 0 1000 0 185 -600 199 66 833 500 0 0 -768 0 1000 0 0 0 0 200 333 0 0 50 0 399 0 0 -500 399 0 300 0 500 0 -200 200 0 385 400 700 0 0 295 833 500 300 289 0 170 0 0 800 170 400 68 0 800 333 0 837 -237 0 -600 0 700 875 0 250 149 295 321 0 0
395 500 227 475 0 650 1000 400 0 0 562 300 0 727 0 100 700 175 0 400 0 0 451 500 500 0 0 0 300 0 350 900 500 516 366 500 0 0 900 0 1000 0 0 1000 0 300 833 0 0 350 500 500 0 500 200 674 0 0 0 500 0 350 1000 0 625 350 600 0 0 845 496 600 650 554 0 454 66 0 750 500 800 227 0 900 925 0 500 600 0 1000 0 900 600 0 300 500 645 408 0 0
#CFC 2018-01-31
0 0 1000 0 508 0 0 400 141 0 400 200 0 344 0 1000 0 0 400 0 200 1000 0 400 120 0 328 437 0 0 181 333 488 0 -91 0 500 0 83 160 0 -143 -400 0 0 0 0 0 0 0 0 0 -138 0 350 0 -125 200 0 0 0 200 -500 157 700 0 -22 0 172 0 0 0 -87 50 0 -400 200 0 0 38 200 514 350 0 66 0 0 -450 0 0 1000 0 0 200 400 800 0 0 0 0
0 300 1000 0 712 0 0 900 523 0 900 450 0 375 0 300 0 0 900 0 450 300 0 900 279 0 545 362 0 0 358 833 550 0 850 100 888 66 671 451 0 675 600 0 0 0 100 0 0 0 0 0 366 66 550 0 750 400 0 0 357 675 1000 447 600 0 629 0 444 400 0 0 337 850 0 600 100 0 0 255 300 570 300 0 533 0 100 700 0 0 300 66 0 900 800 700 0 0 0 0
#AFCB 2018-01-31
524 0 -488 0 0 0 0 0 500 350 800 -350 0 283 0 -15 625 0 50 500 1000 1000 0 500 100 0 0 0 -49 700 -62 250 -300 0 0 0 418 -55 0 -500 0 800 0 0 -333 0 683 400 250 875 279 1000 500 450 781 184 100 341 0 -56 -199 333 0 100 0 0 0 0 0 0 800 0 0 0 0 0 0 150 -875 -1000 512 288 0 312 0 0 0 625 100 250 0 -87 0 350 0 450 800 700 0 0
625 0 550 0 0 100 0 0 650 475 750 500 0 516 0 372 900 0 500 500 750 300 0 212 100 0 66 0 600 600 350 300 400 0 66 500 563 388 0 1000 0 400 66 0 666 0 683 375 850 600 347 300 500 700 500 500 150 630 100 475 733 416 0 100 0 0 0 0 0 0 750 0 0 0 0 0 0 500 1000 1000 775 510 0 200 0 0 0 900 1000 575 600 300 0 362 0 700 400 600 0 0
#EFC 2018-01-31
0 625 0 0 0 0 160 0 0 0 500 0 0 0 0 0 0 0 0 281 0 0 200 394 199 100 400 0 0 74 400 0 114 350 250 0 500 0 250 0 0 0 0 0 -100 0 0 0 1000 1000 -150 -224 0 -350 0 200 -13 0 100 0 600 -49 400 -200 0 100 0 375 0 0 100 100 100 500 199 0 333 700 112 400 0 600 0 100 0 500 100 -197 400 0 0 0 0 399 399 0 0 100 400 166
0 888 0 0 0 0 451 100 0 0 500 0 0 0 0 0 0 0 0 600 0 0 400 475 433 400 375 100 0 575 800 0 262 450 500 0 516 0 312 0 0 0 130 0 525 0 0 0 300 300 400 266 0 150 0 200 355 0 400 600 399 750 800 400 0 400 0 437 0 0 400 400 400 1000 300 0 99 600 262 600 0 900 0 400 0 1000 300 610 875 0 250 250 0 500 700 0 0 400 400 333
#LCFC 2018-01-31
500 -200 442 0 208 649 250 0 1000 0 425 333 0 0 -103 0 0 600 0 -133 525 450 575 0 0 0 125 125 0 0 10 100 -133 0 125 16 0 100 0 0 -200 100 0 0 -200 0 0 700 0 0 50 -200 0 327 0 0 0 224 150 350 0 0 0 0 0 0 160 -200 66 0 200 600 0 0 -115 0 200 136 187 -35 0 -200 0 0 74 500 74 145 333 83 -25 600 0 400 350 250 0 800 0 600
750 400 491 0 666 800 800 0 400 0 525 562 0 0 445 0 0 399 0 133 575 550 700 0 0 0 183 183 0 0 664 300 633 0 183 466 0 575 0 0 100 600 0 1000 400 0 0 600 0 0 500 400 0 500 0 1000 0 550 366 800 0 0 0 0 500 0 320 400 133 0 200 1000 0 66 325 0 500 454 562 107 0 400 0 0 475 750 475 533 833 833 200 1000 0 650 550 1000 0 1000 0 399
#NUFC 2018-01-31
285 -95 -1000 0 233 -23 0 0 0 300 0 0 0 33 0 -100 0 0 -125 -132 800 0 0 -100 -699 0 158 -750 200 466 267 0 257 68 75 133 0 185 250 0 0 0 312 0 195 125 0 -450 110 0 -100 0 0 66 -125 -166 0 -400 285 500 -125 41 -150 76 175 0 0 0 0 0 0 0 247 -218 0 91 0 -291 0 0 725 68 400 -600 0 0 -800 -12 0 170 -625 162 -125 100 0 25 -250 0 0 -100
535 470 800 0 366 518 0 0 1000 700 522 0 0 466 0 200 0 0 375 157 1000 0 0 50 666 0 324 1000 300 533 500 1000 427 227 772 674 0 629 466 0 0 0 200 0 345 400 0 550 656 0 62 0 0 600 625 166 0 600 535 183 400 241 591 499 600 0 0 0 0 0 0 0 342 300 0 591 0 541 0 0 700 277 500 900 0 0 900 550 500 454 500 350 550 700 0 391 550 0 0 400
#Clarets 2018-01-31
0 0 0 375 0 400 0 0 0 0 0 200 0 0 0 0 0 0 -250 170 0 136 0 0 -400 0 691 0 -200 216 0 412 -200 800 250 0 -100 0 33 170 600 318 -1000 -1000 625 250 136 0 500 0 500 0 0 500 0 0 0 -104 -320 0 0 -1000 -1000 -1000 200 0 0 0 0 0 -200 391 625 433 0 0 0 50 0 0 0 0 500 -4 500 136 -400 0 -100 -55 1000 600 0 -200 625 750 0 166 0 200
0 0 0 750 0 900 0 0 0 0 0 300 0 0 0 0 0 0 577 500 0 500 0 0 400 0 600 0 200 494 0 550 800 1000 250 0 262 0 66 500 1000 500 1000 1000 900 250 500 0 500 1000 500 0 0 500 0 0 0 291 500 0 0 1000 1000 1000 450 0 0 0 0 0 325 554 900 799 125 0 0 50 0 0 0 0 500 395 500 454 400 0 175 88 300 900 0 300 900 750 100 500 0 425
#SaintsFC 2018-01-31
143 -33 392 500 0 166 0 0 -8 348 800 0 68 375 0 0 270 0 -50 0 0 0 50 250 1000 0 -200 0 500 -200 800 200 52 0 458 0 136 583 0 0 0 272 -78 0 650 125 200 0 500 250 0 -200 0 0 0 250 500 -166 0 86 -200 0 -50 0 0 0 281 0 0 -155 953 350 400 99 0 0 525 76 -175 261 -241 137 0 -250 400 0 900 187 -70 800 0 0 -27 0 0 0 0 50 0 145
743 558 448 600 0 300 0 0 325 262 750 0 750 800 0 0 783 0 400 0 357 0 425 350 900 66 400 0 1000 400 900 262 466 0 583 0 454 725 1000 500 0 563 665 0 625 249 200 0 888 800 0 400 0 0 0 1000 1000 166 0 469 200 0 400 0 500 0 655 0 0 441 900 650 400 433 0 0 512 403 175 585 491 483 0 500 1000 0 1000 437 389 900 0 755 571 0 83 0 0 500 0 600
#BHAFC 2018-01-31
-333 700 188 279 442 0 0 496 0 136 0 700 0 0 700 400 400 300 -200 0 579 400 0 0 400 0 0 800 1000 416 -200 0 -22 0 0 437 49 755 29 400 470 50 0 -80 77 500 0 500 0 0 0 166 47 -50 -90 750 -400 0 0 -133 800 250 433 0 -300 300 -375 0 187 150 0 0 200 -55 0 -25 400 333 173 0 74 0 100 0 111 -799 0 800 800 750 293 -700 350 0 -200 133 87 700 0 533
500 600 605 730 491 1000 0 498 66 454 0 600 0 0 666 200 200 900 400 0 440 200 0 0 900 0 0 1000 300 500 400 83 522 0 0 333 449 900 443 800 630 500 333 404 547 500 0 694 0 0 0 541 497 133 213 725 400 0 0 333 1000 333 666 0 400 400 437 0 562 250 0 0 218 55 0 625 900 558 393 0 475 0 900 0 488 1000 0 400 750 1000 375 900 350 500 400 616 137 600 0 633
#HTAFC 2018-01-30
0 0 80 0 316 -400 0 0 0 0 -200 0 -200 0 250 0 -166 -166 0 0 -62 0 150 0 568 200 300 0 -1000 -1000 -141 -200 -133 -1000 0 200 0 0 300 600 316 45 250 -200 -200 264 500 -500 0 250 0 100 -100 50 -250 200 83 0 0 233 166 466 0 0 0 -400 -166 0 0 -260 -291 0 600 0 62 0 0 0 0 100 0 -200 -200 -500 32 0 65 200 0 1000 -400 100 0 0 -250 0 500 0 0 87
1000 0 540 0 666 400 0 0 0 333 400 0 100 0 250 0 166 166 0 0 225 1000 650 0 550 575 500 0 1000 1000 450 400 266 1000 0 450 0 0 520 900 666 166 250 575 200 621 600 900 0 300 0 400 250 466 250 575 383 0 195 366 300 842 0 0 0 400 166 0 0 166 541 0 900 0 812 0 1000 0 0 400 0 400 400 562 487 0 774 250 0 300 900 100 0 0 483 1000 550 0 66 633
#LFC 2018-01-30
0 -300 500 0 83 312 -108 -75 229 0 -152 -60 -1000 800 250 -506 83 0 61 250 0 -138 -125 -75 68 68 68 68 712 -118 -208 0 112 -1000 500 0 -800 0 50 -106 250 433 200 227 0 125 325 350 0 -56 400 0 200 250 0 0 125 0 195 483 -166 -53 170 -200 -302 218 500 0 0 0 287 0 0 142 0 -750 -100 500 312 285 -111 -216 -375 0 -66 900 0 0 0 0 0 500 49 500 0 0 412 0 0 200
0 400 500 0 366 800 594 550 406 0 250 320 1000 750 200 708 416 0 566 750 100 666 833 600 727 727 727 727 351 742 383 0 512 1000 500 0 950 0 350 400 350 508 200 545 0 100 291 800 0 593 800 0 900 300 0 0 750 125 575 433 500 326 454 400 382 325 150 0 0 0 650 0 0 567 0 1000 900 500 900 535 278 533 708 0 75 525 66 0 0 0 0 666 525 600 0 0 550 533 0 200
#Swans 2018-01-30
350 500 0 227 -50 0 650 -74 224 0 500 -62 0 0 -50 0 900 0 0 -216 -250 1000 0 -600 0 0 0 350 425 350 1000 0 600 375 900 475 -75 500 -200 0 175 -172 200 0 0 185 -250 250 0 0 -125 800 0 0 233 -400 850 0 222 900 -714 204 0 400 433 -400 -600 0 0 -2 0 0 -600 -500 285 0 450 -400 0 0 -400 25 0 0 0 -100 0 0 575 350 0 0 0 0 210 0 400 0 -566 0
550 600 0 545 300 0 450 375 575 0 500 237 0 0 300 0 600 0 0 333 262 300 0 700 0 433 0 475 533 475 300 0 1000 1000 600 493 700 500 200 0 415 275 450 0 0 614 500 750 0 0 625 400 0 0 255 400 1000 0 805 600 857 466 0 600 833 600 700 0 0 235 0 0 700 500 535 0 750 400 0 0 400 175 0 0 0 550 0 0 475 550 0 0 0 0 327 0 450 0 866 0
#AFC 2018-01-30
-400 0 0 0 0 0 0 0 0 0 375 0 0 500 -312 222 0 72 0 0 -16 800 299 -495 0 370 268 101 0 0 -100 0 0 500 0 -250 538 161 15 0 0 0 900 0 -38 0 0 0 0 -25 285 0 112 0 0 0 0 800 0 0 300 400 0 20 0 700 -437 200 0 0 0 0 214 0 0 1000 275 400 0 0 -300 0 0 0 0 250 0 0 -87 0 800 100 200 -62 0 0 520 240 -750 0
600 0 0 0 0 0 0 0 0 0 200 0 1000 900 687 377 1000 662 0 0 483 750 481 604 0 433 577 505 0 0 100 0 0 650 0 500 556 245 375 0 0 1000 575 0 397 0 0 0 0 200 535 0 408 1000 1000 100 0 400 1000 0 200 1000 0 240 0 600 833 300 0 0 0 0 642 0 0 400 525 525 1000 0 500 0 0 0 0 333 1000 0 300 0 900 700 300 450 0 1000 583 460 900 0
#WHUFC 2018-01-30
0 0 0 50 0 100 500 0 0 125 0 0 0 0 650 -500 0 250 250 250 0 0 248 200 216 33 33 33 33 158 500 -2 0 0 264 0 0 -236 350 -150 795 0 0 0 -250 -100 0 -200 0 0 0 -800 -300 400 0 0 0 0 312 180 550 145 -216 100 -166 -166 -700 0 0 0 166 -500 0 0 0 0 -78 1000 0 0 266 246 -178 0 0 0 0 0 0 0 0 0 -335 0 0 0 0 -200 250 0
0 0 0 200 0 400 500 0 0 375 0 0 0 0 450 700 0 750 750 750 0 500 575 200 666 300 300 300 300 461 500 444 0 0 551 0 0 546 550 700 825 0 0 0 250 600 0 250 0 0 0 900 400 900 0 0 0 0 200 575 231 600 636 100 166 166 950 0 0 0 300 600 0 0 0 0 575 300 0 0 549 408 549 0 0 0 500 0 0 0 0 0 607 0 0 0 0 250 750 0
#CPFC 2018-01-30
0 0 45 0 -500 -500 250 -500 -500 -500 0 -93 0 -250 383 -99 136 221 0 0 -231 333 800 0 0 0 0 0 0 -175 0 0 0 0 0 500 225 189 0 -200 0 0 0 200 0 -22 0 0 0 400 400 400 400 -166 -166 0 0 0 0 387 110 0 0 600 -300 208 750 -125 0 225 257 0 700 0 -400 0 500 -200 -120 -100 0 -1000 -1000 -200 100 -212 800 -1000 -137 200 200 400 400 400 400 0 225 300 0 0
0 0 184 0 400 300 200 300 300 300 0 370 0 655 616 333 454 636 0 1000 727 583 1000 0 0 0 0 0 0 566 0 0 0 250 0 600 446 608 0 250 0 0 0 500 0 255 0 0 0 800 800 800 800 166 166 0 0 0 0 412 633 0 0 720 250 416 825 125 0 739 438 0 600 0 400 0 888 250 279 83 0 1000 1000 350 400 600 1000 1000 475 300 450 800 800 800 800 0 600 450 0 400
#Swans 2018-01-22
150 0 200 -75 500 -199 0 0 0 0 512 0 0 0 0 266 0 350 0 300 83 312 375 400 541 0 500 875 0 0 250 0 0 0 250 0 -285 168 -390 -450 417 50 -400 166 0 0 -400 0 170 0 331 -34 600 149 166 285 -200 -400 -51 0 0 0 0 0 0 0 -525 -525 1000 800 250 -50 1000 0 -600 0 0 0 675 60 -250 166 75 449 700 0 85 49 60 0 0 0 0 0 0 -312 0 0 525 0
550 0 200 408 500 750 0 0 0 0 618 0 0 0 0 166 0 350 0 650 216 350 750 625 833 0 1000 600 0 0 450 0 0 0 500 0 351 377 687 691 588 558 700 616 0 0 400 0 500 0 750 708 825 600 333 535 350 700 96 0 0 0 0 0 0 0 566 566 1000 900 450 200 1000 0 900 0 1000 0 750 553 250 155 365 500 700 0 227 550 553 0 0 0 0 0 0 687 0 200 666 0
#LFC 2018-01-22
0 -200 625 -45 77 800 -16 -1000 -95 -400 149 164 0 0 0 -83 0 0 -100 158 -33 40 500 750 -250 0 800 0 0 127 0 0 0 1000 337 -139 -79 68 156 0 -6 136 0 0 100 -181 0 225 500 0 49 333 350 -125 700 -125 233 0 366 0 325 88 169 666 0 0 118 100 541 -500 1000 375 128 350 -200 1000 -1000 900 300 0 800 312 0 0 0 0 0 0 -350 156 100 -208 -1000 500 700 220 0 325 166 300
0 550 900 890 482 750 492 1000 357 400 500 425 0 0 0 616 0 0 500 608 326 290 600 800 800 0 750 0 112 326 0 0 125 300 387 540 290 727 468 0 723 454 0 0 400 477 0 625 500 0 600 500 550 375 600 375 416 0 888 0 550 485 683 700 0 0 574 400 383 500 300 600 714 650 433 1000 900 1000 600 0 400 350 0 0 0 0 0 0 733 200 950 358 1000 550 600 310 100 666 333 580
#SaintsFC 2018-01-21
258 1000 0 250 0 -400 12 500 0 0 -87 -95 0 0 199 -155 0 0 0 0 357 -97 78 136 0 378 0 468 100 133 0 1000 0 0 0 0 0 0 317 266 250 100 350 0 -200 0 227 0 416 0 0 300 200 0 -433 0 0 250 250 0 170 0 -125 0 125 33 713 500 0 0 -125 -125 -125 0 0 28 -400 -600 0 0 0 700 0 175 -175 -200 300 -50 122 100 158 0 0 64 0 -256 333 0 30 -700
583 300 0 800 33 600 475 600 0 750 787 494 0 0 700 288 0 125 0 0 571 244 242 454 0 651 0 427 100 199 0 1000 0 0 0 0 0 0 623 516 250 400 825 66 700 0 545 0 500 0 0 725 700 0 516 0 0 333 375 0 454 0 694 0 175 400 675 500 0 0 375 375 375 0 0 748 600 800 1000 0 0 900 0 650 175 700 833 288 338 900 558 0 0 508 0 469 796 0 537 1000
#COYS 2018-01-21
500 50 800 0 0 0 509 0 433 0 0 0 0 166 0 362 -62 0 0 256 -500 0 100 650 -187 200 0 0 500 0 0 0 0 350 -100 250 0 250 0 392 0 -200 0 0 -187 0 0 -100 0 0 0 0 800 0 400 0 850 0 0 0 0 166 0 0 0 800 0 0 0 0 500 0 1000 -400 0 0 600 -24 0 0 0 0 0 0 850 0 0 0 87 800 136 -20 465 475 900 -200 875 -35 0 0
500 341 1000 0 0 0 781 0 833 0 0 0 0 833 0 700 687 0 0 451 400 0 300 599 500 650 0 0 500 1000 0 0 333 550 466 850 0 850 0 503 0 400 0 250 500 0 0 100 0 1000 0 0 750 0 1000 0 1000 0 0 0 0 333 1000 1000 0 950 0 0 0 0 500 500 300 1000 0 0 950 375 0 0 100 0 0 0 1000 0 500 125 255 1000 454 466 679 674 875 200 600 571 0 0
#MCFC 2018-01-20
0 0 250 350 0 390 600 -205 500 55 0 99 625 0 116 425 114 114 114 114 114 114 114 114 -116 0 33 33 33 33 0 -462 0 0 0 0 0 0 250 280 0 357 0 0 953 0 377 325 0 0 750 425 350 0 300 68 0 0 0 0 350 0 234 955 0 -272 250 0 300 0 1000 0 0 0 0 250 200 0 0 900 500 200 0 350 -200 -337 800 0 0 0 0 0 0 25 12 0 0 -249 95 0
0 0 500 300 0 200 550 395 500 172 0 399 500 0 577 750 385 385 385 385 385 385 385 385 616 0 300 300 300 300 0 587 0 0 1000 0 600 125 900 469 0 614 0 0 333 0 551 360 0 0 675 750 550 0 500 300 0 0 0 0 650 0 727 540 0 388 750 0 750 0 1000 0 1000 0 1000 300 300 250 0 650 500 500 0 550 50 433 750 0 0 0 0 0 0 445 525 0 0 550 511 0
#NUFC 2018-01-20
285 0 0 0 -1000 0 49 0 162 -62 49 255 0 -750 0 0 -156 50 400 -250 -166 300 0 97 70 -250 124 309 -400 0 262 0 554 -383 -122 0 -100 500 400 0 0 0 39 0 -79 366 0 0 0 294 300 -580 0 -750 0 290 -125 0 -500 43 0 0 125 0 -113 87 -60 0 -300 -100 49 0 500 -800 0 0 200 293 -100 0 0 0 200 700 0 0 0 0 0 83 133 -66 216 0 -249 248 0 24 -16 -400
535 0 400 0 1000 0 550 737 350 687 550 380 0 900 0 0 693 1000 800 250 500 175 0 200 612 500 524 530 700 0 450 0 540 583 388 0 1000 900 500 500 0 250 642 0 269 433 0 400 0 660 700 800 0 900 100 767 375 0 875 243 0 0 472 0 307 235 480 0 400 350 750 0 500 1000 200 0 200 495 100 0 0 0 200 600 516 678 0 300 0 750 766 433 416 62 349 451 0 584 650 400
#AFC 2018-01-20
-100 583 -125 -338 350 -100 0 625 0 0 250 625 490 588 0 100 -131 333 500 200 -54 800 200 400 49 312 -200 0 -400 625 100 100 100 100 0 0 0 50 200 625 -400 0 600 1000 -250 0 -31 200 0 0 0 133 0 100 0 900 200 0 0 0 -625 525 0 390 500 375 0 0 0 0 0 25 0 0 0 -243 -150 0 0 0 -400 625 0 500 180 -229 0 -500 0 120 0 0 283 0 0 -112 343 0 425 0
100 583 375 447 800 100 0 900 1000 0 500 500 616 733 0 600 427 333 516 300 218 400 900 800 450 300 200 575 400 900 900 900 900 900 0 0 0 0 200 900 400 0 250 300 750 0 233 400 0 0 0 465 0 183 0 1000 500 0 0 0 1000 825 0 200 833 600 0 0 0 1000 0 143 0 0 0 473 100 0 0 0 400 900 0 900 717 304 0 400 0 303 0 66 461 0 0 462 702 0 750 0
#CPFC 2018-01-20
400 158 416 0 0 97 99 400 0 172 0 -18 -4 0 350 38 500 -266 300 362 -174 166 -75 -75 -75 500 -400 366 0 0 400 700 183 250 0 233 450 0 300 0 0 100 -600 0 350 0 0 0 0 0 0 0 0 -100 83 0 -125 -156 0 0 0 0 116 0 160 0 500 342 0 0 0 700 0 83 0 0 150 0 250 0 700 0 357 0 0 233 0 -400 -100 -250 0 0 187 0 32 -233 0 0 0 -243
400 671 383 66 0 200 33 400 0 380 0 350 435 0 600 522 500 466 422 412 679 533 466 466 466 625 600 575 0 0 1000 600 316 812 0 344 783 0 500 1000 1000 150 700 0 650 0 0 0 0 0 0 0 0 400 191 0 589 375 0 0 0 0 700 0 370 0 500 467 500 0 0 600 0 416 0 1000 366 0 750 0 600 0 653 0 0 533 500 600 400 750 0 0 224 0 260 766 0 0 0 650
#Clarets 2018-01-20
272 0 0 250 0 0 -249 0 0 0 0 0 -1000 0 100 0 0 500 0 100 0 0 0 0 0 0 0 0 -77 -62 0 0 0 136 -214 318 -155 22 0 175 0 0 0 0 0 160 350 -600 166 0 0 0 -600 -600 0 45 -50 -21 0 0 0 -77 0 0 0 625 0 350 0 0 0 0 0 0 0 625 212 0 160 0 0 0 -155 -155 66 -799 0 145 400 691 0 0 0 521 500 0 136 1000 0 318
444 0 0 333 0 0 550 500 0 0 0 0 1000 0 100 0 500 500 0 366 0 0 0 0 0 0 0 0 144 200 0 0 0 454 500 700 288 244 0 541 0 0 0 0 0 539 350 1000 199 0 1000 0 1000 1000 0 584 549 300 0 650 0 144 0 33 0 900 0 350 0 550 0 1000 0 0 0 900 500 0 539 0 0 0 288 288 288 1000 0 666 400 600 0 0 0 451 833 0 454 400 1000 477
#MUFC 2018-01-20
0 100 0 0 50 -400 0 -50 0 583 625 195 172 0 0 0 0 0 0 100 500 350 0 666 -1000 -625 285 350 0 500 0 300 350 0 0 275 0 -500 0 0 0 0 136 500 0 0 -250 0 156 -900 0 200 0 242 500 0 -400 -100 400 150 -250 83 483 200 800 0 0 0 0 0 312 0 178 0 0 200 0 -500 184 0 0 0 0 0 0 0 0 -62 0 114 0 0 0 -83 0 -291 0 -200 0 0
0 50 0 0 50 600 0 550 0 583 900 338 394 0 0 0 0 0 0 600 1000 600 0 666 900 1000 535 600 0 516 0 900 750 0 0 500 0 1000 0 0 0 0 454 500 0 0 888 0 659 1000 0 200 0 367 600 0 400 100 350 366 750 583 366 400 650 66 0 0 0 0 300 0 335 0 0 500 0 1000 469 0 0 0 125 0 0 66 0 187 0 296 0 594 0 600 0 541 0 0 0 0
#EFC 2018-01-20
0 136 400 0 500 0 0 500 0 0 0 500 0 0 500 0 800 -240 0 0 0 0 0 541 83 33 33 33 33 0 0 0 516 100 0 500 -43 107 800 -75 520 0 170 0 0 0 -156 0 136 0 0 0 0 700 216 66 75 1000 0 136 0 0 0 0 0 0 0 0 0 275 100 402 0 -10 0 0 0 0 0 0 250 -200 125 308 0 -249 0 0 -145 375 100 -312 0 -11 300 0 0 800 0 -800
0 454 800 0 900 0 0 900 0 0 0 900 0 0 900 0 900 288 0 0 0 0 50 733 191 300 300 300 300 0 0 0 900 383 0 500 578 821 750 366 1000 0 454 0 0 0 375 0 454 0 0 0 0 600 506 400 300 300 0 454 0 0 0 0 0 0 0 0 500 750 250 595 0 416 0 0 0 0 0 0 562 700 1000 491 0 550 0 0 268 700 250 550 100 440 400 66 1000 900 0 900
#WBA 2018-01-20
0 0 -300 0 0 0 -62 0 0 0 300 0 0 500 0 99 200 83 0 -16 1000 0 800 0 -155 0 250 800 0 0 0 0 0 288 250 0 77 350 0 0 0 0 333 0 114 0 0 -75 0 500 0 0 125 0 227 400 400 0 0 -600 300 349 -100 0 0 0 0 0 0 200 0 0 300 0 -249 0 400 208 0 600 -500 0 0 0 500 825 0 0 -168 0 0 -66 700 0 200 200 781 0 250 312
0 0 200 0 0 0 272 0 0 0 500 0 0 600 0 450 200 191 0 477 1000 0 750 0 288 0 200 750 0 0 0 641 0 601 400 0 188 550 300 0 0 0 666 0 467 0 0 400 0 500 0 0 744 0 545 350 425 0 0 900 666 534 400 0 0 0 0 533 0 650 0 0 700 1000 550 0 425 433 100 750 1000 0 66 1000 500 825 0 0 450 0 0 88 200 875 412 100 600 0 191 600
#LCFC 2018-01-20
500 0 0 0 0 0 0 554 250 -375 375 700 0 250 114 114 114 114 114 114 114 114 0 0 0 0 166 0 0 193 300 449 50 37 449 0 449 449 0 449 125 360 -400 -200 0 0 350 350 100 0 0 0 0 0 0 49 -500 1000 0 500 0 0 250 -1000 0 -249 500 0 250 62 250 -200 0 800 0 25 0 141 0 -66 0 126 162 0 712 -400 0 275 1000 357 -166 -100 0 225 -500 0 500 0 274 362
500 0 0 0 0 0 0 540 350 375 500 600 0 750 385 385 385 385 385 385 385 385 0 0 0 0 166 0 0 727 775 500 200 437 500 0 500 500 0 500 400 360 450 238 0 0 350 650 100 0 0 0 0 0 0 450 1000 1000 0 1000 0 100 750 1000 0 550 400 0 400 283 500 800 0 700 0 400 0 294 0 88 125 435 439 0 450 400 358 325 1000 500 166 400 0 650 1000 0 900 0 495 712
#WatfordFC 2018-01-20
0 0 250 0 -100 0 0 0 166 193 160 0 -50 166 0 0 -35 0 0 0 160 0 500 0 264 0 0 -70 100 0 351 364 0 160 0 500 0 45 0 0 55 -16 0 285 0 0 250 -249 100 250 0 300 0 0 75 0 351 475 -16 160 0 500 0 160 0 0 500 0 0 0 283 275 7 160 500 -77 0 187 -101 -100 -100 351 0 364 0 -30 55 0 500 -16 470 224 500 0 300 0 0 460 0 0
0 0 750 0 400 0 0 0 166 727 539 0 900 283 0 0 107 0 0 0 539 0 500 0 477 0 0 345 383 0 332 335 0 539 0 500 0 151 0 125 313 318 0 535 0 0 750 550 400 200 0 200 66 0 75 0 332 450 318 539 0 500 1000 539 0 0 500 1000 0 0 501 750 260 539 500 144 0 337 474 600 600 332 0 335 0 340 313 0 600 318 460 345 900 0 0 0 0 633 125 125
#SCFC 2018-01-20
0 200 1000 0 68 0 0 400 59 59 -333 0 800 1000 0 250 22 -600 -155 100 500 125 125 125 255 0 0 0 0 0 -50 433 0 -500 0 0 0 0 0 0 400 242 -75 0 0 0 136 381 -125 0 0 -400 266 500 0 800 0 0 0 0 0 0 55 0 0 0 625 0 0 150 0 -62 312 558 0 0 0 400 0 197 350 7 125 0 -100 33 -249 100 0 0 0 0 0 1000 136 700 62 0 136 136
0 100 300 0 227 0 100 700 388 388 666 1000 1000 300 0 500 194 1000 288 200 500 250 250 250 558 0 0 0 0 0 716 566 0 600 0 0 0 0 0 0 800 472 258 66 0 0 454 596 450 0 0 600 325 600 250 400 0 0 0 0 0 0 491 0 0 594 500 0 0 520 0 687 500 450 0 0 0 675 0 675 362 563 1000 0 173 133 550 200 750 66 0 0 0 900 454 900 418 0 454 454
#HTAFC 2018-01-20
500 500 100 375 0 300 300 200 0 136 0 0 250 -400 -12 62 0 -100 0 0 0 500 500 600 0 0 0 411 500 174 0 -200 -200 800 427 0 500 -104 -249 0 -250 100 0 222 500 170 0 250 0 -41 195 0 0 -600 0 0 134 -166 0 -500 0 0 -250 0 0 -100 -100 -139 200 500 0 120 500 0 357 -166 0 -274 -49 0 -166 0 300 300 357 199 500 500 -200 -200 136 250 175 0 583 250 200 -155 -155 705
1000 500 300 525 0 750 750 516 0 520 0 0 450 400 412 795 0 449 0 0 0 900 900 900 0 0 0 744 600 333 0 700 700 750 500 0 900 541 550 750 400 250 0 344 500 454 0 750 0 147 382 0 0 400 0 0 463 233 0 299 0 0 600 0 0 400 400 342 200 900 0 360 625 0 571 166 0 600 700 0 166 0 750 750 571 266 900 900 700 700 454 250 275 0 733 500 300 288 288 652
#WHUFC 2018-01-20
0 0 65 0 0 -699 0 0 0 53 0 225 0 0 83 100 33 33 33 33 160 50 0 0 180 125 550 450 0 -375 136 -77 166 650 0 0 0 0 650 214 0 0 -75 0 0 0 0 0 -166 0 0 50 0 -540 0 1000 0 0 0 0 600 0 0 0 0 0 0 0 100 500 33 0 0 0 -249 0 0 0 375 0 166 0 0 136 0 0 0 350 -166 0 0 -99 0 0 0 -6 0 175 0 0
0 0 454 0 0 666 0 0 0 266 100 200 0 0 191 300 300 300 300 300 539 83 0 0 575 250 800 1000 0 375 520 144 322 700 0 0 0 0 750 523 353 0 258 0 100 0 0 0 433 0 0 1000 0 740 0 1000 0 0 0 0 900 0 1000 0 0 0 0 0 1000 900 133 0 0 0 550 0 1000 66 550 0 400 0 0 454 0 0 0 650 166 100 1000 555 0 0 66 500 0 637 0 0
#AFCB 2018-01-20
0 285 350 0 0 -400 16 16 0 166 24 -150 -200 125 0 -400 0 -200 0 166 0 -16 0 0 300 -295 0 0 0 -750 0 -200 0 -249 -750 0 200 0 0 -200 0 0 0 500 0 0 -21 0 0 -31 114 0 250 230 0 0 -200 0 0 625 0 0 200 250 0 0 0 1000 0 0 700 0 0 0 -650 225 340 200 250 0 -166 0 191 250 228 -356 0 216 50 -200 0 0 249 166 0 -266 0 0 0 250
0 675 350 1000 0 400 283 283 0 666 366 399 450 316 0 400 0 700 0 322 0 350 0 0 600 470 0 0 0 750 0 450 0 550 750 0 733 0 0 325 0 0 0 525 0 0 412 0 0 477 498 0 750 830 0 0 450 0 0 900 0 0 900 300 0 0 0 750 0 0 600 0 500 0 1000 550 519 200 200 0 433 0 425 283 359 543 0 394 220 450 0 0 350 600 66 388 0 0 0 300
#BHAFC 2018-01-20
-99 133 350 800 0 -33 -200 250 266 0 300 -33 0 -33 700 400 0 0 0 -500 -400 0 178 0 0 -78 -156 0 66 250 0 125 122 250 0 142 75 0 48 1000 0 0 120 0 -250 0 250 425 -50 700 0 -83 0 0 0 0 -195 0 0 0 -100 0 0 33 0 0 -50 96 0 437 800 0 -100 0 0 0 0 0 50 0 0 0 0 500 0 0 -500 0 0 0 0 0 0 0 -83 0 0 0 0 0
451 433 650 900 0 133 400 812 300 50 776 133 0 133 600 400 0 0 0 1000 600 0 467 0 0 291 393 0 333 500 100 475 650 333 133 267 250 0 371 1000 0 100 539 0 569 0 266 525 275 600 0 166 0 0 0 0 393 100 0 0 200 0 0 133 400 0 400 296 0 625 900 1000 200 0 0 0 0 0 666 0 0 0 0 500 0 1000 1000 0 0 0 0 0 0 0 83 0 100 0 0 0
#CFC 2018-01-20
0 0 300 50 0 300 0 0 200 0 0 187 0 0 0 350 0 0 1000 350 199 500 0 195 0 500 -49 -200 321 0 0 0 0 0 0 100 -166 400 0 500 -150 0 0 0 100 0 0 300 0 0 -250 206 400 125 0 0 0 -125 400 -274 -200 -33 0 375 266 400 0 -50 250 200 -312 300 0 -577 500 0 -166 0 0 250 0 375 200 -75 500 800 0 500 0 0 142 195 0 100 0 0 250 349 0 -425
0 0 200 50 0 200 0 0 100 0 0 312 0 0 0 600 0 66 300 650 500 700 0 625 0 500 637 650 446 1000 0 0 0 0 0 400 166 400 125 500 675 0 600 0 400 0 0 450 0 0 500 650 350 166 0 0 0 1000 350 1000 650 766 0 750 733 400 0 283 500 500 687 550 0 644 466 0 633 500 0 500 0 545 500 313 888 1000 0 500 0 0 267 504 0 400 0 0 500 666 0 700
#MUFC 2018-01-15
0 0 0 350 550 0 0 400 400 125 625 200 0 0 62 0 0 0 179 -75 -200 -195 66 200 68 68 68 68 0 0 1000 0 31 -150 0 285 1000 187 500 0 0 1000 0 0 158 0 -347 0 855 0 0 0 1000 0 0 0 0 -166 0 69 0 0 0 0 500 0 0 0 0 0 366 0 315 242 700 0 -100 781 0 0 475 49 0 0 0 0 0 250 0 100 750 0 0 0 0 0 0 0 0 -50
0 0 0 550 250 0 0 600 900 375 900 500 0 66 500 0 0 0 445 100 600 375 33 300 727 727 727 727 0 0 300 500 300 261 0 441 300 375 500 0 0 300 0 0 500 0 581 0 890 0 0 0 900 0 0 0 0 433 0 400 0 0 0 0 1000 1000 0 0 0 0 475 0 665 367 566 0 100 500 0 0 750 416 0 0 0 0 0 250 0 1000 650 0 0 0 0 0 0 0 0 750
#SCFC 2018-01-15
-50 -400 311 0 100 600 150 -250 0 0 0 0 -206 0 0 0 150 0 0 112 0 0 -141 0 0 312 -16 0 500 516 175 83 -200 400 250 0 450 0 0 0 16 450 450 450 0 0 0 0 0 0 0 0 0 0 -49 0 0 0 0 200 250 600 0 0 0 0 234 -242 0 500 0 0 -155 66 0 0 0 181 0 -166 0 224 62 125 625 500 400 116 0 416 250 173 173 0 0 0 200 -62 -125 -187
500 400 722 0 483 1000 100 800 0 0 0 0 443 0 0 0 250 0 0 590 0 0 500 0 0 900 483 0 500 383 449 602 350 600 250 0 450 0 0 0 450 450 450 450 0 0 0 0 0 0 0 0 0 0 341 0 0 266 0 539 450 750 0 0 0 0 477 578 0 1000 0 0 288 666 0 0 0 318 0 166 0 475 600 457 500 533 650 461 0 625 300 330 330 0 0 0 200 350 375 200
#LFC 2018-01-14
1000 77 800 0 100 233 468 0 412 0 0 325 500 -225 625 201 0 0 200 0 125 0 0 178 0 357 0 366 400 0 0 700 0 0 0 0 0 578 0 0 0 0 -124 -600 -49 -114 83 0 750 625 312 202 500 0 0 0 0 -100 400 0 0 128 366 58 93 0 0 366 0 100 0 0 0 0 62 -400 0 725 -16 0 0 -400 0 316 -388 0 0 700 0 0 700 -45 0 -75 0 100 125 0 400 0
700 788 1000 0 900 700 450 0 550 0 0 722 550 500 888 448 0 0 200 1000 50 366 0 610 0 571 0 466 500 0 0 600 0 0 0 0 0 650 0 0 0 0 700 900 700 429 83 0 1000 500 475 435 500 66 600 0 0 400 400 0 0 818 461 611 187 0 0 566 0 83 0 0 0 0 500 400 0 742 66 66 0 400 0 444 833 0 0 600 0 0 600 321 0 366 0 500 625 0 200 0
#MCFC 2018-01-14
77 642 750 0 0 0 214 0 0 0 -400 -200 0 466 -125 0 0 0 0 0 0 0 0 245 0 0 0 -104 0 0 500 0 0 0 0 0 500 0 0 214 700 0 25 0 136 250 -192 133 0 0 100 500 0 625 50 500 0 193 33 33 33 33 350 100 0 366 1000 585 0 0 0 0 0 250 0 0 875 200 -11 -8 136 300 200 0 250 0 0 0 233 500 -600 0 799 -50 -50 0 250 0 0 187
788 417 500 0 0 0 229 0 0 0 400 400 0 533 700 0 125 0 0 0 0 0 0 318 0 0 0 402 0 100 888 125 0 0 0 0 500 0 0 642 600 0 325 0 454 250 757 373 0 0 200 500 0 900 537 500 600 602 300 300 300 300 300 200 0 583 1000 100 0 100 0 0 0 400 0 0 600 200 561 643 454 441 200 0 500 0 0 0 300 900 1000 0 683 450 450 0 875 0 0 500
#AFCB 2018-01-14
0 0 800 200 225 0 0 -33 0 500 0 0 175 0 390 800 0 500 0 0 -155 0 -84 400 -26 0 500 250 0 -1000 0 0 0 300 0 435 -8 650 435 0 435 0 0 300 66 0 0 -77 212 166 0 625 136 62 435 33 0 94 40 0 0 0 0 0 0 19 0 0 0 0 0 0 0 -714 0 0 0 0 0 0 100 0 -229 350 0 224 375 568 -62 -62 350 0 -483 -41 0 0 0 1000 0 0
0 0 750 200 416 0 0 573 0 500 0 0 275 0 366 750 0 850 0 0 288 0 800 437 176 0 500 550 0 1000 0 0 0 200 0 577 633 819 577 0 577 0 0 200 666 0 0 498 551 483 0 900 454 1000 577 66 0 627 540 0 0 0 0 0 0 619 0 0 0 0 0 0 0 857 100 0 0 0 0 0 300 0 513 800 0 550 750 400 387 387 635 0 533 322 83 0 0 1000 0 0
#AFC 2018-01-14
150 0 0 0 0 100 0 800 800 800 800 800 800 800 800 800 800 800 0 800 800 800 800 800 800 800 800 0 800 800 800 800 800 800 800 800 800 800 800 800 800 600 800 800 800 800 800 800 800 800 800 800 800 -55 800 800 800 800 800 800 800 800 800 800 800 800 800 800 800 800 800 800 800 800 800 0 800 800 800 800 800 400 221 800 800 800 800 800 800 800 800 800 800 500 800 800 800 800 800 800
510 0 0 0 0 200 0 700 700 700 700 700 700 700 700 700 700 700 0 700 700 700 700 700 700 700 700 0 700 700 700 700 700 700 700 700 700 700 700 700 700 800 700 700 700 700 700 700 700 700 700 700 700 155 700 700 700 700 700 700 700 700 700 700 700 700 700 700 700 700 700 700 700 700 700 0 700 700 700 700 700 1000 484 700 700 700 700 700 700 700 700 700 700 500 700 700 700 700 700 700
#COYS 2018-01-13
521 -216 468 0 37 500 0 0 412 0 0 500 0 0 500 0 0 0 800 -500 0 142 112 0 800 400 187 0 700 -197 431 0 366 500 166 -450 0 0 0 0 1000 0 0 -350 0 0 468 168 700 0 333 100 625 99 0 -150 0 0 0 0 700 0 350 343 0 0 325 500 256 812 -400 612 0 800 0 288 0 0 600 0 0 0 666 50 405 -51 0 0 0 0 50 0 1000 500 425 0 120 -50 500 0
686 300 625 100 522 600 0 0 550 0 0 1000 0 0 500 0 0 0 750 500 0 267 487 0 750 900 437 0 600 591 887 0 596 1000 399 700 0 0 0 0 750 0 33 650 0 0 427 514 900 0 666 600 600 477 0 700 0 0 0 0 587 0 650 825 0 0 583 888 550 495 400 818 0 900 0 688 0 125 1000 0 0 0 700 162 583 429 0 0 0 0 500 0 300 500 587 0 600 400 600 0
#EFC 2018-01-13
350 399 0 0 25 0 500 0 175 250 -24 250 0 0 285 0 0 285 250 0 60 0 500 0 0 285 0 0 285 -500 0 0 200 0 0 -200 0 187 -151 -379 200 500 -200 250 0 0 216 150 -300 0 0 136 -104 533 178 -150 0 0 0 0 -400 0 0 0 37 37 0 0 0 0 -100 0 0 0 0 0 0 250 -175 0 409 0 0 50 0 400 375 400 0 0 0 0 400 0 -400 0 0 0 0 50
350 500 0 0 750 0 449 0 436 500 100 750 0 0 535 0 0 535 750 0 453 0 500 0 0 535 0 0 535 500 0 0 550 0 0 600 600 437 296 704 100 900 100 1000 0 0 600 833 400 0 0 454 395 766 317 700 500 1000 0 0 400 0 0 0 725 725 0 0 0 0 600 0 0 0 0 0 0 450 264 100 613 0 0 350 0 1000 944 200 0 0 0 0 1000 333 450 0 0 1000 0 500
#CFC 2018-01-13
166 0 0 136 136 136 534 0 0 0 300 0 0 0 0 550 199 0 174 0 37 125 0 68 800 0 0 400 0 0 0 0 250 0 0 0 0 -400 0 0 0 0 0 -100 0 750 233 125 433 0 0 -49 0 1000 260 0 0 0 600 100 71 0 0 -175 0 0 0 0 -400 159 0 0 500 139 0 0 136 0 500 237 0 250 0 0 66 50 199 -300 -454 0 400 0 -100 300 0 400 50 0 0 0
674 0 0 454 454 454 288 0 0 0 200 0 0 400 0 650 233 0 414 0 337 625 0 277 750 0 0 700 0 0 600 0 812 0 0 0 0 400 0 0 0 0 0 100 0 900 850 625 733 0 0 900 0 1000 605 0 0 0 1000 100 612 0 0 741 0 0 0 0 400 585 0 0 500 361 0 0 454 0 625 733 0 300 66 0 399 900 233 383 925 0 800 0 100 650 0 600 500 0 0 0
#LCFC 2018-01-13
562 0 0 0 0 204 0 800 450 500 16 440 468 0 0 375 0 0 0 400 400 191 283 400 0 300 0 0 0 0 0 -279 400 -187 0 0 558 0 0 0 0 -111 199 0 166 0 700 -600 0 0 0 0 350 0 0 400 0 500 0 -187 800 0 0 -100 191 300 700 700 600 0 400 1000 0 0 0 -75 -166 800 0 250 0 449 650 0 -43 700 800 500 0 0 500 -400 0 0 0 800 0 68 0 0
700 0 0 0 0 570 0 1000 462 1000 449 520 602 333 0 100 0 0 0 800 562 425 377 562 833 0 0 0 0 0 0 624 800 833 1000 33 750 0 0 0 0 597 766 0 341 1000 800 1000 0 0 0 0 533 0 400 400 1000 200 0 500 400 0 400 200 425 400 600 1000 900 0 800 1000 0 0 0 250 166 1000 125 333 0 500 450 0 290 600 400 212 0 0 1000 400 300 0 0 1000 0 277 0 0
#CPFC 2018-01-13
0 0 450 0 0 0 0 0 0 225 0 500 250 0 0 0 0 0 0 0 0 446 0 268 296 0 0 593 650 -325 600 -200 136 0 -112 100 0 400 266 800 500 0 0 192 0 0 0 375 450 716 150 0 0 -400 -400 0 0 500 78 250 500 0 400 0 300 -600 0 0 0 -50 0 600 68 0 293 -216 0 0 0 487 -255 333 0 166 375 375 116 0 0 400 400 400 400 67 -100 0 -200 0 0 100
0 0 825 0 0 0 0 0 0 662 0 888 1000 0 0 0 0 0 0 0 0 663 0 477 421 0 0 833 750 900 900 800 454 0 633 300 0 500 300 900 750 0 0 405 0 0 0 500 350 566 350 0 0 400 400 0 0 500 484 333 500 0 400 0 400 1000 500 0 0 400 0 800 377 0 397 833 0 0 0 491 777 361 0 733 500 625 266 0 0 800 800 800 800 520 491 0 600 0 0 200
#Clarets 2018-01-13
0 136 0 -101 0 0 100 0 168 0 0 0 100 136 0 0 136 136 160 0 0 625 250 800 0 170 125 0 600 412 318 318 136 -100 500 0 500 600 100 0 200 400 136 350 0 500 250 0 0 0 399 400 0 0 0 250 0 625 375 172 318 0 318 0 118 0 0 0 0 410 102 -300 0 500 350 250 -200 0 -100 0 0 136 0 0 200 116 280 0 449 100 0 445 0 0 800 566 400 445 445 445
0 454 0 340 0 0 300 0 477 0 0 0 300 454 0 0 454 454 539 0 0 900 450 1000 0 500 525 0 800 550 500 700 454 200 500 0 500 1000 400 0 300 625 454 650 0 500 200 0 0 533 566 233 0 0 0 500 0 900 750 386 700 0 500 0 327 0 0 0 0 679 445 600 0 600 550 500 300 0 300 0 0 454 0 0 200 700 456 0 450 400 0 551 0 0 750 662 500 551 551 551
#HTAFC 2018-01-13
-50 0 -100 0 500 500 500 500 -239 0 500 0 525 250 250 -50 220 -45 500 0 -66 -750 0 642 500 500 100 100 0 -400 0 0 500 0 0 0 -312 -50 -100 150 0 400 171 -50 0 450 0 0 0 500 -75 500 250 400 0 -625 -42 260 3 0 48 0 0 0 0 300 468 500 100 250 250 100 0 0 0 312 0 250 0 0 0 0 -100 500 0 0 0 500 0 116 101 0 400 -100 500 500 500 0 0 15
100 0 600 0 762 762 1000 762 596 0 762 0 400 288 288 100 370 666 762 0 533 750 0 765 762 762 1000 1000 0 400 0 300 500 0 0 0 888 400 200 600 0 700 438 100 700 620 0 300 300 900 150 366 650 800 125 900 512 463 373 0 368 500 0 0 0 100 602 762 550 288 288 308 0 0 0 650 0 666 0 0 0 0 228 900 0 0 0 762 0 775 373 50 200 228 900 900 762 0 0 559
#WHUFC 2018-01-13
181 -50 0 0 0 100 -200 -500 0 143 0 0 0 0 0 100 56 0 250 250 0 400 0 -50 0 500 0 0 0 0 0 200 0 0 -400 0 550 166 0 0 0 -400 50 -234 0 0 0 -50 250 0 -187 0 0 0 0 0 0 0 -83 0 136 0 100 0 0 0 0 -83 0 0 0 350 0 200 1000 300 -49 0 -312 50 285 0 0 0 187 0 0 0 166 0 1000 -125 100 0 0 135 0 0 0 0
412 100 0 0 0 100 400 500 0 575 750 0 0 0 0 1000 418 0 250 450 0 600 0 100 0 500 0 0 0 0 0 900 0 0 400 0 950 366 0 0 0 450 500 429 0 0 0 100 500 0 500 0 0 0 500 500 500 0 700 0 454 0 300 0 0 0 0 375 0 0 0 400 0 100 300 650 950 0 687 250 535 0 0 0 308 0 0 0 300 50 300 400 300 0 0 360 500 0 0 0
#NUFC 2018-01-13
82 324 181 500 350 220 0 0 0 0 0 50 700 227 0 -66 0 156 0 0 520 105 -375 0 0 -62 50 0 0 -300 500 0 0 0 0 -100 600 80 0 100 88 0 -500 0 1000 325 0 50 0 0 0 520 -1000 0 208 0 0 150 -275 66 0 100 100 0 0 350 0 0 0 546 200 0 -600 0 0 0 0 20 0 50 688 50 -99 500 83 0 33 433 0 0 200 0 -50 0 0 250 0 0 0 0
635 503 412 1000 300 613 375 1000 0 0 0 275 800 545 0 133 0 687 0 0 517 450 758 300 0 187 150 0 125 450 900 0 500 0 0 450 900 697 0 450 522 0 1000 0 900 375 0 350 125 0 0 517 1000 0 250 0 0 250 550 133 0 150 150 0 0 300 0 0 0 633 200 0 800 0 0 0 0 480 0 150 655 450 155 888 500 0 333 650 0 0 1000 0 800 0 0 1000 0 0 0 0
#Swans 2018-01-13
0 85 0 0 0 200 0 0 0 433 113 500 -212 0 700 0 400 0 250 0 0 800 -20 49 1000 800 254 0 0 199 250 0 -50 0 375 275 0 0 0 100 0 166 0 0 0 -200 300 0 0 0 0 0 0 0 500 0 0 0 0 0 393 250 250 308 334 0 0 0 0 0 0 250 387 0 -200 66 50 0 -100 -100 -139 0 399 625 0 500 136 225 136 0 -100 -50 -400 0 500 500 250 25 -166 0
0 250 0 0 0 400 0 0 0 733 772 900 359 0 900 0 700 0 750 0 0 1000 419 750 300 400 462 1000 0 500 500 0 769 0 247 596 0 0 0 300 0 522 0 0 0 200 950 0 0 0 0 0 0 0 600 0 0 125 0 0 713 500 500 407 580 125 125 125 100 0 1000 333 608 0 700 466 550 0 400 400 342 0 533 600 0 500 500 416 500 0 400 769 400 125 900 900 333 400 166 0
#WatfordFC 2018-01-13
0 0 327 0 0 -50 0 250 0 333 0 353 0 0 400 0 575 0 0 0 0 0 0 100 0 -155 516 -500 -600 0 0 275 0 0 0 0 0 0 250 0 0 200 -700 0 0 -200 0 0 0 0 0 0 166 0 156 400 -400 400 0 0 25 50 0 0 350 200 0 600 350 800 250 0 300 250 0 62 0 0 100 0 250 -170 -700 0 0 0 0 0 -75 0 0 -500 400 0 0 0 0 0 0 500
0 50 559 66 0 400 0 800 0 400 66 398 0 0 1000 0 737 0 0 0 0 1000 0 100 0 288 383 900 700 0 0 500 0 0 0 0 0 0 333 0 0 300 1000 1000 0 378 0 0 0 0 0 0 700 125 416 400 600 600 0 0 534 658 0 0 300 233 0 1000 300 400 333 0 650 333 100 225 0 0 400 0 300 300 1000 0 0 0 0 0 366 0 0 900 800 0 0 0 0 0 0 500
#SaintsFC 2018-01-13
0 0 -400 200 100 160 -192 109 500 175 -289 204 0 250 250 0 0 275 100 0 -400 0 0 0 0 800 283 0 237 0 0 -66 500 0 0 0 0 0 250 0 100 0 0 0 700 700 361 0 -125 0 -50 0 150 516 -250 0 0 0 99 1000 0 136 0 0 0 0 0 -400 0 0 168 0 0 0 0 0 -1000 0 0 -102 -66 -134 175 800 0 0 -600 0 200 0 25 0 500 100 312 136 0 500 -164 0
0 0 600 850 400 293 714 426 700 436 442 380 0 750 750 666 66 612 700 0 400 66 0 0 0 400 512 0 241 0 0 300 812 0 216 0 0 0 500 0 100 0 0 0 600 600 658 0 644 0 400 0 33 383 300 0 0 0 300 750 0 454 0 0 0 0 0 450 0 0 327 0 0 0 0 0 1000 550 0 344 700 456 224 750 0 0 1000 0 200 0 612 0 833 1000 575 454 0 675 633 0
#WBA 2018-01-13
0 0 0 0 0 0 83 83 83 0 0 0 0 175 0 600 400 -393 20 0 0 0 0 0 0 0 0 0 -180 350 375 400 100 0 0 0 -137 0 0 -400 382 -605 0 0 0 -100 0 0 -347 -155 100 0 0 182 136 500 310 0 0 0 333 250 -200 0 100 0 512 0 0 0 400 0 375 0 357 0 266 -199 0 0 600 250 241 483 136 0 0 0 0 525 0 283 133 400 400 333 900 -125 0 200
0 0 562 0 0 0 166 166 166 0 0 0 0 666 0 900 494 650 391 0 0 0 0 0 0 0 0 100 670 450 500 600 300 0 0 0 391 0 0 400 495 799 0 0 0 100 0 0 597 516 300 0 0 303 454 500 516 0 0 0 666 500 450 0 300 0 687 0 0 0 1000 0 500 0 571 1000 166 900 0 0 900 750 362 433 454 700 0 500 0 662 0 283 300 1000 633 666 1000 208 0 900
#BHAFC 2018-01-13
0 366 0 0 0 0 0 550 0 0 0 0 0 366 500 0 0 175 0 0 181 0 41 0 0 0 114 0 0 200 0 0 0 0 0 0 416 0 100 250 332 0 -77 -50 0 0 -77 0 0 0 133 534 472 0 -300 0 0 0 500 300 1000 -291 -395 500 0 200 250 19 246 0 500 500 111 0 0 0 466 -100 0 0 0 0 136 -750 0 -100 800 -100 -166 -150 -150 0 0 66 136 0 136 250 0 0
0 675 0 0 0 0 0 750 0 100 0 0 0 391 900 0 0 266 0 0 437 0 316 0 100 0 466 0 0 200 0 0 0 0 0 0 579 0 112 850 454 1000 498 600 0 0 498 0 0 0 300 507 600 0 200 0 0 0 500 650 300 541 420 600 0 500 444 580 483 0 650 900 469 66 0 0 866 200 0 0 400 0 454 750 0 200 400 481 400 600 600 0 0 466 454 0 454 550 0 0
#COYS 2018-01-04
50 800 116 237 558 625 78 500 758 1000 -200 0 0 -214 1000 -100 59 0 0 -800 0 0 0 183 375 350 375 266 900 312 0 600 0 800 -500 500 0 0 625 800 0 0 800 -525 0 0 0 400 400 74 145 137 700 142 0 577 -625 250 0 366 -291 0 400 466 0 900 0 0 266 1000 333 350 189 683 0 0 0 0 500 5 0 295 0 350 200 100 66 0 250 136 0 451 0 200 0 0 0 0 0 366
350 400 577 600 533 600 584 500 804 750 700 0 125 814 300 159 350 0 0 900 0 0 0 616 650 550 575 300 700 618 0 1000 0 700 1000 600 1000 0 1000 400 0 0 400 700 0 0 0 375 375 762 600 527 600 317 0 590 500 333 0 516 291 1000 375 866 0 583 0 0 583 750 616 550 799 544 0 0 0 0 500 543 0 473 0 350 500 500 700 0 333 500 0 466 0 444 0 0 0 0 0 491
#WHUFC 2018-01-04
150 333 125 0 528 129 0 0 100 -216 0 0 -41 0 366 100 -181 750 -300 66 0 -155 0 0 200 -25 0 0 600 1000 500 300 0 528 587 0 350 -172 250 0 -288 -125 0 0 0 0 107 -139 -151 0 0 625 125 195 366 0 -273 0 300 1000 0 111 0 675 650 99 233 0 0 -781 750 122 466 145 205 -145 251 0 0 0 0 175 0 52 50 500 0 0 -199 500 103 11 33 33 33 33 250 312 -300 163
500 466 400 0 592 779 0 0 700 300 0 0 395 0 683 150 677 500 600 699 0 288 0 0 300 700 0 0 1000 1000 650 650 416 620 581 0 550 655 333 0 697 425 0 0 0 0 475 342 330 66 0 600 1000 583 633 0 568 66 550 1000 66 522 0 875 1000 900 883 0 0 400 400 333 433 600 555 770 673 0 0 400 0 812 0 590 83 1000 0 0 716 500 478 122 300 300 300 300 283 1000 600 486
#AFC 2018-01-03
0 0 -500 0 0 208 0 170 350 500 0 0 -100 100 0 750 -250 -400 0 200 -750 136 0 0 0 625 236 416 -41 0 500 0 450 500 0 0 0 500 -116 0 0 0 0 0 0 0 416 0 -173 0 0 0 0 122 0 0 260 500 500 0 0 600 -400 0 0 0 233 0 639 -50 0 0 0 0 0 200 700 0 0 0 976 0 0 0 25 33 -57 0 0 0 -112 0 0 -400 125 -200 0 0 800 0
0 0 1000 0 0 281 0 454 625 150 0 0 600 66 0 950 500 400 0 300 750 500 0 0 0 900 529 500 355 1000 750 0 944 888 0 0 0 500 466 100 1000 0 0 1000 0 0 666 0 370 0 1000 500 0 572 0 0 550 500 800 0 0 666 1000 0 0 0 366 0 520 200 0 0 0 0 0 400 600 0 0 0 1000 0 0 100 345 616 166 0 666 0 750 0 0 400 250 850 0 0 750 0
#CFC 2018-01-03
168 0 0 68 68 68 68 0 41 300 200 0 0 0 0 1000 -83 800 318 0 0 0 0 0 400 0 0 0 0 0 200 200 0 200 0 0 0 425 416 300 0 -350 500 0 500 136 0 0 0 0 500 300 0 300 -600 0 0 1000 500 0 0 0 433 0 0 0 0 0 0 0 0 0 0 500 0 0 0 -194 278 0 639 0 500 0 0 0 500 0 0 500 400 0 66 0 468 0 0 285 0 500
477 0 0 727 727 727 727 0 333 600 300 0 0 500 0 750 83 1000 700 0 0 0 0 0 550 0 0 0 0 66 300 300 0 300 0 0 0 625 500 650 0 562 500 0 500 500 0 0 0 0 500 100 600 200 1000 1000 0 300 500 0 0 0 558 0 0 0 0 0 0 0 0 125 0 500 0 100 0 479 384 0 520 0 266 0 0 0 500 0 0 750 500 0 700 1000 727 0 0 535 0 500
#MCFC 2018-01-02
468 246 0 500 0 1000 0 0 275 275 275 275 275 275 275 275 485 0 0 550 0 312 500 -125 -400 0 0 366 478 550 -25 68 545 0 625 1000 1000 1000 1000 1000 1000 1000 0 -699 0 83 -500 0 112 0 0 0 500 0 50 -366 0 0 0 0 80 0 0 0 0 0 90 50 100 0 33 33 33 33 0 100 321 13 0 0 0 0 300 0 199 382 -10 278 250 0 0 0 0 275 275 275 275 275 275 275
727 517 0 500 0 1000 0 0 325 325 325 325 325 325 325 325 727 0 0 950 0 518 500 625 600 500 0 566 651 300 487 227 684 0 500 300 300 300 300 300 300 300 0 666 0 199 900 0 462 0 0 0 500 0 224 466 0 0 0 0 400 0 0 0 0 0 336 700 250 0 300 300 300 300 0 368 233 322 0 0 0 0 200 1000 399 430 555 484 435 0 0 0 0 325 325 325 325 325 325 325
#WatfordFC 2018-01-02
-200 500 -295 0 0 -295 500 0 584 468 250 0 0 500 -33 600 546 161 468 0 0 1000 1000 434 136 -800 -1000 0 139 -33 -400 0 66 -150 199 -100 58 0 245 0 600 -212 375 0 0 -24 0 -800 800 0 -125 167 136 0 0 64 0 -350 468 150 800 99 378 -47 0 200 0 0 0 0 0 -100 350 478 0 0 0 617 0 55 -800 500 18 0 0 100 -300 -800 800 -200 -275 0 500 -77 0 -250 -800 -300 -50 120
300 1000 570 0 0 570 833 100 776 727 333 0 100 833 400 295 726 512 727 0 0 300 300 463 454 1000 1000 0 453 300 500 0 399 700 350 83 650 0 592 0 1000 366 200 0 0 750 0 1000 400 0 83 738 454 0 0 279 0 300 727 550 750 466 568 391 0 200 0 600 0 125 500 100 550 651 0 0 0 676 0 422 1000 888 391 0 0 400 800 1000 750 524 850 0 500 644 0 500 1000 200 400 550
#SaintsFC 2018-01-02
0 414 68 485 562 187 500 0 0 250 100 -50 0 187 350 500 -700 136 0 484 -100 207 478 900 409 205 0 0 567 0 1000 625 0 200 337 0 0 630 50 0 514 125 0 -200 0 136 1000 333 -50 800 242 466 500 447 0 0 250 461 37 0 545 433 0 0 -350 -350 -200 100 249 478 775 0 -700 468 1000 197 -99 428 140 -562 -62 468 500 300 545 0 0 118 273 437 312 0 0 0 0 0 0 62 0 -96
0 717 727 727 818 875 500 0 0 569 400 0 1000 483 575 500 200 454 0 613 100 570 784 1000 563 344 0 0 550 0 300 1000 0 800 818 0 0 788 200 0 681 100 0 233 0 454 300 99 244 750 544 483 500 530 0 1000 500 596 540 0 551 799 0 0 700 700 700 400 570 651 975 0 1000 727 300 592 166 534 552 687 753 727 800 750 551 0 0 327 572 890 333 0 0 0 0 0 0 333 0 660
#CPFC 2018-01-02
468 -125 246 0 -500 523 687 0 0 625 257 603 0 100 1000 0 -300 506 -400 0 0 0 0 468 -194 -50 -161 68 0 1000 -195 200 -400 387 50 357 -500 213 50 205 0 -575 909 0 0 -11 -61 0 -5 500 0 300 468 672 568 250 0 -33 0 0 355 382 0 0 174 118 -150 0 0 0 -200 492 0 -87 0 0 166 0 1000 0 0 1000 0 0 250 0 0 100 0 0 125 332 300 300 0 0 0 468 0 -750
727 375 517 0 1000 784 800 0 0 500 725 751 0 200 300 0 600 727 600 0 0 0 125 727 288 0 227 227 0 1000 400 100 400 687 100 571 299 639 700 344 0 700 780 0 0 557 633 0 352 750 0 200 727 625 651 333 0 0 0 0 544 430 0 0 663 715 750 666 0 0 333 438 0 750 66 0 666 1000 300 0 0 1000 0 0 312 0 0 500 0 100 312 606 650 0 0 0 0 727 0 1000
#Swans 2018-01-02
468 -131 0 485 450 0 375 0 468 50 1000 0 0 0 468 0 1000 0 1000 72 375 300 -800 500 0 485 0 500 -400 0 400 33 0 0 500 500 -100 518 0 500 487 0 625 0 -24 800 0 0 0 -300 0 136 0 -800 0 -800 -400 500 500 500 500 0 0 400 318 -800 116 233 0 -150 0 0 222 0 250 55 0 766 850 500 136 0 0 0 100 -300 0 750 468 114 500 468 0 -350 0 0 900 518 -400 0
727 296 0 727 575 0 416 125 727 100 300 0 0 0 727 0 300 0 300 375 416 650 1000 700 0 727 0 500 400 0 750 166 0 1000 500 500 100 677 0 750 670 0 500 0 750 400 0 0 0 508 700 454 0 1000 0 1000 500 500 500 500 1000 0 0 750 477 900 308 366 0 750 0 0 594 1000 500 422 0 633 1000 500 454 0 1000 0 400 400 0 800 427 329 533 427 0 700 0 0 900 677 500 0
#COYS 2018-01-02
468 -125 468 368 468 1000 468 300 414 -215 485 333 468 245 506 0 312 688 800 468 -500 0 0 405 1000 500 468 642 1000 468 533 0 408 475 0 0 625 1000 550 0 0 283 492 468 168 0 0 478 0 0 100 0 1000 0 559 468 400 -300 0 0 -125 0 485 0 600 0 468 0 0 506 578 394 447 200 323 399 244 375 350 504 485 0 0 0 312 1000 0 537 285 0 840 0 0 485 0 -199 1000 542 485 500
727 375 727 636 727 300 727 489 621 863 727 427 727 418 727 0 818 734 400 727 900 0 0 411 1000 500 727 417 300 727 833 0 683 583 0 0 900 1000 600 0 0 611 463 727 719 0 0 718 0 0 650 0 1000 125 738 727 525 400 0 0 375 0 727 0 1000 0 727 0 0 727 734 704 460 300 484 633 545 416 500 651 727 0 0 500 818 300 0 400 535 0 710 0 0 727 0 850 750 663 727 1000
#WHUFC 2018-01-02
468 468 275 275 275 275 275 275 275 275 359 0 0 100 485 0 1000 1000 1000 1000 1000 1000 1000 0 0 0 0 0 0 0 33 33 33 33 0 103 275 275 275 275 275 275 275 275 567 0 500 0 0 0 100 0 0 0 0 0 0 250 0 150 233 533 0 0 0 400 0 500 399 -400 -100 -177 0 175 1000 1000 1000 1000 1000 1000 1000 1000 0 0 250 0 275 275 275 275 275 275 275 275 478 -550 700 0 0 0
727 727 325 325 325 325 325 325 325 325 738 0 0 1000 727 0 300 300 300 300 300 300 300 125 0 0 0 0 0 0 300 300 300 300 0 316 325 325 325 325 325 325 325 325 538 0 500 0 0 0 500 0 0 0 125 0 0 500 0 600 366 633 0 125 0 800 0 600 475 600 600 277 0 625 300 300 300 300 300 300 300 300 0 0 360 0 325 325 325 325 325 325 325 325 651 837 600 0 125 0
#WBA 2018-01-02
1000 0 0 -237 0 1000 0 550 287 550 484 250 0 515 0 468 0 250 0 220 0 214 0 5 -237 500 0 433 -400 600 0 400 0 -120 0 800 0 1000 1000 1000 1000 1000 1000 1000 -400 0 0 0 933 0 321 53 -105 274 0 -187 -116 184 0 0 -400 -125 300 40 578 0 0 250 0 0 0 -500 -300 0 0 0 0 349 312 -200 662 -25 800 340 -400 0 0 -600 83 333 49 0 323 0 250 0 0 0 0 -50
300 0 0 475 0 300 0 950 410 950 713 250 0 688 0 727 0 200 0 700 0 428 0 405 475 750 0 500 400 550 0 700 0 598 0 900 0 300 300 300 300 300 300 300 600 0 0 0 766 0 400 570 221 500 0 500 483 646 0 0 600 694 550 216 718 0 0 200 0 0 0 900 600 0 0 0 0 536 818 200 550 366 400 500 850 0 0 900 613 333 450 0 593 0 691 0 0 0 0 400
#EFC 2018-01-01
0 -400 0 700 68 436 355 -200 -625 -36 148 0 150 0 -350 0 150 383 234 100 101 0 0 75 200 0 0 -117 30 -296 -38 68 0 500 0 0 0 0 420 0 0 59 83 625 500 0 -155 12 0 487 100 0 136 0 -33 -225 -626 -66 0 700 -200 400 0 0 0 -155 0 433 0 0 -350 400 71 125 800 0 95 0 0 83 400 0 100 0 222 192 0 99 125 150 0 0 75 0 0 200 0 400 0 350
0 400 0 799 727 526 380 250 700 472 379 0 50 0 550 0 150 494 330 150 381 0 66 533 725 0 0 229 716 638 493 727 0 500 0 0 62 100 366 0 0 660 683 316 150 0 288 618 0 483 600 0 454 0 533 525 671 696 588 950 250 875 0 0 0 288 0 500 0 0 900 600 511 166 750 650 178 0 0 583 800 0 300 0 666 309 50 233 525 600 550 0 475 0 0 400 0 437 0 444
#MUFC 2018-01-01
266 -150 0 156 0 0 66 0 0 309 330 472 -99 -1000 0 0 0 125 0 -16 0 0 400 100 66 0 -400 350 0 200 0 0 -300 600 0 0 0 248 68 0 -150 0 -300 0 33 24 350 318 0 0 250 478 400 0 0 0 0 -50 -150 0 0 166 500 0 0 0 0 321 500 250 -179 -400 0 -1000 0 -33 700 -50 0 477 0 50 562 -220 0 0 0 468 -400 0 0 -400 0 266 -133 0 -33 0 0 766
633 250 0 200 0 0 752 341 0 538 469 611 408 1000 0 0 0 750 0 666 500 0 700 383 341 0 400 650 0 400 0 100 600 700 0 0 0 529 727 0 1000 0 750 100 354 500 650 700 0 0 900 818 900 0 0 0 0 500 750 0 0 833 500 0 0 0 0 571 500 333 300 400 100 1000 0 558 600 400 0 366 400 483 550 580 0 0 50 100 400 0 0 400 0 812 355 0 583 0 350 562
#Clarets 2018-01-01
-1000 -350 400 -62 0 0 0 0 0 0 633 0 0 -600 0 0 0 0 0 0 216 300 -395 478 350 0 100 0 388 500 0 333 0 333 0 61 -100 136 250 0 0 170 0 0 136 -50 -50 -50 -50 0 -50 -500 -50 220 0 118 0 136 250 0 170 0 412 0 0 0 0 0 0 0 -8 0 0 0 0 0 83 200 0 800 0 0 500 250 0 0 0 333 0 366 0 166 78 750 550 0 0 0 0 0
1000 500 400 104 0 400 0 0 0 400 666 0 0 900 0 0 0 1000 0 0 377 266 720 651 550 1000 1000 0 608 500 0 500 0 1000 0 311 400 500 333 100 0 500 0 0 500 400 400 400 400 0 400 400 400 400 0 300 0 500 700 0 500 0 550 0 0 0 0 0 0 0 425 0 0 0 0 0 583 500 0 400 0 0 650 200 125 0 0 466 0 566 0 383 550 650 500 0 0 1000 0 0
#LFC 2018-01-01
25 240 0 0 0 300 412 0 0 500 -277 0 500 500 419 -1000 0 625 428 -350 0 150 800 341 600 -166 0 27 0 100 200 250 250 68 0 399 0 -300 0 0 -50 -100 100 318 414 0 450 -600 0 0 500 123 466 390 375 0 -400 0 700 233 418 350 437 0 300 466 200 0 6 0 233 165 0 0 0 161 600 380 0 566 -337 -118 0 500 -100 -312 0 0 0 200 625 485 0 50 -244 -625 444 0 100 0
583 395 0 0 0 100 550 0 0 600 344 0 500 600 657 1000 0 600 730 500 0 550 1000 650 550 166 0 633 0 200 516 678 750 727 0 399 62 633 0 0 750 400 350 700 592 500 500 800 750 0 500 547 666 283 500 0 600 766 750 396 527 400 458 0 360 500 200 550 533 100 422 431 0 0 0 561 950 477 0 549 562 222 0 700 150 687 0 0 0 725 900 578 0 1000 750 1000 658 0 1000 750
#LCFC 2018-01-01
0 0 -133 0 0 227 -166 0 -300 0 0 700 153 0 -400 204 -364 399 0 100 0 0 0 -625 0 0 400 721 -475 312 0 0 400 0 -225 312 0 0 0 500 200 0 0 0 537 0 649 0 216 0 1000 0 -400 300 -193 0 0 14 0 0 -93 0 0 875 900 200 -49 -394 216 83 0 0 0 0 172 400 700 -125 0 400 0 0 -800 0 12 0 333 350 500 -11 0 350 108 285 350 0 0 0 -400 0
0 0 405 0 0 545 266 0 350 0 0 600 447 0 600 799 592 433 0 100 0 100 0 500 0 0 375 787 925 800 0 0 800 0 525 350 0 0 0 400 200 0 0 0 458 0 800 0 491 0 300 0 750 199 611 0 0 654 0 0 318 0 0 600 900 200 450 483 377 450 0 0 0 0 444 400 600 125 0 800 0 0 900 0 650 0 500 550 500 575 0 550 577 535 550 0 0 0 700 0
#HTAFC 2018-01-01
0 0 366 441 750 750 -350 800 0 0 0 500 387 225 0 200 0 0 700 0 500 0 0 0 0 500 0 25 700 800 200 162 325 250 -200 -1000 800 200 550 149 0 250 300 0 0 0 600 -400 1000 0 445 0 0 0 0 0 0 0 169 700 169 -400 0 -150 0 370 0 0 700 194 0 0 233 -400 700 -49 0 25 154 0 -16 333 -41 346 0 -416 150 0 500 149 -102 49 275 0 0 0 0 -500 454 90
666 0 716 761 675 675 500 750 0 0 0 600 450 600 0 200 0 0 700 0 600 100 500 0 0 500 0 343 600 750 300 312 687 1000 700 800 1000 531 950 550 0 312 566 500 0 0 900 400 300 0 751 0 0 0 0 0 0 100 420 750 433 700 0 950 0 500 66 0 762 600 0 0 266 700 600 900 0 300 890 0 650 833 139 433 100 666 612 0 500 550 456 450 528 0 0 0 0 800 845 520
#SCFC 2018-01-01
0 -500 600 -666 0 0 69 533 0 404 500 0 -112 0 225 -100 0 200 0 -262 148 0 -237 -187 266 -100 -283 -200 199 -388 0 -388 -283 -200 0 -200 -225 0 0 0 0 0 0 0 0 62 -600 -250 -63 250 0 0 0 225 0 0 -300 -600 600 600 600 214 100 0 0 500 400 412 0 -105 0 100 0 500 593 -178 0 -1000 0 0 0 0 0 150 642 0 -70 150 -89 800 142 0 77 450 63 0 -240 0 -150 0
0 300 1000 666 0 0 493 716 0 512 600 0 700 0 422 400 0 200 0 575 500 0 524 683 459 500 466 0 750 833 0 833 466 399 0 333 525 0 0 100 0 0 0 0 0 500 900 250 233 250 0 0 0 666 0 0 400 700 1000 1000 1000 571 450 0 0 500 200 550 0 799 0 363 0 750 775 285 0 1000 0 0 0 66 0 300 417 0 150 200 176 750 544 0 488 700 653 0 648 0 400 0
#NUFC 2018-01-01
166 0 -66 600 -175 0 0 468 -500 0 0 416 0 -83 68 0 425 600 0 -155 357 -200 136 200 0 500 0 -500 0 238 166 0 1000 -1000 -200 -400 800 0 -175 0 0 0 0 283 -50 0 500 0 0 -700 -400 -215 140 -266 -90 66 -44 350 0 49 166 0 -262 0 0 225 -66 0 68 -138 500 55 -133 200 485 -16 50 0 -400 0 71 0 -49 0 -73 0 0 0 312 -1000 215 871 0 0 800 500 -166 0 37 0
383 0 600 1000 380 0 0 450 600 0 0 500 0 83 727 0 525 900 0 288 535 350 454 200 0 500 0 533 0 439 433 0 1000 1000 800 950 1000 0 700 0 0 0 0 700 200 66 500 0 0 900 700 588 406 616 513 555 533 400 0 450 666 0 637 500 0 422 633 0 727 555 500 533 233 200 348 650 700 0 600 0 183 0 650 66 471 0 0 0 333 1000 500 535 0 0 400 500 833 600 675 0
