#CFC 2013-12-01
0 200 0 0 0 0 0 0 0 0 349 0 0 0 0 0 0 0 0 0 0 0 266 0 0 0 0 0 0 0 0 0 0 0 0 0 0 0 0 0 300 0 475 0 0 0 0 0 0 800 0 0 0 500 0 136 0 0 0 0 0 0 966 0 0 0 0 0 0 0 0 0 0 0 0 0 0 0 0 0 175 0 369 325 0 0 0 0 0 -166 0 0 0 0 178 50 380 0 0 333
0 100 66 66 66 0 0 0 0 0 666 0 0 0 0 0 0 0 0 0 0 0 533 0 0 0 0 0 0 0 0 0 0 0 0 0 0 0 0 0 600 0 566 0 0 0 0 0 0 700 0 0 112 500 0 500 0 500 0 0 0 0 733 0 0 0 0 0 0 0 0 0 0 0 0 0 0 0 0 0 425 0 393 575 0 0 0 0 0 66 0 0 0 0 418 183 665 0 0 500
#SaintsFC 2013-12-01
295 900 -600 0 800 700 566 -380 500 0 500 0 0 0 100 195 0 1000 200 250 136 -800 312 0 0 0 0 208 550 -400 0 -16 0 33 0 0 500 150 800 0 -750 250 0 0 -800 0 166 0 250 105 0 800 0 0 400 100 0 0 0 833 0 550 800 0 -600 0 24 0 312 0 600 218 600 -200 0 750 800 600 312 568 272 0 0 -500 0 0 0 -200 0 0 0 -250 350 0 68 400 0 0 0 0
696 400 900 0 750 600 600 333 500 0 1000 0 66 0 200 373 0 300 100 250 454 900 200 0 0 0 0 750 700 400 0 233 0 394 0 250 600 300 750 0 1000 200 0 0 900 0 375 0 250 588 0 1000 400 0 500 100 0 0 0 583 0 700 400 0 1000 0 475 0 333 0 450 387 450 450 0 600 400 450 900 427 444 0 0 700 0 0 0 700 0 0 500 750 550 0 250 900 0 0 0 0
#MCFC 2013-12-01
0 0 0 0 0 0 0 0 0 0 0 0 0 -300 0 0 0 0 0 0 0 0 0 0 0 0 0 0 0 250 0 0 0 0 0 0 0 0 0 0 0 0 0 0 0 0 0 0 0 0 0 0 0 0 0 0 0 0 0 0 0 0 0 0 0 0 0 0 0 0 0 0 0 0 0 0 -312 368 0 0 0 0 0 0 0 0 0 0 0 0 0 0 0 0 0 0 200 0 136 0
0 0 0 0 0 0 0 0 0 0 0 0 0 400 0 0 0 0 0 0 0 0 0 0 0 0 0 0 0 333 0 0 0 0 0 0 0 0 0 0 0 0 0 0 0 0 0 0 0 0 0 0 0 0 0 0 0 0 0 0 0 0 0 0 0 0 0 0 0 0 0 0 0 0 0 0 500 641 0 0 0 0 0 0 0 0 0 0 0 0 0 0 0 666 0 0 300 0 454 283
#Swans 2013-12-01
208 0 0 0 166 0 0 0 0 0 -150 0 50 50 -600 350 136 -100 0 800 800 100 250 0 -100 0 0 0 0 0 0 312 0 0 0 170 0 0 300 0 0 0 420 -150 0 0 800 0 0 125 0 0 -250 0 366 -1000 0 400 -208 0 0 0 700 -200 170 0 400 100 -200 0 0 0 0 0 -208 800 0 0 0 500 700 0 -233 0 0 0 0 0 349 -333 0 -100 0 400 800 -100 300 349 0 -333
333 100 0 0 333 0 0 0 0 0 99 0 500 233 1000 650 454 0 0 400 750 100 250 0 500 0 0 0 0 66 0 333 0 0 100 383 1000 0 200 0 0 0 570 233 0 0 700 0 0 541 0 0 183 0 633 1000 66 400 166 400 0 0 600 233 454 0 400 400 233 66 0 0 0 0 166 1000 400 0 0 900 600 0 577 0 0 0 0 0 666 666 0 555 0 408 400 555 500 666 0 666
#hcafc 2013-12-01
-699 -500 0 0 88 0 100 0 -400 187 0 199 0 -8 0 677 50 -266 511 267 78 136 737 250 0 0 800 -327 -348 541 -222 -400 -400 -400 0 0 400 0 -100 0 168 400 0 0 0 142 0 662 400 0 200 -311 200 0 0 0 0 0 1000 250 0 -62 0 -306 0 212 261 0 312 0 400 0 0 116 -400 -262 -214 781 0 0 0 250 100 -200 -131 0 500 -400 0 250 100 -150 0 800 0 0 0 0 0 0
666 400 0 0 322 0 400 0 400 675 0 566 0 516 0 575 200 283 944 571 500 454 800 200 0 0 750 688 688 833 322 400 400 400 0 500 800 0 350 0 427 800 0 0 0 517 0 600 800 0 500 688 100 1000 0 0 1000 0 390 300 0 687 0 450 0 540 448 0 300 0 350 0 0 700 400 444 696 600 1000 0 0 750 288 475 450 0 900 400 100 750 288 400 0 750 0 0 0 0 0 0
#LFC 2013-12-01
0 0 0 0 0 0 0 0 0 0 0 700 0 0 0 0 0 -976 0 0 0 0 0 0 0 0 62 0 0 0 0 0 0 633 0 0 0 262 0 0 0 850 0 0 200 -200 0 0 0 0 0 0 0 1000 0 0 331 0 136 0 -250 -250 0 0 0 100 -244 0 150 0 0 0 -250 0 -375 0 200 -66 90 0 0 -500 0 99 500 0 0 0 0 0 0 0 0 0 0 0 0 500 0 0
0 0 0 0 0 0 0 0 0 0 0 600 0 0 0 0 700 600 0 0 0 0 0 66 633 0 500 0 0 0 0 0 0 566 0 0 0 525 0 0 0 549 1000 0 200 1000 0 0 0 0 0 0 0 1000 0 0 750 0 454 0 1000 1000 0 0 500 300 466 112 650 0 0 0 250 0 655 0 666 533 875 1000 1000 700 0 477 500 0 0 0 0 0 0 0 0 0 0 0 0 600 0 375
#COYS 2013-12-01
0 0 0 500 0 0 0 0 0 0 0 0 0 0 0 0 0 0 0 0 0 0 0 0 0 0 0 0 0 300 0 0 0 0 0 0 0 0 0 0 0 0 0 0 0 0 0 0 0 0 0 0 0 0 0 0 0 0 0 0 0 0 0 0 0 0 0 0 0 -400 0 0 0 0 250 0 400 0 68 49 0 -25 -537 450 312 400 0 0 0 0 0 0 0 0 0 0 0 285 0 200
0 0 0 900 0 0 0 0 0 0 0 0 0 0 0 0 0 0 0 0 0 0 0 0 0 0 0 0 0 200 0 0 0 0 0 0 0 0 0 0 0 0 0 0 0 0 0 0 0 0 0 0 0 0 0 0 0 0 0 0 0 125 0 0 0 0 0 0 0 400 0 0 0 0 1000 0 950 0 227 700 0 683 633 750 500 900 0 0 0 0 0 0 0 0 0 0 0 535 0 400
#MUFC 2013-12-01
0 470 0 0 0 625 0 400 100 0 -400 0 0 1000 0 400 0 0 0 0 0 454 0 0 900 0 -400 0 0 0 0 0 356 0 0 0 0 0 0 378 0 0 0 0 1000 0 0 0 0 0 0 0 -83 0 0 0 0 0 0 0 0 0 0 0 0 0 0 0 0 0 0 0 0 -150 0 0 116 0 0 116 475 0 0 116 116 800 625 0 0 0 0 0 80 0 0 0 178 0 1000 0
0 458 0 0 0 750 0 500 200 0 400 0 0 300 0 500 0 0 0 0 0 845 0 0 650 0 400 0 0 0 0 0 417 0 0 0 0 0 0 484 0 0 0 0 1000 0 0 1000 0 0 0 0 583 0 0 0 0 0 0 0 0 0 0 0 0 0 0 0 0 0 0 0 0 399 0 0 750 0 0 750 675 0 0 750 750 1000 600 0 0 0 0 0 269 0 0 0 418 0 300 0
#NUFC 2013-11-30
100 699 0 0 0 400 0 -200 -194 0 1000 0 50 700 0 0 0 250 224 285 625 -66 166 1000 200 -800 -800 0 -400 800 50 0 0 0 500 500 49 0 850 0 800 0 116 0 0 -150 0 0 0 0 170 0 0 0 0 0 0 -125 400 -400 277 0 406 250 0 666 0 250 0 418 0 350 -350 0 225 -200 250 250 0 0 175 0 -83 -100 390 0 -400 150 136 400 0 0 0 0 0 0 100 0 0 -937
700 600 0 0 0 800 0 600 288 0 0 0 150 800 0 1000 0 333 393 357 600 241 166 300 100 800 800 100 400 725 700 100 0 0 888 600 400 50 1000 0 1000 0 549 0 0 200 1000 1000 100 0 388 0 0 0 0 0 0 375 800 400 477 1000 750 494 0 666 0 538 0 527 0 300 600 0 250 200 333 333 0 0 600 0 150 25 333 0 400 600 454 800 0 0 0 0 1000 0 900 0 0 750
#WBA 2013-11-30
318 0 202 0 1000 0 250 283 0 0 976 0 -333 51 0 170 0 68 0 500 312 0 0 200 0 0 -15 -56 0 283 -15 399 -15 -15 -400 222 800 628 362 -50 0 327 0 200 562 0 0 0 0 0 -87 -500 1000 0 -187 -400 0 0 -333 -400 200 96 0 0 0 136 -250 -250 9 136 -333 28 100 -400 318 212 136 318 1000 128 318 500 0 212 781 0 0 0 0 0 0 -50 284 136 0 234 184 50 800 500
727 0 594 50 300 0 716 733 0 0 1000 266 1000 430 0 526 0 260 0 413 800 0 450 300 0 0 310 477 0 311 310 600 310 310 400 875 750 845 450 400 0 530 0 200 466 0 0 0 0 0 307 1000 600 0 500 700 250 0 1000 700 300 351 0 0 0 454 450 450 504 454 1000 418 300 400 643 429 454 643 300 725 643 500 0 429 888 0 0 0 0 0 0 400 488 454 0 477 453 200 400 900
#AVFC 2013-11-30
200 128 -202 0 0 612 0 0 0 -312 266 700 333 0 700 0 209 500 800 0 0 0 0 0 0 0 0 -699 800 285 0 500 625 0 0 700 0 133 0 1000 0 470 500 166 -150 0 0 0 0 0 0 0 216 350 233 -166 0 350 0 0 0 125 316 0 0 649 700 0 0 0 348 0 0 0 0 700 -166 0 0 -194 0 400 1000 0 250 0 250 0 311 0 800 0 0 0 400 266 500 470 1000 0
200 245 194 0 0 700 0 0 0 500 666 600 541 0 600 0 492 500 900 0 0 0 0 0 0 0 0 666 700 535 0 445 400 0 0 700 0 175 0 300 0 546 1000 333 400 0 0 0 0 0 0 0 366 375 533 333 0 375 0 0 0 166 311 0 0 800 600 0 66 0 462 0 0 0 0 600 333 0 0 288 0 500 300 0 250 0 333 0 372 0 900 0 0 0 450 383 150 680 300 0
#SAFC 2013-11-30
-175 172 0 312 0 1000 -33 0 250 -66 0 -800 -800 781 -400 0 -166 250 0 0 0 700 500 0 0 -187 0 400 800 350 600 333 100 402 312 -407 -200 0 0 400 0 0 0 0 359 0 0 0 0 0 0 -194 781 250 250 0 0 0 162 441 245 0 1000 0 400 0 0 500 668 -150 650 750 0 136 0 0 350 0 0 0 390 0 0 500 100 100 0 0 0 0 0 0 0 0 333 0 -333 350 0 0
391 394 66 333 0 1000 188 0 333 241 0 800 800 500 600 0 433 250 0 0 0 600 1000 0 0 500 0 800 900 950 800 477 50 1000 300 590 200 0 0 800 0 0 0 0 488 0 0 0 0 66 0 288 750 333 333 0 0 0 658 650 451 0 1000 0 200 0 0 750 950 150 625 675 0 454 0 0 650 500 0 0 477 0 0 500 400 400 1000 0 0 66 0 100 0 0 688 0 655 650 66 0
#cardiffcity 2013-11-30
250 750 136 125 750 0 0 0 250 250 0 0 0 0 0 -416 -62 0 -62 250 318 0 0 0 500 0 -62 0 83 0 33 0 125 0 350 0 -709 0 114 -133 350 0 -166 0 500 0 0 0 0 0 0 400 250 0 0 0 0 100 0 0 0 800 100 0 0 0 0 0 0 0 0 0 0 0 0 100 100 575 518 0 142 0 125 200 0 0 125 0 0 142 125 -150 399 -500 0 0 0 0 0 187
333 639 500 375 639 0 0 0 875 875 0 0 0 0 0 666 237 1000 237 875 727 0 0 0 1000 0 237 0 455 0 600 0 250 0 362 0 600 0 666 616 333 0 166 0 1000 125 0 125 0 0 0 450 500 0 0 0 0 400 0 0 0 1000 644 0 0 250 0 0 0 0 0 0 0 0 0 100 400 600 691 1000 417 0 1000 400 0 0 250 0 0 417 650 400 633 400 0 0 0 0 0 512
#AFC 2013-11-30
500 500 500 1000 0 0 49 0 -333 0 250 250 -133 -93 136 541 700 0 0 1000 850 0 0 166 0 136 0 0 433 833 291 268 0 700 0 1000 0 375 0 0 0 0 1000 0 250 0 0 0 0 0 0 0 136 300 261 0 900 50 200 49 0 0 541 333 0 0 0 0 0 0 136 0 0 0 -300 0 0 541 0 0 49 0 500 0 0 500 0 0 136 0 0 1000 0 0 0 508 500 0 -400 600
500 500 500 300 0 0 775 0 666 0 200 200 600 625 454 733 600 0 0 300 1000 0 0 444 0 454 0 0 733 866 750 600 0 600 0 300 0 200 0 0 0 62 300 0 283 0 0 500 0 0 0 0 454 450 378 0 550 1000 350 775 0 0 733 677 0 0 0 0 0 650 454 0 0 0 475 0 0 733 0 0 775 0 500 0 0 500 0 0 454 0 0 300 0 0 0 439 500 0 400 483
#EFC 2013-11-30
0 500 0 0 600 454 0 349 285 600 0 0 68 100 0 0 170 -333 0 0 399 500 0 250 0 153 272 625 500 0 0 0 0 1000 337 600 0 178 500 366 0 0 550 0 0 0 988 0 325 222 800 1000 0 700 0 0 222 0 0 437 0 -699 0 -625 0 0 0 0 100 100 0 0 -500 0 0 0 0 0 0 0 0 136 0 -333 100 0 0 0 0 650 0 0 100 0 136 136 136 -388 0 0
0 600 0 0 1000 440 1000 666 357 1000 0 0 250 100 0 0 500 1000 0 0 400 900 0 750 0 454 244 400 600 50 450 0 0 300 775 750 0 391 600 700 66 0 250 0 1000 0 400 0 775 288 1000 300 0 600 0 0 288 100 0 387 0 666 0 1000 0 0 0 66 400 400 250 0 1000 0 0 0 66 0 0 0 0 454 0 1000 400 0 0 0 0 675 0 0 255 0 454 454 454 833 0 0
#SCFC 2013-11-30
49 -400 0 -800 -512 -100 237 0 0 0 0 0 50 0 -200 170 -400 166 25 500 0 0 0 0 0 -475 350 700 800 -161 0 0 500 0 100 0 250 250 0 -500 -77 0 -291 1000 -350 0 -200 0 -250 0 -166 0 800 -350 0 875 0 -500 0 -50 0 0 -166 0 -1000 200 -250 0 0 -699 0 267 200 350 0 -800 100 0 0 0 0 -400 0 -400 125 133 0 0 0 0 0 0 0 0 0 0 285 406 -750 0
500 900 0 1000 650 150 537 0 0 0 0 0 650 0 300 500 600 166 833 900 0 0 0 0 0 550 300 600 725 827 0 0 500 0 1000 0 500 800 0 700 311 0 541 300 600 0 200 0 500 0 166 0 400 600 0 600 0 1000 0 400 0 0 500 0 1000 900 800 0 0 666 0 500 200 562 0 850 1000 0 0 0 0 400 0 400 500 400 0 1000 0 0 0 0 0 0 0 0 535 350 1000 0
#ncfc 2013-11-30
0 -400 0 400 0 262 134 625 0 0 0 0 33 -300 0 666 450 0 111 500 600 111 312 350 0 0 0 0 200 -345 800 0 -144 375 0 250 -625 0 0 100 350 30 0 0 0 0 500 0 500 -49 0 0 0 -210 700 0 136 0 0 33 0 100 0 -125 100 0 700 0 0 0 0 -50 136 0 -62 0 0 250 562 400 333 0 -150 0 100 -400 0 275 0 0 0 100 0 318 0 500 500 0 500 275
0 400 0 500 66 612 480 500 0 0 650 0 233 300 0 700 600 100 647 800 1000 647 200 500 0 0 0 0 200 670 750 0 566 500 0 1000 700 100 0 400 300 480 0 0 0 0 600 100 1000 750 0 0 0 385 600 0 454 0 0 300 0 0 0 375 200 0 600 0 0 0 0 400 454 0 562 0 0 333 700 500 666 0 233 0 400 400 0 799 0 0 0 0 0 727 0 900 900 0 900 300
#CPFC 2013-11-30
428 350 0 50 -1000 0 125 0 500 -191 500 -50 0 1000 0 500 900 350 80 0 375 1000 150 400 50 -500 150 700 400 -80 0 0 0 -100 0 -625 0 100 500 136 525 200 250 0 0 -500 0 500 125 0 733 250 0 -400 420 0 364 712 0 0 0 0 0 250 0 0 0 433 0 0 100 533 0 200 0 100 610 0 233 656 136 0 500 610 -120 -125 485 0 62 0 500 68 425 1000 -300 0 500 656 0 500
717 478 66 150 866 0 400 0 694 607 600 400 0 700 0 600 350 577 770 0 500 1000 100 425 100 500 700 600 800 93 0 0 0 1000 0 1000 100 1000 500 454 541 200 500 0 0 400 0 500 533 66 683 449 66 400 480 0 512 900 0 0 100 0 0 444 0 0 0 583 0 0 312 633 0 200 0 400 333 0 486 666 500 0 611 333 204 375 602 0 500 0 888 227 666 1000 225 0 600 666 0 750
#WHUFC 2013-11-30
-156 0 -75 0 0 875 0 0 -144 466 0 500 0 0 600 300 500 0 0 0 0 0 250 250 0 625 250 136 0 0 250 0 400 0 0 0 16 0 0 222 0 400 0 0 0 -80 625 0 500 0 0 0 -107 -50 0 0 550 0 475 300 0 0 0 0 0 0 0 0 133 0 156 0 0 0 0 100 0 633 0 -450 0 100 0 0 0 150 0 0 400 250 0 -200 150 0 0 0 250 200 0 500
375 0 224 0 0 600 0 0 566 633 0 600 0 533 1000 350 300 0 0 0 0 600 1000 1000 0 700 1000 454 0 0 500 0 300 0 0 0 333 100 0 500 0 500 0 0 0 572 500 0 500 0 0 0 717 200 0 0 500 0 466 408 0 0 0 0 0 0 0 0 600 0 722 100 0 0 325 400 0 399 0 700 0 1000 0 0 0 250 0 0 500 500 100 400 250 0 0 0 500 200 0 700
#FFC 2013-11-30
0 0 0 -600 136 0 0 0 0 200 300 0 0 -75 200 0 300 0 450 -77 500 0 0 0 0 0 875 0 -312 -600 500 0 -500 0 136 466 0 0 0 0 0 0 0 0 -600 0 500 -200 0 357 357 500 0 250 1000 0 0 0 0 0 0 0 0 0 68 0 600 0 0 0 250 0 0 0 0 -600 0 16 222 416 0 136 0 566 50 0 0 0 0 -699 0 0 0 0 0 1000 0 0 -400 -976
0 0 150 1000 454 0 0 0 0 500 750 0 0 224 500 0 750 250 875 269 300 0 500 0 0 100 600 0 687 1000 888 0 400 0 500 633 627 0 0 0 0 0 0 0 1000 66 600 500 0 571 571 300 0 416 300 0 0 0 0 0 0 0 0 0 727 150 900 0 0 0 750 0 1000 0 0 1000 0 333 500 399 0 454 0 433 350 0 0 0 0 666 0 0 0 0 0 300 0 0 700 1000
#WBA 2013-11-25
50 166 175 800 800 -416 0 0 -200 0 -333 25 0 -1000 0 0 333 -50 0 0 -116 -155 333 0 0 50 125 333 500 0 0 0 0 0 0 -333 0 0 33 0 200 0 891 -50 0 400 1000 0 156 0 0 298 0 0 0 -333 500 0 -99 0 -416 0 0 0 0 200 0 -200 366 0 -57 -600 0 0 -100 -325 0 -325 0 0 -333 0 0 0 0 0 0 0 -333 -333 1000 -450 0 766 -400 211 1000 -12 -200 700
950 333 600 750 400 666 0 0 400 0 1000 100 0 800 0 0 666 50 0 0 833 288 666 0 400 516 400 508 500 0 0 0 0 0 0 1000 66 0 200 0 383 0 583 400 0 200 300 0 429 0 0 416 0 0 0 1000 666 357 350 100 666 0 466 0 500 500 1000 800 779 0 467 1000 0 0 400 700 0 700 1000 0 1000 66 100 100 0 0 0 0 1000 1000 300 500 500 766 400 577 300 362 233 600
#AVFC 2013-11-25
400 0 0 475 0 0 -10 0 68 50 0 0 0 625 700 650 233 500 488 -250 0 0 0 158 100 0 554 0 0 0 0 0 158 312 100 0 0 750 0 277 500 0 0 500 0 -566 0 -200 0 0 0 0 0 566 0 500 400 136 0 450 -400 200 56 0 0 0 0 100 0 700 300 0 200 0 -47 0 400 100 0 200 0 450 375 312 0 -1000 -400 0 -250 0 0 500 50 68 400 0 0 100 0 0
900 0 0 800 0 0 679 0 289 162 0 0 0 366 600 625 300 500 900 833 0 0 0 633 400 0 490 0 0 0 0 0 633 750 400 0 0 650 0 591 900 357 0 900 500 700 0 800 0 1000 0 0 0 657 0 500 800 454 0 641 400 539 395 0 0 0 0 483 0 600 600 500 200 0 344 0 350 400 0 539 0 600 500 333 0 1000 400 100 250 100 0 900 100 227 450 0 0 400 0 0
#cardiffcity 2013-11-24
0 250 700 500 0 -200 100 800 0 0 0 0 0 650 468 0 0 0 200 200 0 -194 250 50 0 0 0 0 0 318 312 0 0 0 0 0 0 700 0 0 0 0 0 0 375 0 500 0 0 500 0 800 500 375 500 0 0 0 0 0 0 250 0 0 0 500 625 0 0 1000 50 0 0 0 0 0 0 0 0 0 0 0 400 136 0 0 0 0 0 0 136 0 0 1000 0 0 -6 0 0 0
0 500 750 500 0 250 200 400 625 0 0 0 0 400 750 0 0 66 500 500 100 288 200 200 0 0 0 0 100 477 333 0 33 1000 0 0 33 600 0 0 0 0 0 0 500 0 500 0 0 150 0 400 500 500 500 400 0 0 1000 0 0 408 0 0 0 400 500 0 1000 300 50 0 0 0 0 0 0 0 0 0 0 0 900 454 0 0 0 0 0 0 454 0 0 300 0 0 666 0 0 0
#MUFC 2013-11-24
0 0 0 0 0 0 0 0 0 0 0 100 0 0 0 0 0 0 0 0 0 0 0 0 -250 0 0 0 0 0 -200 500 100 0 500 0 0 0 0 412 0 136 700 0 0 0 0 0 0 0 0 0 0 0 0 0 0 0 250 0 0 0 166 766 0 0 0 0 0 0 0 0 0 0 100 0 0 450 0 261 250 0 0 0 0 0 0 -350 233 0 99 0 0 0 1000 0 1000 0 200 0
0 0 0 0 0 0 0 0 0 0 0 200 0 0 0 0 0 0 0 0 0 0 0 0 500 0 0 0 0 0 450 600 50 0 500 0 0 0 0 500 0 454 200 0 0 0 0 0 0 0 0 0 0 0 0 0 0 0 600 0 0 0 833 916 0 0 0 0 0 0 333 0 1000 333 50 0 0 850 0 411 300 0 0 0 100 0 0 500 366 0 433 0 0 0 1000 0 300 0 279 0
#MCFC 2013-11-24
0 0 0 0 0 0 0 0 0 0 0 -52 0 900 0 0 0 0 0 0 0 0 0 0 0 0 0 0 416 750 0 0 0 0 0 0 0 200 0 0 0 0 650 0 0 250 0 0 0 0 0 0 0 0 0 0 0 0 0 0 0 0 0 0 0 0 0 0 0 0 0 0 0 0 0 0 0 0 318 -200 600 0 0 0 0 0 0 0 0 0 -400 0 0 0 0 0 0 0 0 0
0 0 0 0 0 0 0 0 0 0 0 767 0 350 0 0 0 0 0 0 0 0 0 0 0 0 0 0 444 400 0 0 0 0 0 0 0 400 0 0 0 0 750 0 0 500 0 0 0 0 0 0 0 0 0 0 0 0 0 0 0 0 0 0 0 0 0 0 0 0 0 0 0 0 0 0 0 0 527 250 1000 0 0 0 0 0 0 0 0 0 400 0 0 0 0 0 0 0 0 0
#COYS 2013-11-24
0 0 0 0 0 0 0 0 0 0 0 0 0 0 0 0 0 0 0 0 566 0 0 0 0 0 0 0 0 0 0 0 0 0 900 0 0 0 0 0 0 0 0 500 0 0 0 0 0 0 0 -77 0 600 600 0 766 700 0 0 0 0 0 0 200 0 0 0 0 0 0 0 0 0 0 0 149 0 0 0 0 640 -150 700 160 433 700 144 -100 0 0 0 0 0 0 0 0 0 0 0
0 0 0 0 0 0 0 0 0 0 0 0 0 0 0 0 0 0 0 0 533 0 0 0 0 0 0 0 0 0 0 0 0 0 700 0 0 0 0 0 0 125 0 500 0 0 0 0 0 0 0 144 0 550 1000 100 783 600 0 100 0 0 0 0 250 0 0 0 0 0 0 0 0 0 0 0 500 0 0 0 0 520 950 600 539 833 600 444 100 0 0 0 0 0 0 0 0 0 0 0
#WHUFC 2013-11-23
0 0 650 0 0 0 0 0 0 0 0 -150 -150 -100 -300 0 177 0 200 216 0 0 600 600 0 500 -125 200 0 937 800 800 316 250 0 125 0 200 0 250 239 -66 295 142 0 0 0 500 175 0 0 1000 200 50 200 125 1000 500 112 168 -100 137 0 170 0 0 0 0 0 375 312 800 0 0 0 0 0 0 -500 0 0 500 0 0 0 0 0 -262 136 250 0 136 0 -300 0 0 0 -500 136 0
0 0 875 0 0 0 0 0 0 0 0 300 300 100 600 0 310 0 300 741 0 1000 250 900 0 500 375 400 0 1000 700 700 629 333 0 500 0 300 0 200 386 133 416 467 0 100 0 651 775 1000 0 1000 100 450 100 150 300 500 184 277 100 500 0 500 0 1000 0 0 0 500 333 750 0 0 0 0 0 100 600 0 0 1000 0 0 0 0 0 350 454 1000 0 454 0 600 0 0 0 600 454 0
#CFC 2013-11-23
0 0 0 0 0 0 0 0 -83 0 0 0 0 -333 0 0 0 0 0 0 0 0 0 0 562 0 0 0 0 0 500 0 0 200 0 0 -150 -300 0 0 -300 -75 0 100 -71 0 0 0 -300 0 250 0 0 600 -300 -300 -150 0 900 0 0 0 0 0 200 200 -83 0 318 0 0 0 0 -300 -150 333 700 0 0 0 0 0 0 168 -333 500 0 0 0 0 96 0 -200 -250 333 500 0 0 -350 200
0 0 0 0 0 0 0 0 458 0 0 0 0 1000 0 0 0 0 0 0 0 0 0 0 600 0 0 0 0 0 600 0 0 300 0 0 300 600 0 0 600 200 0 319 452 0 1000 0 600 0 650 0 0 900 600 600 300 0 750 0 0 0 0 0 400 650 458 0 477 0 0 0 0 600 300 741 600 0 0 0 0 0 0 377 1000 900 0 100 0 0 875 0 200 750 833 750 0 0 100 400
#AFC 2013-11-23
500 500 0 0 0 116 0 0 400 -600 0 0 0 116 0 500 -83 0 0 0 -333 0 1000 0 0 250 0 302 0 0 -375 0 0 0 0 0 200 250 -125 333 0 -199 0 0 0 0 100 200 700 0 0 0 0 0 1000 641 337 0 0 454 0 125 0 750 0 0 0 0 -125 199 166 0 0 550 0 0 0 0 -125 -400 0 0 -200 112 0 0 550 0 200 500 250 400 666 0 -375 266 0 0 187 266
550 550 0 0 0 144 0 0 400 900 0 0 0 266 0 800 458 0 0 0 1000 0 1000 0 0 750 0 411 0 0 400 0 0 0 0 0 500 750 125 966 0 700 0 0 0 0 100 200 600 0 0 0 0 0 300 916 633 0 0 500 0 450 0 750 0 0 0 0 762 324 683 0 0 700 0 0 0 0 700 750 0 0 400 700 0 0 700 0 200 550 650 700 766 0 400 466 0 0 700 466
#SaintsFC 2013-11-23
285 0 -49 0 0 100 0 0 -166 -380 0 0 333 -380 0 100 500 -550 0 0 -99 -350 850 0 0 781 -625 625 1000 0 200 266 0 -450 375 -99 0 -468 250 0 -380 800 0 666 -99 600 0 0 0 0 976 -500 0 -166 0 -331 175 -600 0 0 0 0 0 350 -750 600 0 0 0 0 312 500 500 500 437 0 0 350 0 200 0 492 500 0 166 700 -166 800 0 0 -380 800 600 800 500 0 0 0 -300 -125
535 0 825 0 0 450 0 100 66 333 0 0 766 333 0 300 1000 562 0 0 466 525 450 550 500 500 400 1000 950 0 200 540 0 700 750 466 0 656 200 0 333 400 0 666 466 450 1000 0 0 0 600 400 0 166 0 700 275 950 0 0 0 0 0 550 400 1000 766 0 0 0 333 900 500 500 650 0 0 550 0 200 1000 567 150 0 666 600 433 400 0 0 333 400 1000 400 500 0 0 0 200 375
#FFC 2013-11-23
-333 0 0 0 0 -187 -666 0 250 500 0 0 0 0 0 0 -666 -333 0 -666 0 0 0 0 0 0 0 350 -333 1000 136 -333 0 0 136 0 500 0 0 0 0 0 136 -333 500 625 -300 0 0 136 800 136 136 136 136 136 136 136 136 136 136 136 136 -100 -100 -100 -100 -100 -100 136 0 170 250 250 250 0 357 170 170 0 0 284 0 -333 -333 136 0 50 0 0 927 -333 -333 0 136 -333 -666 0 0 0
1000 0 0 0 0 500 1000 0 408 500 0 0 500 0 0 0 1000 1000 0 1000 0 0 0 0 0 0 0 800 1000 300 454 1000 0 0 454 0 150 0 0 0 0 0 454 1000 800 600 449 0 0 454 1000 454 454 454 454 454 454 454 454 454 454 454 454 100 100 100 100 100 100 454 0 454 200 200 200 0 535 454 454 0 0 472 0 1000 1000 454 500 200 0 0 475 1000 1000 0 454 1000 1000 0 0 0
#Swans 2013-11-23
366 520 0 600 350 550 0 520 -125 0 0 0 0 0 -181 0 0 -100 -100 0 -62 -62 0 700 0 375 312 0 250 -71 500 -100 500 0 0 250 250 -150 0 0 0 0 250 275 287 0 -300 0 700 433 700 700 -150 0 0 0 0 0 0 0 1000 100 0 0 275 0 0 0 0 100 500 0 0 285 0 -49 0 0 50 0 136 100 0 0 0 850 0 0 0 500 0 -300 0 250 800 800 5 5 0 250
533 500 0 900 650 950 0 633 375 0 0 0 0 0 583 0 0 533 1000 0 237 237 0 600 0 500 333 0 250 142 475 1000 475 0 0 300 500 425 0 0 0 0 500 425 525 0 900 0 900 733 600 600 425 0 66 0 0 0 0 0 750 0 0 0 425 0 0 0 0 1000 800 0 0 535 0 550 0 0 100 0 500 250 0 0 0 1000 0 0 0 1000 0 600 0 375 400 575 437 437 0 425
#hcafc 2013-11-23
0 366 95 199 -22 537 0 0 200 -400 0 31 -100 100 0 170 0 0 600 0 312 0 750 0 0 100 0 68 658 550 1000 136 0 68 0 1000 0 0 0 333 250 43 286 0 0 800 0 0 0 -1000 550 -575 -545 200 100 250 0 441 0 0 0 -50 0 0 0 170 -50 -50 0 -75 -100 0 100 625 700 0 -125 0 100 400 0 0 0 -75 0 0 1000 0 100 -50 700 -70 400 0 0 -200 250 0 0 0
1000 333 678 466 177 550 0 0 200 400 0 650 400 350 0 454 0 0 600 0 333 0 400 0 0 600 0 277 892 750 300 500 0 227 0 300 0 0 0 133 450 647 380 0 0 700 0 0 0 1000 950 800 770 100 300 1000 0 600 0 0 0 150 0 0 0 454 200 200 0 750 400 0 350 500 600 0 375 0 550 650 0 0 0 750 0 0 400 0 700 150 700 333 400 1000 400 200 644 0 0 0
#CPFC 2013-11-23
136 49 0 1000 166 162 0 -390 0 0 107 0 0 250 0 -50 100 0 -1000 0 0 0 0 0 0 65 100 300 0 199 250 291 166 -208 0 0 0 500 106 0 71 0 333 100 -78 0 -75 0 0 0 136 100 250 166 0 0 -275 0 0 0 0 0 -500 500 -71 0 -400 0 -71 -71 0 400 0 74 0 -50 0 0 -24 337 500 0 0 -50 0 250 250 250 500 322 316 68 33 0 0 250 0 -600 250 500
454 291 0 300 233 575 0 888 400 0 285 0 0 1000 0 400 100 0 1000 0 0 0 0 0 0 558 100 500 0 466 300 300 333 283 0 0 0 600 500 0 158 0 1000 100 438 0 224 0 0 0 454 550 275 333 0 0 850 0 0 0 0 300 500 600 214 0 450 0 214 214 0 450 0 473 0 400 0 0 477 462 500 0 0 400 1000 200 200 200 600 688 283 260 333 0 0 250 166 900 600 1000
#NUFC 2013-11-23
400 400 0 700 0 200 -291 0 312 -454 250 156 200 400 0 0 136 49 0 0 216 225 -50 0 1000 600 1000 -625 600 0 168 0 0 -108 0 312 318 0 0 1000 300 0 0 400 -208 0 -500 500 400 0 300 0 400 400 400 0 216 0 0 0 0 400 0 0 116 0 0 0 136 0 0 0 168 0 275 0 0 0 0 400 -265 800 -500 99 -500 -91 0 136 0 -200 22 0 0 116 -400 312 136 99 0 800
700 700 0 600 0 300 541 0 540 780 750 383 800 400 0 0 454 550 100 0 400 600 0 0 750 950 400 400 950 0 477 0 0 544 0 540 477 0 0 1000 200 0 0 200 541 0 400 1000 800 0 492 0 800 400 400 0 558 0 0 0 550 900 0 0 549 0 500 0 454 0 0 0 477 0 170 0 0 0 0 800 616 700 400 666 400 633 0 454 0 300 344 0 0 549 400 500 454 600 0 700
#ncfc 2013-11-23
-100 187 350 452 450 1000 1000 800 -500 350 0 450 0 450 -218 0 0 400 99 -112 -400 500 -125 500 -200 0 0 333 0 316 0 600 250 0 0 0 60 0 170 0 153 800 0 0 500 166 462 0 -200 136 -99 0 0 0 -112 -75 0 0 0 0 0 0 0 0 0 0 0 800 0 -112 0 -300 0 700 0 0 0 -150 0 -50 0 0 0 0 700 0 -750 0 0 125 0 1000 -500 166 350 0 416 243 0 500
50 487 449 857 549 750 600 400 400 449 0 916 0 700 450 0 0 750 666 350 400 600 800 600 0 0 0 596 0 283 0 1000 250 0 0 0 453 233 454 0 525 750 0 0 833 666 859 0 100 546 216 0 66 0 350 187 0 0 0 260 0 0 0 0 0 0 0 400 0 350 0 400 0 600 0 0 0 500 0 100 0 0 62 0 600 0 1000 0 0 562 0 1000 200 666 550 0 500 381 0 900
#SCFC 2013-11-23
136 0 0 0 0 199 24 -125 0 0 0 0 0 0 199 0 587 0 0 0 0 0 0 0 0 0 -525 250 0 350 0 -500 -100 350 0 0 0 500 350 0 -6 0 250 0 0 285 136 187 475 250 0 -166 0 -125 625 345 0 0 187 0 0 0 0 0 0 0 0 0 0 225 0 -500 1000 -400 99 0 0 0 0 0 0 250 400 -500 0 0 0 0 0 375 0 0 0 0 0 -50 0 0 500 0
454 66 0 0 1000 500 449 375 0 0 0 0 0 0 500 0 575 0 0 0 0 0 0 0 0 0 1000 450 0 550 0 400 1000 550 66 0 0 400 550 0 427 0 450 0 0 535 454 500 466 450 1000 333 0 225 500 418 0 0 500 0 0 0 0 0 0 0 0 0 0 500 0 1000 1000 700 800 500 0 0 0 0 0 300 800 900 0 0 0 0 0 500 0 125 0 0 0 400 0 0 500 0
#SAFC 2013-11-23
312 250 0 -50 125 500 -300 -349 0 312 0 0 335 136 400 250 166 250 375 316 400 0 700 0 -291 0 68 0 0 375 0 0 400 0 -500 0 687 0 0 500 850 316 416 0 400 500 405 700 -200 -200 250 600 99 170 466 500 0 0 100 0 0 0 390 0 800 375 312 450 0 0 0 0 0 0 -187 0 300 -200 -400 -50 0 0 0 -200 0 800 0 0 0 178 0 0 0 166 250 -199 250 0 0 266
540 500 0 0 466 500 200 383 0 540 0 0 527 454 800 200 466 250 750 511 800 625 600 0 541 0 289 0 0 750 0 0 800 250 700 0 725 0 0 750 600 283 366 0 800 875 524 600 100 100 750 650 600 500 616 500 0 0 650 0 0 1000 333 0 400 500 333 600 0 100 0 0 0 0 500 0 794 250 400 300 0 0 125 650 0 200 0 0 0 468 0 0 0 333 500 600 750 0 0 400
#EFC 2013-11-23
200 200 0 200 0 0 428 0 0 125 0 1000 0 0 -521 0 0 200 800 312 0 0 0 250 50 500 0 -50 250 0 800 0 0 0 0 500 800 100 300 0 100 200 0 0 0 0 0 0 200 400 600 1000 0 0 300 0 0 175 0 0 525 0 0 0 0 0 200 -375 -48 800 0 250 0 0 0 0 0 0 0 0 0 136 0 200 166 0 0 0 0 500 0 0 250 0 0 87 -800 0 0 700
200 200 0 900 0 100 785 66 0 150 0 1000 0 0 594 0 0 100 750 500 0 0 0 1000 50 600 0 0 500 0 700 0 500 0 0 550 400 200 700 0 150 400 0 0 0 0 0 100 200 400 1000 600 0 0 700 0 0 375 0 0 366 0 0 0 0 0 200 375 200 400 0 250 0 0 0 0 0 50 0 0 0 454 0 400 283 0 0 0 0 700 0 100 1000 1000 0 425 900 100 0 600
#LFC 2013-11-23
0 200 200 0 800 49 500 400 -250 200 0 100 0 0 0 -200 0 0 0 800 0 0 300 100 300 0 312 0 0 0 0 0 -400 0 0 258 0 0 0 -500 0 150 0 0 625 0 0 0 1000 0 0 332 750 0 -3 734 0 0 0 200 0 250 -49 0 0 0 312 0 0 0 0 500 0 50 500 0 -50 0 100 0 250 0 0 0 0 0 0 800 0 0 350 0 0 0 0 0 0 285 0 0
0 200 200 0 750 500 1000 600 250 900 0 100 0 0 0 350 0 0 0 750 0 0 600 400 200 0 540 0 0 0 0 0 400 0 0 575 0 0 0 500 0 500 0 0 500 0 0 0 1000 0 0 454 950 0 256 525 0 0 0 100 0 333 175 0 0 0 500 0 0 0 0 900 0 50 600 0 0 0 400 0 500 0 0 0 0 0 0 700 0 0 833 0 0 0 0 0 0 535 100 0
#MUFC 2013-11-10
-100 -155 -155 -155 150 150 0 1000 0 0 300 0 0 0 -333 800 0 0 0 100 0 -155 0 0 1000 0 0 0 -100 -155 0 600 -100 -100 118 -291 0 0 200 500 0 0 500 500 450 0 500 0 -100 50 0 0 0 300 266 800 800 800 0 600 300 0 262 152 0 1000 0 100 0 0 0 -100 -200 0 0 0 0 0 800 0 0 0 0 0 0 0 0 93 0 0 0 500 0 224 0 0 0 0 0 0
200 288 288 288 350 350 0 1000 0 0 766 0 0 0 666 900 0 0 125 400 0 288 0 0 500 0 0 0 200 288 0 1000 200 200 350 541 0 0 400 500 1000 0 750 1000 750 0 888 0 200 162 0 0 0 544 666 400 900 900 0 750 366 0 481 783 0 300 0 200 0 0 0 350 250 0 0 0 0 0 400 0 0 0 100 0 0 0 0 141 0 0 0 833 0 525 0 100 0 0 0 0
#AFC 2013-11-10
500 -155 -155 -155 0 458 448 650 0 0 0 0 400 50 350 0 0 350 0 225 0 0 0 125 0 0 650 0 0 0 0 0 700 0 0 0 200 0 50 0 800 0 262 0 0 87 300 0 583 0 1000 0 100 175 -24 -24 -250 200 0 0 0 0 0 0 0 0 0 0 500 0 122 50 350 0 0 0 0 0 0 0 0 0 0 0 0 0 100 366 0 200 -287 644 0 0 0 0 0 0 0 0
600 288 288 288 0 500 434 616 0 0 1000 0 200 156 412 0 0 412 0 500 0 0 0 250 0 0 700 0 1000 0 0 0 650 1000 0 0 416 0 162 0 900 0 481 0 0 387 544 0 750 0 300 0 1000 775 375 375 200 400 0 0 0 0 0 0 0 0 0 0 150 0 594 156 412 0 0 0 0 0 0 0 0 0 0 0 0 0 200 266 0 762 712 744 0 0 0 0 0 0 0 0
#Swans 2013-11-10
-400 0 380 357 0 600 0 500 402 736 662 -250 0 0 0 0 0 0 136 700 -400 250 250 -400 1000 0 0 0 0 425 0 0 0 0 0 0 0 -200 375 312 0 0 0 0 0 0 0 0 0 0 -400 316 350 0 0 136 700 0 250 136 0 0 0 0 250 433 186 0 250 100 0 100 0 0 0 133 0 150 0 0 0 0 0 0 50 0 0 -300 0 0 0 0 0 0 -300 0 0 16 0 0
600 0 550 535 0 900 0 1000 644 660 600 625 0 0 0 100 0 0 500 600 400 200 200 400 1000 0 0 0 0 750 0 0 0 450 0 1000 0 250 500 333 0 0 0 0 0 0 0 125 0 0 900 500 550 0 0 500 900 66 408 454 0 0 0 0 408 733 720 0 250 100 0 450 0 0 0 1000 0 700 0 0 0 0 0 0 150 0 0 600 0 0 0 0 0 0 600 0 0 791 1000 1000
#SCFC 2013-11-10
0 0 0 0 312 0 500 -500 833 312 0 500 0 -50 0 -300 -400 47 0 0 500 -200 0 -400 -400 0 211 211 0 800 800 400 0 0 0 0 0 0 0 0 625 -200 200 0 100 0 400 -400 600 -155 200 0 0 0 0 400 -200 200 0 -400 0 300 500 0 800 500 433 0 406 0 0 0 800 566 0 800 47 170 0 625 800 0 0 0 0 -250 500 400 0 0 -400 400 0 1000 0 375 850 543 0 175
0 0 0 0 333 0 500 1000 666 333 0 500 0 150 0 600 600 311 0 0 500 400 0 400 400 0 188 188 0 400 400 500 0 0 0 0 1000 33 0 0 687 200 700 0 100 100 400 400 1000 288 500 0 1000 0 0 700 200 700 0 400 0 550 500 0 400 500 466 0 600 0 0 0 750 700 0 400 311 454 100 891 400 0 0 0 0 550 900 408 0 0 400 416 0 750 0 325 675 625 66 308
#SAFC 2013-11-10
400 45 -450 -200 0 508 0 400 -281 750 500 0 0 -625 -178 484 1000 0 0 329 800 0 558 250 -116 300 0 0 0 625 0 976 558 700 83 325 500 -16 500 875 78 0 0 0 0 0 200 200 -200 0 0 0 250 -265 0 0 0 -79 0 158 250 250 0 0 800 0 0 0 0 0 0 0 142 0 400 -166 0 0 0 375 312 468 -400 100 0 0 0 0 150 500 -104 0 0 0 0 400 -450 133 0 -400
400 423 450 600 0 583 0 800 593 1000 600 0 0 575 485 675 300 0 1000 716 750 0 833 750 277 100 0 100 0 600 0 600 833 900 477 516 500 566 600 900 650 0 0 0 0 0 300 200 400 0 0 0 200 366 0 66 0 475 0 500 875 1000 0 1000 400 0 0 0 0 0 0 0 267 0 700 433 0 1000 0 500 333 427 400 400 0 0 0 0 150 600 266 0 125 66 0 800 500 166 0 400
#MCFC 2013-11-10
-100 -377 0 -49 0 0 230 0 0 0 -133 0 1000 0 0 0 0 0 0 0 0 800 500 0 -400 0 0 0 0 0 0 0 0 0 0 0 -62 0 800 0 68 0 0 0 0 0 0 0 0 0 0 0 0 0 0 0 -155 0 0 0 350 -27 0 525 0 125 0 0 0 1000 0 0 0 200 0 450 0 -50 -108 0 1000 433 0 -27 500 0 0 0 83 0 175 0 -125 103 0 1000 103 103 250 0
450 544 0 750 0 0 412 0 0 0 322 0 1000 0 0 0 0 0 0 0 0 700 600 0 400 0 0 66 0 0 0 0 0 0 0 0 237 0 900 0 250 0 0 0 0 0 0 0 100 0 0 0 0 0 0 0 288 0 0 0 350 294 0 700 0 400 0 0 0 300 0 0 0 100 0 850 0 525 742 0 1000 833 0 294 833 0 0 0 83 0 625 0 375 318 0 1000 318 318 500 0
#COYS 2013-11-10
1000 800 0 0 0 350 0 875 -133 0 0 0 0 0 0 -200 0 0 0 0 0 0 0 0 0 0 0 0 0 0 556 625 0 0 133 0 0 0 0 0 0 0 0 0 0 0 0 0 0 0 0 156 0 850 0 0 -277 700 0 250 700 0 0 46 0 -156 0 125 100 0 800 0 350 1000 -800 -25 427 0 361 0 0 0 0 118 375 781 -699 0 398 616 266 0 -138 0 240 1000 266 500 600 0
1000 900 0 0 0 361 0 900 866 0 0 0 0 0 0 400 0 0 0 0 0 0 0 0 0 0 0 0 0 0 825 500 0 0 300 0 0 0 0 0 0 0 0 0 0 0 0 0 0 0 0 200 0 1000 0 0 344 600 0 200 600 0 76 771 0 400 0 250 150 0 1000 0 800 750 900 800 666 0 445 0 0 0 0 402 600 500 666 0 266 683 454 0 255 0 550 1000 455 600 550 0
#NUFC 2013-11-10
0 0 -500 0 800 600 900 0 0 0 0 0 300 0 0 800 400 300 400 285 0 312 700 0 -200 750 0 0 0 0 250 400 800 400 -100 0 562 -10 600 700 0 -35 550 500 22 812 -133 0 -71 0 0 366 0 -291 0 0 0 0 700 0 -99 0 -63 0 0 200 0 -750 0 -400 0 -394 0 250 0 -200 0 -386 170 500 0 -100 900 200 0 0 -155 200 200 633 250 0 -500 211 1000 0 500 0 0 566
750 0 1000 0 1000 1000 1000 66 0 0 0 0 500 0 0 1000 533 500 800 535 0 524 600 0 850 1000 0 0 0 0 333 500 400 400 400 0 700 96 1000 500 0 104 416 1000 533 900 188 220 142 0 0 500 0 541 0 0 0 0 600 0 850 0 227 0 0 200 0 800 0 400 0 616 0 250 0 400 0 520 454 600 0 750 1000 200 0 0 288 200 200 633 200 0 700 634 1000 0 900 0 0 833
#ncfc 2013-11-09
136 -333 0 75 600 18 300 250 500 0 575 0 0 625 0 0 0 0 -250 700 1000 500 -125 121 0 0 -125 500 150 0 0 0 0 570 26 0 0 -645 -161 233 -266 0 0 0 0 0 0 566 0 405 0 0 0 0 -400 0 0 -250 -13 600 0 0 68 0 100 0 -296 0 -500 0 150 0 0 0 0 0 -250 0 224 68 250 375 -168 -33 0 0 0 133 0 2 0 285 0 0 0 1000 0 0 0 0
477 500 0 350 600 427 200 300 500 0 475 0 0 500 0 0 0 0 1000 616 1000 500 375 437 100 0 375 500 333 0 0 0 0 436 306 0 0 875 438 466 600 0 0 0 0 0 0 616 0 611 1000 0 625 0 400 0 0 250 279 600 0 0 227 0 0 0 396 250 1000 250 169 100 533 0 0 0 1000 0 441 227 500 825 450 616 0 1000 1000 772 0 447 0 535 250 250 0 1000 0 0 0 0
#WHUFC 2013-11-09
136 0 0 500 0 0 433 170 441 1000 400 500 0 0 1000 1000 0 -83 0 -400 0 0 0 750 0 750 0 1000 0 -24 0 0 0 0 0 0 300 333 0 0 -237 0 0 500 0 600 400 312 800 375 350 0 600 200 250 0 0 0 0 100 0 0 0 0 0 99 0 0 0 0 383 244 0 0 0 285 0 -400 144 500 250 0 0 875 1000 0 170 0 300 0 -400 0 0 0 0 0 400 0 0 0
477 0 100 600 0 0 566 454 533 300 625 900 0 100 300 300 0 33 0 400 0 0 0 900 0 900 0 300 0 250 0 0 0 0 0 0 500 566 0 0 399 0 0 150 0 900 350 333 750 500 550 0 600 200 200 0 0 1000 0 300 0 0 0 250 0 433 0 0 100 0 866 578 0 0 1000 535 0 400 911 500 200 0 0 600 1000 0 454 0 750 0 700 1000 0 0 0 0 1000 0 0 0
#AVFC 2013-11-09
136 50 100 0 100 100 100 -38 700 100 300 -400 400 -131 1000 250 500 200 1000 0 1000 0 0 1000 800 166 136 0 0 0 350 0 0 0 0 0 136 136 0 0 0 200 0 214 285 177 -62 100 0 0 0 100 0 100 100 200 158 100 0 350 -250 500 750 0 0 100 0 0 285 0 250 -500 49 75 400 500 366 250 166 300 0 0 0 550 400 500 500 0 101 100 58 0 0 250 0 150 -175 275 400 0
477 350 400 0 250 250 250 711 600 400 650 400 1000 427 300 461 200 200 300 0 300 0 0 300 400 688 454 0 0 0 500 0 0 0 0 0 454 454 0 0 0 500 0 571 535 452 800 400 0 0 0 400 0 400 400 500 633 400 0 300 400 888 650 0 0 350 0 0 535 0 200 666 783 512 500 900 722 500 600 500 783 0 0 600 647 350 888 0 296 400 533 0 0 250 0 233 550 500 800 0
#cardiffcity 2013-11-09
650 16 650 0 333 0 406 -312 0 400 -874 400 500 312 0 283 -312 0 500 0 0 349 0 565 200 250 0 0 400 0 0 0 0 250 0 0 50 0 0 0 0 0 100 0 0 0 0 0 0 700 400 400 0 330 0 625 0 -100 475 450 0 0 0 0 0 0 0 250 0 0 0 300 0 0 0 0 0 125 0 0 136 0 0 0 0 0 400 416 0 416 700 750 0 700 0 0 -500 0 0 0
950 344 950 0 366 0 366 1000 0 647 666 1000 800 333 0 799 1000 0 150 0 0 666 0 575 300 408 0 283 800 0 0 0 1000 750 0 0 200 0 0 0 0 0 100 0 0 0 0 0 0 700 233 233 0 520 0 500 0 397 875 700 0 0 0 0 0 0 0 200 0 100 0 500 0 0 0 0 0 166 0 0 454 0 0 0 100 500 700 500 0 500 700 937 0 700 0 0 1000 0 100 0
#CFC 2013-11-09
0 0 136 0 0 200 200 0 976 800 0 0 0 0 0 0 0 0 0 0 233 0 0 0 976 976 216 160 -250 -250 0 0 0 500 0 800 0 650 0 49 0 0 0 400 136 650 650 1000 116 766 0 0 -400 0 0 0 500 375 285 0 354 0 300 0 136 900 500 0 0 0 0 0 0 0 0 500 0 0 600 0 0 375 0 500 800 0 250 400 0 0 0 0 324 600 250 285 0 0 285 0
0 0 477 0 100 500 200 0 1000 750 0 0 0 0 0 0 0 0 0 0 266 100 0 0 900 500 516 539 350 350 0 0 0 600 0 1000 0 600 0 450 0 0 0 375 500 600 450 1000 383 600 0 0 400 0 0 0 900 500 535 500 583 0 283 100 454 1000 600 333 0 500 0 0 0 0 0 500 0 0 350 0 0 644 0 500 400 0 375 375 0 0 0 400 366 800 250 535 0 0 535 0
#WBA 2013-11-09
136 0 0 -200 0 87 0 0 0 -50 -50 0 0 -200 -225 341 500 0 0 -200 -66 0 700 700 100 -800 700 -200 0 -400 -33 0 -162 400 424 125 600 337 0 266 0 -66 375 -50 285 0 0 166 0 0 400 0 89 250 266 49 0 400 216 0 0 400 0 400 0 0 -150 -500 0 -400 0 437 400 0 75 0 400 0 0 -125 0 400 750 625 -400 224 0 0 -225 0 0 0 0 -25 700 500 281 0 500 625
477 0 0 50 0 750 0 0 0 400 400 0 0 50 500 616 875 0 0 50 300 0 600 600 200 900 600 50 0 400 433 0 399 375 583 625 825 662 0 700 0 300 675 400 535 0 0 583 0 66 500 1000 373 211 666 600 0 250 577 0 0 1000 225 400 0 0 350 1000 0 400 0 300 400 0 296 0 400 0 0 375 0 400 700 1000 400 700 0 0 775 0 0 0 0 200 600 500 229 750 1000 1000
#CPFC 2013-11-09
375 0 136 0 357 500 550 0 0 62 -500 0 71 500 -155 0 -180 0 0 70 70 0 150 116 225 150 245 500 50 150 0 0 -100 333 750 0 179 -666 250 250 0 0 433 0 0 600 136 250 800 400 0 408 166 0 136 212 -799 0 0 0 0 100 -250 -32 0 399 0 0 0 0 0 0 100 0 500 0 -20 -500 0 0 312 0 375 0 0 350 0 0 0 0 0 0 0 278 0 -133 0 -200 0 386
750 0 477 0 535 1000 550 0 0 275 1000 0 463 500 288 0 227 0 0 616 616 0 850 444 575 233 361 500 350 233 0 0 900 500 449 0 380 900 200 200 0 0 255 0 0 900 454 333 400 500 0 933 666 0 454 318 1000 0 100 0 0 100 1000 250 0 400 0 0 100 0 0 0 450 0 150 0 500 1000 0 0 333 0 500 0 0 550 0 0 0 0 0 0 0 418 0 488 0 233 0 622
#EFC 2013-11-09
136 250 500 0 475 0 0 0 437 0 1000 -250 500 -250 700 0 200 325 0 -400 0 600 400 -250 0 -200 -200 0 0 1000 0 466 500 200 -200 -200 600 0 -600 -50 0 0 500 0 500 0 1000 350 -200 1000 0 390 1000 1000 0 462 0 250 0 136 -200 216 0 -333 0 100 0 0 0 50 -111 250 0 0 813 -120 0 0 0 416 600 -150 0 325 614 0 350 66 0 0 -400 700 0 500 -400 25 0 500 -200 0
477 533 600 0 400 0 0 0 875 0 300 550 833 550 600 0 200 616 0 400 0 950 350 550 0 50 50 0 0 1000 500 799 500 200 50 50 575 33 800 150 0 0 700 0 600 0 300 650 50 300 500 333 300 300 0 595 0 750 0 454 800 500 0 583 0 1000 0 0 0 547 611 500 0 0 666 645 600 0 0 666 900 399 0 625 296 0 600 474 0 0 400 900 0 500 400 950 0 1000 679 0
#LFC 2013-11-09
800 0 0 350 243 136 800 525 0 0 136 0 233 -18 0 0 0 312 200 0 0 0 200 136 0 200 0 0 0 400 525 0 0 136 111 0 600 800 600 -333 0 0 -266 500 -714 0 0 -35 0 0 -400 0 0 37 -249 0 0 0 142 0 0 318 -99 250 175 200 0 666 600 0 0 -155 400 0 390 800 0 0 0 0 0 214 0 214 0 214 0 220 500 0 -25 0 0 0 0 0 0 0 800 350
900 0 0 600 575 454 750 616 0 0 477 0 233 255 0 0 0 1000 400 0 0 0 400 454 0 400 0 0 0 375 616 0 0 500 222 0 1000 750 900 650 0 0 650 600 857 0 0 262 0 0 400 0 0 162 516 0 0 0 339 0 0 527 200 333 325 500 0 833 600 0 500 288 375 0 300 900 0 0 0 0 0 428 0 428 0 428 0 487 600 0 200 0 0 0 0 0 0 0 900 550
#FFC 2013-11-09
0 0 0 136 0 -8 0 200 0 200 199 -33 0 0 0 220 0 0 0 214 0 0 0 100 0 0 0 49 160 285 0 0 150 -200 -187 113 583 100 -750 0 153 388 0 0 250 0 500 250 0 166 0 0 400 400 0 400 0 0 -557 68 0 0 0 0 0 0 0 312 0 0 100 83 0 0 0 0 0 100 0 750 400 414 0 0 -244 0 500 0 -125 0 375 0 0 266 -100 0 133 0 0 282
0 0 0 477 0 141 0 500 0 500 666 200 0 0 0 487 0 0 0 428 0 0 0 100 0 0 0 550 539 535 0 0 483 233 500 306 700 400 1000 100 310 555 0 0 200 0 500 333 0 866 0 0 400 400 0 700 0 0 778 727 0 0 0 0 0 0 0 333 0 0 100 533 0 0 0 0 0 100 0 944 400 679 0 0 683 0 500 0 375 0 566 0 0 133 600 0 633 0 0 578
#SaintsFC 2013-11-09
136 0 0 0 125 725 0 22 450 16 200 112 1000 0 0 350 812 350 0 0 0 -400 -400 0 0 800 316 0 0 350 0 375 700 500 0 366 500 0 0 0 283 0 0 642 216 0 625 625 600 375 0 68 700 291 350 800 -97 0 0 0 -50 350 0 250 0 500 625 0 150 0 0 -49 -50 0 0 -357 -750 -187 350 0 1000 875 -312 400 0 0 800 400 -200 0 750 200 400 562 0 36 588 49 156 250
477 0 0 0 156 916 0 294 450 255 100 849 1000 0 0 650 944 650 0 0 0 400 400 0 0 750 633 0 0 550 66 420 900 600 0 666 750 0 0 0 344 0 0 417 244 95 600 600 933 275 0 227 700 570 625 750 400 0 0 0 400 650 0 750 0 650 1000 0 666 0 0 700 400 0 0 678 1000 500 500 125 1000 600 687 750 0 0 1000 408 950 0 900 300 494 750 66 97 400 700 339 900
#hcafc 2013-11-09
492 0 0 -400 0 0 200 100 -100 0 0 -277 -124 68 133 0 0 0 1000 350 -66 0 166 200 1000 400 0 -699 -274 200 0 0 500 592 0 -500 -312 -375 500 0 -125 0 166 0 0 400 0 520 0 -475 500 -155 333 0 0 0 0 0 -195 0 -150 200 0 0 -549 -500 200 0 36 158 0 0 0 -350 600 0 62 0 -291 100 500 0 -699 376 0 666 0 0 125 229 0 87 -285 0 91 425 400 0 114 500
567 0 0 400 0 0 300 400 725 125 0 444 950 727 300 0 650 0 1000 550 700 0 366 700 400 1000 0 666 799 200 1000 0 500 646 0 550 800 799 575 0 375 0 296 100 0 1000 0 500 0 900 888 288 600 0 500 0 1000 0 466 0 200 200 1000 0 633 750 500 0 497 483 0 0 0 600 825 0 500 0 541 950 500 0 666 500 0 616 125 0 750 372 66 875 318 0 458 875 1000 0 396 500
#cardiffcity 2013-11-03
125 125 0 0 0 -58 -62 0 0 0 -75 250 0 -62 100 0 -400 250 0 0 900 0 0 0 0 0 0 500 251 0 0 875 250 0 0 166 500 200 312 0 300 0 -399 0 0 200 0 0 0 0 0 0 0 0 500 0 400 -200 0 -400 0 106 550 269 419 -200 0 0 0 0 250 140 0 357 250 133 800 0 250 0 0 166 200 -400 0 200 -400 350 0 350 0 350 0 0 250 158 0 0 600 -200
100 100 0 0 650 250 187 0 0 0 500 500 0 237 400 0 650 200 0 0 750 0 0 0 0 0 0 900 472 0 0 600 500 100 0 833 500 500 333 0 750 0 500 0 0 500 0 0 0 0 0 0 0 0 1000 0 400 100 0 400 0 366 750 580 653 300 0 1000 0 0 333 277 0 571 333 633 750 0 333 0 66 666 500 400 0 100 400 650 0 650 0 650 0 0 250 625 0 0 1000 300
#Swans 2013-11-03
0 0 0 0 125 425 0 0 0 239 0 357 0 0 -700 0 0 -75 0 0 0 285 0 -62 650 250 -500 99 -125 100 300 -400 -125 250 250 312 0 283 0 0 -125 312 0 0 0 500 0 283 0 800 -16 0 0 0 0 400 400 400 -155 0 0 250 136 0 0 0 100 0 -600 -155 0 0 0 136 0 0 125 0 850 875 0 0 0 0 0 0 0 0 0 0 0 136 0 0 0 0 -200 875 0 0
0 0 0 0 400 500 0 0 0 625 50 571 0 0 700 0 0 500 0 0 0 535 0 237 500 200 500 549 125 0 750 400 125 333 500 333 0 591 66 0 125 250 0 0 0 500 0 591 66 400 550 0 0 0 0 600 600 600 288 300 0 550 500 0 0 0 800 0 1000 288 0 0 0 500 0 1000 166 0 1000 600 0 0 0 0 0 0 0 0 0 0 0 500 66 0 0 0 300 600 0 0
#EFC 2013-11-03
500 0 0 366 0 366 -291 550 0 0 0 400 700 -400 -400 0 200 136 0 0 -300 275 455 506 0 0 166 125 150 0 416 250 -125 0 0 -145 555 0 700 1000 850 -62 -62 490 -150 450 -240 0 0 0 437 437 437 -699 0 0 0 0 600 -15 -500 1000 0 1000 0 -300 0 0 0 390 238 550 0 125 500 200 68 1000 100 0 433 0 0 68 316 78 100 700 0 -400 400 333 0 600 0 700 50 0 400 -400
1000 125 0 700 0 700 541 550 0 0 0 400 600 400 400 0 400 454 0 0 450 375 712 466 0 0 300 166 500 0 666 333 375 0 50 595 449 0 750 300 1000 237 237 676 249 462 500 1000 0 0 570 570 570 666 0 0 0 0 450 415 400 1000 0 1000 0 950 0 0 125 300 357 650 0 400 500 300 727 300 300 0 733 0 0 727 466 325 400 600 0 400 900 355 780 600 0 800 450 66 900 400
#COYS 2013-11-03
0 0 125 250 0 261 0 250 0 1000 49 -81 100 0 0 0 0 0 49 600 325 533 0 0 350 1000 150 1000 -312 99 1000 500 -291 647 1000 0 500 136 350 149 -300 -250 800 0 0 0 -150 0 0 -87 250 500 350 0 0 250 359 1000 102 205 0 -291 250 0 0 -155 0 493 200 -166 49 0 625 625 0 625 0 312 0 0 0 0 100 -500 0 21 407 1000 0 0 -500 101 52 600 0 0 330 644 6 412
0 0 400 1000 500 745 0 800 0 1000 550 527 300 0 0 0 0 0 550 700 616 500 0 0 600 300 554 300 687 400 1000 1000 541 601 1000 0 590 454 333 600 400 800 1000 0 0 0 0 0 0 284 562 212 550 0 0 200 695 1000 368 916 0 541 500 0 0 288 0 618 600 333 450 0 600 900 0 600 0 300 0 0 0 0 1000 900 0 337 548 750 1000 0 900 262 463 675 0 0 679 711 491 500
#AFC 2013-11-02
0 0 0 199 0 0 -270 500 0 0 375 -12 -500 -250 0 0 0 0 199 199 500 0 214 800 -366 0 0 0 0 200 170 0 0 100 0 800 0 0 142 0 0 0 500 500 0 500 500 500 0 42 0 0 0 0 0 400 0 245 0 0 100 0 0 500 50 500 62 0 587 250 0 -999 0 0 800 0 0 0 0 0 0 0 125 0 0 0 0 0 0 0 0 0 0 17 0 0 318 260 0 400
0 0 125 199 0 0 770 500 0 0 375 0 500 1000 0 0 0 0 199 199 750 0 571 750 633 0 0 0 0 400 454 0 800 1000 0 1000 0 0 767 0 800 0 221 500 0 500 500 500 0 278 0 0 0 0 0 271 0 907 0 0 400 0 0 500 288 694 500 0 750 1000 0 1000 125 125 750 0 0 0 0 0 0 125 312 0 0 0 0 0 0 0 0 0 0 287 0 0 677 260 0 900
#LFC 2013-11-02
200 216 433 0 0 0 100 100 400 0 0 -145 500 0 0 -155 0 200 -75 200 0 0 168 0 0 216 250 0 500 150 0 -50 0 133 0 0 500 100 0 0 500 500 375 0 0 0 0 0 112 0 500 0 0 0 0 -400 0 62 250 0 250 400 800 1000 0 1000 378 0 0 0 500 -8 0 250 0 0 0 -400 -250 0 0 266 357 625 500 0 250 400 0 500 375 500 500 500 500 500 0 1000 500 390
100 616 341 0 0 0 1000 400 400 0 0 320 500 0 0 288 0 100 506 100 0 0 277 0 0 416 750 0 500 0 0 650 0 533 0 0 500 400 0 0 500 500 500 0 0 0 0 0 183 0 500 0 0 0 0 400 0 500 200 1000 200 766 750 1000 0 750 518 66 1000 0 500 233 0 1000 0 0 0 400 750 0 0 333 571 600 500 0 750 900 0 500 750 500 500 500 500 500 0 1000 500 500
#FFC 2013-11-02
0 0 0 0 0 416 145 -333 -200 0 0 0 -16 1000 0 0 -250 437 0 0 0 0 0 0 500 600 0 0 227 0 0 0 170 0 250 0 416 0 0 0 0 0 0 0 0 0 66 0 0 0 0 0 0 0 0 0 0 0 0 0 0 0 0 0 0 0 312 0 -200 800 -50 500 66 0 0 0 100 0 200 312 0 675 0 224 0 100 0 0 0 0 425 0 700 200 600 0 -62 0 0 0
0 0 650 0 0 500 541 450 50 0 0 0 566 1000 650 650 250 650 0 0 0 0 0 0 500 900 0 0 564 0 0 0 667 0 500 0 500 0 0 300 0 0 0 0 0 0 100 0 0 0 0 0 0 0 0 0 0 0 0 0 0 0 0 0 0 0 333 0 800 900 400 500 83 0 83 0 50 0 100 900 0 525 0 775 0 50 0 1000 0 0 625 0 600 900 1000 0 187 0 0 0
#MUFC 2013-11-02
500 0 500 -200 0 0 0 0 0 0 0 0 0 0 0 0 0 0 0 0 0 0 0 0 500 0 -800 50 0 0 0 200 0 0 0 700 0 -200 0 0 800 187 250 0 0 -208 -200 -650 0 -155 800 0 0 0 674 0 0 0 0 -350 0 -187 0 0 0 0 0 0 0 0 0 0 0 -50 0 0 0 0 0 0 0 0 0 0 0 0 0 0 0 0 0 0 0 0 0 0 0 0 285 285
900 0 900 400 0 0 0 0 0 0 0 0 0 0 0 0 0 0 0 0 0 0 0 0 1000 0 900 350 0 0 0 300 0 0 0 600 0 400 0 0 700 500 250 0 0 333 400 650 0 288 1000 0 0 0 483 0 0 0 0 950 0 631 0 0 0 0 0 0 0 0 0 0 0 225 0 0 0 0 0 0 0 0 0 0 0 0 0 0 0 0 0 0 0 0 0 0 0 0 535 535
#hcafc 2013-11-02
100 0 100 700 412 0 -500 0 362 0 800 0 418 0 0 0 0 0 800 0 0 0 0 0 222 0 0 900 0 300 -216 0 0 0 0 450 0 0 0 0 0 225 0 0 0 0 100 0 -200 -687 0 0 0 -200 400 0 62 0 357 0 500 0 0 800 0 133 -155 0 100 -250 -66 -500 0 -400 0 133 800 0 800 0 0 400 275 -500 0 -500 0 -199 0 -1000 0 0 0 0 0 1000 0 0 0 400
1000 0 400 883 400 0 600 0 450 0 1000 300 527 100 0 0 0 400 400 0 0 0 0 0 644 0 0 1000 0 400 333 66 1000 66 0 533 0 0 0 66 0 550 625 0 0 0 400 0 233 750 0 0 0 233 1000 0 391 0 571 500 500 0 0 400 0 505 288 0 800 250 388 400 0 700 0 405 400 0 1000 100 100 350 612 1000 0 900 0 691 0 1000 0 0 0 0 0 300 0 0 0 900
#SAFC 2013-11-02
0 0 800 325 0 0 0 0 166 0 712 250 0 600 -100 -349 0 0 0 0 0 0 700 266 0 379 0 1000 0 0 0 99 -500 150 400 -33 -200 412 500 0 -166 0 -350 0 0 170 500 300 -500 0 0 -200 0 0 0 62 533 250 0 500 250 0 0 600 142 33 0 0 1000 316 166 0 -250 500 656 300 291 50 1000 -50 0 0 0 200 -100 -200 120 0 99 0 0 178 0 0 0 -400 0 800 312 0
0 0 1000 566 0 0 0 100 466 0 625 250 0 350 50 333 0 0 0 0 0 0 750 255 0 679 550 300 0 0 0 209 900 200 1000 266 600 564 500 0 433 0 400 0 300 454 800 400 1000 0 0 200 500 0 0 375 583 512 0 600 200 0 0 625 467 133 400 0 300 575 527 400 600 212 600 100 750 512 300 449 0 0 0 300 400 0 679 0 650 66 0 468 0 0 0 400 0 1000 333 66
#MCFC 2013-11-02
0 -300 250 800 500 0 0 0 0 0 750 250 366 0 0 0 0 321 1000 800 0 0 0 0 0 350 166 0 -450 -400 766 0 -44 585 0 800 700 800 800 0 0 0 0 0 0 0 0 0 492 0 -83 0 27 0 0 500 150 0 0 0 0 0 0 492 27 0 -83 0 0 0 0 -83 0 27 0 0 0 0 39 0 0 0 0 492 0 27 0 -83 0 0 0 300 0 -166 187 0 0 0 492 27
0 350 250 700 1000 0 0 0 0 0 1000 1000 566 0 0 0 0 553 300 750 0 0 0 0 0 550 222 0 850 400 633 0 733 677 0 750 600 750 400 0 0 0 0 0 0 0 500 0 717 0 383 0 500 0 0 1000 412 0 400 0 0 500 0 717 500 0 383 0 0 0 0 383 0 500 0 0 0 0 399 0 0 500 0 717 0 500 0 383 0 0 0 500 0 122 375 0 500 0 717 500
#ncfc 2013-11-02
0 0 339 800 0 312 136 0 0 585 0 -15 0 -15 0 200 200 136 136 1000 -400 170 0 0 0 0 0 0 568 0 136 83 -300 475 0 0 250 1000 0 0 500 0 0 -400 400 -400 87 0 100 0 0 0 0 0 0 133 0 500 0 609 -48 112 0 260 136 136 0 562 136 333 0 136 136 412 136 900 136 136 -150 136 300 485 0 0 468 136 0 0 136 136 136 413 100 102 900 136 170 136 0 0
0 0 584 750 100 333 454 0 0 677 0 863 0 863 400 700 200 454 454 750 400 454 0 0 0 0 0 0 377 0 454 150 491 800 333 0 1000 1000 66 0 500 0 300 400 850 400 275 0 400 0 66 0 0 0 357 433 0 900 0 638 700 284 0 399 454 454 0 550 454 666 0 454 500 584 454 750 454 454 500 454 500 602 0 0 602 454 0 0 454 454 454 415 400 594 750 454 454 454 0 0
#SCFC 2013-11-02
781 625 250 250 360 86 0 -281 100 0 0 0 -50 0 0 86 350 -200 0 0 400 -200 500 -449 0 0 0 988 285 0 500 800 0 0 0 800 0 136 -356 500 0 0 0 0 0 1000 -155 0 50 0 50 0 100 301 0 0 800 800 0 0 0 0 85 0 0 0 0 0 500 0 -400 400 200 0 166 0 812 0 0 -400 0 0 -400 0 0 0 -200 0 0 0 0 1000 400 0 0 0 375 0 0 0
1000 600 500 500 380 321 0 533 150 0 0 0 277 0 0 485 350 400 0 300 900 200 500 733 0 450 0 625 535 0 500 1000 0 0 0 750 0 454 543 600 0 0 1000 0 0 700 288 0 1000 0 200 0 400 529 0 0 400 400 1000 0 0 0 629 0 100 0 250 0 500 0 400 650 200 0 588 0 650 0 0 400 0 633 400 0 66 0 350 0 0 0 0 1000 500 0 0 0 475 0 0 0
#SaintsFC 2013-11-02
100 -76 -77 400 350 500 0 0 100 0 750 -400 0 589 0 0 0 400 800 -150 0 0 1000 250 0 900 0 -500 0 0 400 -380 0 0 0 250 1000 800 500 800 0 -400 1000 0 0 0 -600 0 187 700 100 750 0 0 0 525 100 0 0 0 -166 0 312 -155 -300 0 -150 0 0 0 0 24 0 0 800 0 800 -75 0 0 0 0 0 -250 0 0 0 600 0 24 250 41 333 -400 100 0 0 0 250 0
1000 269 194 400 800 600 0 0 200 0 1000 400 0 666 0 625 0 200 400 400 0 0 1000 250 0 1000 100 600 0 300 900 333 0 500 0 200 1000 1000 500 400 0 400 1000 0 0 500 900 0 600 600 233 650 0 0 0 650 800 0 0 0 300 0 333 288 600 0 300 1000 100 0 1000 225 0 0 750 66 200 366 0 0 500 0 250 1000 0 0 0 800 0 550 333 199 796 400 450 0 0 0 750 0
#WBA 2013-11-02
250 0 -125 -500 900 0 0 0 700 0 0 -16 0 0 0 616 0 0 200 0 0 200 0 200 0 0 300 0 800 400 0 0 500 0 625 500 0 0 -399 100 0 0 -250 0 300 600 0 -500 0 0 -400 136 0 -425 0 0 0 -33 0 0 -400 -156 -93 0 300 229 66 250 0 100 -500 170 0 300 0 200 800 500 250 0 100 0 500 0 200 0 200 142 0 0 300 -400 200 0 0 0 0 250 500 0
183 250 125 400 1000 0 0 0 800 0 0 566 0 0 66 583 0 66 100 0 0 200 0 200 0 0 300 0 750 1000 0 0 500 0 500 500 0 0 608 400 0 0 350 0 0 900 0 866 0 0 400 454 0 375 0 0 0 466 0 1000 400 375 750 0 0 579 488 350 0 250 866 454 66 350 0 700 900 500 700 0 250 0 500 0 100 0 100 446 0 0 100 400 200 0 0 0 0 750 500 0
#CPFC 2013-11-02
200 550 200 0 -191 0 -625 0 0 1000 300 625 0 0 0 0 0 -400 -250 0 0 0 142 -77 170 0 250 0 166 500 800 0 500 18 200 0 0 -1000 500 0 -243 250 200 452 0 -625 200 -77 412 0 0 170 500 156 0 -208 0 0 0 0 -400 1000 0 0 525 0 -375 277 133 0 0 0 0 900 0 0 148 406 0 0 0 166 0 800 285 312 300 0 -500 375 0 1000 520 250 0 0 500 0 0 500
300 700 200 0 617 0 600 0 100 300 675 600 1000 0 0 0 0 600 888 0 0 0 267 384 667 1000 1000 0 666 1000 750 0 750 727 550 50 300 1000 500 0 288 200 400 700 0 1000 200 344 400 0 0 500 500 550 0 66 0 0 0 0 600 300 0 0 500 0 962 288 300 0 500 0 100 1000 0 0 566 466 0 0 0 199 0 750 535 333 400 0 1000 500 0 300 454 450 0 0 888 0 0 233
#WHUFC 2013-11-02
600 0 0 0 0 0 0 125 0 0 0 0 0 0 0 0 0 800 266 0 185 0 -97 0 0 0 50 0 0 0 200 800 -250 0 0 0 250 0 0 337 200 66 0 0 0 677 677 0 0 0 0 0 0 0 -250 -71 0 0 312 0 375 0 -400 0 0 0 0 284 0 0 0 500 0 500 0 0 400 0 0 0 0 250 0 0 0 -291 0 0 -600 625 0 -500 136 0 -600 500 0 0 0 100
700 0 0 0 0 0 0 750 0 0 0 0 0 0 0 0 0 1000 500 0 205 0 194 300 0 0 433 0 300 0 250 400 250 0 0 0 200 0 100 687 200 593 0 0 0 577 577 100 0 0 0 0 0 0 183 214 533 0 333 0 500 0 400 0 0 0 0 545 0 0 1000 750 0 150 0 0 1000 0 0 0 700 200 125 0 0 541 0 0 800 800 0 500 454 0 800 500 0 0 400 650
#AVFC 2013-11-02
0 0 0 0 -375 -437 -70 -337 0 136 700 0 0 245 364 0 0 0 1000 0 500 0 158 250 125 0 0 0 158 0 0 0 449 0 0 250 158 -279 0 0 700 0 0 0 0 -133 0 0 0 0 0 0 285 -166 362 0 0 -500 0 0 0 -400 0 158 0 33 149 0 400 -133 -166 0 0 0 0 0 250 0 500 100 0 0 0 0 0 0 0 0 0 100 300 300 0 -99 0 0 0 0 0 33
0 0 66 0 462 900 400 550 0 454 600 0 0 501 516 0 0 0 300 0 694 0 633 1000 750 0 0 0 633 125 0 0 400 0 0 333 633 541 250 0 600 0 0 0 0 466 0 0 0 0 66 0 535 433 575 0 0 600 0 0 0 600 300 633 0 450 750 0 800 466 416 0 650 0 0 0 200 0 500 400 0 0 0 0 0 0 0 0 0 400 650 650 0 388 0 0 0 0 0 450
#NUFC 2013-11-02
0 0 -100 50 -200 136 0 0 0 0 0 0 0 0 0 350 0 0 0 312 0 0 168 291 357 -62 0 -600 0 -349 0 166 0 -200 175 0 0 0 0 0 520 -31 0 0 0 0 333 0 -292 812 433 0 0 0 0 -155 136 -600 250 -125 158 100 399 250 0 250 400 0 0 0 111 400 0 99 0 312 0 312 -200 -125 158 0 -200 500 350 -500 781 0 0 312 200 500 31 0 0 100 -125 158 -537 0
0 0 500 350 0 500 0 0 66 500 0 0 0 0 0 650 0 0 0 200 0 0 477 783 571 800 0 1000 0 333 0 666 0 0 275 0 66 0 0 0 666 227 0 0 0 0 633 0 699 900 450 0 0 0 0 288 454 700 250 125 633 100 500 750 66 250 200 0 0 0 555 400 0 209 0 540 0 540 800 125 633 0 800 500 466 900 600 0 0 540 100 500 156 0 0 300 125 633 733 0
#CFC 2013-11-02
1000 300 625 0 800 0 0 800 0 0 0 -500 0 0 512 500 0 -125 800 0 0 0 0 550 -750 0 166 125 0 0 0 0 0 0 0 0 0 0 0 0 500 0 362 500 160 0 0 0 0 0 0 800 0 0 136 642 -222 700 0 0 400 0 0 0 425 0 0 100 625 462 -50 0 0 0 0 0 800 800 16 500 0 125 0 800 0 -83 500 0 750 300 0 500 800 88 600 0 150 300 400 0
600 200 600 0 1000 0 0 750 0 0 0 1000 0 0 687 1000 0 966 1000 0 0 0 0 894 750 0 666 800 0 0 0 0 0 0 0 0 0 0 0 0 500 0 530 500 320 0 0 0 0 0 700 1000 0 0 454 417 513 600 0 100 1000 0 0 0 525 0 0 800 750 1000 300 0 0 0 0 0 1000 725 633 600 0 800 0 1000 0 83 1000 0 900 500 125 888 1000 687 900 0 649 550 400 0
#CFC 2013-10-27
0 0 0 0 0 136 200 0 -500 -500 0 0 0 500 0 250 200 0 0 139 0 0 0 416 500 0 750 0 0 0 0 0 0 1000 0 0 0 0 0 0 0 0 0 500 0 0 500 0 0 0 800 200 -400 -500 0 0 0 -600 0 0 166 0 0 350 0 0 0 0 0 0 0 0 0 0 0 0 0 0 -937 -400 0 0 0 0 0 0 0 0 0 0 0 0 0 0 0 -750 800 800 166 800
0 0 0 0 100 500 366 0 500 500 0 0 0 500 0 1000 200 0 0 559 0 0 0 833 500 0 1000 0 0 0 0 0 0 1000 0 0 0 0 0 0 0 0 0 500 0 700 600 0 0 0 900 575 400 500 0 0 0 900 0 0 166 0 0 550 0 0 0 0 0 0 0 666 0 0 0 0 0 0 1000 400 0 0 0 0 0 1000 0 0 0 0 0 0 0 0 0 1000 400 700 166 400
#MCFC 2013-10-27
0 1000 0 0 0 0 500 0 0 0 0 -625 0 0 0 0 625 0 -175 -600 0 -155 0 0 0 500 0 300 300 300 0 0 250 761 500 0 0 700 0 500 0 500 0 0 0 0 352 0 0 -400 -400 0 27 0 222 125 -155 300 0 0 209 0 100 750 0 0 250 0 0 0 0 500 0 0 0 500 416 0 0 0 0 0 0 0 0 0 0 0 0 49 0 200 0 250 500 0 0 0 337 0
0 300 0 0 0 0 1000 0 0 0 0 400 0 0 0 0 600 0 550 900 0 288 0 0 0 500 0 750 750 750 0 0 1000 711 566 0 0 533 0 500 0 500 0 0 0 0 778 300 0 700 600 0 500 0 400 283 288 750 0 0 351 0 900 1000 0 0 333 0 0 0 95 888 0 0 0 600 500 0 0 0 0 0 0 0 0 0 0 66 0 450 0 500 0 250 500 0 0 0 518 1000
#Swans 2013-10-27
649 416 0 0 -100 0 0 500 800 0 233 0 0 136 250 0 533 850 0 0 0 0 649 0 136 0 0 0 0 170 0 0 -96 550 0 500 0 0 -96 625 -600 0 -181 781 700 0 227 650 0 500 400 227 0 566 0 600 0 316 0 0 649 200 0 0 -200 0 0 166 0 100 200 0 271 266 0 0 0 250 399 335 0 600 500 210 291 0 406 170 136 318 -166 -150 0 0 500 390 0 0 0 0
800 500 0 0 400 0 0 900 400 0 300 0 0 454 200 0 566 1000 0 0 0 0 800 0 454 0 0 0 0 454 0 0 311 475 0 1000 1000 0 311 1000 900 0 427 400 600 0 545 866 66 1000 400 545 0 500 0 900 0 377 0 0 800 100 100 0 400 0 0 272 0 133 200 0 508 250 0 0 0 1000 166 750 0 1000 500 416 458 0 577 500 500 750 166 500 0 0 1000 1000 0 0 0 0
#WHUFC 2013-10-27
100 0 0 312 250 0 0 250 -50 0 500 0 516 0 625 0 0 400 0 50 0 400 500 300 100 0 500 425 300 300 0 0 0 266 0 0 0 500 250 0 600 0 311 0 0 0 23 493 -200 0 0 -125 170 -175 312 0 0 -87 350 -13 -200 250 0 0 -100 136 77 250 1000 -100 0 100 0 525 500 600 437 0 300 300 0 500 500 133 0 316 -200 0 0 483 0 43 600 -94 0 400 0 0 150 -500
200 0 0 333 500 0 0 500 200 0 1000 0 866 0 1000 1000 0 700 0 300 0 700 888 400 200 0 500 575 200 200 100 0 0 500 0 0 0 500 200 400 900 0 711 50 0 0 369 700 100 0 0 375 454 650 333 0 0 375 650 147 200 850 0 0 500 454 166 450 1000 500 0 300 0 875 900 900 800 0 200 200 0 500 200 266 0 377 200 0 0 541 100 637 900 666 0 250 0 0 700 1000
#COYS 2013-10-27
0 0 500 -600 0 -78 -50 398 0 0 500 0 -300 800 -300 -300 0 0 0 0 -300 0 0 -300 0 500 0 500 322 -78 0 0 29 500 937 500 0 800 0 0 0 0 -99 0 -304 0 500 0 -125 0 200 0 500 625 300 0 0 0 400 0 700 500 0 500 149 0 0 480 0 0 0 400 800 0 200 800 250 666 800 600 208 700 0 0 148 0 200 600 0 0 800 0 0 433 166 0 0 0 0 0
0 0 500 800 600 663 244 872 0 0 1000 0 600 750 600 600 0 0 0 0 600 0 0 600 0 600 0 1000 788 400 125 0 400 600 900 900 0 900 0 0 0 0 850 0 633 0 1000 0 375 0 200 0 750 1000 600 600 0 0 700 0 600 500 0 500 500 0 0 645 0 0 0 250 900 0 300 900 333 766 900 500 433 600 0 0 424 0 750 566 125 0 900 0 0 666 333 0 0 0 0 100
#hcafc 2013-10-27
143 0 0 0 0 -125 -125 517 0 0 875 100 500 -51 0 100 -62 0 0 -125 83 -600 33 550 0 0 -16 0 0 0 0 650 -35 100 0 -400 0 400 0 -79 0 133 0 -52 -250 0 250 0 116 0 0 0 -400 500 375 0 888 0 0 500 0 0 1000 111 -399 0 -600 500 0 568 -166 -250 500 0 250 0 142 600 216 -100 125 0 16 0 65 0 200 175 525 -125 0 250 0 -400 0 700 233 0 0 0
600 0 0 0 0 650 375 767 0 0 600 300 500 318 100 200 187 200 0 375 583 900 200 425 0 0 295 0 625 0 0 750 340 200 0 400 0 400 0 399 0 833 100 194 250 0 533 0 500 0 0 0 400 500 775 0 850 0 0 600 0 0 1000 555 500 0 700 900 0 381 583 500 500 0 312 1000 301 1000 366 900 750 0 766 0 412 0 400 666 750 666 0 333 0 600 0 600 283 0 0 0
#SAFC 2013-10-27
100 195 -379 0 -166 -300 0 466 0 -100 130 400 488 -83 700 0 0 0 0 166 0 -1000 399 0 -216 312 0 0 0 0 156 0 0 -300 0 0 0 800 -76 -500 500 0 300 -166 -800 0 449 0 0 1000 0 250 -399 0 0 -200 0 100 0 252 -459 0 341 833 -300 0 -50 0 0 0 0 -500 0 500 433 700 550 0 0 -208 0 212 -77 0 500 0 100 800 -349 0 750 0 312 -166 250 200 0 0 500 96
450 600 288 0 383 400 100 750 0 400 394 800 200 216 800 0 0 0 0 333 0 1000 500 0 800 333 100 0 0 0 375 0 0 400 0 0 0 400 269 733 1000 0 0 433 800 0 550 0 0 1000 1000 333 866 0 0 400 0 150 100 457 639 0 353 450 400 0 674 0 0 0 0 400 0 500 833 700 425 0 0 316 0 625 477 0 888 0 150 400 383 0 525 0 300 433 250 500 0 0 500 675
#NUFC 2013-10-27
195 0 -379 -166 0 0 0 566 0 -225 400 -400 -400 488 300 500 -50 0 100 0 0 118 136 0 187 -1000 472 -300 625 0 -66 -66 500 0 399 0 98 250 0 400 178 -300 -125 312 66 -50 -400 0 -250 0 -71 -625 0 0 650 0 0 300 3 500 -300 0 0 0 -50 0 333 0 0 -90 0 -200 0 0 0 -300 500 350 200 0 350 252 0 833 200 0 -187 -50 0 433 0 0 500 0 250 -500 500 433 0 116
600 0 288 383 0 0 0 500 0 525 800 700 700 200 200 1000 133 0 450 0 0 727 454 0 425 800 666 400 500 700 155 966 500 400 500 0 379 300 0 700 367 400 125 333 650 133 600 0 700 0 711 925 0 100 700 0 0 0 611 833 600 0 0 0 133 0 666 0 0 381 0 400 0 0 0 400 400 500 300 0 550 457 0 450 250 0 500 674 0 444 0 0 500 0 300 400 550 833 0 466
#SaintsFC 2013-10-26
317 383 650 166 -221 -976 1000 -150 625 0 500 0 0 200 0 250 400 0 500 500 0 0 976 500 0 0 -155 0 0 -200 500 350 200 0 0 0 500 350 0 0 -400 400 500 250 400 0 150 200 0 0 600 300 100 480 400 0 0 250 0 -200 600 500 0 0 307 600 300 156 0 37 0 0 250 500 250 0 625 0 -400 250 0 -200 500 0 0 0 -400 350 75 625 0 0 0 -300 0 150 333 252 781 300
497 833 700 666 766 1000 1000 399 600 0 700 400 0 200 0 437 700 0 250 500 0 0 1000 600 0 0 288 0 0 262 600 333 200 0 0 0 1000 333 0 500 400 900 600 449 400 0 100 300 0 0 250 750 400 679 233 1000 0 333 0 350 800 250 0 0 663 1000 100 900 0 700 0 0 575 250 333 0 1000 0 400 750 0 262 250 0 0 0 400 550 762 500 1000 0 0 450 0 100 500 444 600 750
#FFC 2013-10-26
136 0 0 0 0 0 0 0 160 0 500 0 0 0 0 500 0 0 600 116 0 0 0 0 600 0 0 149 343 234 -400 0 0 300 0 0 250 -96 0 0 0 750 168 0 250 250 650 66 -800 0 0 0 0 0 0 136 250 -250 0 -750 0 0 0 300 0 500 0 0 500 500 500 500 500 500 500 500 500 500 500 500 500 0 0 350 400 -400 0 250 0 0 0 0 350 -400 350 400 0 0 0 0
454 0 0 0 0 0 0 0 539 500 1000 0 0 400 0 500 0 0 1000 549 0 0 0 300 900 0 0 500 825 649 400 0 0 450 0 0 1000 322 0 0 0 400 477 0 200 494 550 133 1000 0 0 0 0 0 0 454 800 300 0 1000 38 0 0 550 0 833 0 0 900 900 900 900 900 900 900 900 900 900 900 900 900 0 0 550 1000 400 0 500 0 0 0 0 450 400 550 1000 0 0 0 0
#AVFC 2013-10-26
0 0 0 0 -388 -388 0 375 300 0 -388 0 -388 0 0 -388 -388 0 -388 300 350 0 0 333 25 0 0 0 0 0 70 0 0 0 0 -166 158 250 700 166 0 0 -225 -390 800 233 504 0 0 0 0 -200 0 800 100 0 800 0 900 0 250 -312 0 0 0 0 158 0 400 0 0 0 0 0 0 1000 562 0 205 0 125 -325 100 100 0 -125 -156 0 875 0 137 227 300 -250 0 137 416 450 -50 0
0 0 0 0 833 833 0 750 750 0 833 0 833 0 0 833 833 0 833 644 572 0 0 733 1000 0 0 0 0 0 625 0 0 0 66 166 633 1000 600 833 0 0 125 200 700 674 600 0 0 0 0 0 0 1000 50 0 1000 0 525 0 350 888 0 0 0 300 633 0 400 0 0 0 0 66 1000 300 500 0 916 0 150 433 250 100 0 375 375 0 600 0 611 683 650 649 0 611 666 516 400 0
#EFC 2013-10-26
0 0 0 566 168 0 300 225 0 0 37 -202 0 0 0 0 -166 0 0 0 0 0 0 233 0 -205 0 0 0 0 0 0 0 0 100 500 -56 0 333 0 0 0 0 0 0 142 0 0 0 0 68 0 136 0 225 0 229 -364 0 -116 0 0 750 0 0 -300 0 800 0 250 500 0 300 0 0 0 0 600 700 0 0 0 0 0 0 0 0 0 133 -312 0 860 0 0 136 0 0 200 0 0
0 0 0 300 327 100 644 325 0 0 625 394 0 0 0 0 166 0 0 0 0 125 0 674 0 450 0 0 0 0 0 0 0 0 833 1000 693 0 266 0 0 0 300 0 0 267 0 50 0 1000 277 0 454 0 266 0 333 541 0 533 0 0 650 1000 0 400 100 400 0 350 500 41 688 66 66 0 0 950 600 0 0 0 0 0 0 500 0 0 466 100 0 916 0 500 454 0 0 550 0 0
#LFC 2013-10-26
400 0 -500 800 0 500 0 0 136 -800 700 500 0 400 150 0 600 0 0 0 700 -312 200 -90 -500 -125 550 0 -316 0 0 33 400 -500 0 136 297 -106 0 0 0 790 0 200 0 533 575 0 200 166 0 700 255 -166 0 162 450 -264 177 0 200 366 250 0 220 200 0 0 200 268 0 533 0 0 -66 0 0 -349 66 33 0 0 0 257 -99 366 -50 400 0 250 -150 0 200 0 1000 800 -600 -100 0 0
800 0 400 750 0 1000 0 0 454 1000 600 833 0 800 100 0 950 0 0 0 600 687 200 400 1000 456 600 0 300 0 0 699 533 1000 300 454 619 637 0 0 600 600 0 500 0 533 600 0 200 355 400 900 227 666 0 500 516 585 288 0 100 700 312 0 430 200 0 0 200 627 0 777 0 0 833 0 0 383 300 533 550 0 0 501 366 353 541 725 0 1000 750 0 500 300 1000 750 800 633 0 0
#WBA 2013-10-26
500 66 437 -649 0 0 0 150 0 400 136 -600 0 -262 -50 333 0 -338 0 0 68 -466 400 0 0 -349 -400 0 99 0 433 0 0 136 0 0 100 0 0 0 -400 0 200 0 0 0 200 625 -24 250 0 150 146 0 50 300 0 250 0 0 130 -250 0 0 0 -75 450 0 433 -394 0 -50 0 0 0 0 0 0 -125 100 29 0 0 -400 326 1000 0 156 166 -12 0 0 388 0 0 0 350 0 0 -400
1000 700 333 950 0 0 0 650 0 875 454 1000 0 438 0 666 0 549 50 0 283 533 200 0 0 395 400 0 400 100 1000 0 0 454 0 0 433 0 1000 0 400 0 200 0 0 0 500 1000 450 375 0 633 338 0 300 513 0 300 100 1000 130 1000 0 0 100 233 450 0 833 616 0 400 0 0 0 0 0 0 250 200 562 112 0 400 566 300 0 400 400 0 0 0 566 0 0 0 350 100 100 400
#MUFC 2013-10-26
343 250 0 0 136 712 0 0 250 -116 0 125 800 0 0 0 250 500 500 0 136 0 120 0 425 0 0 600 0 572 279 700 125 0 0 0 0 100 100 0 0 0 0 0 0 0 0 0 0 0 0 0 0 100 0 0 0 0 0 -312 0 0 0 218 400 800 100 700 250 0 700 0 0 0 0 -275 0 0 1000 700 0 0 -421 425 0 0 0 0 0 500 600 0 100 750 0 1000 49 0 0 0
468 800 0 0 454 950 0 0 375 700 0 400 750 0 0 0 333 525 833 0 500 0 509 0 512 0 0 900 0 550 420 925 187 0 0 0 0 200 300 0 0 0 0 0 0 0 0 0 0 0 0 0 0 200 0 0 0 0 0 687 0 0 0 277 400 1000 350 600 200 0 600 0 0 0 0 531 0 0 300 600 0 0 618 900 0 600 0 50 0 1000 433 0 200 256 750 300 925 0 0 0
#SCFC 2013-10-26
700 224 53 400 0 700 625 0 0 99 0 500 0 0 0 500 318 -650 -122 -400 800 -895 -150 -150 0 -166 0 0 0 0 0 -266 0 -150 100 415 -654 700 1000 -400 193 0 350 0 0 500 500 -857 500 0 500 -250 0 295 0 0 -283 74 -245 0 0 800 -200 0 -300 -250 -133 0 0 -750 0 100 0 0 350 -500 0 -833 0 0 0 200 0 -262 333 0 -171 500 0 231 0 0 800 416 0 136 66 -700 0 0
900 637 687 400 0 900 600 0 0 500 0 400 0 100 0 500 700 700 410 400 900 916 650 650 0 166 0 0 0 0 0 333 0 566 100 725 583 900 900 600 550 0 316 0 0 500 500 928 1000 0 475 600 0 411 0 0 655 234 699 0 0 400 355 0 300 483 437 0 0 700 0 1000 0 0 550 600 0 916 0 0 0 200 0 300 477 0 645 1000 100 500 0 0 750 500 0 500 429 700 0 500
#ncfc 2013-10-26
0 -100 500 350 -186 0 200 0 550 0 0 50 0 0 125 0 -62 0 0 66 0 384 600 500 500 166 1000 0 0 233 -325 -714 0 0 33 -83 -275 0 0 50 300 100 0 0 -714 400 0 -625 400 68 68 268 607 0 318 250 700 -466 -500 95 200 312 -91 -12 200 99 0 200 0 0 0 0 0 199 -75 0 0 700 0 1000 100 0 0 -200 -402 0 -390 250 -700 136 0 0 -700 -400 0 136 0 0 0 0
0 362 500 400 504 0 600 0 600 0 100 200 0 0 550 0 100 0 0 966 0 563 950 900 600 300 1000 0 0 466 575 857 0 0 483 266 450 0 0 200 200 600 0 0 857 900 0 900 900 227 227 677 785 100 477 300 600 508 950 211 200 333 133 575 150 700 0 100 0 0 0 100 750 533 133 0 0 600 0 400 350 0 0 200 720 0 690 750 200 454 500 0 200 400 0 454 0 0 0 0
#cardiffcity 2013-10-26
267 800 800 800 800 800 0 500 0 800 800 0 800 0 -400 200 333 0 0 800 0 0 1000 0 0 0 0 800 0 800 166 0 136 183 0 625 0 0 700 0 0 100 0 50 0 800 166 800 800 0 166 0 0 200 0 0 0 0 0 0 500 200 0 0 0 0 0 0 0 0 1000 250 185 0 0 375 250 0 -200 250 136 0 0 625 400 375 400 -125 0 -200 0 600 0 0 0 0 -200 0 0 200
434 400 400 400 400 400 0 900 0 400 400 500 400 0 400 400 566 0 0 400 0 0 600 0 0 0 0 400 0 400 222 0 454 216 0 500 66 0 900 0 0 300 0 183 50 400 166 400 400 0 166 0 0 200 0 0 0 0 0 0 500 500 0 0 100 0 0 0 0 0 1000 200 543 0 0 750 250 0 100 250 500 0 0 900 900 819 375 375 0 100 66 1000 0 0 0 0 400 0 0 100
#CPFC 2013-10-26
68 149 0 1000 1000 0 250 0 500 -50 500 400 0 0 0 300 0 -100 0 450 -250 0 183 293 0 41 412 0 0 38 0 29 800 0 200 136 -166 -700 -111 500 0 0 575 0 0 399 0 316 -50 0 0 250 0 250 0 400 0 -200 136 0 0 0 0 0 -174 -250 600 0 0 162 262 285 0 0 250 200 244 250 -500 200 68 0 0 -68 -50 0 150 0 -50 1000 0 -600 500 0 1000 -100 0 0 200 83
727 500 0 650 300 0 800 0 475 250 600 550 0 0 0 366 0 600 0 750 250 0 408 652 0 458 384 0 0 277 0 136 700 0 200 454 533 800 222 500 0 300 900 0 0 700 0 566 400 0 0 850 0 250 500 366 0 500 454 0 62 0 0 500 316 0 900 1000 0 337 250 535 0 0 250 200 425 200 1000 244 260 0 0 500 400 0 400 0 600 300 0 700 900 1000 300 200 0 0 450 211
#AFC 2013-10-26
0 166 1000 0 375 0 0 0 375 0 285 250 0 312 100 300 136 0 800 500 0 0 200 400 712 0 0 200 0 166 800 0 0 400 400 -200 -150 0 0 200 800 0 0 0 100 0 500 0 0 400 136 0 250 0 200 0 -99 -600 0 0 -400 -500 0 800 0 0 0 800 0 250 166 0 0 0 0 500 261 500 0 250 0 1000 0 0 0 0 0 0 0 0 0 400 0 333 250 0 0 0 0 800
0 233 1000 0 666 0 0 0 666 100 535 250 0 451 400 200 454 450 1000 600 0 0 200 200 625 0 0 200 0 166 400 0 0 200 200 200 133 0 0 100 400 0 0 100 100 0 1000 0 0 600 430 100 800 0 300 0 833 800 0 0 600 1000 0 600 0 0 0 600 0 800 666 0 0 0 0 500 678 1000 0 800 0 300 0 0 0 0 0 0 0 400 0 500 0 700 300 0 0 0 0 600
