#cardiffcity 2014-05-11
-400 0 233 0 0 0 0 350 200 0 0 0 0 500 600 0 0 0 250 100 0 -125 0 0 0 0 0 0 0 -200 0 500 0 -500 0 100 600 780 0 0 0 -77 250 200 0 0 0 0 0 0 0 0 0 0 0 0 -200 0 0 100 483 -500 0 0 100 357 283 0 0 0 0 500 150 -150 100 100 0 0 0 100 200 100 0 0 1000 0 0 400 100 0 166 100 800 -300 112 0 136 0 -150 0
400 0 255 66 0 100 0 400 200 0 0 0 0 533 800 0 500 0 1000 150 0 666 0 1000 0 0 0 0 1000 250 0 600 1000 1000 0 266 800 1000 0 0 0 477 200 200 0 0 0 0 0 0 0 0 0 0 0 316 100 0 0 141 533 475 0 0 100 535 762 0 0 0 0 850 600 600 100 100 1000 0 0 100 200 100 0 0 300 0 0 350 400 1000 320 400 1000 600 225 100 500 100 900 0
#CFC 2014-05-11
-750 0 700 0 800 305 0 0 0 0 0 0 0 700 0 0 375 0 0 0 0 0 0 136 0 700 0 0 0 0 0 0 0 500 0 0 0 0 0 800 0 0 208 0 0 0 -6 500 0 0 0 0 -99 175 200 800 250 0 0 175 350 0 0 0 0 285 0 0 0 1000 461 80 50 -125 750 0 750 0 0 0 100 -50 -266 214 0 500 -400 214 433 0 -100 -266 -400 0 0 276 0 0 500 700
1000 0 600 0 1000 566 0 0 0 0 0 0 0 600 0 0 875 0 0 0 0 0 0 454 0 600 0 0 0 0 0 0 0 894 0 0 0 0 0 1000 0 0 333 0 0 0 247 600 0 0 0 0 700 525 100 900 300 0 0 525 600 0 0 0 0 690 0 0 100 300 645 80 200 312 750 761 950 0 500 0 300 400 288 571 0 500 400 571 833 0 633 288 400 1000 0 616 0 0 1000 600
#FFC 2014-05-11
0 0 136 136 136 136 136 136 136 136 136 136 136 136 136 0 433 -175 0 136 136 136 136 136 136 136 136 136 136 136 136 136 136 136 136 136 136 136 136 136 136 500 563 0 800 400 300 62 -322 500 88 375 -600 -25 -500 122 399 0 0 563 -291 200 0 0 0 0 800 505 100 375 -400 0 350 0 0 0 0 449 437 160 0 0 136 0 0 400 0 0 0 100 166 0 350 0 -1000 135 136 600 0 0
750 0 454 454 454 454 454 454 454 454 454 454 454 454 454 0 733 175 0 454 454 454 454 454 454 454 454 454 454 454 454 454 454 454 454 454 454 454 454 454 454 833 953 0 1000 900 383 375 433 500 394 875 900 549 1000 641 400 0 0 953 700 200 1000 0 0 0 400 527 400 875 400 0 650 0 0 0 0 450 300 539 0 0 454 125 125 800 0 0 0 400 666 0 300 0 900 375 454 900 0 0
#CPFC 2014-05-11
152 0 0 0 0 136 -400 0 500 0 500 0 -150 33 0 312 0 252 390 250 0 390 200 312 1000 200 600 0 0 20 0 800 800 300 0 0 -77 0 -200 500 0 -291 700 86 400 0 375 333 0 0 468 -349 0 800 -600 283 400 276 0 175 -400 -400 0 -275 425 -154 300 -400 50 0 390 0 309 0 0 585 200 0 0 0 135 0 -232 400 175 0 0 500 125 400 0 0 800 350 -250 187 0 62 0 1000
644 0 0 0 0 454 700 0 600 0 833 0 750 188 0 1000 825 472 350 312 0 1000 100 1000 750 200 950 0 0 354 0 750 750 425 0 0 144 0 0 600 0 700 800 672 900 0 1000 133 0 0 750 583 0 750 800 679 900 347 0 950 400 400 0 700 625 952 700 700 483 0 625 0 684 0 0 750 825 0 95 66 375 0 928 900 950 1000 1000 825 166 900 0 0 750 300 200 750 0 750 0 600
#hcafc 2014-05-11
0 0 400 550 600 900 500 0 0 -291 156 900 100 500 0 194 0 0 366 0 0 -125 0 0 0 -100 0 148 135 0 0 0 500 0 0 416 0 800 166 168 -149 0 -156 100 0 167 0 0 -55 50 250 0 266 266 -55 500 800 800 0 0 0 0 -200 0 0 33 0 266 0 250 350 0 0 0 -250 0 0 400 166 0 0 0 -125 266 0 0 -416 0 0 -174 -93 66 0 428 0 0 0 0 -131 -400
0 1000 800 950 1000 1000 150 0 0 700 625 1000 300 600 0 780 1000 1000 466 1000 0 375 0 0 0 50 0 329 375 0 1000 0 500 0 1000 500 0 1000 166 750 638 678 125 400 1000 430 0 0 388 83 450 0 799 799 677 900 400 400 0 0 0 0 50 0 0 88 0 600 0 750 520 0 0 1000 450 0 0 400 241 533 0 0 125 600 0 0 666 1000 0 950 750 199 0 735 0 0 100 0 450 400
#EFC 2014-05-11
170 0 250 -600 375 0 328 578 0 0 160 500 0 267 0 250 100 0 0 0 266 200 500 200 0 500 0 0 500 -291 750 -125 500 500 500 234 700 0 -200 -500 0 0 0 0 0 312 0 136 -200 0 0 -27 0 0 0 0 875 0 0 281 375 0 0 65 0 0 0 0 0 0 0 266 0 0 500 -62 0 -459 0 600 0 0 0 0 135 312 0 0 0 -107 0 100 100 100 100 0 0 0 500 500
454 0 416 800 500 0 385 485 0 633 539 1000 0 439 0 300 1000 0 0 1000 466 200 600 200 0 750 0 0 1000 700 800 944 500 500 500 643 1000 0 262 900 0 0 0 0 0 500 0 454 233 0 0 244 100 0 0 0 600 0 0 552 500 0 0 461 0 0 0 0 0 0 400 633 66 500 500 237 400 493 100 650 100 0 0 0 375 250 0 0 0 185 0 300 300 300 300 0 0 0 1000 1000
#LFC 2014-05-11
150 0 0 -93 100 18 0 168 480 800 0 0 0 -50 0 0 0 -357 0 0 0 0 0 93 0 0 0 1000 -41 -133 -600 425 250 0 0 0 300 -155 -400 350 168 0 0 136 500 500 781 -125 0 0 -400 -268 976 0 0 0 0 0 0 0 625 578 -200 425 0 136 0 0 150 700 1000 400 0 -194 0 200 0 -800 136 0 525 0 0 571 300 0 312 206 0 0 1000 800 416 391 0 -125 0 0 1000 125
700 0 66 400 100 525 800 300 470 1000 0 0 50 50 0 0 0 428 0 0 0 0 0 925 0 0 0 300 483 783 400 1000 250 0 0 0 575 288 600 550 702 0 0 454 475 1000 500 375 0 0 400 450 500 0 0 0 0 0 0 0 600 485 700 216 0 454 0 0 399 600 600 500 0 288 0 100 0 900 454 100 1000 0 66 575 100 0 300 173 1000 0 300 750 799 641 0 375 0 0 1000 1000
#NUFC 2014-05-11
4 0 0 0 -400 -1000 1000 0 0 350 0 178 0 292 350 -100 0 1000 350 0 350 5 0 -168 -200 578 0 350 500 1000 143 0 0 0 31 -781 -600 800 300 513 0 354 0 200 0 0 -1000 0 0 0 0 0 219 533 350 400 0 318 200 300 900 250 500 318 312 -99 242 0 0 -29 0 100 150 0 0 0 333 -543 0 800 -250 0 137 216 0 0 266 -116 169 0 -49 56 0 -200 125 0 -600 0 166 0
533 0 0 0 400 1000 300 0 0 550 0 335 0 729 550 500 0 1000 550 0 550 538 0 312 500 485 0 550 625 1000 493 0 0 0 556 600 1000 1000 450 772 0 779 0 275 0 0 1000 0 833 823 0 400 590 558 350 800 0 477 400 500 1000 275 500 477 551 400 370 0 0 600 0 400 875 1000 0 0 629 854 0 750 900 0 650 383 0 0 466 283 710 0 344 387 0 700 333 0 800 0 188 66
#MCFC 2014-05-11
0 0 0 316 700 0 0 0 0 -600 0 0 0 0 0 291 -250 866 0 464 0 0 450 0 500 0 0 0 466 246 0 0 200 0 0 466 -200 233 0 350 0 0 350 0 0 0 0 350 350 200 1000 800 0 0 0 875 0 -168 350 -25 800 400 433 -357 466 466 0 87 500 0 136 -200 0 0 0 0 500 0 0 -400 0 0 400 350 0 800 0 0 1000 200 0 500 0 500 500 0 500 0 0 0
0 0 0 708 600 0 0 0 0 400 100 0 66 66 0 466 233 866 0 433 0 0 716 0 650 0 0 0 466 512 0 0 400 0 0 466 800 233 0 650 0 0 650 0 0 0 0 650 650 900 400 400 50 0 55 600 0 312 550 75 400 250 733 478 466 466 666 383 500 0 454 100 0 0 0 0 500 0 0 400 0 0 662 550 0 400 0 0 1000 700 0 500 0 500 888 0 1000 0 0 0
#WHUFC 2014-05-11
0 0 0 0 0 300 0 246 0 0 0 136 0 0 0 533 0 0 350 0 0 266 0 250 180 500 0 0 266 500 433 218 262 250 0 0 0 0 -166 0 0 0 0 500 0 700 -200 -250 250 366 500 0 0 550 600 0 50 0 600 -400 900 0 495 0 400 0 0 -90 -1000 -175 250 114 0 200 0 500 0 166 0 0 100 0 233 0 200 0 0 136 -262 0 550 250 0 0 0 -400 0 0 0 0
125 0 0 0 0 100 0 512 0 0 100 454 0 0 0 500 0 0 650 0 0 466 0 250 539 900 0 0 466 900 766 493 812 250 0 1000 0 1000 66 0 0 0 0 750 0 200 350 450 300 566 900 0 1000 900 1000 0 100 300 1000 400 400 1000 561 0 800 0 0 636 900 175 333 512 0 450 0 900 1000 733 66 0 200 0 308 750 500 0 0 500 800 300 700 500 0 0 0 400 0 700 0 100
#ncfc 2014-05-11
700 0 -137 350 800 -300 -75 562 136 350 0 0 0 0 500 20 0 0 136 193 600 600 0 -500 300 1000 333 350 136 500 250 976 375 0 250 0 0 0 0 0 -166 250 -291 166 -500 8 0 0 0 0 0 333 250 0 0 0 341 0 100 0 250 0 0 -85 100 0 0 0 0 0 -250 71 0 -194 200 1000 457 250 500 -222 49 -156 -375 700 300 450 -155 -388 350 0 250 -62 -80 0 -312 0 136 -200 400 0
600 0 366 650 700 900 700 550 454 300 0 33 0 0 500 480 0 0 454 300 1000 250 0 600 0 400 666 300 454 888 274 500 449 0 333 0 300 0 0 0 300 550 700 277 1000 291 0 444 0 0 0 433 500 500 0 0 633 0 600 0 500 0 0 129 100 0 66 0 0 0 888 184 0 288 100 600 735 1000 888 444 719 393 700 950 200 600 288 833 650 0 1000 750 540 0 687 0 500 700 450 408
#AFC 2014-05-11
0 0 0 0 0 550 0 0 0 0 550 0 976 200 200 200 0 0 0 0 0 359 0 0 0 0 1000 500 0 -610 100 0 0 0 450 0 450 450 0 0 200 500 500 100 400 0 100 0 700 375 459 136 -400 0 0 0 0 0 600 500 0 0 0 0 43 0 0 399 -62 0 1000 600 0 136 0 100 0 0 0 0 0 0 136 0 50 150 0 99 150 0 0 500 0 0 136 0 43 0 0 0
0 0 0 0 0 1000 0 0 0 0 1000 766 500 300 300 300 0 0 0 0 0 442 0 0 0 0 1000 500 0 250 600 0 0 0 500 0 500 500 0 0 300 500 500 600 900 0 200 0 600 800 838 454 600 0 0 0 0 0 787 700 0 0 0 0 427 0 0 549 250 0 300 744 0 454 0 400 0 0 0 0 0 0 454 0 1000 312 0 233 391 0 1000 533 0 0 454 0 450 100 0 0
#SaintsFC 2014-05-11
-437 136 200 483 322 0 100 -500 399 200 -1000 0 284 -125 0 0 766 0 587 -78 0 200 450 0 0 800 0 -250 0 0 500 0 -400 0 400 302 0 -250 0 0 -474 0 305 0 0 850 -200 -566 45 0 900 0 -599 -23 0 -455 525 475 700 250 0 850 100 233 -155 300 0 150 0 166 250 1000 -500 568 0 600 0 151 184 300 0 466 0 0 199 0 187 400 250 266 83 308 200 400 -260 800 -260 781 -150 -400
900 454 450 783 434 0 200 1000 600 400 1000 683 288 291 0 0 750 0 618 400 0 275 550 0 0 550 0 950 0 0 694 0 400 0 400 666 0 149 0 400 777 0 518 0 0 800 200 833 184 0 875 0 783 601 400 500 616 800 600 150 0 800 200 266 288 200 0 100 0 333 333 900 400 727 0 550 0 393 263 650 400 600 0 0 405 0 400 375 333 333 229 591 200 350 488 750 533 1000 700 400
#MUFC 2014-05-11
-55 350 0 -500 0 0 0 0 81 0 450 800 0 -291 200 0 208 208 208 208 208 208 208 208 208 208 208 208 208 208 208 208 208 208 208 0 0 0 386 0 100 0 0 125 100 0 454 400 400 0 49 0 250 65 500 0 600 0 0 0 0 0 350 0 0 350 167 0 0 0 0 -250 125 200 0 0 0 0 62 350 500 0 0 0 0 0 0 0 0 0 0 0 0 0 0 0 0 0 0 400
466 300 66 800 0 0 0 50 350 0 500 900 0 541 400 0 250 250 250 250 250 250 250 250 250 250 250 250 250 250 250 250 250 250 250 0 0 50 513 0 275 0 0 366 275 0 390 700 200 0 525 0 250 807 500 0 800 0 0 0 0 0 300 0 125 300 435 0 0 0 0 150 166 250 0 0 0 0 516 300 600 333 0 0 0 0 0 0 0 0 0 0 0 0 0 0 0 0 0 550
#SAFC 2014-05-11
631 0 700 0 375 0 0 0 -300 800 0 -50 375 -63 0 0 0 -4 500 306 0 33 215 0 199 333 383 -162 600 -150 -425 200 0 -75 0 175 0 357 0 0 0 0 0 400 433 0 1000 0 -50 0 -400 0 500 500 431 0 136 -250 0 600 233 287 0 250 118 175 700 500 0 412 -50 -800 800 0 625 136 -300 0 25 200 262 312 0 -200 700 0 437 566 100 285 0 500 400 -250 250 125 0 0 400 0
517 0 800 0 475 0 0 0 900 750 0 400 100 776 0 0 0 395 600 750 0 355 517 0 750 400 578 441 1000 475 700 200 0 366 0 266 0 571 0 0 0 212 250 800 733 300 750 300 250 0 400 0 500 500 525 0 454 600 0 1000 566 275 0 333 507 300 600 500 0 525 400 800 1000 0 600 454 900 0 175 200 550 250 0 350 600 0 650 419 400 535 0 500 900 843 400 650 0 66 900 0
#Swans 2014-05-11
0 781 0 0 0 800 -187 0 900 -300 0 -400 200 700 0 0 0 125 47 0 0 0 0 781 170 -49 0 0 0 295 267 0 316 0 800 206 166 166 0 0 136 0 0 0 0 0 0 0 0 0 700 600 400 333 800 0 0 0 0 0 150 350 0 68 500 0 66 0 68 0 -300 50 0 0 0 0 0 -31 0 160 200 0 0 0 0 350 200 0 160 0 0 0 0 200 160 0 160 0 0 0
0 500 0 0 1000 700 500 66 575 400 66 400 200 600 0 0 0 175 569 0 0 0 0 500 454 1000 0 0 100 533 680 0 400 0 400 750 166 166 0 0 454 0 0 0 100 0 0 0 0 0 600 900 233 833 1000 0 0 0 0 0 275 341 1000 227 750 0 233 0 227 0 500 150 0 0 0 0 0 750 0 539 500 33 0 0 0 350 450 0 539 0 0 0 0 900 539 0 539 0 0 0
#COYS 2014-05-11
0 175 700 125 0 0 199 0 400 -250 266 0 0 -54 700 0 0 100 568 -1000 0 91 520 450 45 -66 666 0 166 0 50 0 0 0 -350 350 0 550 0 600 500 -154 354 100 175 -393 337 600 -185 800 66 0 -312 0 700 0 0 1000 0 0 0 650 0 0 0 0 250 0 200 0 199 0 500 0 316 200 0 500 0 0 0 0 0 0 0 0 494 0 0 0 677 198 0 0 0 0 333 800 0 227
100 600 600 750 0 0 416 0 400 1000 200 0 0 461 600 0 0 466 400 1000 0 358 791 775 151 646 916 0 333 0 1000 0 0 0 800 350 0 750 0 800 1000 418 770 300 275 633 662 900 251 750 500 0 500 0 600 0 0 1000 0 0 0 775 0 0 0 0 500 0 200 0 366 0 750 0 516 333 0 1000 0 0 0 0 0 0 0 0 650 0 0 0 833 725 0 0 0 500 799 900 333 545
#AVFC 2014-05-11
0 1000 0 0 0 0 -250 0 0 60 500 0 0 68 302 350 0 0 450 500 350 0 0 350 0 0 350 0 0 0 500 0 0 0 -150 0 0 200 700 200 350 250 -150 150 200 800 -24 0 -200 166 -155 250 -178 350 281 0 0 0 31 -187 337 -291 -200 0 0 -116 100 136 -25 62 -125 95 0 0 258 0 0 0 600 0 136 -200 0 50 -166 250 150 533 0 -303 0 450 16 0 -155 500 433 245 0 1000
0 700 0 0 500 0 800 0 500 462 500 0 0 227 311 650 0 500 550 195 650 0 0 650 0 0 650 66 500 0 750 0 1000 0 500 0 500 200 600 100 650 500 500 300 200 700 225 0 233 716 288 250 285 650 300 0 1000 400 400 1000 700 700 800 100 0 350 950 454 516 500 250 200 0 500 443 0 0 0 900 0 454 666 500 600 833 333 75 566 0 288 0 450 483 0 288 500 833 467 0 300
#WBA 2014-05-11
-100 0 316 0 175 30 0 144 285 800 200 0 0 -200 -400 287 0 0 -33 222 50 0 300 0 500 133 380 250 0 500 0 0 300 166 166 800 175 0 -781 0 1000 0 237 250 0 250 0 83 0 500 175 0 0 55 0 -400 -149 0 200 -200 400 0 -400 0 0 -66 0 500 500 1000 200 189 0 -125 0 600 -78 0 0 160 0 0 193 -99 -200 0 600 800 0 400 0 0 200 266 0 0 0 100 316 66
100 0 450 500 825 605 0 611 535 950 500 0 0 800 600 575 500 0 366 735 50 300 700 125 500 566 380 250 0 750 0 0 550 333 333 750 300 0 600 1000 300 0 633 200 0 283 0 837 125 888 524 0 0 355 0 700 533 750 200 350 800 0 400 500 357 400 0 500 700 1000 900 769 1000 950 0 900 446 0 0 539 1000 0 323 441 800 0 950 750 0 600 0 0 300 766 0 666 0 200 433 166
#SCFC 2014-05-11
-125 500 0 -7 0 500 100 500 0 75 0 -141 0 0 0 0 700 -77 -1000 -450 0 -272 -400 199 612 0 0 0 -50 0 225 1000 416 0 0 0 285 0 0 0 -166 0 62 0 0 0 0 0 -250 0 166 0 0 -400 500 0 0 0 562 -250 0 0 0 0 -200 -62 0 0 0 -100 649 0 0 0 500 -100 0 666 200 0 0 100 0 0 0 0 0 250 625 0 0 649 350 -316 0 160 -400 55 -131 0
250 500 0 436 1000 500 200 1000 0 525 0 358 0 0 0 0 600 144 1000 800 0 538 400 600 484 0 0 300 700 0 216 300 500 0 0 0 535 0 0 0 166 0 312 1000 0 0 0 0 750 0 166 0 0 100 500 0 0 1000 550 888 0 0 0 0 233 950 0 0 0 350 800 0 1000 0 1000 200 0 733 200 1000 0 900 0 0 0 100 0 1000 725 0 0 800 629 733 0 539 700 77 450 0
#MCFC 2014-05-07
0 0 0 0 500 0 -346 -262 0 0 -625 0 100 -625 800 0 125 687 500 0 62 49 0 0 104 800 250 0 -50 -400 0 0 203 1000 0 292 0 0 0 0 -161 316 250 -462 500 0 285 0 0 0 0 0 -100 0 0 200 -100 0 0 0 -500 0 0 0 0 0 200 0 -150 0 218 0 0 0 0 800 100 0 0 99 0 308 0 -625 300 -133 99 0 0 0 625 -16 433 0 0 400 0 650 0 600
0 100 1000 0 888 0 878 700 0 0 1000 0 383 1000 400 0 325 600 500 0 500 750 0 0 479 400 300 0 350 400 0 0 518 1000 0 100 1000 0 0 1000 269 300 500 822 500 0 535 0 0 0 100 1000 200 0 66 500 200 0 0 0 400 0 0 0 0 0 900 0 399 0 500 0 0 0 0 400 150 0 0 399 0 633 0 400 766 566 475 0 0 0 600 850 750 0 0 875 0 512 100 900
#AVFC 2014-05-07
0 380 200 800 0 -50 400 0 0 100 800 100 -250 0 100 -64 800 312 269 800 250 9 9 625 0 68 0 0 0 -600 -187 750 -49 500 250 100 0 500 625 166 0 270 0 500 0 125 715 0 250 150 0 0 650 500 150 0 0 0 350 533 500 0 -57 0 0 0 0 -250 0 433 0 700 800 0 500 0 300 0 500 0 -244 -291 0 -600 0 0 0 0 -291 0 0 0 -100 -54 -1000 200 0 0 0 800
0 292 200 400 33 400 800 0 0 675 400 400 1000 0 400 262 700 1000 347 750 350 850 850 500 1000 427 0 0 0 800 500 950 700 150 1000 1000 625 600 500 533 0 441 0 500 0 375 890 0 1000 550 0 0 649 300 550 0 0 0 449 699 600 0 928 0 0 0 0 200 0 833 0 600 400 0 470 0 750 1000 216 0 375 541 0 1000 0 0 0 0 416 0 0 0 300 418 1000 200 0 0 0 1000
#SAFC 2014-05-07
350 400 650 0 -99 0 0 0 -125 83 0 0 0 0 0 0 1000 0 1000 0 333 0 400 0 150 0 0 600 29 1000 0 400 0 0 0 0 333 50 275 100 -462 0 500 0 0 0 -33 400 -125 500 500 -300 111 0 333 0 1000 -156 -400 675 500 0 800 -488 -150 800 0 0 0 200 400 377 0 75 -155 -100 500 0 -500 1000 0 350 400 333 -62 -62 400 0 -187 406 0 -62 -62 -155 0 -250 0 812 0 666
350 800 450 0 216 0 0 0 708 633 0 0 0 0 0 0 1000 0 1000 0 541 0 800 0 488 0 0 1000 575 1000 0 375 1000 0 0 0 333 191 425 100 950 0 888 0 1000 0 443 700 700 500 500 600 455 0 549 66 1000 375 400 425 500 0 875 500 700 750 0 0 0 300 800 366 0 800 288 250 1000 0 1000 300 1000 650 800 666 437 437 375 100 500 475 0 437 437 288 253 250 0 725 0 733
#WBA 2014-05-07
0 250 -500 250 0 -125 250 0 0 170 800 1000 0 0 -62 0 0 -250 0 0 0 0 266 500 0 -500 0 1000 0 0 -166 600 48 -400 400 0 49 110 0 200 250 200 250 0 -25 0 0 0 0 -62 0 800 -291 0 -400 -250 -266 1000 100 1000 0 1000 -699 0 0 800 -50 0 -699 -166 0 0 -375 0 -200 0 250 0 0 0 500 24 0 587 0 0 -500 -312 0 0 500 800 850 200 433 0 850 500 0 -260
0 1000 400 1000 0 575 333 0 0 454 1000 1000 0 0 408 0 0 250 0 0 0 0 327 888 0 1000 0 700 0 0 166 1000 350 400 500 0 512 402 1000 400 283 100 750 0 362 0 0 66 0 237 0 400 391 0 450 750 716 300 650 400 0 300 666 0 0 900 83 0 666 433 0 0 500 0 300 0 250 100 0 0 500 900 0 875 0 0 400 1000 0 0 533 900 1000 200 505 0 400 625 1000 433
#MUFC 2014-05-06
333 200 0 0 0 350 350 -781 0 500 88 200 200 200 88 0 -216 500 175 0 0 0 0 500 775 166 33 200 0 0 0 258 277 0 0 700 0 625 850 55 0 0 0 0 0 0 0 0 0 500 0 0 0 0 0 0 0 0 0 0 0 0 0 0 0 0 0 0 0 250 209 -500 0 166 0 0 -271 -400 41 0 50 200 -300 0 125 0 0 0 -200 0 0 200 116 200 0 0 0 200 -66 250
633 900 0 0 0 650 594 1000 0 500 394 350 100 200 394 0 566 150 316 0 0 1000 0 500 866 199 466 200 125 0 0 379 600 0 0 600 0 800 800 500 0 0 0 0 0 0 0 0 0 500 0 0 0 0 0 0 0 0 0 0 0 0 0 0 0 0 0 0 0 250 588 200 0 600 0 0 648 400 66 0 587 500 366 0 500 0 0 0 0 0 0 100 549 200 0 0 0 100 388 1000
#hcafc 2014-05-06
300 0 -1000 0 0 750 -400 0 -100 0 700 0 0 -500 266 350 350 0 800 0 168 0 1000 -98 -105 493 500 422 600 1000 500 531 0 0 475 0 0 250 312 0 500 500 0 0 10 850 330 800 0 0 -200 125 0 350 0 0 83 0 0 500 -200 133 250 250 0 -250 -250 0 0 -100 300 375 400 183 0 0 212 0 0 316 0 -21 500 375 700 800 233 390 500 0 0 -97 250 250 166 500 500 0 0 666
950 1000 900 500 0 650 700 0 700 0 900 0 0 875 466 800 800 0 1000 0 277 0 500 496 422 750 150 594 900 833 750 500 1000 0 787 0 0 1000 300 500 500 500 1000 1000 760 1000 520 400 0 0 850 500 250 625 0 0 583 0 250 500 800 500 375 250 0 1000 1000 0 100 50 950 1000 500 616 0 0 350 0 1000 733 0 425 600 562 600 750 533 250 500 0 1000 180 500 450 1000 500 900 0 0 583
#CPFC 2014-05-05
16 0 500 0 433 0 0 500 0 -400 800 800 250 -175 0 0 0 0 181 0 500 750 -123 80 0 -800 0 -400 -500 -155 0 322 0 0 -273 0 466 0 0 250 250 500 0 -200 250 0 0 0 449 0 0 0 0 -101 650 0 0 0 416 125 -91 0 -700 -300 200 300 375 312 400 -600 -383 500 250 -133 -400 150 -400 0 -383 -33 125 0 0 0 375 -50 200 0 125 316 0 350 0 0 -416 150 0 -166 0 350
558 0 750 0 733 0 0 650 0 400 750 750 500 366 0 0 0 0 296 0 500 1000 604 455 0 800 0 400 1000 288 0 644 0 0 686 0 316 0 333 200 200 600 0 800 283 0 0 0 400 0 0 0 0 494 500 0 0 0 666 666 383 0 1000 200 200 100 500 333 700 700 716 600 562 633 400 425 400 0 716 266 900 0 0 0 800 1000 900 0 250 391 0 700 0 1000 666 100 0 66 0 550
#LFC 2014-05-05
166 0 800 -250 700 300 227 800 0 0 0 0 0 136 16 -500 0 0 200 0 500 1000 0 800 333 200 0 0 0 1000 412 900 -500 0 0 0 0 -300 409 -155 225 150 0 0 800 155 0 0 1000 -750 0 136 0 0 700 0 -166 0 125 446 206 0 287 200 0 250 0 136 166 -400 0 136 0 0 0 875 0 136 0 136 0 500 0 800 0 0 500 145 0 343 0 0 0 250 133 325 350 0 224 0
500 1000 400 250 600 566 545 1000 0 0 125 0 0 454 558 550 0 0 433 0 750 500 0 1000 366 200 0 0 0 1000 625 900 400 0 0 0 0 400 375 288 250 300 0 0 400 450 0 0 900 1000 0 454 0 0 600 500 166 0 491 535 461 125 350 900 1000 333 0 454 666 700 0 454 0 0 0 900 0 454 0 454 0 333 0 700 0 0 500 565 0 543 0 0 0 675 355 425 950 0 500 0
#CFC 2014-05-04
0 68 0 0 0 -125 0 700 246 100 0 0 0 200 0 0 0 0 -250 0 0 0 0 100 170 0 0 0 0 800 350 0 133 0 300 0 0 0 0 250 0 0 152 254 300 300 0 0 0 0 0 0 0 0 0 68 700 0 0 0 0 0 0 0 -97 0 99 350 -350 500 625 625 0 118 804 0 100 0 0 0 0 0 0 287 0 0 0 400 750 300 24 0 0 -50 0 0 0 -125 0 357
0 477 0 0 0 750 0 600 512 200 0 0 0 200 0 0 0 0 250 0 100 0 0 100 454 0 0 0 0 575 350 66 600 1000 700 0 0 0 0 300 0 0 577 470 750 750 0 0 0 0 0 0 0 0 0 250 600 0 0 1000 800 0 0 0 347 0 666 181 500 500 1000 1000 0 427 690 0 627 0 0 0 0 0 0 687 0 0 1000 1000 750 1000 466 1000 0 562 400 0 0 766 0 571
#ncfc 2014-05-04
133 333 593 -199 0 250 0 400 0 -400 59 420 800 650 0 -286 100 200 0 -300 700 0 0 166 200 750 0 -24 0 500 0 200 0 400 -400 433 350 -156 0 625 416 150 0 68 -500 0 0 -500 0 0 0 -20 400 466 0 12 199 29 -288 -63 0 -185 0 0 0 0 -200 0 0 214 0 0 0 0 200 800 285 75 312 430 0 0 -400 0 700 0 600 0 0 200 0 0 49 0 -500 348 0 400 0 0
600 611 400 633 0 200 0 900 0 600 713 610 1000 650 0 672 133 750 0 400 600 0 1000 283 600 675 0 300 66 900 100 400 0 700 400 666 500 375 0 900 500 625 0 575 875 600 1000 700 0 0 0 620 400 455 0 466 333 394 655 247 0 296 0 0 0 0 233 0 0 346 0 0 100 0 200 1000 535 324 750 459 0 0 400 1000 600 0 950 0 0 100 100 750 700 0 900 629 500 494 0 0
#AFC 2014-05-04
0 33 800 136 250 0 0 0 0 233 0 400 -767 125 -800 1000 533 64 0 64 64 -69 0 0 0 -62 250 -21 0 -458 -291 -400 250 333 287 333 0 600 0 0 1000 -187 -50 133 100 250 600 0 0 1000 0 800 200 0 0 0 166 1000 0 0 316 0 0 600 600 0 500 0 0 136 99 1000 0 0 0 0 700 -125 600 600 1000 -200 300 0 175 0 -200 118 -718 -200 0 -125 0 0 150 0 0 -192 -33 62
0 341 1000 454 750 0 0 1000 0 266 0 550 883 666 900 1000 399 646 0 646 646 341 500 0 100 187 750 784 0 583 966 483 500 666 687 500 0 900 0 0 300 500 400 500 150 700 900 0 0 1000 0 800 300 1000 0 500 166 1000 487 0 416 0 0 900 900 625 888 0 625 454 600 900 625 625 625 625 800 375 900 900 733 900 450 0 575 0 900 500 900 900 0 375 0 0 350 0 0 685 500 375
#WBA 2014-05-04
500 500 0 0 0 69 0 0 416 0 250 0 0 800 0 0 0 0 -250 -118 0 0 0 0 0 200 0 0 449 99 300 250 600 550 0 31 456 -106 0 0 678 600 0 142 99 272 0 137 531 -125 0 0 -250 0 150 0 -118 0 0 -400 0 0 0 136 0 366 337 0 0 600 0 0 37 0 462 0 0 0 0 68 450 83 0 108 0 0 0 0 0 0 500 0 0 0 0 0 0 0 136 78
600 500 0 0 0 347 0 0 666 1000 800 0 125 700 0 0 0 0 888 651 0 0 0 0 0 300 0 0 400 666 666 312 600 800 0 750 627 625 0 0 635 950 0 267 666 444 0 400 650 900 0 0 250 0 250 0 307 0 0 400 0 0 0 454 500 866 562 1000 0 1000 0 0 462 0 700 0 0 0 0 727 500 333 0 449 0 0 0 0 0 1000 500 0 0 0 0 0 0 0 454 525
#EFC 2014-05-03
283 580 208 0 0 0 0 402 500 278 433 100 500 200 433 66 200 133 0 -400 800 79 750 0 200 323 800 0 976 515 277 450 1000 0 0 1000 500 0 200 125 -400 549 0 0 600 0 1000 -345 100 100 -400 0 200 700 500 750 0 200 800 0 0 1000 68 335 500 69 250 566 0 0 0 0 500 0 0 138 0 0 325 0 -184 0 0 -155 -388 0 0 485 -100 -125 0 500 24 -287 49 0 216 49 0 0
549 875 702 0 166 0 0 548 888 384 833 50 600 200 833 33 200 466 0 400 400 800 700 100 400 775 400 0 888 416 490 583 300 100 0 300 666 125 400 400 400 466 0 0 600 391 400 470 950 900 400 0 100 600 500 950 0 200 400 0 0 400 252 477 900 590 300 933 0 0 158 0 1000 100 0 477 0 0 250 0 394 0 0 288 833 0 33 427 200 500 0 500 366 1000 600 0 483 600 0 0
#MCFC 2014-05-03
283 166 166 0 250 0 0 0 0 0 0 -500 0 0 0 357 0 0 133 500 -400 100 214 0 0 0 0 0 150 750 0 0 0 25 0 0 250 250 0 800 976 0 700 0 0 208 800 238 250 1000 800 0 925 0 0 0 0 0 -374 0 0 0 0 0 0 375 500 0 600 860 0 303 0 1000 333 790 0 450 -29 240 293 600 -345 0 -400 0 250 -4 100 0 100 1000 0 650 650 0 0 500 54 500
549 333 580 300 875 300 0 0 0 0 0 900 500 0 0 571 0 500 466 500 400 400 571 0 0 0 0 0 425 700 0 0 0 50 0 0 450 1000 0 400 888 0 600 0 0 166 750 357 916 300 400 0 1000 0 0 0 0 0 716 0 50 0 0 0 0 750 633 125 637 799 0 508 0 700 633 1000 0 700 611 500 400 600 470 0 400 0 450 425 400 0 0 750 0 725 687 0 0 500 670 1000
#AVFC 2014-05-03
0 -100 0 0 62 200 0 -500 0 250 312 250 0 500 -155 750 -400 -400 -200 357 400 75 0 250 125 0 0 0 500 -400 0 0 -125 500 700 0 0 -520 -50 250 -55 0 0 -155 1000 350 -200 500 533 0 166 0 -800 0 399 0 0 0 0 0 0 500 250 250 0 0 0 166 0 0 0 0 0 0 800 0 33 0 0 0 0 0 -25 0 133 0 0 0 0 -575 0 0 640 -266 0 0 500 0 0 0
0 600 0 0 500 100 0 1000 0 466 150 466 0 500 288 950 400 400 233 535 400 775 0 500 333 0 0 0 500 700 100 0 375 500 600 0 0 488 400 1000 77 0 0 288 900 333 400 500 700 0 716 0 900 0 800 0 0 500 0 0 0 500 200 200 0 0 0 333 0 0 0 0 0 0 400 0 1000 0 0 0 0 0 262 0 549 66 0 0 33 800 0 0 550 452 0 1000 1000 0 0 0
#hcafc 2014-05-03
-400 -400 -343 600 281 300 199 -500 0 0 -199 200 0 0 125 412 -250 0 0 0 0 0 25 133 433 292 0 -81 399 -150 500 900 500 0 500 -166 0 0 166 0 27 0 500 0 900 500 150 500 0 433 433 0 0 433 0 125 0 437 33 100 1000 562 -66 0 0 -400 0 0 156 0 150 333 0 600 0 500 187 0 500 500 550 0 0 150 0 200 0 65 0 125 0 0 0 50 0 19 0 -112 200 250
400 400 681 600 750 500 166 1000 1000 1000 966 200 0 0 400 350 300 0 0 0 33 0 200 766 733 875 0 695 733 637 500 1000 500 500 750 433 0 0 683 0 405 1000 950 0 1000 700 250 500 500 733 733 0 500 799 0 250 0 800 329 400 1000 500 633 0 0 600 0 0 500 0 121 796 0 700 500 888 875 0 500 650 700 0 0 650 0 400 1000 533 0 437 0 0 0 700 0 600 0 550 700 944
#MUFC 2014-05-03
0 178 0 0 649 800 0 625 766 0 0 0 0 0 0 0 0 0 0 0 0 0 0 0 0 0 -300 0 0 0 800 0 800 500 0 0 -366 0 0 274 0 0 0 0 -300 0 0 0 0 0 0 0 0 525 0 -349 0 125 0 0 0 1000 0 0 0 0 500 0 0 800 0 -155 150 100 0 0 125 0 136 0 -28 99 0 0 0 -155 1000 0 99 0 250 136 136 -155 -155 -155 266 -155 -155 -155
0 484 0 0 750 1000 0 500 933 0 0 0 0 0 0 0 0 0 0 0 0 0 0 0 0 0 400 0 0 0 1000 0 1000 500 0 0 533 0 0 630 0 0 0 0 400 0 0 500 0 0 0 0 0 666 0 833 0 125 0 0 0 1000 0 0 0 0 629 0 0 750 0 288 250 150 0 0 500 0 454 250 608 251 500 0 0 288 1000 0 251 0 283 454 454 288 288 288 633 288 288 288
#SAFC 2014-05-03
0 0 0 -200 142 100 0 266 100 250 -125 500 0 0 0 -55 366 0 0 -600 0 375 0 -350 250 250 250 250 0 850 0 -500 612 0 0 49 -18 300 0 -500 625 -187 375 400 1000 -116 0 449 161 0 132 0 312 0 375 0 0 0 68 0 0 -300 0 0 233 0 -200 0 0 400 0 500 0 0 240 200 250 0 500 -200 0 0 0 0 0 0 0 0 0 0 170 136 0 433 0 0 0 276 -200 -699
0 0 0 800 267 200 0 300 400 400 125 750 0 300 1000 186 433 62 0 900 0 466 0 425 200 200 200 200 0 800 0 1000 650 0 0 800 906 233 0 1000 500 800 462 425 1000 616 0 400 300 0 228 0 333 0 500 0 0 0 277 0 0 400 0 0 799 0 250 0 0 350 0 500 0 0 380 575 333 0 600 233 0 0 0 0 0 0 0 0 0 0 500 454 0 666 0 0 0 560 262 666
#NUFC 2014-05-03
266 0 136 0 160 -225 0 -200 312 0 0 0 0 0 -400 -250 250 0 0 231 -22 -250 0 0 225 500 0 0 0 0 0 0 -181 0 0 0 0 0 33 0 -333 0 -33 362 650 0 0 300 0 49 46 274 33 0 0 -312 -13 466 -799 -187 250 0 0 -133 0 0 112 800 12 800 0 136 0 333 -250 0 0 -55 0 0 250 0 0 200 0 0 -600 -150 449 212 83 136 0 0 250 -300 -249 0 -733 0
450 0 454 0 539 400 0 800 250 500 0 0 0 0 400 400 250 0 0 455 744 400 0 0 287 600 0 0 0 0 0 0 727 0 500 0 0 0 122 0 500 0 466 700 700 0 500 100 0 450 639 341 300 0 0 687 593 666 1000 750 469 0 0 133 0 0 325 750 351 1000 0 454 0 333 888 750 0 186 0 0 250 0 50 200 0 62 900 650 550 425 325 454 100 0 200 200 550 1000 833 0
#cardiffcity 2014-05-03
418 875 -200 312 200 -212 0 0 0 -216 0 0 0 0 0 -250 50 136 136 0 0 0 0 0 250 136 -200 136 0 250 0 300 66 0 -200 0 54 0 0 0 400 0 187 100 0 0 0 733 0 0 0 568 0 345 0 50 500 500 0 0 0 0 0 200 0 0 0 0 0 0 50 0 0 0 250 0 -62 0 0 0 0 0 -233 0 800 0 0 0 50 0 0 0 0 100 875 600 0 0 400 0
527 600 400 333 400 450 0 0 0 577 0 0 66 0 0 250 100 500 454 0 0 0 0 0 1000 454 200 500 0 450 0 450 799 0 700 0 520 0 0 0 800 0 1000 400 0 0 0 966 0 66 0 677 0 451 0 100 500 500 0 0 0 0 0 500 0 0 0 0 0 0 175 0 0 0 200 0 1000 0 0 0 0 0 561 0 750 0 0 0 100 0 0 0 0 100 600 350 0 0 200 0
#SCFC 2014-05-03
-400 -62 0 500 -200 288 297 0 0 0 0 0 0 0 0 0 -500 0 0 0 -157 0 0 700 0 0 200 -200 56 -500 562 0 65 399 213 0 250 0 250 0 800 -158 0 900 0 0 0 0 68 100 0 250 0 425 250 800 -125 433 250 27 200 0 0 -83 0 800 400 0 0 0 198 0 400 500 100 257 0 297 700 0 0 -125 0 -400 0 136 100 700 450 175 400 0 0 0 556 550 0 -600 0 700
400 1000 0 500 100 477 908 0 0 0 0 0 66 0 0 0 900 0 0 0 238 0 0 600 0 0 200 50 348 900 550 0 538 400 454 0 333 0 250 0 1000 150 1000 1000 0 0 0 0 727 150 0 250 0 525 250 1000 250 733 1000 608 300 0 0 322 0 700 800 0 0 0 797 0 700 500 400 908 0 908 600 0 0 375 0 400 0 454 400 600 550 600 800 0 0 0 666 950 0 700 0 600
#FFC 2014-05-03
0 333 0 0 0 0 0 800 0 0 0 0 -600 -400 0 -600 0 0 0 136 -145 -125 -505 0 100 200 0 -200 0 0 0 -133 200 250 0 412 0 79 0 0 0 0 0 0 0 0 0 0 100 312 -450 375 -600 0 0 0 0 0 0 0 300 250 0 266 0 0 0 433 -166 0 600 0 0 300 433 433 0 0 0 0 250 250 -155 0 0 500 230 0 600 0 0 125 0 100 0 -500 0 0 0 250
0 500 0 0 0 0 0 1000 0 0 500 0 900 400 0 900 0 0 0 454 770 600 600 0 500 549 142 800 0 0 0 372 400 200 0 350 0 580 0 0 0 0 0 0 0 0 0 0 350 333 700 500 900 0 0 125 0 0 0 0 0 200 0 399 0 0 0 733 166 0 900 0 0 450 733 733 0 0 0 0 1000 500 288 0 0 500 360 0 800 0 0 400 0 400 0 900 0 0 0 408
#Swans 2014-05-03
500 600 150 -175 1000 0 0 0 250 -150 0 -314 800 0 0 0 0 312 375 0 250 493 0 650 136 625 400 0 0 350 -97 375 375 0 0 600 0 0 125 0 125 937 0 1000 485 0 250 166 0 455 0 200 136 0 0 0 260 0 0 0 0 250 118 0 0 0 -108 0 68 68 0 -18 0 0 -125 0 116 -200 500 600 -291 0 0 250 0 500 800 0 0 0 1000 0 600 312 750 600 116 0 0 -294
550 950 350 650 1000 75 0 0 200 400 0 677 750 0 0 0 0 333 500 0 800 727 0 625 454 600 550 0 0 375 400 750 575 0 0 1000 0 0 500 0 229 900 0 1000 621 0 408 666 0 708 0 550 454 0 0 0 260 0 0 0 0 625 377 0 100 0 158 0 727 727 125 331 0 0 375 0 494 700 1000 900 541 0 0 333 0 500 1000 0 0 0 300 0 775 333 900 600 494 300 0 628
#SaintsFC 2014-05-03
250 500 0 0 250 -400 0 287 0 800 267 0 0 0 27 0 0 0 875 0 0 0 500 266 -400 312 400 250 375 406 0 0 400 0 175 -500 -43 400 0 0 625 800 300 -357 225 0 0 350 0 0 700 0 136 0 -500 0 466 0 0 -66 0 700 0 0 1000 800 0 -350 -250 0 1000 -150 0 0 412 0 150 150 0 0 500 250 0 250 0 0 250 260 0 500 0 362 0 0 650 0 0 0 50 0
283 500 0 0 283 400 0 475 1000 900 571 0 0 0 485 0 0 0 600 0 0 0 650 533 400 333 375 250 500 702 0 0 400 0 775 700 575 800 0 0 1000 750 200 461 225 0 0 300 0 0 600 0 454 1000 900 0 633 0 600 433 0 600 0 0 1000 1000 0 600 500 0 750 200 750 0 400 0 449 400 0 0 500 408 0 250 0 0 1000 720 0 1000 0 450 1000 0 950 0 0 0 250 0
#WHUFC 2014-05-03
225 437 0 62 0 250 0 1000 231 333 500 0 0 0 0 250 166 0 375 0 250 250 0 550 0 0 0 -312 -600 0 0 1000 0 0 625 0 0 0 0 0 0 0 0 -200 -83 150 700 0 83 0 0 0 0 0 0 0 0 700 0 0 0 0 0 0 100 0 136 0 -312 0 0 0 0 225 -200 -300 0 0 266 0 0 0 285 0 0 80 0 0 0 -175 250 0 800 0 800 0 0 500 0 500
650 700 0 675 0 500 0 600 633 99 900 0 0 500 0 950 966 0 750 0 200 200 0 575 0 0 312 687 800 0 0 400 0 0 900 0 100 100 0 125 0 0 100 250 333 616 600 0 633 0 0 0 100 125 0 1000 100 750 0 0 0 0 0 845 650 100 454 0 687 0 0 0 0 600 333 433 0 0 454 0 0 0 535 0 0 455 50 66 0 475 300 0 700 0 1000 0 0 500 0 900
#COYS 2014-05-03
0 0 750 0 700 0 625 0 0 -150 250 350 400 500 375 375 0 177 250 635 200 -600 416 500 525 116 0 0 0 0 133 0 0 524 62 1000 700 433 375 200 475 337 650 650 -125 0 100 0 500 306 199 200 100 606 0 0 550 375 285 349 214 390 0 500 550 375 800 0 200 310 500 -33 0 0 0 500 200 100 318 -69 139 0 150 250 -1000 233 200 0 500 0 83 8 -387 250 0 0 0 -312 -400 0
0 0 500 0 600 0 600 0 0 558 312 550 700 647 100 100 0 266 400 629 200 800 500 375 412 183 0 0 0 0 288 0 0 425 450 700 549 762 875 200 550 266 550 825 1000 0 650 0 437 498 316 575 100 833 0 0 575 562 535 666 607 375 0 500 550 200 1000 0 450 420 500 500 0 0 0 1000 200 600 727 355 200 0 250 200 1000 633 200 0 500 0 175 116 400 300 0 0 0 687 600 0
#AFC 2014-04-28
-187 800 -187 500 -62 0 0 0 0 500 0 400 0 800 500 800 0 0 0 0 0 650 0 0 0 0 350 0 0 800 800 0 0 0 732 0 192 -50 0 136 0 275 309 0 322 0 100 -400 -750 0 0 500 -291 0 -600 199 149 0 650 550 0 342 0 200 625 199 350 0 0 0 0 0 1000 500 500 0 0 0 0 0 0 0 0 0 0 483 -200 0 0 0 0 0 -400 -714 0 0 200 0 0 0
500 400 500 600 187 0 0 0 0 900 0 250 0 400 500 400 0 0 0 0 0 750 0 0 0 0 550 500 0 400 400 0 0 0 200 0 467 400 0 454 0 325 304 0 394 0 400 675 800 0 0 500 541 0 900 625 712 0 450 576 0 496 500 100 1000 525 550 0 0 0 0 0 300 500 500 0 0 0 0 0 0 0 0 0 0 783 550 0 0 125 0 100 700 857 0 0 300 0 0 0
#NUFC 2014-04-28
0 800 0 0 0 800 800 250 -125 -150 -625 0 -155 800 800 172 0 272 0 0 -150 250 625 0 0 0 0 0 0 0 0 -349 0 -1000 178 187 200 -412 0 -232 0 -175 0 0 -250 -133 0 500 0 -155 319 200 0 500 -166 330 166 0 -500 750 312 0 -525 250 0 0 -125 200 390 1000 0 0 0 0 0 -1000 -135 400 280 0 -699 -200 83 0 650 250 0 277 -250 500 150 500 -200 0 100 100 100 100 100 0
0 400 0 0 0 400 400 477 375 400 700 125 288 400 400 444 0 444 0 0 425 333 500 0 0 0 0 0 0 0 125 483 0 1000 335 1000 466 666 0 928 0 500 0 1000 750 288 0 600 0 288 473 100 0 500 333 555 666 0 200 900 484 0 700 300 550 125 312 250 900 1000 0 0 0 0 0 1000 395 400 367 0 666 200 833 0 700 506 0 522 425 600 216 900 425 0 400 400 400 400 400 125
#CPFC 2014-04-27
0 0 0 150 0 250 0 0 200 0 500 675 -75 175 0 485 494 0 0 0 66 300 0 450 0 0 -500 -80 445 0 166 0 500 250 0 625 -155 500 0 500 -50 300 0 0 0 0 0 400 0 0 0 0 375 375 312 0 0 0 0 -166 500 400 0 0 0 700 0 0 0 375 229 0 0 0 1000 -50 164 0 0 600 562 501 0 0 0 49 875 500 0 0 100 0 0 -195 233 -133 500 518 -400 0
0 0 100 300 1000 466 0 0 300 0 1000 625 350 575 0 685 661 0 0 0 533 700 50 224 0 0 533 158 551 666 500 0 800 200 0 1000 288 500 0 744 562 266 0 0 0 0 0 700 0 0 0 0 500 500 333 0 100 0 0 500 1000 550 0 0 100 600 0 0 0 400 333 1000 0 0 400 250 341 0 0 800 600 466 1000 0 0 450 600 1000 0 0 1000 0 0 200 488 333 900 750 400 0
#MCFC 2014-04-27
0 0 850 266 433 0 187 0 0 0 0 542 0 -75 800 0 0 900 0 0 266 750 233 200 0 0 0 0 0 400 0 0 800 0 0 0 49 781 75 0 -500 0 145 150 0 0 0 0 0 0 100 0 -155 350 350 0 200 0 0 0 0 0 0 0 0 0 200 0 0 600 0 500 0 1000 0 0 0 0 150 0 0 0 0 171 0 0 0 200 250 0 0 0 266 0 0 400 400 0 0 0
0 0 800 762 733 0 437 0 0 0 0 642 0 262 1000 0 0 650 0 0 762 1000 700 300 0 1000 0 0 0 375 0 0 400 0 0 0 700 500 666 0 500 0 284 200 0 0 0 0 0 0 400 0 288 550 550 0 200 0 0 0 0 0 0 0 0 0 900 0 0 900 0 500 0 300 125 0 0 0 141 0 0 0 100 267 0 0 0 300 444 0 0 0 762 0 0 650 650 0 0 0
#LFC 2014-04-27
0 0 0 0 866 0 200 -400 0 1000 0 119 600 800 0 0 775 0 0 0 375 0 500 0 156 100 0 0 0 0 0 0 0 -312 0 0 800 0 120 100 0 0 0 250 168 500 0 -699 0 0 -125 800 0 500 0 0 0 168 0 0 0 0 0 800 500 500 168 0 800 800 0 0 250 250 0 0 0 800 125 1000 -250 -166 0 0 0 0 0 500 500 0 0 0 200 1000 0 909 0 0 0 800
0 0 0 0 1000 0 500 700 0 1000 0 245 633 400 0 0 825 0 0 0 616 0 500 0 600 550 0 0 0 0 0 0 0 687 0 0 400 0 480 550 0 0 0 450 477 750 0 666 0 0 375 400 0 950 0 0 1000 477 0 0 0 0 0 400 650 1000 500 100 400 700 0 0 250 375 0 0 0 400 475 1000 250 66 0 0 0 0 0 500 500 0 0 0 500 1000 0 780 0 0 0 900
#CFC 2014-04-27
1000 0 1000 0 119 500 0 0 0 0 0 0 0 250 300 0 0 0 0 0 0 0 437 0 0 0 -291 0 0 0 -400 0 0 0 -150 0 0 0 266 -350 0 700 377 0 -166 0 0 0 0 0 800 0 68 0 0 0 0 0 0 0 -350 -233 0 68 0 0 0 0 -200 50 0 700 0 -233 -350 619 0 250 0 -166 250 200 350 -399 -799 0 400 0 0 0 0 78 300 125 0 0 0 200 0 0
1000 0 1000 0 245 666 0 0 0 0 0 0 0 800 200 0 0 0 0 0 0 1000 900 0 0 0 541 0 0 0 400 0 0 0 400 0 0 0 762 350 0 600 688 0 66 0 0 500 0 0 1000 0 227 0 500 1000 0 100 0 0 350 233 0 227 0 0 0 0 700 450 0 600 0 233 350 490 0 250 0 66 800 200 350 550 1000 0 200 0 0 0 0 384 333 400 0 0 0 500 0 0
#SAFC 2014-04-27
0 0 -400 0 250 562 166 0 1000 308 0 0 100 0 0 0 0 350 525 0 0 0 0 0 0 0 -155 500 0 0 199 -16 350 800 0 -393 -100 0 500 800 0 300 0 300 500 366 0 400 200 0 250 250 187 -550 0 0 -10 515 0 400 0 0 0 350 500 312 -258 0 0 0 600 -200 0 400 400 0 0 0 -125 875 400 0 -50 -181 400 125 0 500 295 1000 0 500 400 300 468 0 -313 0 0 0
0 0 400 650 333 756 491 0 400 233 0 66 300 0 0 100 533 850 300 0 1000 0 0 0 0 0 288 600 0 0 466 650 350 900 125 650 600 0 600 1000 0 450 0 350 475 666 0 800 900 0 200 200 500 650 0 1000 360 646 100 800 0 0 0 600 1000 333 550 0 0 0 1000 100 0 650 650 0 0 0 100 600 700 0 250 450 233 400 0 150 511 750 500 500 233 700 750 0 519 0 0 0
#cardiffcity 2014-04-27
562 533 -464 0 0 0 250 0 0 312 317 83 12 200 0 0 1000 1000 0 0 1000 0 1000 0 0 0 800 0 0 0 -33 50 0 0 144 8 -150 0 0 0 0 0 0 -500 300 0 0 0 0 -187 450 0 500 0 500 0 300 300 0 0 0 0 0 0 400 0 0 800 400 450 400 0 400 0 0 0 0 0 0 300 800 0 100 250 0 0 -250 0 0 -154 0 312 375 0 125 0 0 0 0 625
756 733 344 0 0 0 200 0 0 333 542 333 487 400 1000 0 1000 300 0 0 1000 1000 1000 0 66 0 400 0 0 0 433 100 0 0 644 433 200 0 0 0 0 0 0 1000 1000 0 0 0 0 500 650 0 500 0 500 0 1000 1000 0 0 0 0 1000 0 1000 0 0 400 700 600 350 0 1000 1000 0 0 0 0 0 900 1000 0 400 1000 0 0 250 0 0 695 0 333 500 0 150 0 0 0 0 400
#MUFC 2014-04-26
500 333 0 500 0 500 0 0 625 0 733 0 0 0 0 183 0 700 0 500 468 0 -250 0 800 0 0 0 0 136 -316 0 800 0 733 700 800 600 800 0 500 0 525 0 0 800 0 1000 87 600 0 -500 1000 -600 500 87 800 800 0 0 116 800 0 62 1000 1000 372 0 0 -250 0 312 0 373 250 0 800 0 400 0 0 0 0 0 0 0 0 0 0 0 0 0 0 0 0 0 0 0 0 0
600 833 0 500 0 500 0 0 562 0 650 0 0 0 0 500 0 600 0 1000 577 0 500 0 1000 0 0 0 0 454 300 0 875 0 650 600 700 600 750 0 500 0 524 0 0 1000 0 1000 364 600 0 1000 1000 900 500 175 750 1000 0 0 516 1000 0 500 1000 1000 644 0 0 888 0 550 0 695 500 0 1000 0 900 0 0 0 0 0 0 0 0 0 0 0 0 0 0 0 0 0 0 0 0 0
#ncfc 2014-04-26
800 0 0 0 625 350 0 0 800 112 300 649 -12 541 500 0 0 0 166 0 300 0 0 500 0 800 281 0 0 800 -300 0 49 0 800 0 0 500 0 212 500 0 250 416 500 800 281 0 0 800 0 0 0 500 400 136 0 -250 0 0 650 0 0 0 -500 333 0 250 -400 233 0 800 0 250 1000 0 -300 0 -400 0 -750 350 170 0 0 0 0 100 0 400 800 200 0 478 0 483 0 0 0 200
750 0 0 0 600 650 0 0 1000 450 550 900 425 462 900 0 0 0 166 0 550 1000 0 900 0 1000 950 0 0 1000 600 0 800 0 400 0 0 500 0 484 1000 0 200 500 750 1000 700 0 0 750 0 0 0 900 250 454 0 250 0 0 675 0 0 0 866 650 0 506 400 700 0 750 0 500 300 0 600 0 400 0 1000 500 416 0 0 0 1000 200 0 400 750 700 0 668 0 433 0 0 0 500
#FFC 2014-04-26
-200 0 0 0 0 0 0 0 0 0 0 0 0 0 0 0 900 0 500 0 0 0 0 0 0 0 375 0 300 250 250 100 -500 0 333 -400 -2 0 250 0 -833 200 0 100 -390 200 -199 -100 312 0 0 0 1000 0 0 0 -312 0 -133 -83 0 0 416 0 0 0 0 0 400 400 400 0 125 92 0 909 500 0 0 0 0 0 0 0 0 68 0 0 0 0 0 -600 500 0 322 0 -400 0 500 166
300 0 0 0 0 0 0 0 0 0 0 0 0 0 0 0 1000 0 500 0 0 0 0 0 0 0 900 0 400 200 300 512 299 0 500 600 469 0 300 0 1000 500 0 200 200 300 449 250 333 0 0 0 900 0 0 0 1000 0 300 516 300 0 500 0 0 0 0 0 400 400 700 0 666 468 0 780 1000 0 0 0 0 0 0 300 0 265 0 0 0 0 0 950 500 0 344 0 350 0 150 700
#hcafc 2014-04-26
0 687 166 166 0 -400 350 100 100 520 0 -166 100 -133 356 33 0 -24 0 0 -300 750 0 416 0 500 0 500 -150 -500 0 0 0 700 228 357 0 0 0 -366 -166 312 0 -62 0 0 0 0 -25 358 0 0 0 200 0 0 0 100 0 0 0 500 100 333 -400 0 -312 0 0 0 700 0 -125 295 333 0 0 0 0 0 266 250 550 62 37 700 50 0 0 -200 -200 0 0 0 -200 0 0 -50 0 0
0 744 166 166 0 700 437 491 491 500 0 600 150 900 770 766 428 544 0 0 450 1000 0 500 0 1000 0 950 200 700 0 100 0 600 767 571 0 0 0 700 250 750 0 687 0 0 0 1000 700 700 0 0 0 100 0 0 0 400 125 0 0 500 150 666 400 0 500 0 0 0 600 0 100 811 666 0 0 0 0 0 683 750 950 558 287 600 350 0 0 400 400 0 0 0 400 0 0 400 0 1000
#SCFC 2014-04-26
0 216 0 0 0 0 -125 -400 0 400 166 0 166 0 0 -400 0 1000 0 96 0 136 0 0 900 0 500 0 -466 0 93 166 0 0 300 0 337 0 -187 0 0 100 100 0 -300 168 500 650 0 300 136 0 250 0 100 0 500 500 0 -50 700 25 0 0 0 300 68 0 68 0 0 0 0 0 0 -38 0 0 500 500 136 136 0 0 525 300 136 136 136 0 0 0 0 500 0 -200 136 136 168 0
0 366 250 0 0 0 250 400 0 800 166 0 166 0 0 600 0 300 0 637 0 454 0 0 525 0 500 0 544 0 743 733 0 0 200 0 687 0 1000 0 0 300 300 0 600 327 637 625 0 350 454 0 250 0 300 0 900 900 0 283 600 400 0 0 0 350 227 0 727 0 1000 0 250 0 0 384 0 0 500 475 454 454 0 0 300 200 454 454 454 0 0 0 0 500 500 449 454 454 327 0
#COYS 2014-04-26
140 0 -500 0 125 0 0 0 0 0 -250 427 0 0 0 0 0 0 312 0 0 750 -250 0 0 0 0 0 530 466 -277 0 -250 500 0 0 0 0 350 0 800 437 0 800 0 0 -500 200 0 0 -390 0 -500 0 0 0 -600 875 250 0 0 0 550 375 0 136 0 566 0 0 0 200 0 0 0 0 -200 0 0 500 0 300 -133 5 0 500 0 0 -500 25 0 0 400 777 0 41 525 0 800 100
650 0 600 0 166 0 0 0 0 0 500 597 0 0 0 400 0 0 333 0 0 800 500 0 0 0 100 0 630 433 488 0 925 500 0 0 0 0 500 100 1000 700 0 1000 0 0 875 233 0 100 888 0 400 0 0 0 900 600 200 0 0 0 500 350 0 454 0 833 100 0 0 200 0 0 0 0 250 0 0 1000 0 633 466 438 0 1000 0 0 1000 525 0 0 400 605 0 500 600 0 700 50
#Swans 2014-04-26
0 0 0 400 0 0 0 100 800 0 875 0 0 37 0 0 0 250 800 450 150 312 800 0 272 0 0 0 240 0 300 0 0 -400 0 0 0 0 0 0 625 0 0 700 250 0 252 100 0 250 0 0 0 136 0 300 500 100 0 650 0 25 0 0 133 250 300 300 0 0 0 300 0 400 400 333 300 312 0 136 0 328 -50 0 -625 300 100 400 0 100 0 0 0 50 0 0 208 166 0 500
0 0 0 575 0 0 0 200 1000 0 700 1000 1000 288 0 0 300 200 400 475 606 333 400 300 594 0 0 0 475 0 562 0 0 700 0 0 0 0 0 0 900 0 0 600 1000 100 594 300 0 1000 0 66 0 500 0 200 875 300 0 833 0 400 500 0 338 333 562 562 0 0 0 200 0 1000 400 575 200 300 0 500 312 633 200 0 700 0 500 400 0 500 0 0 0 262 0 0 166 166 0 549
#AVFC 2014-04-26
375 136 0 0 -699 -225 0 0 0 37 -500 0 325 49 0 250 1000 0 0 -83 -200 -390 -25 -291 0 466 -450 1000 -83 375 0 0 -427 0 800 0 0 0 0 0 577 0 166 0 -225 -125 0 0 250 0 0 0 700 700 800 800 0 0 136 1000 114 0 -33 250 -100 -699 0 208 0 0 107 0 68 250 114 0 0 500 333 100 0 375 -77 -150 0 -158 0 -250 500 0 -175 125 166 0 800 0 0 431 0 400
750 454 0 0 666 225 0 0 0 500 1000 66 500 644 0 375 600 1000 0 83 233 800 425 750 0 533 450 750 83 750 0 0 1000 0 750 0 0 0 300 0 811 0 333 0 225 1000 0 0 362 0 0 0 600 600 400 700 0 0 454 1000 521 0 133 300 1000 666 0 166 0 0 214 100 289 512 521 0 0 900 500 100 0 825 144 750 0 491 500 400 500 0 325 1000 166 100 750 0 0 862 0 800
#WBA 2014-04-26
0 425 625 171 1000 0 0 150 200 425 390 166 212 800 0 0 -500 -550 529 0 0 -550 -500 0 291 -400 -300 -96 0 500 0 0 600 254 1000 1000 0 -200 -266 312 0 0 0 -699 0 0 -77 0 500 0 -250 -200 183 0 500 350 0 0 0 500 0 0 0 0 86 0 0 500 -155 0 0 0 0 -800 -293 1000 1000 250 200 0 0 1000 199 -322 800 0 0 516 -125 200 0 0 0 375 193 0 0 0 93 0
0 525 750 375 400 0 944 483 200 575 520 229 450 400 66 0 1000 750 767 0 0 750 900 0 241 600 400 825 0 500 0 0 1000 470 1000 1000 0 100 433 266 0 100 0 666 0 0 498 0 500 0 500 800 383 0 500 300 0 0 0 500 0 0 0 0 191 0 0 500 288 250 0 0 0 900 450 1000 1000 750 500 0 0 400 400 435 750 0 0 540 375 500 0 0 0 500 714 0 0 600 325 0
#WHUFC 2014-04-26
0 -62 0 0 0 0 50 0 -125 0 0 0 250 -200 0 0 150 250 250 500 500 0 500 -400 550 0 0 0 0 0 0 312 375 0 0 0 475 0 0 158 100 0 33 0 0 333 -187 0 300 250 0 0 0 0 250 0 0 250 -57 -187 324 0 0 400 0 200 -450 0 -500 0 0 50 390 0 0 0 -125 0 250 0 0 0 199 0 0 250 166 350 0 0 0 500 100 250 83 50 0 158 0 1000
0 587 0 0 0 0 250 0 375 100 0 1000 494 700 0 0 333 200 200 900 500 0 500 600 600 0 0 0 0 1000 0 333 500 0 750 0 450 0 100 291 250 0 133 0 0 600 500 0 450 450 0 0 0 0 250 0 0 1000 567 500 500 100 0 549 0 200 800 0 1000 0 0 250 1000 66 0 0 375 0 250 0 0 0 733 0 0 500 233 475 0 0 0 888 250 250 127 100 0 291 0 400
#SaintsFC 2014-04-26
0 200 -250 700 0 0 -300 0 0 0 0 0 -937 0 -438 0 0 300 625 625 0 0 600 375 0 0 0 0 100 -350 0 -150 0 312 200 375 375 -194 416 250 0 250 68 136 0 444 450 0 -155 100 0 0 250 138 345 0 0 0 0 0 0 136 0 100 0 875 0 0 0 0 -66 0 500 0 0 0 0 0 500 0 250 0 531 225 0 12 309 375 -100 375 390 333 68 0 0 0 0 -200 0 400
0 300 666 600 0 0 600 0 0 0 0 0 750 0 822 0 1000 450 500 500 0 0 900 944 666 0 0 0 300 650 0 600 400 333 200 500 500 288 666 500 0 750 250 491 0 716 400 0 288 400 0 500 250 138 640 0 0 0 0 0 0 454 0 100 0 600 0 0 0 0 433 0 150 0 100 83 0 0 900 0 408 0 533 350 500 351 548 350 500 350 250 761 227 0 0 0 0 100 333 800
#EFC 2014-04-26
-125 1000 0 0 0 0 0 0 0 0 433 0 266 0 166 0 0 0 0 400 0 5 0 500 200 0 0 400 650 -541 100 0 0 0 425 -155 0 533 1000 0 250 166 100 250 585 112 0 500 800 0 0 0 375 0 0 400 217 0 0 0 -150 0 0 0 0 116 0 0 0 0 300 0 0 0 450 0 0 0 416 0 0 0 0 100 0 0 0 0 649 0 0 0 -150 200 0 -55 0 0 136 0
125 300 0 0 0 0 0 0 0 0 833 0 199 0 166 0 1000 0 0 400 0 422 0 500 400 0 0 400 825 791 1000 0 0 0 625 288 0 575 1000 0 750 199 300 500 727 451 100 650 400 0 0 0 200 0 0 800 589 0 0 0 350 0 0 0 0 300 0 0 0 0 450 0 0 0 650 0 0 0 500 0 0 0 0 300 0 0 0 0 950 0 0 0 570 200 0 388 0 0 500 0
#MCFC 2014-04-21
0 -875 -500 0 0 0 333 0 -300 0 187 400 800 149 0 0 0 0 -27 -266 0 0 446 0 250 -50 0 0 375 0 600 0 250 62 1000 650 218 -77 0 212 350 900 54 -133 600 600 -449 400 0 66 0 800 0 -125 800 800 0 -297 500 0 400 -225 122 0 -133 0 -133 400 0 200 0 500 0 0 0 -400 400 0 -156 233 350 0 0 0 500 0 250 125 350 0 0 0 0 700 -487 0 199 500 0 350
0 800 700 0 0 0 833 0 400 0 687 700 700 800 0 0 0 0 515 622 0 0 535 0 1000 750 0 0 416 0 650 0 100 350 1000 733 375 177 0 500 244 1000 568 799 450 650 125 600 1000 666 0 400 0 375 400 400 0 752 1000 0 450 175 177 0 677 1000 799 300 0 200 1000 900 100 0 0 600 233 0 125 866 300 0 0 0 1000 449 500 275 650 0 0 0 0 200 712 0 355 475 0 550
#WBA 2014-04-21
1000 0 -537 0 -200 -125 500 70 -500 0 566 250 399 400 0 625 -175 0 -1000 600 -150 0 0 129 287 0 125 0 -375 0 -200 -170 225 0 -200 -66 -500 66 1000 0 625 1000 -125 0 25 0 400 366 -312 500 337 161 106 -200 250 0 0 0 172 0 -233 -549 0 0 0 -193 125 0 266 400 0 -500 -400 225 433 318 -4 800 333 350 0 0 66 -49 -216 0 0 392 500 36 250 1000 1000 0 0 0 700 0 0 150
300 0 633 0 400 375 400 432 600 250 650 400 866 375 33 500 695 750 1000 350 850 0 0 575 637 1000 187 0 1000 300 700 688 300 0 700 66 500 500 1000 0 700 1000 200 0 518 0 200 683 400 1000 387 345 396 750 500 0 1000 0 394 0 166 633 0 0 0 525 500 0 633 950 0 1000 400 600 833 550 462 400 416 512 0 0 233 900 833 250 0 517 1000 211 533 750 1000 0 0 125 900 0 50 450
#EFC 2014-04-20
0 100 150 0 0 333 187 0 0 0 0 -250 333 62 200 -50 350 -243 0 0 0 0 500 0 400 200 0 550 -133 -100 250 500 0 0 50 0 0 0 191 0 -182 -131 -600 200 350 199 0 -90 -57 0 66 0 0 275 0 233 500 0 100 166 0 0 390 0 700 0 193 0 0 0 300 136 0 275 -133 0 337 492 337 250 0 250 550 312 -200 -250 500 -187 0 -625 0 500 0 199 500 0 700 700 0 400
300 799 650 0 0 666 437 0 300 0 0 50 1000 180 250 850 650 550 0 0 0 500 700 0 700 100 0 556 399 600 333 500 0 0 225 0 300 100 325 0 467 427 700 100 300 900 0 240 617 0 166 0 50 675 125 500 500 33 380 666 0 0 1000 0 600 0 393 0 0 0 600 454 0 600 166 0 575 567 575 300 0 300 725 400 800 300 1000 500 0 1000 50 500 0 399 500 0 600 600 0 500
#MUFC 2014-04-20
-150 200 0 74 64 0 0 -16 300 0 0 0 0 0 0 0 0 0 0 0 0 0 0 0 0 0 0 0 0 0 0 0 0 0 0 0 0 0 0 0 0 0 0 0 0 0 0 0 0 0 100 187 350 750 0 0 0 1000 200 0 500 833 0 225 0 0 0 0 0 0 85 550 812 0 250 100 250 500 0 256 100 0 300 300 100 325 0 453 466 100 0 225 -77 -83 100 292 0 0 0 250
625 400 0 675 346 0 0 683 475 0 0 0 0 0 0 0 0 0 0 0 0 0 0 0 0 0 0 0 0 0 0 0 0 0 0 0 0 0 0 0 0 0 0 0 0 0 0 0 0 0 1000 437 650 550 0 0 66 1000 500 0 700 666 0 525 0 0 0 0 0 0 227 650 900 0 300 400 750 700 0 525 750 0 450 450 400 625 0 1000 422 400 0 525 144 266 400 550 0 0 0 300
#hcafc 2014-04-20
0 0 -259 312 -158 400 500 700 0 -259 114 500 0 100 24 125 0 0 125 -95 -194 -200 0 0 266 162 625 156 200 0 333 0 0 450 0 250 649 -159 43 375 0 -15 0 250 175 0 0 400 0 416 625 550 0 1000 800 -166 650 0 500 550 0 700 0 166 0 150 0 0 100 0 400 400 136 334 0 -131 0 0 0 0 99 -500 0 0 -31 0 -400 0 0 0 -133 0 800 -100 0 0 0 0 0 0
0 0 840 675 500 700 888 600 66 840 346 600 0 600 425 875 0 0 875 744 288 233 0 0 466 390 1000 1000 100 0 366 0 0 500 0 300 800 649 475 500 0 175 0 900 666 0 0 575 0 833 600 425 0 1000 400 433 500 0 900 691 1000 850 1000 666 0 375 0 0 200 0 500 500 454 535 0 450 0 0 0 0 250 900 0 0 700 0 400 0 0 0 166 0 750 450 0 0 0 0 0 1000
#AFC 2014-04-20
-133 -66 300 0 475 420 0 170 300 300 100 0 1000 100 100 100 0 0 0 0 0 0 0 216 0 1000 142 0 200 625 0 0 0 500 500 400 -312 0 0 -250 0 0 0 400 0 75 0 0 500 1000 0 0 150 -400 500 300 0 100 0 150 0 0 0 0 0 0 0 0 0 0 0 0 0 0 0 0 0 500 300 650 0 0 0 0 0 -291 366 500 222 500 0 400 550 100 575 500 625 0 0 0
588 433 450 1000 450 466 0 500 450 450 150 0 900 150 150 150 0 0 0 0 0 0 0 916 0 750 767 66 500 600 0 0 0 500 500 250 250 0 125 562 125 0 0 800 0 181 0 1000 150 1000 0 0 500 700 900 575 0 400 0 500 0 0 0 0 0 0 0 0 0 0 100 0 0 0 0 0 0 900 500 450 0 0 0 0 0 541 333 500 666 950 0 400 700 400 1000 500 600 0 0 0
#ncfc 2014-04-20
0 0 0 633 0 266 400 0 0 -250 0 0 1000 -200 -300 0 166 166 500 200 400 500 200 -400 0 450 412 0 700 0 -500 -750 100 0 0 -266 500 800 500 0 0 -400 0 400 40 -56 43 0 350 250 -155 -243 0 0 0 433 0 0 55 0 0 0 0 1000 700 250 0 0 0 0 100 -50 0 0 0 143 0 800 0 0 0 800 55 380 700 -300 0 100 600 0 500 0 -25 0 -300 500 400 500 -200 -31
1000 0 0 750 0 700 500 0 0 600 0 100 300 450 400 0 166 166 900 200 400 503 350 400 0 200 400 0 600 0 400 1000 800 0 0 333 500 1000 500 0 0 400 0 200 269 375 581 0 400 533 288 650 0 0 0 733 0 0 833 0 0 0 0 300 600 450 0 0 0 0 1000 100 0 0 0 552 0 400 0 0 0 400 833 420 600 600 0 200 900 0 833 0 575 0 200 150 500 1000 1000 450
#LFC 2014-04-20
250 0 800 1000 0 0 125 1000 800 1000 0 -29 12 0 0 0 78 0 0 0 0 200 357 0 0 500 1000 0 0 250 0 -87 0 0 249 0 247 100 0 500 318 0 1000 100 0 500 100 0 0 650 300 0 600 -400 -183 -150 214 0 -293 0 0 0 150 0 200 0 0 500 0 0 0 200 50 200 200 311 0 166 333 0 250 250 0 625 586 100 700 300 357 0 -1000 33 500 437 500 0 300 500 0 300
250 0 400 300 687 0 700 400 400 300 0 506 400 0 0 0 285 0 0 0 0 433 535 0 0 1000 300 0 0 750 100 449 0 0 712 0 310 1000 1000 900 500 0 300 400 125 500 400 0 0 800 800 0 250 700 83 700 571 0 450 0 0 0 450 300 200 0 500 500 0 0 0 200 700 750 500 666 0 666 500 0 375 250 0 750 650 400 600 450 571 0 1000 66 500 350 600 0 944 500 0 450
#CFC 2014-04-19
0 0 0 0 0 0 0 0 0 0 0 0 0 0 0 0 0 0 400 0 136 136 0 0 0 0 0 300 0 136 100 -50 243 200 0 0 0 0 0 0 0 475 200 0 0 0 0 166 0 800 -400 800 0 800 800 350 800 800 200 0 -175 774 -83 136 0 250 -83 100 0 0 0 216 0 0 250 268 333 350 0 0 94 0 425 800 0 0 0 0 200 700 -300 0 0 133 100 0 0 100 0 0
500 333 0 0 0 0 0 0 0 0 0 0 0 0 0 333 0 500 800 0 454 454 0 0 0 0 0 225 0 500 100 0 552 300 100 0 0 0 0 0 0 650 300 1000 0 0 0 399 0 1000 400 1000 0 400 1000 300 1000 1000 200 0 425 800 83 454 1000 333 83 400 0 0 300 616 0 0 312 727 500 450 0 0 449 0 683 750 0 0 0 0 100 600 550 0 0 322 400 0 0 450 0 400
#SAFC 2014-04-19
0 250 225 400 400 875 0 0 -400 133 156 -83 0 0 1000 136 119 0 -400 0 0 0 250 250 33 -1000 0 0 -200 0 125 0 0 0 -400 400 0 375 312 136 500 0 -160 0 50 0 29 0 0 0 -400 0 400 216 -151 500 0 0 200 0 0 0 0 211 0 345 500 178 170 625 -35 700 202 66 -77 -400 -29 700 0 -227 0 0 0 47 0 0 -500 139 0 500 166 0 200 500 0 437 400 -150 -136 0
0 200 225 800 900 600 0 0 522 217 1000 266 0 83 300 454 257 0 700 0 0 0 200 200 388 900 0 0 200 0 199 66 0 0 400 700 0 500 333 454 600 0 386 0 500 66 512 500 0 1000 400 0 800 416 296 750 1000 0 400 0 0 0 0 222 0 828 500 468 500 500 607 600 525 366 644 500 833 650 0 444 0 66 0 394 0 0 400 279 0 900 666 0 388 600 0 350 800 300 772 33
#AVFC 2014-04-19
0 0 0 0 0 0 0 600 0 433 0 375 250 -200 0 0 0 0 0 0 250 0 0 -625 0 500 -333 300 -102 650 -50 167 416 0 0 142 0 0 520 0 0 241 500 350 -188 0 0 0 178 0 0 0 0 0 0 500 543 200 500 -183 -212 0 175 -618 -200 90 250 242 0 0 0 0 285 -24 0 500 -187 0 370 370 1000 800 0 0 1000 350 -750 -125 72 -146 525 0 0 -1000 -151 -93 800 1000 100 -200
0 0 0 0 0 0 0 1000 0 400 0 750 333 400 0 0 0 0 0 0 750 0 0 1000 0 500 666 494 476 650 100 641 483 0 0 317 0 100 500 0 0 366 500 650 566 0 0 0 651 0 0 0 0 0 0 900 662 322 500 796 875 0 275 675 350 636 533 317 0 0 357 1000 535 416 0 250 500 100 466 466 750 700 0 0 300 650 649 375 519 207 475 0 0 800 646 625 750 500 700 400
#SaintsFC 2014-04-19
175 0 0 0 0 0 0 0 0 250 0 666 -150 0 400 0 0 0 0 -150 1000 0 -49 114 0 0 0 1000 0 0 166 492 0 0 250 0 0 -125 200 250 0 400 0 80 625 -166 666 166 0 0 275 0 0 0 0 875 700 100 300 700 0 -18 375 375 312 0 -295 0 125 0 0 -49 0 -150 0 -125 0 0 0 -133 112 512 900 147 800 0 -400 0 468 1000 0 0 0 0 -500 800 -199 0 225 200
300 0 0 0 0 0 0 0 1000 333 0 766 400 0 600 0 0 0 0 400 300 0 199 262 0 0 95 300 0 0 333 567 0 0 333 0 0 800 580 200 0 250 0 520 500 166 766 466 0 0 425 0 0 0 0 600 600 400 500 600 0 229 500 500 333 0 388 0 550 0 0 199 0 800 300 375 0 0 0 550 487 550 900 854 700 0 700 0 602 900 0 0 0 0 500 900 700 0 525 900
#cardiffcity 2014-04-19
-1000 0 200 750 -500 0 300 33 0 0 0 562 114 250 400 500 0 0 0 -684 0 375 312 400 0 500 66 -625 0 -333 0 150 0 -262 0 0 200 0 -342 240 0 0 -200 0 -100 0 0 0 -600 -231 0 250 -181 -161 800 0 0 -125 900 0 900 -300 0 0 0 0 150 0 0 0 800 100 0 430 -133 0 0 -87 -500 -322 700 -166 649 0 0 500 0 0 0 500 -400 0 500 0 0 -383 0 0 300 312
1000 0 300 750 400 0 300 588 0 0 0 550 629 200 400 500 0 0 0 692 0 500 333 400 0 400 608 900 0 688 0 500 0 387 0 0 200 0 681 659 0 0 200 0 900 66 0 0 500 727 0 333 660 633 400 0 0 400 1000 0 1000 799 0 0 0 0 350 0 0 0 400 383 0 730 799 500 0 284 1000 322 900 1000 800 0 0 888 0 0 0 900 400 0 900 0 0 750 66 0 449 250
#SCFC 2014-04-19
0 700 0 500 0 0 0 500 142 500 500 200 -150 -300 400 0 0 400 -500 500 -71 500 0 750 366 -250 500 800 0 800 0 0 0 -400 0 250 0 500 312 400 433 600 0 0 0 -100 -16 -100 500 0 0 433 -300 500 0 125 500 600 400 50 0 0 250 433 0 433 500 312 400 0 0 0 0 0 -1000 0 700 0 0 -100 0 0 65 -100 0 500 50 50 0 0 0 222 200 0 266 -125 500 0 0 633
0 550 0 500 0 0 0 500 767 500 500 200 350 200 800 0 0 400 1000 1000 767 500 0 400 666 550 500 400 1000 750 0 0 0 400 0 550 0 500 333 200 733 650 0 0 0 100 150 449 794 0 0 733 200 500 0 666 150 650 200 875 0 125 250 733 0 733 500 250 550 0 0 0 0 1000 1000 0 700 0 0 100 0 0 260 100 0 500 875 875 0 0 750 472 900 0 433 375 900 0 0 450
#NUFC 2014-04-19
500 750 0 -238 324 0 0 -1000 224 0 250 500 0 0 175 0 0 100 0 -155 216 149 120 108 500 0 -379 -145 0 600 136 0 -200 166 0 -699 0 350 -108 0 0 343 242 392 0 0 128 -555 0 250 0 0 0 0 600 0 0 0 0 0 -58 354 0 0 0 -250 0 350 0 0 0 -87 -433 250 166 0 0 -450 0 43 0 500 0 500 0 0 -1000 0 750 0 0 0 0 0 267 0 68 0 500 468
500 400 0 288 425 0 0 1000 291 0 333 625 0 0 775 0 0 250 0 288 566 500 500 308 500 0 888 304 0 796 454 0 550 333 0 666 0 400 233 0 0 493 367 517 0 0 642 777 0 250 0 0 0 0 900 0 1000 0 0 125 383 420 0 0 0 200 0 675 0 0 0 220 633 200 666 0 0 700 125 256 0 500 0 500 0 500 1000 0 500 0 0 0 0 0 602 0 227 0 500 625
#Swans 2014-04-19
100 850 0 0 100 -500 0 0 0 350 -699 250 500 0 566 -433 0 500 500 0 400 0 0 0 100 0 375 312 0 0 -625 145 425 0 0 0 0 100 250 212 0 0 600 0 449 0 0 500 -600 0 500 0 0 250 0 0 -100 0 0 0 0 500 0 170 1000 -100 568 136 0 100 400 400 0 0 0 0 0 0 0 0 0 0 0 266 400 136 0 0 0 0 -150 20 1000 0 285 0 0 308 100 -125
725 1000 125 0 725 500 0 0 0 550 666 200 600 0 799 866 0 500 500 125 500 100 0 0 150 0 500 333 0 0 1000 500 500 0 0 0 0 150 1000 625 0 0 900 0 450 0 0 900 1000 0 600 0 0 408 0 0 100 0 0 50 0 500 0 454 400 100 377 454 0 1000 400 400 0 0 0 0 0 0 0 600 0 100 0 283 400 454 0 0 0 0 575 500 400 0 535 0 0 488 400 366
#WHUFC 2014-04-19
0 0 500 0 0 0 -200 0 400 0 312 0 0 750 200 0 0 -250 380 399 -610 199 0 -200 116 363 -31 500 500 0 425 0 0 0 500 375 312 0 300 0 0 166 -66 340 -75 136 318 0 250 700 0 0 -200 250 350 500 375 500 0 0 0 500 500 400 0 0 550 166 0 500 -250 47 0 0 200 1000 0 0 500 -400 -250 0 1000 500 100 0 0 0 0 -200 -400 500 250 585 0 0 0 500 0 -175
0 0 900 0 0 100 700 0 800 0 300 0 100 900 500 500 0 250 671 483 687 662 100 723 277 522 300 500 900 0 950 0 0 0 900 500 333 0 550 0 0 833 516 560 400 454 700 0 500 600 0 100 300 450 300 500 416 375 0 0 0 900 900 800 100 0 1000 272 0 1000 250 394 0 500 500 300 100 0 500 400 700 300 300 500 200 100 0 0 0 700 400 900 333 500 100 0 0 900 0 183
#CPFC 2014-04-19
142 -892 0 800 285 0 0 0 0 -291 -77 0 0 0 200 278 300 -250 0 0 200 127 500 -170 0 0 0 50 33 168 285 -1000 -100 0 0 0 -133 0 0 500 168 0 0 -166 0 100 0 -216 170 -150 -400 0 -300 525 250 0 25 0 -500 -62 250 -24 0 0 0 250 401 0 -12 49 0 -290 0 800 0 142 -100 -200 0 400 0 -200 0 -500 100 0 0 -400 171 350 500 285 175 300 375 0 540 214 -600 -400
317 857 0 700 535 0 0 0 0 541 394 0 0 0 200 551 450 250 0 0 250 666 600 670 0 0 0 266 588 277 535 1000 300 1000 0 0 166 0 0 500 248 0 0 183 0 300 0 566 500 99 400 0 200 541 250 400 300 0 1000 112 312 391 533 0 66 500 602 0 400 600 0 700 0 400 0 267 500 900 0 200 0 800 0 900 544 0 0 600 487 650 500 535 600 200 800 0 813 662 700 500
#COYS 2014-04-19
600 -433 503 0 0 0 233 500 500 0 0 375 375 0 375 -500 0 500 68 316 150 687 500 0 0 169 -185 800 -194 0 550 -250 562 25 0 700 1000 345 166 0 -15 -400 -250 200 0 136 406 150 463 0 0 625 175 0 355 0 366 400 -750 0 0 0 800 0 750 500 0 -238 -309 134 -75 -400 437 -166 0 270 500 0 -24 700 0 168 0 0 500 0 0 66 0 0 350 437 1000 800 287 262 368 0 0 850
825 866 537 0 0 0 366 183 549 0 0 750 750 0 500 400 0 1000 227 616 408 875 600 0 0 450 618 900 288 0 1000 450 600 566 250 600 750 468 522 0 588 400 250 300 0 454 750 649 572 0 0 833 466 0 605 0 425 875 1000 0 500 0 750 0 800 700 733 545 459 488 400 600 800 600 0 416 1000 0 275 600 0 327 100 0 650 0 0 483 0 0 650 550 300 750 150 800 727 0 0 450
#FFC 2014-04-19
250 0 0 433 100 0 0 -150 0 0 0 0 0 0 -150 0 875 0 625 0 0 0 0 0 0 0 -200 -156 0 0 0 250 0 400 250 0 0 0 0 0 0 0 0 0 0 0 375 0 500 0 -133 0 350 0 0 0 0 0 0 0 600 312 0 700 0 -200 0 0 0 0 100 0 1000 0 0 524 0 0 0 0 -91 -91 0 0 700 350 0 250 0 500 0 0 380 0 100 550 0 0 0 0
312 0 0 833 1000 0 0 350 0 0 0 0 0 0 350 0 600 0 1000 0 1000 0 0 0 0 0 700 375 0 0 0 312 0 200 200 0 0 0 0 0 0 0 0 66 399 1000 750 1000 500 1000 666 1000 650 0 500 500 1000 0 0 0 800 333 0 600 0 700 0 0 0 0 100 0 300 0 0 625 0 0 1000 0 515 515 0 0 600 350 0 488 1000 550 0 0 540 0 344 400 0 0 0 0
#EFC 2014-04-16
149 0 -250 0 0 400 400 400 400 -1000 0 0 -27 0 0 0 0 0 0 0 0 0 200 -400 437 -750 625 0 0 200 400 0 0 0 0 0 0 0 0 0 475 -50 0 0 -200 0 0 250 200 0 0 0 0 0 0 0 350 -312 500 0 150 98 0 0 1000 0 250 51 0 0 800 166 500 125 -200 500 218 -250 -300 250 400 0 800 -600 0 0 0 0 -125 278 0 -625 -600 566 250 375 0 -400 -781 278
500 0 500 0 0 200 200 200 200 1000 0 0 236 0 0 0 500 0 0 116 0 0 300 400 750 750 600 0 0 300 800 0 0 0 0 0 0 0 0 0 579 577 0 0 800 0 0 333 100 0 0 0 0 0 0 0 650 687 500 0 400 396 750 0 1000 229 750 425 229 0 900 833 900 633 800 888 368 400 600 300 800 0 400 800 229 0 100 0 375 385 0 600 650 366 312 750 0 400 1000 557
#CPFC 2014-04-16
0 0 200 -155 0 -400 250 0 0 0 200 0 0 0 325 0 500 208 0 0 200 0 0 -277 166 250 500 166 0 125 -246 375 0 250 250 500 1000 0 0 0 166 0 500 500 750 375 312 0 383 0 -155 0 300 1000 -351 450 99 500 0 0 0 -351 0 0 0 0 242 -333 -416 -333 0 0 0 0 500 -333 0 0 -333 136 0 136 -75 500 383 0 156 766 0 366 -385 -300 0 158 -250 -312 -800 -300 0 780
0 0 100 288 275 400 333 0 0 0 200 0 0 0 616 0 900 333 0 0 100 0 0 344 333 250 900 333 0 700 513 425 500 200 200 600 1000 0 0 1000 333 0 600 500 1000 500 333 0 535 0 288 0 700 300 629 944 500 888 0 0 0 629 50 0 0 0 541 1000 1000 1000 0 0 0 500 500 1000 0 0 666 454 0 500 800 500 683 0 183 529 0 700 562 200 0 733 888 687 800 200 0 1000
#MCFC 2014-04-16
-250 0 109 288 0 0 163 0 0 400 250 650 188 -333 0 500 0 133 -100 650 0 0 0 700 -500 -250 183 0 0 183 0 0 500 0 -400 350 0 0 68 0 0 266 650 0 0 -175 1000 0 286 125 0 0 100 0 0 0 500 233 0 -79 150 0 0 650 33 0 -21 650 0 0 0 0 -188 562 0 0 350 0 -300 400 500 -250 0 0 0 142 0 0 0 222 -300 0 900 -200 0 0 650 850 0 0
250 0 410 411 0 0 700 0 0 900 250 450 337 322 0 700 0 666 762 450 0 0 0 900 1000 700 293 0 0 293 0 0 1000 0 700 450 0 0 289 0 0 466 450 0 0 175 300 0 480 200 0 0 100 1000 0 0 600 300 0 318 150 0 0 450 466 0 565 450 0 0 0 0 211 500 0 0 450 100 450 900 475 400 0 0 0 267 0 0 0 644 600 0 1000 200 0 0 450 650 33 0
#SAFC 2014-04-16
0 150 -105 475 50 0 0 0 0 0 0 -375 0 500 290 0 625 0 -200 0 -300 0 0 0 0 0 -400 0 166 0 285 0 -125 -300 20 250 0 0 366 -400 0 0 0 0 400 -350 0 -125 401 1000 0 -250 0 0 0 0 -200 400 100 250 0 1000 0 20 -400 800 -400 0 -107 62 400 0 312 0 0 266 0 285 -200 -50 0 275 156 0 -500 -83 400 -600 -66 0 250 0 -51 500 -56 0 -155 0 500 -125
0 100 355 566 350 0 0 0 0 0 300 600 66 500 900 0 1000 0 400 0 500 0 0 0 166 0 400 0 666 66 535 0 200 200 666 200 0 0 600 400 0 0 0 0 375 500 0 200 708 1000 0 750 0 0 0 0 100 550 700 283 0 400 0 281 400 1000 400 0 717 520 900 0 333 0 0 233 0 535 500 600 0 675 500 0 300 458 750 1000 350 0 1000 500 118 694 466 0 288 0 416 775
#AFC 2014-04-15
0 0 0 -500 500 0 400 0 400 -100 1000 -100 -100 -100 1000 400 0 500 1000 0 10 0 0 650 0 0 0 0 400 333 0 500 0 900 0 0 0 0 0 0 0 0 0 350 247 0 0 0 85 0 0 0 200 0 0 0 350 400 1000 625 0 0 800 0 -600 0 0 0 350 200 166 0 166 166 166 0 500 61 500 -715 225 750 350 384 0 100 0 0 625 0 0 0 0 0 0 0 0 0 -200 -200
0 0 0 600 500 0 350 0 350 200 300 200 200 200 300 350 100 500 1000 0 153 0 50 450 0 0 300 0 700 833 100 1000 0 1000 0 0 0 0 0 0 0 0 1000 400 608 0 0 0 485 0 300 300 500 300 0 0 400 700 300 500 100 0 400 0 900 0 0 0 400 400 416 100 416 416 416 100 750 478 500 863 450 800 400 380 0 350 0 0 600 0 0 0 0 0 0 0 0 0 400 400
#WHUFC 2014-04-15
-62 0 500 -250 550 500 0 0 0 0 0 100 -1000 -1000 0 -600 250 -250 50 -400 345 800 250 392 250 500 312 -200 -150 375 375 375 100 500 0 600 200 0 0 0 0 700 0 0 780 0 160 50 0 0 0 0 0 0 100 -325 -1000 -1000 0 0 0 0 0 241 500 99 0 0 133 200 0 0 0 600 500 200 500 0 0 0 0 0 0 0 -500 0 800 200 0 400 -150 0 300 300 341 700 95 0 100 136
950 50 1000 916 700 500 0 0 0 0 0 200 1000 1000 100 800 450 950 100 550 678 750 200 517 500 1000 333 400 300 500 500 500 900 600 0 900 100 0 0 0 0 650 100 0 1000 0 564 700 0 0 0 427 0 0 100 450 800 1000 66 0 0 0 0 350 500 800 250 0 277 400 0 0 0 900 500 100 600 0 0 0 0 0 0 357 600 0 750 500 800 800 550 0 100 100 616 600 497 0 900 500
#Swans 2014-04-13
1000 247 -200 300 224 100 500 700 333 0 0 0 0 0 0 0 0 -400 0 312 0 0 0 200 0 1000 0 -250 -116 136 0 0 0 250 0 0 -38 0 0 0 0 200 50 -400 0 0 0 0 0 324 103 0 0 0 116 0 587 500 0 0 231 750 116 116 0 187 227 0 300 0 0 300 0 400 0 0 0 0 0 0 0 0 0 500 0 -147 0 0 -500 0 1000 0 0 1000 0 0 0 100 0 0
750 405 400 200 700 400 500 600 666 0 0 0 0 0 0 0 333 400 0 333 0 0 0 200 0 535 0 233 419 500 1000 0 0 408 0 0 313 0 0 0 0 100 100 550 0 0 1000 0 0 325 592 0 0 0 283 0 400 1000 0 0 450 750 283 283 0 650 545 0 800 0 0 800 0 400 0 0 0 0 1000 0 1000 1000 0 500 0 735 0 0 700 0 1000 1000 0 1000 0 0 0 400 0 0
#CFC 2014-04-13
1000 0 -750 0 366 0 0 0 0 0 0 0 0 0 0 0 -450 0 0 0 0 0 0 0 0 0 400 0 400 400 350 0 0 0 -750 0 0 0 416 0 750 136 800 0 -24 0 0 700 0 0 0 0 0 0 0 0 0 0 0 -488 200 0 99 1000 200 0 0 0 0 0 0 0 0 0 -125 400 -781 0 0 91 0 0 250 366 -450 0 700 0 0 0 -450 0 0 0 700 0 0 0 0 0
1000 0 1000 0 700 1000 0 0 0 0 0 0 0 0 0 0 700 0 0 0 0 0 0 0 0 0 800 0 800 200 550 0 0 0 800 0 0 1000 500 0 500 500 400 0 250 0 0 200 0 0 0 0 0 0 0 0 0 0 0 1000 200 0 449 1000 300 0 0 0 0 0 0 0 0 0 550 700 600 0 0 866 0 0 650 766 700 0 600 0 0 0 700 0 0 0 700 0 500 0 0 0
#LFC 2014-04-13
-400 0 0 0 0 0 500 146 732 -8 500 0 -338 57 0 0 0 -266 0 166 0 0 0 136 0 -400 -320 100 250 200 -155 200 160 233 -250 0 200 0 250 -500 0 0 1000 350 0 500 200 625 0 0 500 0 0 -300 -155 500 1000 0 0 0 166 192 -600 0 0 90 0 267 155 49 0 0 0 0 0 650 -83 0 -75 62 0 0 468 0 0 0 0 0 513 50 78 250 266 0 0 0 68 -400 0 500
400 0 0 0 0 0 1000 488 750 516 500 0 672 500 0 1000 0 566 0 166 650 0 0 454 0 400 743 750 500 300 288 500 539 333 250 0 200 0 800 1000 0 0 750 550 0 833 500 1000 750 0 1000 550 0 350 288 1000 400 0 0 0 629 467 1000 50 0 318 0 417 372 650 0 0 0 0 0 450 533 0 700 200 0 0 602 0 0 0 0 0 472 50 622 500 466 0 0 0 227 400 0 750
#MCFC 2014-04-13
0 0 0 136 0 0 500 0 0 375 0 0 0 1000 375 0 -600 0 0 375 0 0 800 0 0 0 0 0 0 333 0 400 0 800 0 0 0 0 0 0 350 0 66 0 0 0 0 0 0 0 0 0 44 500 0 800 0 0 0 268 0 -145 -12 -400 500 0 125 -500 0 800 0 0 0 0 0 0 0 300 266 0 200 0 250 0 0 200 0 0 0 0 0 0 0 0 285 0 324 0 0 0
0 0 0 500 650 0 500 575 0 416 0 550 0 1000 416 0 1000 50 0 416 0 0 400 0 0 100 0 0 0 666 0 400 1000 400 0 0 0 0 250 0 650 0 450 0 0 0 0 0 0 0 0 0 294 300 0 700 0 0 125 627 0 320 575 400 500 0 550 875 0 700 0 1000 0 0 0 0 0 200 383 0 200 0 250 0 0 300 0 0 0 0 0 0 0 0 535 0 375 0 0 0
#SaintsFC 2014-04-12
0 0 0 0 500 0 250 175 0 0 250 250 -400 -347 183 -500 0 -600 78 0 0 0 500 0 250 750 0 -400 500 240 400 -291 -400 0 -175 0 0 418 0 375 312 0 0 250 875 700 125 0 450 150 -400 500 500 150 0 -50 0 0 0 500 400 200 -100 0 0 0 0 0 0 500 0 0 400 -266 192 0 0 0 400 -400 200 -25 -233 -250 0 0 125 0 0 125 0 0 0 -350 500 0 625 0 -262 0
0 0 0 0 500 0 500 337 1000 0 375 333 800 647 333 1000 1000 900 150 500 0 0 600 0 200 1000 0 400 600 720 375 541 400 0 500 0 500 527 0 500 333 0 0 333 600 600 400 0 625 475 400 500 500 475 0 300 0 0 0 500 833 750 225 0 0 0 0 0 0 1000 0 0 350 533 467 0 0 0 450 900 300 700 566 750 0 0 366 0 66 425 0 0 0 650 500 0 600 0 450 100
#cardiffcity 2014-04-12
0 0 0 0 0 0 0 250 0 375 312 0 0 0 342 450 0 0 0 0 0 50 625 0 0 0 349 0 0 0 0 0 0 0 -600 0 0 0 0 1000 1000 0 0 0 0 0 14 0 158 0 0 0 -116 0 0 -150 0 0 0 0 0 0 233 50 0 0 0 0 -125 0 0 0 0 0 0 550 800 0 0 0 400 0 -155 800 0 0 800 800 0 0 0 400 -200 400 400 0 0 0 0 500
0 0 0 0 0 1000 1000 200 500 500 333 0 0 0 467 650 0 0 66 0 0 100 600 0 0 0 666 0 0 0 0 0 0 0 800 0 0 0 0 300 1000 0 0 0 0 0 196 0 766 0 0 0 833 0 0 250 0 0 0 0 0 66 716 100 0 0 0 0 375 0 0 0 0 100 0 750 1000 333 0 0 400 0 288 1000 0 0 700 700 0 0 0 500 100 500 500 0 0 0 0 183
#SAFC 2014-04-12
0 -75 400 0 800 800 600 800 0 -150 0 200 326 0 99 400 0 0 0 0 102 0 100 625 62 -62 800 600 400 -99 0 275 250 -216 0 0 -55 -33 0 0 0 1000 0 -150 400 192 0 133 -166 -99 242 500 0 1000 500 0 -18 0 200 0 0 0 0 0 625 -251 0 0 166 116 -200 230 -112 400 0 -262 375 312 399 -187 500 -500 500 0 0 0 0 0 500 -750 -377 400 0 0 0 0 540 497 -327 250
0 449 800 0 400 400 1000 400 125 250 0 400 467 0 100 800 0 500 0 0 613 0 366 600 50 562 750 900 800 700 1000 375 750 533 0 0 144 916 0 0 500 300 500 399 800 459 0 450 66 583 700 600 0 300 600 0 396 1000 400 0 0 0 0 0 500 662 0 0 366 666 233 230 900 800 0 625 500 333 700 666 500 1000 500 0 0 1000 455 0 1000 900 544 1000 0 0 0 0 300 680 644 250
#EFC 2014-04-12
573 0 0 0 0 0 0 -238 0 0 0 0 500 136 41 0 0 0 0 368 0 0 -461 650 1000 200 -262 0 400 0 0 0 0 0 500 312 0 0 650 50 0 0 0 250 41 500 566 500 0 0 0 350 0 348 733 400 0 0 500 -400 0 100 0 0 0 62 0 125 0 0 800 0 0 140 0 0 99 41 76 250 500 0 0 0 0 0 0 0 0 0 0 0 0 -377 0 475 0 0 540 0
556 0 0 0 0 0 0 811 0 0 0 0 600 454 250 0 0 0 0 558 0 0 1000 825 300 100 500 1000 800 0 0 0 0 0 500 333 0 38 675 350 1000 1000 0 300 250 500 766 500 0 0 100 400 0 479 616 800 0 0 500 600 0 550 0 0 0 375 0 400 0 0 750 0 0 500 0 0 199 250 500 300 500 0 0 0 0 333 455 0 0 0 0 0 0 544 0 437 0 0 300 0
