#EFC 2015-05-09
0 125 0 0 900 0 0 0 0 0 0 160 0 -400 250 0 0 0 0 50 100 0 160 500 500 0 250 -155 0 250 200 700 37 0 200 136 500 500 400 400 400 0 0 0 0 200 250 400 136 0 34 0 0 500 456 0 -133 585 0 1000 85 0 0 0 250 -437 100 -250 -350 0 800 -350 0 383 -300 383 383 383 383 0 400 400 350 100 3 104 0 800 0 800 350 0 0 0 0 0 312 1000 -400 0
0 199 0 0 1000 0 0 0 0 0 0 539 0 400 500 0 0 0 0 650 300 0 539 500 500 0 450 288 0 333 500 600 496 0 500 454 500 500 800 800 800 0 0 0 0 233 500 650 500 0 175 0 0 750 527 0 561 200 0 400 727 0 0 0 500 375 300 750 800 0 400 800 0 266 399 266 266 266 266 0 800 800 616 1000 291 570 100 750 0 400 333 0 0 0 500 0 333 300 400 0
#SAFC 2015-05-09
500 0 166 0 -250 0 0 400 550 0 0 800 250 0 350 0 258 0 0 0 625 350 240 -400 0 0 500 250 0 -243 -400 425 0 200 0 800 380 62 0 0 200 0 800 250 0 0 700 0 250 0 -400 -150 0 488 -300 225 275 400 0 -155 333 0 -433 450 50 0 250 0 100 500 400 0 250 0 -500 175 0 0 0 -125 0 0 0 -235 -208 800 0 275 -300 0 500 0 0 100 0 400 400 400 0 250
500 100 300 300 937 283 0 700 650 0 0 400 250 0 800 100 433 0 0 0 1000 650 529 700 0 300 500 300 100 288 400 700 0 300 0 400 765 500 0 0 300 0 400 333 0 66 600 0 324 0 600 350 1000 333 400 266 425 800 0 288 500 0 500 1000 650 0 500 0 1000 1000 450 0 333 100 1000 316 300 0 0 412 0 0 0 490 500 750 0 450 400 0 888 0 0 611 0 800 800 800 0 1000
#hcafc 2015-05-04
0 0 250 500 -400 0 -400 0 148 0 0 300 -199 0 0 0 -183 100 750 750 250 -1000 -1000 0 500 0 516 -325 -556 -150 0 0 651 0 0 31 0 0 0 0 0 0 0 0 316 0 0 -155 0 -156 100 68 800 0 186 0 -513 0 65 100 0 0 0 0 -325 0 590 500 -250 500 0 0 0 441 -314 900 258 -800 0 0 0 0 0 -486 217 272 312 0 0 -49 -400 566 200 0 0 0 316 200 500 142
0 0 400 500 600 0 400 0 544 0 0 366 300 1000 0 0 650 300 750 750 683 800 900 0 1000 550 916 700 743 844 0 0 500 0 0 429 100 100 0 0 0 433 0 0 866 0 0 288 0 593 383 227 750 0 716 0 772 0 500 200 0 0 0 300 600 333 694 500 1000 888 0 0 0 433 493 700 383 800 0 0 0 0 0 833 517 444 333 0 0 794 600 633 900 0 0 0 783 200 1000 267
#AFC 2015-05-04
700 975 500 0 400 400 0 1000 0 200 0 0 0 0 400 387 0 0 0 0 0 0 500 0 0 0 0 0 0 666 0 200 0 400 0 433 0 100 0 0 0 0 0 100 0 447 0 0 0 0 0 0 0 200 0 0 200 166 144 -400 400 400 500 200 310 0 -349 666 800 0 200 0 200 -333 0 287 1000 200 0 0 400 0 0 0 450 0 339 99 1000 450 0 108 0 -388 800 0 1000 1000 400 400
600 1000 1000 0 800 800 0 600 0 500 0 0 0 0 400 625 0 0 0 0 1000 0 1000 0 0 0 0 0 0 733 0 500 62 800 0 733 0 100 0 0 1000 0 62 100 62 671 0 0 1000 0 0 0 0 500 0 62 500 333 355 600 800 1000 500 500 575 0 583 199 400 0 500 0 500 666 300 200 600 500 0 0 450 0 0 750 283 0 480 300 300 283 0 408 0 833 400 0 300 300 800 800
#COYS 2015-05-03
-316 0 0 500 100 600 0 0 0 400 750 0 400 187 200 100 449 0 -200 937 200 0 562 0 200 125 500 -27 800 199 0 633 322 425 0 700 600 0 322 0 712 225 800 104 800 225 800 0 0 361 0 333 0 0 0 0 -300 0 0 0 250 0 0 800 -18 537 0 0 0 0 0 0 0 0 837 375 400 266 0 0 0 200 0 0 0 600 0 656 875 244 124 0 0 0 0 0 -51 0 0 100
733 0 1000 1000 200 950 0 0 0 550 750 0 550 555 500 100 400 0 0 900 100 100 500 0 100 666 500 516 700 650 0 733 355 600 0 600 950 100 766 1000 575 350 575 715 750 650 700 0 188 500 0 200 0 0 0 0 450 0 500 0 200 1000 0 575 218 400 0 0 0 0 0 0 33 0 675 200 400 300 0 0 0 575 0 0 100 950 0 937 600 655 458 0 0 0 0 0 262 0 0 200
#MCFC 2015-05-03
0 400 400 0 0 900 0 333 200 0 250 500 0 0 0 0 250 0 500 0 1000 0 -155 0 0 0 0 -250 350 -349 285 0 800 -250 -250 0 0 136 0 0 350 -250 666 400 0 0 -114 0 566 -250 -250 -549 400 0 0 200 0 44 -300 0 -35 0 329 125 -250 -250 -250 250 0 0 0 0 205 333 0 -400 0 625 566 566 0 0 0 0 0 0 0 1000 400 0 0 600 400 0 -98 0 -200 0 -125 625
0 800 800 0 0 700 0 200 900 0 500 600 0 0 0 0 1000 0 600 0 1000 0 288 0 0 0 0 400 550 333 535 0 750 400 400 0 0 454 0 0 450 400 733 800 0 0 433 0 633 400 400 533 800 0 0 200 66 255 200 0 608 0 590 666 400 400 400 937 0 0 0 0 383 1000 0 400 0 900 633 633 0 0 0 0 0 433 0 400 633 0 0 800 800 0 477 0 350 0 750 900
#CFC 2015-05-03
0 0 0 0 0 0 0 0 400 400 650 0 0 175 563 800 200 0 -500 -50 136 700 166 0 0 433 136 0 0 -325 0 0 0 324 0 100 0 0 0 283 400 0 0 -300 600 0 0 0 0 0 800 275 0 142 0 0 0 0 0 0 0 0 0 400 0 0 0 0 275 275 0 183 275 183 0 0 -35 0 0 275 0 275 0 0 0 200 200 0 -41 500 0 0 0 450 -27 0 0 666 0 285
0 0 0 0 0 0 0 0 800 800 900 0 0 308 953 400 500 0 550 0 500 600 333 0 0 733 454 0 0 550 0 0 0 500 66 383 0 66 0 225 400 0 0 250 900 325 0 0 0 0 750 700 0 267 0 0 0 0 0 0 0 0 0 500 0 0 0 0 700 700 0 466 700 466 0 0 500 0 0 700 0 700 0 0 0 466 400 0 500 1000 0 0 0 625 966 0 0 833 0 535
#CPFC 2015-05-03
0 0 0 200 16 0 900 433 350 700 800 700 0 -99 83 279 199 600 183 0 0 100 -250 0 600 0 0 0 600 600 0 0 500 0 0 0 600 0 0 500 800 0 500 0 0 875 0 0 0 0 0 0 -12 1000 400 -500 0 -131 100 -500 0 -500 -500 -500 0 0 -500 -500 0 200 0 0 0 800 150 0 0 0 0 500 136 0 100 0 0 136 156 -400 136 136 68 0 433 0 0 0 343 300 0 300
0 0 0 200 95 0 1000 833 650 600 400 600 0 700 205 459 900 1000 383 0 0 100 250 0 450 125 125 125 450 450 0 0 500 0 0 0 450 1000 0 750 300 0 694 0 0 600 0 0 0 0 0 0 337 300 800 500 1000 427 400 700 125 700 700 700 125 125 700 700 0 200 0 0 0 400 625 0 0 0 0 150 500 0 0 0 0 454 300 400 454 500 250 0 683 0 1000 0 416 0 0 0
#MUFC 2015-05-02
200 0 0 0 0 200 0 0 0 600 0 0 0 0 0 0 200 136 400 400 0 0 168 241 0 0 100 -155 225 0 0 0 0 250 400 100 0 345 0 0 0 100 1000 500 0 0 0 0 0 400 0 0 0 0 0 250 200 0 193 0 258 0 350 0 0 200 0 -150 136 0 400 136 900 -500 0 0 0 0 136 0 0 0 0 0 0 0 0 600 500 250 0 250 0 -125 0 250 72 1000 0 0
300 0 0 0 0 300 0 0 0 900 0 0 0 0 62 0 300 454 800 800 0 0 277 266 0 0 150 288 400 0 0 0 0 450 400 200 0 230 0 0 0 200 300 500 0 0 0 0 0 400 0 0 0 550 0 500 400 0 900 0 558 0 650 0 0 400 0 800 454 0 1000 500 500 600 0 0 0 0 454 0 0 0 33 0 0 0 0 750 750 333 0 333 0 375 0 699 519 1000 0 0
#WBA 2015-05-02
0 0 0 0 0 0 1000 250 0 0 0 400 0 0 0 357 250 136 166 0 700 0 510 800 0 -54 0 800 0 0 0 0 0 0 -166 0 0 500 300 1000 0 600 0 407 0 100 800 0 200 0 187 -250 0 0 0 0 0 366 -400 99 133 187 0 233 0 350 68 68 68 68 0 400 125 416 0 0 367 0 0 0 0 250 250 358 0 500 500 0 0 0 0 -200 -200 -200 -200 -200 -200 -100 0 0
0 1000 0 0 0 0 300 600 0 0 0 875 0 0 0 571 450 500 166 0 900 0 570 400 0 1000 0 400 0 0 0 0 125 0 188 0 0 900 700 300 0 1000 0 700 0 383 750 0 500 0 437 500 100 0 0 0 66 700 400 333 199 437 0 766 0 350 427 427 427 427 300 900 200 483 0 0 562 0 0 0 0 333 333 750 0 500 300 0 0 0 0 100 100 100 100 100 100 600 0 0
#AVFC 2015-05-02
0 400 400 212 71 0 -50 0 0 0 -155 -155 0 750 200 200 0 200 200 200 0 0 0 125 500 750 0 0 0 0 200 200 200 200 0 100 0 0 0 100 25 0 0 250 0 0 0 -400 700 -16 375 0 0 0 -58 100 100 100 100 0 -133 0 -333 100 139 -100 0 0 0 200 0 600 0 0 0 0 625 0 0 0 0 0 0 100 166 0 0 0 600 0 0 312 333 0 0 0 0 500 312 400
0 800 800 462 356 0 400 500 0 0 288 288 399 675 100 400 0 400 400 400 0 0 0 666 611 900 0 0 0 100 300 300 300 300 0 50 66 0 0 425 400 0 0 1000 0 0 0 400 600 283 750 0 0 0 464 50 50 50 50 550 466 333 666 425 485 950 0 0 0 100 0 900 100 0 0 0 666 0 0 125 0 0 0 200 188 0 0 0 800 0 0 625 833 0 0 500 0 500 625 800
#EFC 2015-05-02
0 0 0 0 0 0 0 250 100 100 0 0 0 0 183 -283 183 183 183 -283 -283 -283 0 0 456 0 0 250 0 -156 0 284 -600 0 500 0 0 0 -283 0 0 0 450 0 199 400 0 800 250 0 0 0 0 0 0 0 0 0 0 0 300 -500 0 200 0 500 0 -38 -100 -100 250 -200 0 0 600 0 600 108 0 0 -300 -100 0 0 0 0 0 0 285 600 100 0 0 0 0 0 0 0 660 0
0 0 0 0 0 0 0 250 400 391 0 0 125 125 799 700 799 799 799 700 700 700 0 0 527 0 0 650 0 375 0 517 700 0 600 0 0 0 700 0 0 0 900 0 475 800 0 400 333 0 0 0 0 0 0 0 0 0 200 0 537 300 0 400 0 600 0 844 400 400 450 700 0 0 900 400 466 333 0 0 600 400 0 0 0 0 0 0 535 1000 100 200 0 0 0 0 0 0 610 0
#LFC 2015-05-02
-250 0 0 0 133 800 0 800 800 0 0 241 0 0 200 0 0 0 0 0 0 800 800 800 800 0 800 0 0 0 0 400 250 0 0 0 0 0 0 800 524 100 250 0 0 500 0 800 0 800 0 800 325 0 0 0 -125 0 250 250 0 -125 1000 250 0 1000 0 -125 0 800 100 399 0 318 0 0 0 800 0 0 233 0 -600 800 166 0 0 0 250 0 41 0 0 0 0 0 0 0 -150 0
400 0 0 0 200 200 0 200 200 0 0 266 0 0 300 0 0 0 0 0 0 200 200 200 200 0 200 0 0 0 0 800 550 0 0 0 0 0 0 200 575 0 333 0 0 1000 0 200 0 400 0 200 433 0 0 0 375 0 333 333 0 375 300 699 0 400 0 375 0 750 0 433 500 477 0 0 0 400 0 0 399 0 800 750 633 0 0 500 750 0 645 0 0 0 0 0 0 0 291 500
#QPR 2015-05-02
0 0 0 0 100 100 -200 100 0 0 0 0 0 0 800 0 0 0 0 725 0 96 0 0 0 500 0 1000 0 500 250 1000 625 0 625 -666 587 -400 0 0 0 0 0 0 700 0 322 0 0 0 0 -750 0 0 -600 0 0 0 0 0 136 -156 0 0 -750 550 1000 -600 142 0 0 500 1000 0 500 0 0 400 400 0 0 0 0 350 0 0 0 0 0 0 800 0 0 -400 0 0 0 0 0 600
0 0 0 0 0 0 500 0 0 0 0 0 0 0 1000 0 0 0 0 675 0 240 0 0 0 750 0 1000 0 500 250 400 500 0 500 1000 583 600 0 0 0 0 0 0 650 0 644 0 0 1000 0 900 500 0 800 0 0 0 0 0 454 187 66 0 900 812 750 900 267 0 0 900 300 66 500 0 0 1000 1000 0 0 0 0 333 0 0 0 0 0 0 1000 0 0 400 0 0 0 0 0 625
#SAFC 2015-05-02
0 250 0 -150 0 0 0 0 0 -349 -1000 0 0 0 -183 0 1000 0 450 200 800 0 268 0 -625 0 0 0 0 400 0 0 0 0 0 0 0 800 0 600 200 0 0 178 0 0 0 600 500 112 500 391 0 0 0 0 0 0 0 500 500 500 500 0 0 0 0 0 0 0 0 0 0 0 0 0 0 136 0 300 0 125 0 0 0 0 400 -150 -145 0 -750 0 136 0 300 0 -600 0 0 0
0 500 0 737 0 0 0 0 100 333 1000 0 0 0 549 0 300 0 800 400 1000 0 577 0 1000 0 33 100 500 800 0 0 0 0 0 0 0 400 0 633 500 0 0 554 0 0 125 300 700 600 700 400 0 0 0 0 0 0 0 900 900 900 900 0 125 125 125 125 0 95 0 125 0 0 1000 0 0 454 0 500 50 550 33 0 0 0 700 233 304 0 1000 0 454 0 500 0 900 0 0 0
#SaintsFC 2015-05-02
0 0 46 83 500 0 -100 0 -100 -100 0 500 0 500 0 0 500 0 0 0 0 800 550 125 500 -200 0 0 0 0 350 -133 -50 0 0 0 24 0 0 0 175 433 0 0 750 0 400 0 0 366 -250 0 333 0 0 -300 800 1 168 168 0 781 168 250 650 0 0 -83 758 0 0 750 183 0 0 0 500 166 400 -237 300 -625 500 0 400 500 0 0 399 0 125 0 0 211 0 350 0 -200 437 0
0 0 385 533 888 0 0 0 0 0 0 500 0 750 0 50 500 0 0 0 0 700 449 600 1000 233 0 0 0 0 333 366 400 333 0 0 338 0 0 0 275 433 0 0 1000 0 425 0 0 388 400 0 500 0 0 600 400 855 277 277 0 600 277 250 875 0 0 83 666 0 0 400 533 0 0 0 833 283 800 384 716 900 1000 66 900 500 66 0 549 0 100 0 0 517 125 616 0 590 300 780
#Swans 2015-05-02
800 800 800 0 68 0 0 0 0 0 1000 0 500 0 500 0 -200 0 0 100 375 0 500 0 166 250 0 0 -577 0 -250 0 0 200 0 0 800 0 0 572 0 1000 333 900 866 125 250 800 500 800 0 800 500 100 100 500 800 600 250 0 125 0 400 250 -77 250 0 250 0 52 -16 0 0 -200 200 0 500 0 0 0 0 -390 200 0 0 0 0 200 68 0 0 0 0 0 -131 -750 0 0 -750 0
400 400 400 1000 750 0 1000 0 0 0 300 0 400 0 750 0 250 0 0 300 1000 0 400 0 633 250 0 0 644 0 750 0 0 400 0 0 400 0 0 666 1000 400 1000 700 516 1000 750 400 433 400 0 400 400 200 200 500 400 383 875 0 266 0 700 300 144 300 0 916 1000 510 366 0 0 100 200 0 900 500 1000 1000 1000 700 250 1000 1000 1000 1000 200 750 0 0 0 0 500 450 1000 1000 1000 1000 0
#SCFC 2015-05-02
800 800 0 0 0 0 0 0 0 0 0 800 0 0 0 0 0 318 125 0 -400 -400 -262 208 -1000 100 0 -400 0 500 0 -400 0 208 0 -200 0 0 -100 200 366 0 100 0 0 0 68 0 136 0 568 0 500 0 500 -500 101 850 0 100 100 200 318 0 0 178 160 380 0 568 406 0 0 -400 0 0 0 0 49 0 0 0 160 250 68 0 -400 433 500 500 0 0 0 0 0 500 0 136 0 0
400 400 0 0 0 0 0 0 0 0 0 400 0 0 0 66 0 700 250 0 400 400 387 291 1000 0 0 400 0 500 0 400 0 291 0 450 0 0 1000 400 566 0 400 0 0 0 750 0 454 0 727 0 611 0 900 1000 395 1000 1000 400 400 250 477 1000 0 406 539 727 0 727 702 0 0 400 0 0 0 0 616 0 0 0 539 300 750 0 400 733 611 500 0 0 0 0 0 500 0 454 0 0
#WHUFC 2015-05-02
400 0 0 400 495 0 0 142 -500 228 -155 100 400 -78 0 400 0 309 500 0 500 312 800 138 0 0 800 0 0 0 -131 136 0 311 0 0 0 0 700 500 400 -83 0 0 0 365 0 0 400 316 0 1000 500 0 0 0 -400 0 500 312 0 0 0 -600 0 200 0 350 0 250 0 0 0 99 136 136 0 800 600 0 0 600 200 0 0 136 0 625 -155 850 0 0 0 0 200 0 600 -325 0 0
800 0 0 800 600 0 0 301 1000 431 288 200 800 250 0 800 0 688 900 0 900 400 900 372 0 0 400 0 0 0 527 454 0 558 0 0 0 0 600 500 800 416 0 0 0 581 0 100 900 416 0 1000 500 50 0 0 400 0 750 200 0 0 0 900 0 200 66 350 0 300 0 0 66 422 454 454 0 700 1000 0 0 1000 100 0 0 454 0 500 288 450 0 0 0 0 300 0 1000 700 112 0
#Clarets 2015-05-02
1000 0 166 300 166 1000 400 0 0 -800 0 0 0 200 166 0 0 0 0 0 0 0 0 0 -325 166 625 0 -83 0 0 1000 0 0 0 0 0 0 0 0 0 0 0 0 -25 0 1000 -155 0 1000 50 0 0 0 0 -8 0 -194 100 0 0 213 0 0 400 800 0 0 0 0 0 0 0 400 0 0 0 0 0 218 0 0 0 0 0 0 0 166 100 136 0 136 333 -400 183 0 0 49 500 -800
300 0 166 462 166 300 1000 0 0 900 0 0 0 500 166 0 0 0 1000 0 0 0 0 0 520 166 975 0 83 0 0 400 0 0 0 0 0 0 0 0 0 0 0 0 625 0 300 288 0 300 162 0 0 0 0 666 0 288 400 0 0 454 0 0 1000 400 0 0 0 0 0 0 0 375 0 0 0 0 1000 402 0 1000 0 0 0 0 0 108 450 454 0 454 600 400 658 0 0 550 500 800
#LCFC 2015-05-02
241 0 -51 0 -66 0 0 0 700 0 0 0 0 0 0 0 0 0 0 -750 0 -625 0 0 0 0 0 0 0 500 0 -200 0 0 600 0 100 0 0 0 0 0 0 0 0 250 -300 0 300 0 99 -500 0 -333 285 128 216 0 0 -600 750 0 250 -200 0 0 850 0 250 0 0 1000 250 0 -166 625 0 136 0 0 800 -116 100 500 -200 500 0 0 0 800 53 0 0 -375 0 0 0 400 0 0
266 0 346 0 533 0 0 0 600 0 0 0 0 0 0 0 0 0 100 750 0 900 0 0 0 0 0 0 0 700 100 400 0 0 575 0 150 0 0 0 0 0 0 0 0 500 500 0 0 1000 966 1000 0 666 535 328 550 0 0 350 950 0 516 950 0 0 1000 0 500 0 0 300 800 0 333 1000 333 500 500 950 750 449 200 900 400 600 0 0 0 700 317 0 0 800 0 0 0 600 0 0
#NUFC 2015-05-02
400 400 0 0 800 393 0 49 0 600 0 0 166 200 0 0 0 625 166 166 100 366 100 0 500 -166 -400 0 0 0 0 0 0 0 166 0 0 66 0 1000 0 50 0 400 261 250 0 145 0 0 106 0 -50 166 172 0 0 285 -150 0 0 -800 0 400 100 100 400 500 0 0 100 200 0 380 0 -16 0 -600 136 0 0 -225 0 250 0 0 0 0 0 0 0 0 0 0 0 0 0 200 0 600
800 800 0 0 750 375 0 600 0 575 0 0 333 100 0 0 1000 500 333 333 0 466 100 0 900 674 400 1000 0 0 0 0 0 0 333 0 0 799 0 300 0 655 0 800 345 100 0 550 966 0 786 0 600 333 594 0 0 535 400 0 0 800 0 800 0 0 800 500 0 0 300 900 0 520 1000 266 0 900 454 0 0 896 0 750 1000 0 0 0 0 0 0 1000 0 0 0 0 0 900 0 550
#LCFC 2015-04-29
-1000 133 0 400 233 0 -200 0 -200 550 800 0 200 0 0 1000 350 0 0 0 0 -100 -250 -100 0 600 0 0 0 0 0 0 433 0 106 214 800 0 0 -300 0 0 0 -100 -400 -100 0 0 366 427 0 0 500 0 0 200 -250 0 250 350 312 446 333 -62 100 0 33 -625 0 -500 0 400 -200 216 480 -49 0 -200 625 0 0 0 0 -312 0 0 0 -200 0 0 0 -66 -200 216 -350 0 0 -166 -100 0
1000 733 0 500 233 0 200 0 350 800 750 0 500 0 0 300 550 0 0 0 0 400 888 400 0 600 0 0 66 0 0 0 833 0 306 571 750 0 100 400 66 0 0 400 400 1000 0 0 455 533 66 0 450 0 0 450 888 0 250 650 950 571 355 150 600 0 50 1000 0 200 1000 450 800 566 453 650 0 400 600 0 0 0 0 687 0 0 0 50 0 1000 0 183 50 566 450 0 0 500 25 0
#CFC 2015-04-29
0 0 0 500 -625 0 700 1000 0 0 400 400 281 0 666 700 800 0 500 0 0 525 616 318 250 0 0 0 0 0 0 925 800 316 266 600 800 -699 433 800 925 0 -250 400 0 0 0 -250 925 -250 400 400 0 0 925 -1000 133 0 500 800 800 0 0 281 432 1000 800 0 116 666 20 0 250 800 0 700 500 925 800 0 800 0 0 0 800 150 150 -250 104 512 -77 250 0 0 0 0 0 700 350 500
0 0 0 500 800 0 900 1000 0 0 800 800 529 0 533 566 400 0 750 0 0 650 666 727 333 0 0 0 0 0 0 1000 400 366 333 1000 400 666 733 400 1000 0 233 200 0 0 0 233 1000 233 200 200 0 0 1000 1000 733 0 1000 400 400 100 100 529 403 300 400 0 183 733 322 0 333 400 0 900 833 1000 400 0 400 0 0 0 400 0 0 250 645 549 644 333 0 0 0 0 33 900 450 833
#hcafc 2015-04-28
500 500 0 0 0 541 308 0 187 0 -155 -125 0 250 233 0 200 0 0 -100 0 0 0 0 0 0 0 66 0 0 0 315 0 -200 -125 316 500 500 150 0 -20 0 0 0 0 0 350 800 0 0 0 0 -400 0 0 0 625 0 -400 0 0 0 750 -18 0 -500 0 100 -51 -1000 0 650 0 0 0 0 266 357 800 -350 0 1000 218 -100 800 900 650 0 350 25 0 0 175 -312 53 -21 -300 285 136 0
900 900 100 0 0 733 350 0 437 0 288 400 0 1000 500 0 700 0 0 300 0 0 0 0 0 0 0 446 0 283 0 415 0 0 200 266 900 900 150 0 373 0 0 0 0 0 350 750 0 0 0 0 400 0 0 0 500 0 400 0 100 0 500 396 500 500 0 383 429 1000 0 650 0 0 0 1000 583 535 400 850 0 1000 593 300 1000 1000 650 0 531 175 0 0 650 687 728 711 600 535 454 0
#LFC 2015-04-28
350 250 0 0 0 976 0 0 300 0 1000 200 562 0 0 -125 400 909 0 0 -400 0 0 800 -600 333 0 0 0 600 0 -400 -500 0 -187 0 0 0 -400 0 0 500 500 -155 136 0 0 133 0 0 0 450 0 0 400 909 495 909 0 420 0 750 0 0 0 0 500 0 0 -200 -266 0 0 0 250 250 0 -125 -400 0 0 0 909 0 92 500 909 0 0 200 266 0 1000 1000 355 523 909 323 909 0
650 900 0 0 100 500 0 0 700 0 1000 150 662 0 0 125 800 1000 0 0 600 0 0 1000 750 666 0 0 0 550 0 700 900 0 500 0 0 0 400 0 0 500 500 288 500 0 0 333 0 0 0 844 0 0 800 1000 600 1000 0 380 0 937 0 0 100 1000 500 0 0 300 699 0 0 0 750 850 0 125 700 0 0 125 1000 0 467 500 1000 0 0 150 583 0 400 400 600 727 1000 727 1000 0
#AFC 2015-04-26
-166 0 433 0 400 400 0 0 0 550 200 0 -800 0 0 0 0 500 0 0 0 0 800 500 0 0 400 0 -50 0 600 400 -500 0 136 0 0 300 0 -216 500 0 0 700 500 0 0 800 800 800 650 666 0 0 0 800 -38 800 -38 800 0 0 0 216 800 408 400 136 500 108 0 -38 800 50 50 433 -150 0 500 -500 0 0 400 0 0 400 500 0 500 0 -500 -75 500 0 -500 -250 -250 0 50 433
166 0 833 0 800 800 0 0 0 300 655 0 1000 0 0 0 0 500 0 0 0 0 1000 750 0 0 250 0 850 0 550 800 300 0 454 0 0 200 0 833 600 0 0 600 166 0 0 1000 1000 400 750 733 0 0 766 1000 399 1000 399 1000 0 0 0 833 1000 633 800 454 500 833 0 399 1000 700 200 833 125 0 500 700 1000 125 800 0 0 200 500 0 500 0 300 125 1000 0 700 1000 1000 0 700 833
#CFC 2015-04-26
0 800 50 400 400 136 200 0 0 0 0 0 0 0 -500 0 0 0 258 116 0 0 0 83 0 550 0 0 0 0 -750 0 0 500 0 0 0 0 -500 0 200 500 650 650 0 0 0 468 500 -500 0 -400 300 0 0 0 -291 1000 500 0 0 300 0 0 0 0 0 400 136 585 0 0 0 0 0 250 600 200 0 0 400 0 136 800 0 0 0 0 0 0 500 -28 0 0 -216 300 -500 -216 433 0
0 400 150 800 800 454 600 0 0 0 0 0 0 0 700 0 0 0 466 575 0 0 0 533 0 300 0 0 0 0 1000 0 0 500 125 0 0 0 700 1000 450 500 900 900 0 0 0 427 750 700 0 400 1000 0 0 0 541 400 750 0 0 500 0 0 0 0 0 800 500 200 0 0 0 0 0 425 550 300 0 0 800 0 500 400 0 0 0 0 0 0 600 557 0 0 833 200 300 833 766 0
#EFC 2015-04-26
-150 350 700 700 136 0 0 0 0 800 0 0 0 400 0 -300 406 100 466 400 100 100 100 100 50 0 0 0 0 0 0 466 350 700 100 500 0 0 400 0 200 0 0 700 -500 0 0 400 0 100 400 0 0 200 0 0 100 0 0 0 400 150 0 150 -200 0 0 400 0 1000 0 100 0 0 0 0 0 0 -133 0 -188 250 -200 500 -16 -500 900 900 -350 125 -99 0 100 0 250 0 800 0 0 0
350 650 900 900 500 0 0 0 0 750 0 0 0 800 0 400 260 600 661 800 300 300 300 300 500 0 0 0 0 0 0 661 495 600 300 500 0 0 800 0 200 0 0 600 400 0 0 800 0 400 800 0 0 200 0 66 200 0 0 0 500 50 0 50 700 0 0 800 0 1000 0 650 0 0 0 300 66 66 155 355 341 250 262 500 550 500 350 350 400 1000 133 66 233 66 688 0 400 0 0 0
#MUFC 2015-04-26
325 -187 0 416 -500 0 0 0 0 0 0 0 350 0 -400 0 0 285 0 290 766 1000 0 0 0 357 -57 0 700 400 400 0 0 600 0 500 0 200 200 0 0 0 104 0 0 0 600 0 0 0 333 0 1000 0 -500 0 800 0 0 -500 0 10 0 0 0 1000 0 0 0 433 0 0 250 0 600 -141 0 600 625 -400 -300 0 142 100 0 0 285 0 0 600 0 250 112 250 0 600 471 0 0 0
648 500 0 666 666 0 0 0 0 0 0 0 650 0 400 0 0 535 0 573 799 1000 0 0 0 535 467 0 600 800 800 0 0 800 0 591 0 300 300 0 0 0 520 0 0 0 800 0 0 0 333 0 900 0 666 0 900 0 0 1000 500 758 0 0 0 300 0 0 0 566 0 0 250 0 800 558 0 675 900 700 522 0 267 183 0 0 535 0 500 800 0 750 247 750 0 800 513 0 0 0
#MCFC 2015-04-25
400 400 242 385 200 200 0 0 175 75 625 666 68 1000 0 0 0 500 0 0 0 -183 400 1000 0 625 312 0 -400 0 0 0 625 0 0 375 0 0 100 350 0 500 0 800 0 0 0 400 0 0 0 0 1000 62 0 0 500 1000 0 0 0 666 -600 0 -750 200 0 1000 1000 0 216 375 166 168 303 0 500 0 0 0 0 1000 0 500 -200 0 0 0 0 120 0 0 0 0 0 0 0 0 0 -9
800 800 367 482 300 300 0 0 600 350 900 733 477 400 0 100 0 500 0 0 0 275 800 400 0 900 200 0 500 0 300 0 900 0 0 350 0 0 150 400 0 500 500 1000 0 0 0 800 0 500 0 0 400 500 0 0 500 400 0 300 0 733 400 0 1000 300 0 400 400 0 916 875 333 296 452 0 500 500 0 500 0 400 100 900 250 0 0 0 0 566 0 0 0 0 0 0 0 0 0 780
#AVFC 2015-04-25
300 400 400 850 0 1000 1000 1000 1000 -312 800 20 350 800 0 0 0 0 0 0 0 0 0 0 0 400 0 400 44 200 0 0 0 0 0 750 0 0 700 375 0 50 1000 1000 0 375 0 0 100 375 0 375 375 375 0 0 0 329 0 0 75 0 0 0 -116 0 375 125 -375 0 400 0 0 0 -500 0 700 1000 1000 1000 0 495 700 0 0 0 0 0 0 166 0 -500 500 0 524 100 0 500 0 333
100 800 800 1000 0 300 300 300 300 800 400 522 300 750 0 0 0 0 0 0 0 0 0 0 0 1000 0 950 414 100 0 0 0 0 0 900 0 0 600 875 0 700 1000 1000 0 875 0 0 300 875 0 875 875 875 0 0 0 680 500 0 229 0 0 0 708 0 875 383 750 0 1000 0 0 0 1000 0 600 1000 1000 1000 0 828 600 0 0 0 0 1000 0 833 550 1000 500 0 575 200 0 550 1000 366
#CPFC 2015-04-25
0 0 0 0 0 200 0 200 200 119 200 200 200 200 0 0 -56 0 250 0 250 250 0 0 -400 375 136 0 0 375 0 850 0 0 0 0 0 0 133 -500 650 0 0 0 300 0 0 425 0 0 0 0 0 -300 0 -600 -150 0 0 0 -400 0 -600 0 0 0 0 0 0 0 287 266 58 -30 0 0 -400 0 0 0 0 0 125 0 0 0 0 -333 0 0 0 8 0 0 0 0 0 0 0 0
0 0 0 0 0 100 0 100 100 780 100 100 100 100 0 0 493 0 333 300 333 333 300 300 400 100 454 0 1000 812 66 1000 333 0 0 1000 0 0 466 875 650 0 0 0 100 0 0 575 0 0 0 0 0 400 0 900 350 0 0 0 400 0 900 0 0 1000 1000 0 1000 100 475 433 558 380 0 0 400 0 0 0 0 0 200 0 0 1000 0 666 0 100 0 550 0 0 0 0 0 0 0 0
#hcafc 2015-04-25
600 0 0 49 500 500 0 0 528 -166 0 200 600 0 300 750 0 0 1000 437 312 0 700 0 0 0 0 0 1000 0 0 0 0 416 0 0 0 0 0 250 250 250 0 0 0 0 500 0 0 0 700 0 0 0 -200 0 0 0 0 -155 0 250 234 0 -107 0 0 0 0 250 0 150 602 0 0 0 200 -166 500 0 400 175 0 0 800 200 250 200 -388 -200 500 87 -158 -25 -150 0 375 0 0 75
475 0 0 500 375 650 633 0 598 433 0 450 1000 0 100 775 0 0 1000 466 333 0 600 0 0 100 100 0 300 0 0 0 0 366 0 0 0 0 0 333 333 250 0 0 0 0 500 357 0 0 500 0 0 333 625 0 0 0 0 288 0 1000 394 1000 571 0 0 0 0 333 0 300 500 0 0 0 200 433 600 0 400 300 0 0 1000 200 494 200 447 100 888 244 356 233 50 0 100 0 0 275
#NUFC 2015-04-25
400 400 -150 0 -400 -62 0 -600 -333 0 0 0 0 333 0 0 0 400 -199 0 500 -625 -400 -400 479 0 300 0 -49 100 0 -700 -700 200 -50 250 0 0 0 0 0 -75 0 0 400 0 23 0 0 -125 200 300 0 136 -50 0 100 0 800 222 0 600 -125 -400 0 200 475 -50 -500 0 0 -400 0 0 0 -155 500 1000 33 600 -800 -450 0 0 0 550 0 193 300 50 -155 -166 400 0 500 0 100 500 0 250
800 800 500 850 500 687 0 750 550 1000 0 0 0 500 0 0 0 800 600 0 1000 600 500 600 500 0 566 0 650 400 0 800 800 200 50 1000 833 0 0 0 0 516 100 0 800 0 410 0 0 250 100 100 0 454 400 0 900 0 1000 594 0 1000 1000 550 0 100 466 646 1000 500 0 700 0 300 1000 288 600 300 729 700 900 541 0 0 0 475 400 393 450 662 288 566 800 500 750 0 600 750 0 250
#Swans 2015-04-25
-150 200 0 0 0 0 -500 400 0 -291 0 0 0 500 136 500 0 0 500 -291 -187 500 500 800 0 -125 0 0 0 68 0 200 0 0 0 0 0 0 850 416 0 250 0 0 0 0 -400 500 -400 800 0 0 0 500 700 0 0 500 0 0 -100 1000 0 500 0 -100 0 -100 -100 350 0 575 0 500 0 -145 0 0 350 0 350 350 350 350 350 0 350 0 31 0 500 500 500 -150 0 0 0 0 0 136
500 500 0 0 0 0 400 600 0 541 0 0 0 500 454 750 0 0 550 541 500 1000 750 750 100 375 0 0 0 352 0 399 0 0 0 0 0 0 1000 500 0 600 0 66 66 0 400 900 400 400 66 66 0 750 850 100 0 750 100 100 500 300 0 750 0 500 0 500 500 650 66 475 0 1000 66 404 0 66 650 0 650 650 650 650 650 0 650 0 750 0 750 500 750 500 1000 0 0 125 100 454
#QPR 2015-04-25
161 0 0 0 0 0 0 0 -50 285 0 -50 0 0 500 136 0 0 500 -500 0 -400 350 178 -347 0 800 0 -400 -133 0 0 0 400 0 75 0 0 0 500 -133 -400 0 0 0 178 250 0 0 300 0 -234 600 0 450 50 0 0 0 0 0 0 0 0 0 175 -155 0 0 500 50 0 0 0 0 0 400 -187 -195 200 1000 24 500 61 -350 500 250 183 99 350 406 248 -56 0 -7 300 0 0 0 0
466 0 0 0 0 0 0 0 400 535 0 400 0 0 500 454 0 0 500 1000 0 400 400 473 344 0 900 66 400 466 0 0 0 1000 66 358 100 0 0 500 155 400 0 0 0 473 500 0 0 483 0 500 666 0 500 233 0 0 0 0 0 0 0 125 250 341 288 0 0 1000 50 0 0 0 125 0 400 500 260 300 300 725 500 445 800 500 500 596 650 650 461 522 410 0 567 200 0 0 0 0
#WHUFC 2015-04-25
0 0 0 0 0 0 0 0 0 0 0 0 0 450 0 400 0 0 0 0 200 136 0 200 133 233 0 300 -300 300 800 0 -50 0 -500 400 0 -225 0 366 0 0 0 550 400 0 0 -500 0 0 50 0 0 -300 0 0 400 49 1000 0 0 0 0 -133 0 0 33 0 0 0 0 317 317 0 0 0 250 0 -100 0 0 625 0 0 0 99 1000 1000 0 0 416 -400 0 0 0 -50 1000 0 0 -500
0 0 100 1000 0 0 0 0 0 0 0 0 0 750 0 800 0 0 0 0 300 454 0 300 333 366 0 500 300 500 1000 0 400 0 900 800 0 175 0 700 0 0 0 200 800 0 0 950 0 0 200 0 0 200 0 100 800 600 900 0 0 100 0 300 0 0 333 500 0 0 300 542 542 0 0 0 500 0 550 0 0 500 0 0 222 183 1000 1000 0 0 500 400 0 0 0 400 300 0 0 900
#WBA 2015-04-25
0 0 0 0 136 175 44 625 -500 400 0 0 0 0 0 160 0 -175 0 0 0 0 500 500 500 166 285 328 0 250 0 0 0 1000 0 50 500 0 0 -400 -125 0 136 -200 68 68 68 68 -161 0 0 0 0 0 0 0 0 0 0 0 0 0 136 0 0 400 -700 -200 -200 -250 0 0 0 0 83 0 0 333 0 0 168 0 0 350 0 1000 400 100 0 0 500 0 -500 399 0 -200 -200 -200 -200 0
0 0 0 0 454 325 414 1000 900 1000 0 0 0 0 0 539 0 350 0 333 0 0 888 750 800 666 535 411 0 475 0 0 0 300 0 350 600 399 0 400 366 0 454 50 427 427 427 427 607 0 0 0 0 0 0 0 0 0 0 0 0 0 454 0 0 800 800 100 233 250 0 0 0 0 435 0 0 666 0 0 277 100 0 550 0 300 400 0 0 0 1000 0 1000 408 0 100 100 100 100 0
#LFC 2015-04-25
0 -781 200 278 0 0 166 0 0 0 0 0 850 -625 -400 0 1000 0 285 0 -156 0 0 0 400 562 -174 -200 0 0 0 1000 0 -200 0 200 392 625 0 -125 -125 0 0 0 0 0 0 0 175 150 0 0 0 300 -125 0 -125 0 0 -125 300 -1000 0 0 -116 -125 0 -125 0 0 -400 170 400 0 0 0 233 0 0 136 -125 416 0 500 0 175 83 0 435 94 800 -250 45 0 400 466 400 300 800 100
0 600 200 451 0 0 650 0 0 0 100 0 1000 400 400 0 300 0 535 0 377 0 200 0 800 500 266 700 0 250 500 400 0 100 0 200 767 1000 0 375 375 0 0 0 0 0 100 0 275 500 0 0 0 0 375 0 375 0 0 375 800 1000 0 0 366 375 0 375 1000 0 500 533 400 1000 0 0 222 0 0 454 375 666 0 500 0 325 766 1000 577 633 750 550 351 0 416 596 416 500 750 200
#Clarets 2015-04-25
136 0 0 0 0 -400 0 -388 -200 -166 0 0 -125 250 150 0 0 0 1000 800 -375 0 0 0 0 0 0 0 0 800 450 0 0 0 0 0 0 0 0 0 0 0 400 0 300 31 0 213 0 0 0 0 125 750 0 0 0 0 0 200 500 0 -200 0 0 800 0 227 0 0 -250 0 83 0 0 200 500 0 200 125 0 399 -90 300 700 166 0 500 -275 0 0 500 0 0 0 0 0 0 0 600
454 0 0 0 0 400 0 833 250 500 0 0 125 500 600 0 0 1000 1000 900 625 0 0 0 0 0 0 0 0 1000 750 300 0 0 0 0 0 0 0 0 0 0 1000 0 200 250 0 454 0 0 0 0 266 594 0 0 0 0 0 300 500 0 399 76 0 750 0 545 0 0 475 0 83 0 0 100 1000 0 500 225 0 266 659 300 600 399 0 694 362 0 0 1000 0 100 0 0 0 0 0 950
#LCFC 2015-04-25
800 0 0 0 0 0 0 0 184 -100 700 0 282 700 0 700 650 633 1000 800 375 0 -200 -238 0 0 250 268 700 136 -100 500 136 0 136 0 0 150 0 0 0 0 0 500 550 0 0 -200 233 -500 0 800 800 0 0 0 700 800 0 0 500 0 200 0 -150 0 200 800 0 -50 -50 -400 0 278 0 0 0 -200 0 -50 0 0 0 0 0 0 0 0 -400 200 -388 0 170 166 0 0 0 0 0 250
750 0 0 0 0 0 0 0 610 449 600 0 662 600 0 600 875 733 1000 750 500 0 700 503 0 100 250 700 850 500 449 500 500 0 454 0 0 575 0 100 0 0 0 500 750 0 1000 100 304 400 0 400 400 0 0 0 800 400 0 0 1000 0 100 0 700 0 400 1000 0 350 350 400 500 450 0 500 500 250 0 350 0 66 0 0 0 0 0 0 400 200 833 100 454 166 1000 0 0 0 0 750
#SCFC 2015-04-25
0 0 316 316 0 136 0 0 138 0 0 0 400 433 0 400 -400 0 0 -400 -100 0 -100 0 -100 -500 -100 0 0 0 -150 0 0 550 550 0 0 0 200 0 0 0 0 0 0 0 0 350 500 0 0 350 0 500 -400 0 0 0 0 -300 200 1000 0 0 500 500 250 500 566 0 0 0 1000 -150 0 1000 0 -100 125 0 136 -104 400 0 0 100 0 0 136 0 0 0 0 0 0 -400 0 0 533 533
0 0 416 416 0 454 0 0 488 0 100 0 1000 733 0 700 700 0 125 400 500 0 500 0 500 1000 500 0 0 0 400 0 0 750 975 0 0 0 100 0 0 0 0 0 0 0 0 650 750 0 1000 650 0 750 700 0 100 0 100 300 300 300 0 0 833 833 500 611 666 0 0 1000 1000 700 0 1000 0 200 275 0 454 666 900 0 0 400 0 0 454 0 0 0 0 0 0 400 0 0 900 900
#SAFC 2015-04-25
0 0 1000 0 0 0 -400 0 136 300 -125 0 0 0 0 0 600 -500 0 83 700 225 0 0 150 136 0 -400 504 0 49 0 500 0 49 62 975 0 100 500 -300 500 0 392 400 0 0 0 0 400 0 200 0 0 0 199 0 0 250 200 -150 200 0 -93 0 -250 0 0 0 0 0 500 -400 800 136 500 500 0 0 0 0 445 199 100 500 209 136 0 600 0 0 -175 0 0 0 0 -714 -600 -260 0
850 0 1000 0 0 0 700 0 454 100 1000 0 0 0 300 0 900 1000 0 411 600 516 0 0 600 454 0 400 544 0 800 1000 500 0 550 500 1000 0 450 500 850 600 0 712 700 0 0 0 0 800 0 100 0 0 0 400 0 0 500 100 500 100 0 500 0 888 0 0 0 0 0 500 400 400 454 833 833 0 0 0 0 300 466 1000 833 463 454 0 1000 0 0 525 0 0 0 0 857 800 433 0
#SaintsFC 2015-04-25
0 0 0 0 0 288 0 0 0 166 333 0 0 0 0 0 0 0 0 0 0 500 75 0 200 0 0 259 136 0 0 0 0 0 0 0 0 195 0 500 500 0 0 0 0 333 0 0 585 800 0 0 0 350 400 178 0 -200 500 500 500 500 250 136 -166 0 0 0 200 0 0 0 0 0 -400 0 -200 200 -400 200 200 200 200 0 500 266 250 0 0 116 0 200 200 200 300 -250 500 1000 136 0
0 0 0 0 0 438 0 0 0 241 700 0 0 0 0 0 0 0 0 0 0 600 200 0 200 0 0 288 454 0 0 0 0 0 0 0 0 750 0 750 1000 0 0 0 500 500 0 0 100 750 0 0 0 350 400 375 0 700 500 500 500 500 200 454 383 0 0 1000 100 0 1000 0 0 0 400 0 700 100 400 400 400 400 400 0 1000 394 500 0 0 350 0 100 100 100 200 250 888 1000 454 0
#COYS 2015-04-25
1000 1000 0 600 375 0 45 0 0 1000 0 0 0 0 0 455 156 700 -388 0 0 300 700 700 -83 0 0 191 109 1000 0 -400 0 -62 0 0 0 -800 250 0 500 341 0 200 0 136 -600 800 150 150 0 0 0 500 -250 0 0 0 0 500 441 -200 0 0 0 700 0 1000 0 400 0 0 275 0 0 0 136 500 0 0 900 0 -269 -231 600 850 -400 510 500 0 0 -100 -116 249 0 0 0 0 0 -400
1000 1000 0 433 750 0 193 0 0 1000 0 0 0 0 62 712 526 600 833 0 0 362 600 600 55 0 0 388 700 500 0 400 0 187 0 0 0 900 375 0 1000 633 0 950 66 454 700 750 100 100 0 0 0 500 233 0 0 0 0 600 425 700 66 100 125 600 125 300 0 900 0 66 216 0 0 0 454 1000 0 0 700 0 777 727 950 1000 400 583 1000 0 0 600 600 500 0 0 0 125 0 400
#NUFC 2015-04-19
0 -200 400 400 0 100 0 -83 0 500 -31 0 -100 0 0 -225 0 -106 111 0 250 -399 500 0 500 0 0 -350 377 -75 0 187 0 0 0 -400 0 0 0 0 250 0 0 166 400 400 200 0 0 0 0 -400 0 1000 0 -600 500 -75 0 0 0 0 -75 0 0 -166 700 0 142 0 500 425 150 0 976 -400 0 0 0 293 0 -800 800 0 0 199 -937 0 500 0 -400 0 0 650 0 0 -400 42 -312 -122
66 400 800 800 0 550 0 83 0 600 577 0 525 0 0 275 0 588 944 0 333 399 1000 0 500 0 0 616 677 825 650 350 0 0 0 700 1000 0 0 0 300 0 0 333 800 800 200 0 0 0 0 400 0 300 0 633 500 366 100 0 0 0 325 0 0 66 600 0 517 780 600 550 300 0 800 400 0 0 0 433 0 900 1000 0 0 466 800 0 600 66 700 1000 0 750 0 0 400 438 687 444
#COYS 2015-04-19
375 200 1000 199 162 0 0 -43 433 0 0 175 0 0 483 500 0 0 -200 0 800 15 0 390 0 0 216 286 350 800 -486 0 1000 -400 800 0 0 781 500 50 422 596 800 600 0 -1000 233 0 0 100 777 0 533 700 -133 250 0 0 406 133 0 -600 227 0 0 211 333 -400 375 500 -57 0 0 500 0 625 0 133 0 166 0 0 0 50 0 -200 -30 0 0 0 0 -800 357 200 -400 300 -232 -133 0 -799
775 800 300 500 708 0 0 203 683 0 650 585 0 0 333 500 0 100 233 0 400 328 0 333 0 0 366 276 362 1000 833 0 300 400 400 0 0 500 500 100 577 580 1000 233 0 666 241 0 0 450 795 0 466 900 333 1000 0 0 462 688 0 700 545 0 0 305 500 400 866 500 467 0 0 600 1000 600 0 333 0 200 0 0 0 250 0 800 370 0 0 0 100 900 535 350 700 650 928 600 0 1000
#MCFC 2015-04-19
500 0 400 400 450 0 125 500 16 0 0 -750 224 0 80 666 0 0 0 900 100 350 0 0 0 -400 0 0 -600 0 0 0 0 136 136 0 25 -400 -200 -400 0 0 0 625 0 357 0 -600 0 0 800 600 0 227 0 1000 1000 0 0 0 0 0 136 0 -400 400 400 0 -400 333 500 0 0 -155 136 0 0 0 0 0 333 250 0 0 0 0 400 -266 250 125 333 0 500 100 -400 -400 68 -400 0 168
833 0 800 800 750 0 200 925 716 0 0 750 300 0 410 733 0 0 0 700 200 550 0 0 0 1000 0 0 900 0 0 0 0 454 454 125 250 400 500 700 0 0 0 900 0 571 0 900 0 0 750 1000 0 545 0 400 400 0 0 0 0 0 454 125 550 800 800 0 550 766 750 0 0 288 454 125 1000 1000 0 0 833 500 0 0 0 0 625 399 300 200 766 0 600 200 600 1000 289 700 0 336
#WHUFC 2015-04-19
0 0 357 357 450 0 450 -400 112 0 0 0 0 0 0 333 -266 -400 -83 400 0 0 0 0 0 400 333 0 200 0 0 0 400 -21 400 600 50 0 250 -125 -300 750 600 -200 400 0 136 -65 500 0 0 -200 0 0 500 0 450 0 350 500 300 233 166 0 0 100 641 0 700 800 175 0 0 -77 0 0 0 0 800 350 0 0 0 350 0 0 0 0 0 50 1000 0 0 800 -1000 0 0 250 0 0
0 0 571 571 583 0 583 400 600 0 0 0 0 0 0 833 399 700 283 800 0 0 0 0 0 800 666 0 500 66 0 0 800 351 500 633 691 0 750 500 400 750 600 300 375 125 500 325 600 100 0 300 100 0 500 0 650 100 450 500 100 316 100 0 0 200 411 0 900 750 275 0 0 644 0 0 0 0 700 550 0 0 0 550 0 1000 125 125 125 700 300 0 0 400 1000 0 1000 333 0 0
#CFC 2015-04-18
0 0 0 33 400 400 0 1000 0 0 200 0 500 0 312 0 0 0 400 0 0 0 0 800 541 0 0 500 0 0 400 0 0 0 1000 1000 800 0 178 0 0 0 0 0 1000 500 100 800 -200 0 0 800 0 0 0 0 0 0 0 0 -41 500 0 800 -300 0 0 150 66 400 0 0 0 0 0 -300 0 650 650 600 800 0 0 0 0 75 0 400 0 500 500 0 625 0 0 466 0 0 800 250
0 0 0 297 800 800 0 300 0 0 300 0 500 0 612 0 0 0 800 0 0 0 0 400 833 0 0 1000 0 0 800 0 0 0 300 300 400 0 613 0 0 0 0 100 300 900 900 400 50 0 0 400 0 0 0 0 0 0 0 0 433 500 0 400 450 0 0 400 83 900 0 0 0 0 0 450 0 900 900 762 700 0 0 0 0 416 0 800 0 500 500 0 600 0 0 733 0 0 400 416
#MUFC 2015-04-18
0 0 0 100 0 0 0 375 300 175 400 400 300 233 100 0 0 333 0 0 300 300 0 0 0 1000 1000 -300 300 0 0 0 0 0 0 0 0 250 -125 500 0 0 500 100 0 700 0 0 625 0 0 0 0 800 0 0 0 0 0 0 0 1000 1000 0 0 0 300 400 300 300 400 0 0 350 450 -233 250 1000 0 0 335 250 0 0 0 500 0 250 0 68 0 0 0 0 0 0 -133 66 66 0
66 0 50 200 0 0 0 500 200 325 800 800 200 708 400 0 0 666 0 0 200 200 0 400 0 300 1000 475 200 0 0 0 0 0 0 0 0 333 375 1000 0 0 500 400 0 600 0 0 900 0 0 0 0 400 0 66 0 0 0 0 0 400 400 0 0 1000 200 800 200 200 200 500 0 300 400 588 250 390 0 0 627 250 0 0 0 500 0 250 0 400 0 0 0 0 0 0 200 83 83 0
#CPFC 2015-04-18
500 950 950 500 0 -63 0 102 0 900 900 900 500 900 0 0 300 -141 0 250 0 300 0 0 -625 0 -200 0 0 125 0 0 0 0 0 0 542 0 0 0 100 0 0 136 116 99 0 0 -400 400 0 300 100 -125 0 0 167 1000 0 0 0 37 0 0 0 -477 -325 0 266 780 0 100 0 0 390 0 0 0 0 0 0 0 0 0 0 0 0 -50 250 0 600 125 -475 -4 33 500 0 475 0 0
500 650 650 500 0 513 66 280 0 525 525 525 500 525 0 0 200 833 0 538 0 200 0 0 900 0 250 0 0 325 0 0 0 0 0 0 642 0 0 0 100 0 0 454 416 183 0 0 700 233 0 0 50 550 0 0 440 1000 0 0 0 287 0 0 0 594 600 0 466 1000 0 1000 0 550 500 0 0 0 0 0 0 0 0 0 0 0 0 900 333 0 1000 291 950 468 600 650 0 725 0 0
#WBA 2015-04-18
0 0 0 250 500 0 625 312 157 0 0 700 900 500 0 -133 -100 0 0 -250 37 0 0 0 300 136 -400 -250 0 0 0 0 0 0 100 0 0 0 0 -280 0 100 0 0 0 0 0 150 0 487 0 400 0 266 780 0 50 0 0 0 0 68 68 68 68 -49 0 1000 1000 -800 0 333 0 0 0 0 0 0 0 0 0 800 0 0 -12 0 0 0 0 0 66 0 0 200 0 0 0 0 0 0
300 0 0 333 500 0 725 333 418 300 0 950 525 833 0 633 50 0 0 550 722 0 0 0 200 500 400 600 0 0 0 0 0 0 400 0 0 0 0 546 0 50 0 0 0 0 0 616 0 875 0 900 0 466 1000 0 500 0 0 0 0 427 427 427 427 341 1000 1000 1000 900 0 666 0 0 0 0 0 0 0 0 0 400 0 0 596 0 400 0 0 0 666 0 0 500 0 0 0 0 0 0
#EFC 2015-04-18
-200 625 400 0 550 550 550 400 188 0 1000 1000 1000 0 0 0 1000 0 1000 0 136 1000 616 400 -200 -200 0 400 400 400 400 400 0 -20 250 200 0 -1000 0 0 0 600 0 0 0 0 400 0 0 600 175 381 0 0 0 433 83 266 0 -100 350 400 0 0 0 166 0 0 0 0 400 0 1000 500 100 0 0 -200 100 500 425 100 -500 -234 -200 0 0 200 33 200 225 225 0 0 0 0 0 0 500 0
250 500 550 0 350 350 350 800 438 0 300 300 300 0 0 0 300 0 300 0 454 1000 916 500 400 400 0 233 233 233 233 233 0 559 750 600 100 1000 0 50 1000 625 50 0 0 0 800 0 0 900 550 575 0 0 0 633 208 155 0 1000 350 500 0 0 0 333 0 0 0 0 800 0 300 500 400 0 0 399 400 500 525 400 600 500 200 0 0 100 66 100 650 650 0 0 0 0 0 0 583 0
#Clarets 2015-04-18
0 0 0 166 250 250 250 250 0 0 0 500 0 136 550 0 166 0 0 1000 0 0 0 0 0 0 0 0 0 800 0 0 0 1000 400 0 0 0 0 136 0 550 0 0 0 0 -155 285 433 0 1000 0 0 0 250 300 213 0 0 400 0 0 0 0 0 400 0 0 0 0 0 0 247 0 0 0 0 261 0 0 600 0 0 0 400 500 -750 0 350 136 400 250 0 227 400 0 250 400 0 150
0 0 0 166 333 333 333 333 0 0 0 833 0 454 700 0 166 0 0 1000 0 0 0 0 0 0 0 0 0 900 250 0 1000 300 800 0 0 0 0 454 0 600 0 0 0 0 288 535 733 0 300 0 0 1000 750 600 454 0 0 350 0 500 0 0 0 250 0 1000 0 0 0 0 315 0 0 0 0 678 0 0 1000 0 0 0 350 750 800 0 550 500 250 750 0 545 562 100 250 250 0 350
#LCFC 2015-04-18
0 -400 -500 0 49 0 0 0 0 200 -400 14 600 0 0 -266 625 -400 -62 -185 0 0 0 100 -400 100 0 0 0 210 400 576 -400 0 375 375 0 0 0 0 0 0 0 300 195 0 900 -200 500 0 633 0 331 800 0 -44 600 300 0 0 0 700 0 0 0 0 0 0 0 412 0 0 250 345 0 187 0 0 500 -208 0 0 0 0 -166 0 0 0 0 -208 233 -375 216 500 -208 433 433 0 0 0
262 400 400 0 700 0 0 0 0 500 400 729 1000 0 0 266 888 400 575 262 0 0 750 300 400 800 0 0 0 671 900 650 400 0 700 500 875 0 0 0 0 0 0 200 530 0 791 800 500 0 533 0 479 400 0 687 1000 750 0 0 0 700 0 0 0 0 0 0 0 700 0 0 250 430 0 250 0 0 500 66 0 0 0 125 166 0 0 0 0 166 366 500 866 600 166 733 733 0 0 100
#Swans 2015-04-18
0 318 0 0 0 0 0 0 170 0 0 166 616 136 0 0 0 0 0 16 0 136 0 400 0 0 0 0 137 800 0 -77 1000 0 350 -500 0 0 0 -33 312 0 500 500 383 0 433 -25 625 500 0 136 0 375 433 433 399 500 500 0 0 0 0 250 0 0 0 0 0 -155 450 0 0 0 0 0 136 0 0 0 0 0 0 -155 0 0 0 0 0 -155 0 0 0 136 0 200 0 0 500 1000
0 700 0 0 0 0 0 0 500 0 0 716 866 454 0 0 0 0 0 453 0 454 0 900 0 0 0 0 387 900 0 394 200 0 550 500 0 0 0 618 333 0 500 687 716 0 666 123 600 500 0 454 0 1000 666 666 712 500 500 0 0 0 0 250 0 0 0 0 0 288 575 0 0 0 66 0 500 0 0 1000 0 0 0 288 0 0 0 0 0 288 0 0 0 454 0 550 0 0 500 1000
#SCFC 2015-04-18
-50 800 -133 -500 800 175 800 533 0 0 0 0 265 0 500 0 -400 250 250 200 0 375 0 0 0 -100 0 0 0 0 0 266 0 0 100 266 -400 0 0 287 350 0 0 50 0 800 0 0 50 0 112 0 0 166 0 533 533 533 533 533 533 0 312 0 392 334 800 0 300 0 0 300 0 300 0 0 0 0 0 479 500 350 0 250 0 224 0 0 0 -71 0 93 100 136 0 136 0 0 0 479
447 1000 233 666 1000 275 1000 966 0 650 0 0 600 0 500 1000 400 333 333 512 0 550 0 0 0 200 0 0 0 0 0 300 0 0 0 577 700 0 0 433 550 0 0 200 0 1000 0 0 200 0 600 0 0 333 0 900 900 900 900 900 900 0 750 0 570 387 400 0 441 0 0 200 0 441 0 0 0 0 0 500 500 550 0 333 0 475 0 0 0 142 0 402 1000 454 750 454 0 0 750 500
#SaintsFC 2015-04-18
0 -200 248 0 333 0 350 0 500 0 0 0 625 0 0 89 300 0 0 0 116 0 0 0 0 0 0 87 656 500 888 -394 166 0 0 0 0 91 -30 -133 350 0 800 -400 577 433 0 116 1000 433 500 650 142 625 0 200 433 275 350 0 0 385 0 700 -200 0 -200 237 0 0 266 -116 650 250 375 0 0 650 0 -1000 0 125 0 0 800 136 -83 0 0 625 425 0 0 466 233 0 0 0 0 0
0 700 679 0 1000 0 800 0 888 0 0 0 666 0 0 347 491 0 0 0 350 0 0 0 0 0 0 300 250 500 845 616 533 0 0 0 0 550 313 166 333 0 400 400 577 833 0 583 900 833 1000 454 267 750 0 575 833 616 800 0 0 590 0 600 200 0 700 625 0 0 250 341 625 300 0 0 0 625 0 1000 0 166 0 125 600 454 83 0 0 500 625 0 0 616 416 0 0 0 0 0
#LFC 2015-04-13
437 0 516 150 500 0 136 166 0 -200 0 400 0 0 400 0 318 0 375 566 0 0 400 45 68 136 -100 400 937 0 1000 433 250 0 0 781 0 0 0 0 104 0 0 0 262 0 500 0 -750 500 168 0 0 0 0 418 136 168 0 468 -500 0 0 0 0 0 0 400 0 0 68 0 0 0 0 300 0 0 68 0 -133 68 -400 0 500 0 136 0 256 0 0 0 -300 400 -256 500 500 0 500 500
750 0 566 266 850 100 454 300 500 233 100 800 0 0 350 0 527 0 337 766 0 0 800 818 227 454 200 800 900 0 400 733 300 0 0 500 0 0 0 0 520 0 0 0 650 0 700 0 750 650 327 0 0 0 0 527 454 377 0 750 900 0 0 0 1000 0 0 900 0 0 727 0 0 0 0 350 500 0 727 0 508 727 600 0 500 0 454 66 573 0 0 0 500 900 500 700 700 0 500 700
#NUFC 2015-04-13
0 400 400 500 49 350 166 0 228 0 1000 -87 -100 -125 -100 -388 -388 -66 0 525 700 500 0 285 350 0 -125 -750 256 0 0 0 64 -388 0 0 -100 -130 -100 -100 -100 -100 331 0 450 33 248 0 -125 11 400 -714 -625 0 50 261 400 -41 0 0 66 433 -87 500 250 -406 0 -40 250 -250 366 250 0 187 278 66 200 0 200 -50 0 166 168 400 0 0 500 0 -200 0 400 -77 0 0 0 0 -699 500 250 -125
666 800 800 850 700 550 583 0 608 125 300 700 400 125 400 833 833 333 0 750 600 500 1000 535 550 0 625 700 225 0 0 0 562 833 0 0 400 193 400 400 400 400 687 0 700 799 577 0 500 477 562 857 600 0 700 455 900 799 0 0 533 833 525 500 300 677 0 511 250 500 799 275 0 250 600 600 900 0 400 199 0 700 400 800 0 0 500 0 333 0 800 733 0 0 1000 0 666 1000 500 375
#MUFC 2015-04-12
0 200 0 0 -12 0 0 136 0 0 350 350 0 0 0 170 400 400 0 625 125 0 0 0 0 0 0 250 0 500 0 0 0 0 500 0 0 0 650 0 100 0 0 0 0 -100 0 400 0 0 400 0 0 0 0 0 0 0 0 0 0 0 0 0 0 0 0 0 0 0 0 0 0 0 0 0 0 0 0 0 0 0 0 0 0 0 0 0 0 0 0 0 -350 0 200 116 118 800 250 0
0 694 0 0 387 0 0 500 0 0 650 650 0 0 0 454 800 800 0 900 500 0 0 0 0 0 0 100 0 850 0 500 0 0 833 0 0 0 950 0 400 0 0 0 0 550 0 350 83 0 400 0 0 0 0 0 0 0 0 0 0 0 0 0 0 0 0 0 0 0 0 0 0 0 0 0 0 0 0 0 0 0 0 0 0 0 0 0 0 0 0 0 600 0 500 633 350 400 333 0
#MCFC 2015-04-12
200 0 500 0 0 400 400 0 400 400 100 0 0 100 0 0 0 0 250 500 0 0 0 0 0 0 -325 0 0 0 0 100 0 0 0 0 0 0 1000 0 0 1000 300 -300 -150 0 250 0 0 0 0 0 0 0 -325 0 0 0 1000 225 0 -300 0 350 -237 0 0 0 0 0 0 -200 0 0 0 0 0 0 213 909 0 0 125 0 0 450 500 0 0 1000 650 800 400 0 0 0 650 -150 437 50
694 0 833 0 0 866 866 66 800 800 0 0 0 200 0 0 0 0 100 833 0 0 0 0 0 0 475 0 0 0 0 200 0 66 0 0 0 0 750 0 0 400 900 600 50 0 750 0 0 0 0 0 1000 0 475 0 0 0 1000 350 0 300 0 650 950 0 0 0 0 0 0 100 0 0 0 0 0 0 454 780 0 0 166 0 0 700 500 0 0 400 450 400 400 300 0 0 450 50 650 150
#QPR 2015-04-12
-260 400 325 100 0 0 333 0 0 0 0 100 650 0 0 0 0 0 800 0 148 300 550 250 0 0 0 0 0 0 0 0 0 -275 357 285 0 0 500 250 0 -388 0 450 0 0 800 0 0 0 0 100 100 0 0 0 0 0 0 0 0 -400 308 800 1000 350 800 0 0 0 0 0 300 125 0 33 375 -400 100 0 0 0 0 0 500 433 0 0 0 350 -233 0 0 0 -300 781 150 0 266 350
166 800 575 833 0 0 666 0 0 0 0 300 450 0 0 0 0 0 750 0 319 750 600 283 0 0 0 0 0 0 0 0 0 325 571 535 0 0 500 400 1000 833 0 525 0 0 400 0 0 0 0 150 150 0 0 0 0 0 0 0 0 600 394 900 300 550 900 0 0 66 0 0 633 300 0 199 408 400 850 0 0 0 0 0 650 733 500 0 0 333 555 0 0 0 400 500 466 1000 166 350
#CFC 2015-04-12
-266 500 0 0 0 325 400 400 0 0 250 1000 0 250 0 0 250 125 250 0 0 0 250 350 166 0 100 0 -200 0 136 -266 0 0 0 0 136 250 1000 1000 0 300 0 0 214 300 550 0 550 250 0 250 0 550 0 0 0 0 0 100 0 0 550 563 1000 550 550 366 0 800 166 550 1000 250 400 500 0 0 200 1000 1000 0 600 0 1000 0 1000 0 0 0 0 0 0 1000 0 550 0 0 0 1000
266 650 0 0 0 575 800 800 0 0 333 750 0 333 0 0 333 166 333 0 0 0 333 566 666 0 300 0 500 0 500 266 0 0 0 0 500 1000 300 300 0 750 0 0 642 750 650 0 650 1000 0 1000 0 650 0 0 0 0 0 300 0 0 650 600 300 650 650 433 0 400 283 650 300 1000 375 833 0 0 900 1000 300 0 950 0 300 0 300 0 0 0 0 0 0 300 0 650 0 0 0 300
#Clarets 2015-04-11
-400 0 500 -155 0 0 0 0 0 136 0 0 0 0 0 500 -388 100 800 0 318 0 136 68 0 0 0 0 0 160 136 333 333 -25 333 136 200 0 0 0 -172 -1000 0 0 0 800 -400 0 136 0 -400 0 0 0 0 -1000 0 0 0 0 0 0 0 0 -500 366 366 466 0 800 0 0 0 -1000 -500 366 166 645 615 600 512 200 587 0 0 250 0 150 0 -155 375 400 0 166 0 483 0 0 0 0
400 0 500 288 0 0 0 0 0 454 0 0 0 0 0 833 833 300 1000 0 527 0 454 227 0 0 0 500 100 392 454 99 99 475 99 454 500 0 0 0 538 1000 0 0 0 400 400 0 454 0 400 0 0 0 0 1000 0 0 0 0 0 0 0 0 1000 700 700 483 0 750 0 100 0 1000 1000 700 333 550 554 483 700 300 825 0 0 200 0 750 0 288 100 800 0 383 0 708 400 0 0 66
#AFC 2015-04-11
0 0 0 0 0 0 0 400 0 0 0 0 0 0 0 400 400 400 0 200 0 0 0 0 0 0 0 0 0 0 0 500 500 400 0 0 0 0 0 -155 0 416 0 0 0 0 666 1000 0 0 625 0 0 400 0 0 0 0 0 -155 0 0 700 -781 -155 0 625 0 0 0 500 400 400 0 -100 700 0 0 700 0 500 136 0 -300 100 400 500 500 0 1000 0 0 0 350 0 62 500 0 0 0
0 0 0 0 0 0 1000 750 0 0 0 0 0 0 1000 800 750 800 0 200 0 0 0 0 0 0 0 0 0 0 0 500 188 500 0 0 0 1000 0 288 0 799 0 0 0 0 733 300 0 0 500 0 1000 750 0 0 0 0 0 288 0 0 600 1000 288 0 600 0 0 0 900 800 800 0 200 900 0 0 550 0 1000 454 0 400 700 800 1000 700 0 300 0 0 0 550 0 500 500 0 0 0
#SaintsFC 2015-04-11
0 0 0 0 0 0 0 0 0 800 0 0 0 0 0 0 0 0 0 800 0 0 500 0 0 0 0 0 0 0 0 0 800 0 0 0 0 0 0 0 0 0 0 0 800 0 0 0 0 0 0 0 0 0 0 0 0 0 0 800 0 0 500 166 0 0 0 0 0 0 0 0 0 0 800 0 -400 400 0 0 0 0 0 0 0 0 0 0 800 -100 500 0 0 0 -316 0 0 0 0 0
0 0 0 0 0 0 0 0 0 400 0 0 0 0 0 0 0 0 0 400 0 0 500 0 0 0 0 0 0 0 0 0 400 0 0 0 0 0 0 0 0 0 0 0 400 0 0 0 250 0 0 0 0 0 0 0 0 0 0 400 0 0 600 166 0 0 0 0 0 0 0 0 0 0 400 0 400 400 0 0 0 0 0 1000 0 0 0 0 400 58 916 0 0 0 300 0 0 0 0 0
#hcafc 2015-04-11
875 0 0 100 0 0 99 -400 142 1000 0 250 -300 0 203 -60 400 -400 0 136 0 0 0 800 0 -200 200 0 0 166 0 125 0 125 0 0 0 0 229 0 0 0 0 0 -500 -250 0 0 0 334 -155 83 700 193 293 0 0 500 -125 0 0 333 333 0 0 500 0 0 -699 62 49 0 -155 -155 400 -388 0 -155 268 268 100 0 0 350 0 0 0 0 112 0 0 -291 100 400 66 136 0 0 107 166
600 0 0 200 0 0 355 600 767 400 0 750 400 66 584 498 800 400 0 454 0 0 0 400 0 233 200 0 0 166 100 308 500 308 0 0 1000 1000 450 66 0 0 0 0 900 750 0 0 0 798 288 750 600 393 675 0 0 500 375 250 0 666 666 0 0 500 1000 0 666 204 700 0 288 288 800 833 0 288 727 727 400 0 0 700 0 0 0 0 629 0 66 541 400 800 88 454 0 0 785 450
#SAFC 2015-04-11
0 0 0 0 318 750 0 400 100 0 800 1000 350 800 -250 500 205 400 600 1000 -400 0 250 250 0 500 -400 0 562 50 0 0 0 0 625 500 300 300 300 300 300 0 300 666 -100 400 -88 650 0 278 0 -400 642 500 0 366 350 0 -1000 145 0 0 0 0 350 0 0 0 0 0 0 0 800 0 0 484 0 0 0 -241 -75 0 0 0 0 166 0 0 0 0 625 1000 350 0 700 -187 -500 0 500 -250
0 0 0 0 727 900 0 425 200 0 400 300 650 400 550 500 791 700 633 750 400 0 500 100 0 500 400 0 650 700 0 0 0 0 300 500 500 500 500 500 500 0 200 833 203 800 672 450 0 435 0 700 417 600 0 400 350 0 1000 750 0 0 0 0 550 0 0 0 0 0 0 0 1000 0 0 650 0 0 0 358 200 0 0 0 0 166 0 0 0 0 500 1000 650 0 750 500 1000 0 500 250
#CPFC 2015-04-11
500 49 0 158 0 0 0 0 0 0 0 0 0 500 -25 -291 0 0 0 0 -400 181 1000 0 925 600 0 0 500 0 300 300 300 300 300 550 0 -200 0 1000 0 471 100 0 -291 -291 -291 -291 -1000 1000 1000 0 0 250 0 0 -150 0 0 625 0 333 712 700 700 700 -400 250 66 375 500 468 0 -62 0 800 0 0 0 0 625 0 272 0 500 0 0 0 100 500 260 200 200 200 200 200 -291 0 0 -312
1000 250 0 666 0 0 0 50 0 0 0 0 0 1000 212 541 0 0 0 0 400 437 1000 0 1000 900 0 0 650 0 500 500 500 500 500 950 1000 100 0 1000 0 508 200 0 541 541 541 541 900 780 1000 0 0 800 0 0 550 0 0 500 0 350 450 750 750 750 400 266 166 800 500 750 0 437 0 1000 0 0 0 875 500 700 444 0 612 0 0 0 200 500 466 578 578 578 578 578 541 0 0 400
#COYS 2015-04-11
-400 -781 -300 0 0 0 0 0 0 0 0 0 -145 0 0 0 0 0 0 0 0 400 -400 0 0 0 0 0 0 0 0 0 0 500 400 325 0 -400 700 0 0 0 0 100 275 333 0 0 -200 68 -256 0 83 800 0 0 68 68 0 200 541 -400 0 1000 0 0 578 400 0 -155 400 0 0 650 0 0 -100 0 445 1000 136 0 -100 245 0 600 291 0 0 537 750 0 0 0 800 0 0 390 0 0
700 400 600 100 0 0 0 0 0 0 0 0 270 0 0 0 0 0 0 0 0 900 400 0 0 0 0 0 500 0 0 0 0 600 500 500 0 700 600 0 0 0 0 100 366 316 0 0 700 227 225 0 166 400 0 0 227 227 1000 300 799 400 0 875 0 0 651 400 1000 288 1000 0 0 950 0 0 500 100 575 300 454 0 300 436 0 950 541 0 0 650 800 0 0 400 400 0 0 595 0 0
#AVFC 2015-04-11
0 0 400 400 0 0 0 0 62 0 0 0 0 0 0 0 0 0 0 -50 0 0 0 350 0 0 0 0 200 0 800 0 0 0 0 0 479 200 500 250 0 0 0 0 800 700 650 0 -1000 62 0 -400 0 0 528 0 404 -500 0 200 250 -390 0 0 333 0 0 0 0 350 250 250 0 0 -174 0 500 0 0 0 700 0 62 0 0 0 0 0 0 0 0 125 250 1000 0 0 -390 500 -75 -312
0 0 800 800 0 0 0 0 483 0 500 0 0 1000 0 0 0 0 0 400 0 0 0 500 0 0 0 0 200 0 1000 0 0 0 0 0 500 200 500 800 0 0 0 0 1000 600 750 562 1000 375 0 400 0 0 650 1000 550 300 0 200 1000 250 0 0 583 0 0 0 0 550 581 250 0 0 583 0 750 0 0 0 600 0 775 0 0 0 0 0 0 0 0 916 506 1000 0 0 250 500 700 687
#WBA 2015-04-11
500 0 1000 0 0 0 625 0 0 375 416 0 -62 125 0 0 0 337 0 0 50 412 -155 675 -400 0 -733 0 0 0 0 399 -125 0 0 175 313 1000 113 -662 -300 -300 145 0 -437 -400 0 0 0 450 1000 178 268 200 50 0 0 800 0 0 0 0 500 500 199 68 68 68 68 0 68 45 562 562 -166 416 250 0 568 0 -277 0 0 -350 -177 0 0 -1000 0 0 0 0 500 500 0 400 0 -250 0 0
900 0 1000 0 0 300 500 0 0 750 666 0 437 750 0 0 0 1000 50 0 50 797 288 475 400 0 916 0 0 0 0 350 250 0 0 700 474 300 306 760 400 400 701 0 895 600 0 0 0 566 1000 785 427 500 233 0 0 1000 0 0 0 0 1000 483 500 427 427 427 427 0 427 366 750 750 266 233 250 0 377 0 444 0 0 750 194 0 0 1000 0 0 0 0 1000 1000 0 400 0 250 0 0
#LCFC 2015-04-11
0 0 41 0 41 0 0 442 0 0 0 -200 -1000 0 0 50 800 0 80 0 0 1000 -375 700 -175 0 0 0 0 150 0 642 0 314 0 0 0 0 1000 600 0 0 -400 0 500 0 500 0 -200 0 0 0 0 0 0 -200 0 -1000 -200 0 -1000 0 0 300 312 0 0 -140 300 0 -50 233 350 0 0 366 0 0 500 0 0 500 0 500 300 150 500 500 -166 0 0 -177 700 333 0 0 64 500 333 0
750 0 66 0 66 0 0 358 0 0 1000 400 1000 0 0 700 700 500 610 0 1000 1000 400 600 600 0 0 0 0 575 0 544 0 607 0 0 0 1000 400 1000 0 0 400 0 500 0 500 0 200 0 0 125 0 0 1000 400 0 1000 400 0 1000 0 0 629 362 0 0 331 300 0 150 288 433 0 0 666 100 0 500 0 0 500 0 500 200 575 500 500 66 0 0 194 600 1000 0 0 377 500 1000 0
#WHUFC 2015-04-11
800 0 0 0 0 400 0 0 115 0 500 800 250 -60 0 -100 600 0 -100 250 0 400 0 937 0 -156 136 0 600 800 0 224 337 0 0 0 0 -350 -133 400 636 800 500 0 500 0 -300 250 -71 0 68 50 0 175 400 -166 0 187 1000 172 0 0 0 100 0 0 0 200 187 0 0 0 0 0 0 0 33 0 300 0 142 0 0 0 0 -600 300 33 1000 -100 0 0 1000 400 0 0 0 0 500 500
400 0 0 0 0 800 0 0 475 0 500 400 450 573 0 150 633 0 150 1000 0 800 0 1000 0 343 454 0 1000 400 0 425 587 0 0 0 0 400 508 800 593 700 1000 0 500 0 400 275 142 0 727 575 0 441 800 588 0 437 1000 394 0 0 100 650 100 0 0 200 437 0 0 0 0 0 0 0 433 0 0 0 317 50 0 0 0 700 0 433 1000 300 0 0 750 800 0 0 0 0 900 600
#SCFC 2015-04-11
533 533 533 533 100 0 0 0 625 -500 0 -400 0 500 200 0 0 2 0 625 -233 312 -7 750 200 1000 400 0 0 0 0 0 -300 0 0 0 0 0 0 0 0 0 0 0 0 0 0 0 0 0 0 0 0 0 0 0 0 0 0 0 312 0 -400 500 433 433 0 0 160 0 350 0 0 0 200 350 0 0 500 495 0 0 0 0 -200 0 0 333 0 0 0 262 0 0 0 0 0 0 0 200
900 900 900 900 300 125 0 0 500 1000 0 400 0 550 200 0 0 244 0 500 755 494 467 400 533 300 800 500 0 500 125 0 550 266 0 0 0 0 0 312 0 0 0 0 1000 0 0 0 500 0 0 0 0 0 0 0 0 125 0 0 494 500 700 150 733 733 0 0 539 0 375 0 0 0 500 375 500 0 650 600 0 0 0 0 800 0 0 666 0 0 0 425 0 0 250 0 0 0 0 450
#Swans 2015-04-11
-800 0 0 -91 -200 300 -250 150 -200 -150 0 0 0 0 100 0 58 800 0 0 0 0 0 -200 -200 0 300 -400 0 0 450 200 0 0 400 2 0 0 0 500 0 433 -750 0 -750 650 -750 0 0 -750 -750 -750 -750 -750 -750 0 0 0 0 0 -750 -750 -750 0 -750 -233 0 -750 0 -750 -750 0 -750 500 -750 -750 250 500 0 118 250 0 0 100 -178 250 600 0 250 0 0 250 0 0 625 0 0 -200 -166 0
900 125 0 766 0 200 0 425 0 650 0 0 0 0 525 0 550 750 0 0 0 0 0 200 200 0 200 400 0 0 266 200 0 125 800 244 0 0 0 150 0 733 1000 0 1000 675 1000 0 0 1000 1000 1000 1000 1000 1000 125 66 0 0 0 1000 1000 1000 666 1000 666 0 1000 0 1000 1000 0 1000 700 1000 1000 333 150 312 450 600 0 0 383 285 600 900 0 300 0 0 300 0 166 500 0 0 0 166 0
#EFC 2015-04-11
400 0 0 0 318 0 0 433 -250 0 0 533 0 0 -249 800 800 800 800 0 0 -500 0 400 0 0 800 -200 0 136 0 0 0 424 318 0 0 0 0 0 0 0 0 500 400 -155 0 0 0 500 0 780 -500 115 -350 500 0 -400 100 0 375 118 0 0 100 0 0 0 0 0 0 0 0 357 0 357 0 300 0 0 0 0 400 400 -75 100 0 -500 0 750 0 0 0 0 0 0 0 800 -50 488
233 0 0 0 677 0 0 433 1000 0 0 762 0 0 783 400 400 400 400 0 0 300 125 500 125 0 400 400 0 454 0 0 0 448 677 0 0 0 1000 0 0 0 0 1000 800 288 0 1000 0 500 0 1000 600 468 550 500 0 400 400 400 750 427 1000 0 400 0 0 0 0 0 0 0 0 464 0 464 0 825 0 0 0 0 233 233 241 400 0 1000 0 400 0 0 0 0 0 0 0 400 466 500
#AVFC 2015-04-07
0 400 400 0 0 0 466 300 250 250 250 250 -500 -138 0 -500 -200 -400 250 -350 0 0 0 0 -155 0 83 375 0 700 400 -133 200 0 200 200 200 0 0 0 0 0 100 800 -400 0 -699 350 333 -155 0 49 0 0 0 -151 200 -50 0 0 0 0 0 0 303 0 200 -183 500 200 -800 0 -714 0 0 125 41 0 0 -285 172 191 200 0 400 -274 0 0 191 100 100 191 0 500 -175 0 0 1000 191 1000
0 800 800 0 0 100 766 600 333 333 333 333 700 188 100 400 800 400 333 366 100 0 0 100 288 100 166 534 100 600 600 199 362 0 362 362 362 0 0 0 0 0 400 400 628 0 666 666 500 288 0 616 0 0 0 729 200 91 0 0 0 0 0 0 487 0 200 483 500 200 800 0 857 0 0 425 199 0 0 454 394 500 400 0 1000 475 0 0 500 200 200 500 0 600 353 0 0 1000 500 1000
#QPR 2015-04-07
0 0 0 142 0 0 0 268 0 218 500 700 50 500 500 -200 31 400 0 0 0 0 250 0 400 0 0 -1000 0 302 0 937 0 -150 0 0 0 0 0 0 500 1000 0 0 -400 0 0 0 0 133 625 -200 0 1000 136 136 136 136 136 0 0 800 0 0 0 0 500 500 0 -155 0 533 199 1000 -75 0 433 0 0 0 0 0 0 -200 0 0 0 0 0 -218 136 0 500 0 0 0 250 0 0 500
1000 0 166 267 0 0 0 608 0 593 500 600 233 500 600 800 416 600 500 0 1000 500 750 375 200 0 0 1000 0 344 0 900 0 450 0 0 0 0 0 0 500 350 0 750 700 0 83 0 0 466 750 700 0 1000 500 500 500 500 500 0 0 400 0 0 100 650 1000 1000 0 288 100 600 633 1000 800 0 566 0 0 0 0 0 1000 800 0 0 0 0 0 800 500 0 1000 0 500 0 750 0 0 500
#CPFC 2015-04-06
0 0 -26 0 200 0 0 0 0 0 -324 0 0 -324 -324 0 0 0 0 -155 270 0 285 200 433 625 229 -400 176 0 0 625 68 0 1000 875 800 -300 -300 -300 0 0 0 400 0 390 0 136 0 -800 750 1000 800 0 0 -400 -85 49 0 0 500 -333 -208 -74 -400 500 500 500 0 200 0 0 0 0 0 136 0 0 800 333 0 0 500 500 500 166 -33 312 0 0 0 107 200 800 0 300 0 0 0 0
0 0 232 0 500 0 0 0 50 0 500 1000 0 500 500 0 0 1000 1000 288 666 0 535 900 541 500 500 600 506 0 0 500 300 0 300 600 400 300 300 300 0 66 0 700 0 250 0 454 0 900 500 400 400 0 0 400 662 950 100 0 700 500 66 400 400 900 900 900 0 200 0 100 100 100 0 454 0 0 516 666 0 1000 500 500 500 375 300 333 0 0 0 535 500 750 1000 475 0 0 0 0
#MCFC 2015-04-06
900 0 0 400 0 233 -300 0 0 49 0 400 100 0 100 -187 625 500 0 500 800 0 400 0 500 200 0 100 0 0 0 1000 49 0 0 500 0 0 -24 250 0 0 0 233 400 0 0 0 0 0 1000 1000 875 0 0 0 0 0 800 333 500 416 400 0 450 400 0 100 50 200 0 0 800 0 200 0 800 0 0 0 0 0 100 100 100 400 200 0 625 800 136 0 0 -31 266 0 -66 -500 250 625
875 100 0 800 0 444 600 0 0 375 0 250 150 0 150 500 900 500 0 525 575 0 437 0 500 300 0 150 0 0 0 400 375 0 0 900 100 0 400 250 0 0 0 444 250 0 0 0 0 0 400 400 700 0 0 0 100 0 400 666 500 500 800 0 500 800 0 150 512 433 0 0 400 0 300 0 400 0 0 0 0 0 150 150 150 800 300 0 900 400 454 312 0 125 633 0 333 500 100 900
#SAFC 2015-04-05
400 -500 0 0 41 250 0 0 1000 -62 0 0 0 104 0 0 0 0 0 0 0 0 0 -500 -1000 375 0 0 0 0 0 0 0 500 0 0 600 -45 -21 0 0 0 0 600 304 0 0 0 125 500 -750 -500 -400 -200 0 0 525 -100 0 -200 125 500 0 0 0 -150 -700 -150 0 0 0 0 0 0 199 200 -49 800 -150 250 0 0 211 133 -200 0 0 -300 600 0 166 0 0 600 400 1000 0 200 0 0
800 1000 0 0 341 333 0 0 1000 400 0 0 0 520 0 0 0 0 0 0 0 0 0 1000 1000 750 0 0 0 0 125 0 100 1000 0 0 550 430 485 0 0 0 0 633 457 500 0 0 800 500 1000 900 600 600 0 100 541 83 0 50 216 1000 0 1000 1000 800 799 700 0 0 0 0 1000 0 300 550 900 750 300 500 0 0 805 166 250 0 0 400 550 0 466 0 0 633 800 1000 0 500 0 125
#NUFC 2015-04-05
800 400 400 400 400 0 650 500 -500 0 0 -50 41 0 0 0 0 0 250 0 200 0 0 400 -1000 0 400 0 0 0 0 33 -50 0 0 0 550 0 976 0 -300 0 0 -500 0 0 -500 0 0 0 309 500 0 0 250 0 0 0 0 0 850 0 -1000 0 0 375 0 0 575 0 200 0 0 -500 0 0 0 400 0 400 0 0 0 0 0 0 160 199 -45 33 0 0 0 0 0 0 650 0 0 0
400 800 800 800 425 0 500 850 500 0 0 150 341 0 0 0 100 0 500 100 200 0 0 800 1000 0 500 100 0 0 0 733 400 250 0 0 250 0 800 0 600 0 0 1000 0 0 1000 0 0 0 662 1000 0 0 333 0 0 0 0 0 500 0 1000 0 0 750 0 0 475 0 200 0 0 1000 0 250 125 800 0 800 0 100 66 66 0 0 539 500 430 716 0 0 0 250 0 0 350 0 0 0
#Clarets 2015-04-05
-400 300 0 0 0 0 800 0 0 0 0 -400 0 0 0 200 0 0 0 -400 466 0 0 350 0 0 -400 100 0 0 -400 0 -400 0 312 0 0 200 0 0 0 0 0 0 0 0 -400 166 0 -500 0 -388 -400 -174 0 0 0 0 0 300 0 0 0 -400 -20 0 0 0 800 0 0 -364 0 1000 0 0 0 0 50 0 -400 800 0 1000 213 0 0 49 0 0 0 0 0 0 -400 0 400 0 0 0
400 100 500 0 0 0 400 0 0 0 1000 400 0 0 0 500 0 0 0 400 422 0 0 550 0 0 400 400 0 0 600 750 400 0 450 0 0 300 750 125 0 0 0 0 0 0 400 333 0 900 0 833 700 508 0 0 750 750 750 750 0 0 0 400 166 0 0 0 900 0 0 541 0 300 0 0 500 0 183 0 400 400 0 300 454 0 500 450 0 0 0 0 0 0 400 0 800 0 0 0
#COYS 2015-04-05
-400 0 0 0 0 0 381 700 0 0 -400 399 0 0 0 0 0 405 -400 -400 0 0 0 0 142 0 0 357 0 349 100 0 200 400 -249 -400 0 0 0 -337 700 149 0 0 0 0 0 650 0 0 233 300 0 250 142 190 0 250 0 0 0 625 800 0 -383 300 333 546 266 -644 0 900 0 0 350 0 0 233 0 166 0 0 0 1000 0 -100 825 -800 1000 111 399 700 475 -400 0 0 0 0 0 575
400 0 0 0 0 100 400 800 0 100 400 542 0 0 0 0 0 466 400 400 0 0 0 0 767 0 0 466 0 416 300 0 650 900 355 400 0 66 666 483 600 500 0 0 500 0 125 625 0 0 233 0 250 300 767 391 0 333 0 0 0 533 1000 0 533 716 166 650 366 700 0 900 100 0 350 500 0 266 0 433 0 0 0 300 0 600 875 800 1000 355 800 600 700 400 1000 0 0 0 0 700
#CFC 2015-04-04
416 200 250 139 0 0 0 700 400 400 650 650 0 800 237 0 166 0 0 800 0 500 0 83 50 250 133 133 437 0 0 133 800 83 0 -400 141 0 0 0 800 800 0 0 0 -500 0 0 0 600 800 -400 0 412 0 0 200 0 0 0 0 0 0 0 0 0 -166 0 0 0 0 0 333 0 0 -150 0 550 100 462 156 800 83 0 133 0 200 462 0 0 0 350 -1000 600 0 0 0 112 108 0
583 200 283 345 0 0 0 600 800 800 750 625 0 700 300 0 333 0 0 800 0 900 0 166 200 500 549 549 399 100 0 549 800 166 0 600 666 0 0 0 400 750 0 0 0 1000 0 0 0 300 1000 600 0 300 0 0 200 0 0 0 0 0 0 0 0 0 433 0 0 0 0 0 466 0 0 399 0 700 212 625 550 800 166 0 549 0 300 625 0 0 0 400 1000 775 125 0 0 340 391 0
#SCFC 2015-04-04
0 0 150 0 800 0 495 909 250 0 99 150 0 0 0 0 0 159 -50 0 0 0 0 0 0 -125 1000 0 0 0 331 0 0 500 600 136 -400 -178 0 0 0 0 0 200 0 0 0 0 200 136 0 0 150 0 0 -400 0 0 0 0 0 136 250 495 136 625 0 0 0 200 0 0 0 0 0 0 100 -100 0 -100 0 266 500 0 100 0 0 0 0 0 0 0 0 0 0 0 0 0 136 0
0 0 600 0 575 0 600 780 250 0 366 237 0 0 0 0 0 320 400 0 0 0 0 0 0 375 1000 0 0 0 687 0 0 800 950 500 400 285 0 0 0 0 0 100 0 600 0 0 100 454 100 0 600 0 0 400 0 100 0 0 50 500 312 600 454 500 0 0 0 100 0 0 0 125 0 100 0 399 0 399 100 375 888 100 0 0 1000 600 0 0 0 0 100 100 0 0 0 0 454 0
#EFC 2015-04-04
136 -50 156 0 500 0 0 0 0 400 0 500 0 0 156 156 0 350 0 136 200 0 0 500 0 0 500 780 247 0 0 0 0 0 400 0 0 0 -50 -125 -125 -125 -125 500 1000 100 0 0 0 0 0 49 1000 -400 0 700 1000 -133 245 500 0 0 -175 33 -200 50 0 250 150 500 0 0 0 375 0 150 350 250 0 0 -400 0 0 0 0 400 0 0 0 0 0 0 250 0 0 -600 0 0 233 580
454 591 687 0 500 0 250 0 0 800 0 900 1000 0 687 687 0 350 0 454 100 0 0 600 76 0 888 1000 469 0 0 0 0 0 800 0 0 500 500 375 375 375 375 700 300 100 0 0 0 0 100 400 300 700 0 600 300 300 458 500 125 0 425 300 325 100 0 250 300 500 0 66 0 408 66 300 550 750 66 333 400 0 0 0 0 800 100 100 100 100 0 0 450 0 62 700 0 0 566 419
#SaintsFC 2015-04-04
0 0 0 0 0 0 0 0 0 800 0 500 0 0 73 0 0 0 0 0 0 0 0 0 0 800 0 0 -199 0 0 500 0 0 0 0 0 0 0 0 0 0 800 0 0 0 261 0 0 0 0 0 0 0 0 800 0 187 166 0 0 0 318 750 0 225 -500 0 700 500 0 0 0 0 0 0 0 0 800 0 -62 0 0 800 0 0 0 0 0 0 0 0 800 0 158 0 0 0 0 0
0 0 0 0 0 0 0 0 0 400 0 500 0 0 313 0 0 0 0 0 0 0 0 0 0 400 0 0 1000 0 0 375 0 0 0 0 0 0 0 0 0 0 400 0 0 0 738 0 0 0 0 0 0 0 0 400 0 750 333 0 0 0 477 400 0 733 1000 0 600 500 0 0 0 0 0 0 0 0 400 0 400 0 0 1000 0 0 0 0 0 0 0 0 400 0 358 0 0 0 0 0
#LCFC 2015-04-04
500 400 -62 0 800 0 0 0 0 0 0 0 0 800 0 0 0 400 433 0 500 750 500 250 0 250 166 0 500 0 800 0 0 0 0 500 0 300 0 500 0 700 178 500 506 0 300 0 700 100 300 0 0 -44 0 0 300 600 0 0 0 0 136 0 0 350 62 66 0 0 0 -400 0 0 500 600 0 500 250 500 0 0 500 160 0 262 0 0 400 0 275 0 160 0 0 136 0 0 300 0
500 1000 190 0 750 0 0 0 0 0 0 0 0 1000 0 0 1000 800 583 0 750 800 750 1000 0 500 255 0 750 0 1000 0 0 0 1000 600 0 200 0 750 0 600 433 750 466 0 200 0 900 100 200 0 0 843 0 0 200 1000 0 0 0 0 454 0 0 300 479 466 0 0 0 400 0 0 750 1000 0 750 900 750 0 0 750 539 0 450 0 0 378 0 475 0 539 0 0 454 0 0 200 0
#WHUFC 2015-04-04
0 0 -12 500 0 0 0 0 0 400 0 100 0 0 -156 318 0 400 0 400 462 130 0 0 550 428 200 0 0 0 0 0 0 0 0 300 0 0 0 137 0 0 0 0 0 0 0 0 0 0 0 0 500 479 100 0 0 0 0 -100 0 0 175 250 0 500 0 400 0 0 0 0 100 0 800 0 0 1000 800 1000 0 108 0 0 900 900 533 533 0 0 0 0 0 0 0 450 0 0 0 0
0 0 575 611 75 0 0 0 0 800 0 400 0 0 375 527 0 450 0 800 350 390 0 0 750 478 300 0 0 0 0 0 0 0 0 300 0 100 0 387 100 0 0 0 0 100 0 0 0 0 0 100 250 500 400 0 0 500 0 400 1000 0 275 1000 0 888 0 800 0 0 0 0 200 0 400 100 100 1000 400 300 0 616 0 66 400 400 666 666 66 1000 100 100 100 0 100 750 250 0 0 0
#MUFC 2015-04-04
0 0 0 0 0 0 0 400 400 0 0 500 0 0 0 500 0 250 0 0 350 0 0 0 0 0 0 0 0 0 0 0 0 0 0 0 0 0 0 0 0 875 400 0 0 0 0 0 0 0 0 0 0 250 -125 0 0 0 0 0 0 0 500 400 0 194 1000 1000 0 0 0 0 1000 -100 49 0 0 0 0 450 100 200 0 0 400 0 0 0 0 0 0 1000 250 0 1000 0 250 0 288 200
0 0 0 0 0 0 0 800 800 0 0 850 0 0 0 500 0 333 0 0 550 0 0 0 0 0 0 0 0 0 0 0 0 0 0 0 0 0 0 0 0 600 800 0 0 0 0 0 0 0 0 0 0 333 375 0 0 0 0 0 0 0 500 800 0 322 1000 1000 0 0 0 0 400 600 550 0 0 0 0 750 200 200 0 0 800 0 0 0 0 0 0 300 375 0 1000 0 333 0 700 350
#AVFC 2015-04-04
400 400 0 0 0 0 0 0 0 300 -187 500 0 0 0 227 -500 350 0 93 0 0 0 0 136 0 0 0 0 0 350 136 0 0 700 550 136 136 0 0 0 241 136 0 136 136 93 93 0 0 0 0 250 160 200 0 0 0 0 0 0 533 0 241 0 976 0 0 -400 100 -125 0 -333 925 0 475 475 475 0 0 0 400 0 500 0 136 0 0 50 0 50 478 0 -100 -699 0 0 -400 100 0
800 800 0 0 0 0 0 0 0 100 500 611 0 0 0 545 900 550 0 50 0 0 0 0 454 0 0 0 0 0 550 454 0 0 600 300 454 454 0 0 0 425 454 0 454 454 50 50 0 0 0 0 500 539 200 0 0 0 100 0 0 700 0 425 100 1000 0 0 700 0 375 0 666 650 0 400 400 400 0 0 0 800 0 900 0 454 0 0 150 0 254 601 0 200 666 0 0 600 900 0
#Swans 2015-04-04
0 136 0 0 0 100 450 300 0 0 325 95 200 0 0 0 0 0 -500 300 361 0 130 200 300 0 400 0 0 0 50 0 136 100 0 766 500 500 0 0 0 500 450 625 0 200 525 -400 0 0 187 125 200 0 136 136 800 -100 325 -94 800 0 0 0 800 0 300 0 -150 0 263 0 100 0 136 0 136 136 0 0 0 0 0 0 0 136 0 766 0 900 200 0 500 500 500 0 0 350 500 500
0 500 0 0 0 304 250 550 0 0 650 511 300 0 0 0 0 0 1000 725 616 0 390 100 500 0 900 0 0 0 300 0 454 400 0 766 799 500 0 0 0 500 250 316 0 100 400 400 0 0 750 291 200 500 454 454 400 100 358 666 400 0 0 0 750 1000 600 0 733 0 533 0 400 0 454 0 500 454 125 0 0 0 0 0 0 500 0 766 750 575 100 0 650 650 650 0 0 550 650 650
#hcafc 2015-04-04
175 0 546 150 122 0 0 0 25 0 0 175 0 0 0 0 -100 375 0 130 -300 1000 1000 0 285 350 -215 0 -83 0 0 -49 0 -133 0 150 0 333 16 -88 -400 0 0 0 0 0 0 -800 -300 100 0 425 0 0 0 0 0 136 -50 0 0 136 175 0 0 0 0 0 0 0 0 0 0 0 0 -400 0 136 0 0 0 350 1000 400 283 566 0 33 0 350 800 500 0 0 0 0 133 0 -306 100
325 0 650 600 500 0 0 0 208 0 0 300 0 0 0 0 650 944 0 390 650 1000 1000 0 535 575 291 0 750 0 0 533 0 233 0 600 1000 500 344 177 400 0 0 0 0 0 0 900 400 400 0 525 0 0 0 0 0 454 700 0 0 500 300 0 0 0 0 0 0 0 0 0 0 0 0 400 0 500 0 400 0 410 300 400 549 300 0 433 0 650 1000 500 125 125 0 0 466 0 491 400
#WBA 2015-04-04
0 0 0 0 0 0 -200 0 0 0 0 0 200 -113 0 600 350 566 55 -400 0 400 400 -333 0 222 -149 0 0 0 700 0 -187 0 -244 250 50 0 700 -315 0 68 68 68 68 0 50 50 0 -500 1000 0 0 0 50 -266 -200 -50 0 0 0 0 0 0 -400 0 0 -200 -500 -445 -976 0 0 0 800 -200 0 0 0 0 781 0 136 136 136 136 500 0 -100 0 0 0 136 -100 -100 -100 0 0 0 -500
0 0 0 0 0 0 250 0 0 0 0 0 500 388 0 900 300 833 55 600 0 200 900 533 0 796 372 0 0 0 900 0 944 0 517 183 500 0 600 491 0 427 427 427 427 0 500 500 0 700 300 0 0 0 483 288 400 500 0 0 0 0 0 0 400 0 0 233 700 405 400 0 0 1000 1000 233 0 0 0 0 500 0 500 500 500 500 900 0 0 0 0 0 500 0 400 0 0 0 0 233
#QPR 2015-04-04
0 0 0 800 0 0 136 175 0 500 300 0 0 125 500 500 500 -400 -145 0 150 0 650 0 175 -1000 500 0 1000 0 136 700 0 428 1000 875 0 -25 0 0 300 0 0 0 0 -249 0 0 0 0 0 -250 -600 -583 0 0 285 -229 78 0 0 0 0 0 0 0 0 -516 0 -486 500 0 -100 0 200 500 200 -250 1000 0 -12 0 0 0 0 -166 -500 44 0 500 0 0 0 800 0 0 -183 -400 500 -62
0 0 0 1000 0 0 454 650 0 500 650 125 0 425 500 500 500 600 770 0 300 0 450 0 495 1000 1000 0 300 0 454 600 0 635 300 800 0 575 0 0 450 100 0 0 0 500 0 0 0 0 0 1000 1000 716 1000 130 535 487 597 0 0 0 0 0 0 0 0 433 0 591 500 0 400 0 200 500 900 888 400 0 337 0 0 0 0 433 900 473 0 500 0 0 0 400 0 0 616 400 500 187
