#COYS 2019-03-02
322 514 0 0 0 650 500 199 0 541 0 0 625 800 0 217 0 200 0 -3 433 65 0 300 200 0 700 0 750 0 500 500 0 214 0 0 600 0 500 0 500 -133 0 33 0 625 0 0 0 0 0 0 161 -50 550 300 -131 0 500 500 0 0 -300 -133 -99 0 -62 0 750 199 750 0 0 -333 21 0 -300 0 0 211 0 87 281 0 500 -55 800 233 -250 376 425 0 400 400 0 500 312 0 0 134
594 560 0 0 0 450 200 538 0 733 0 0 500 400 0 666 0 300 0 313 833 462 0 395 300 0 600 0 1000 0 600 1000 0 357 0 66 900 0 500 0 600 600 0 625 0 475 0 0 0 0 0 0 267 400 750 550 427 0 750 750 0 0 400 466 799 0 166 0 1000 500 875 0 0 1000 388 0 400 0 0 484 0 307 750 0 900 366 875 562 250 780 554 0 700 350 500 875 333 0 0 773
#AFC 2019-03-02
-200 0 0 625 0 0 0 -125 0 0 625 375 0 0 0 49 466 500 0 0 -140 0 265 0 0 0 187 500 0 0 0 0 318 0 500 0 0 0 0 0 1000 0 468 0 0 625 625 0 0 250 250 392 200 366 0 44 0 500 68 0 172 500 -166 0 0 0 633 0 250 -400 -200 0 0 0 0 0 0 375 49 0 0 512 0 0 0 0 150 0 625 0 0 -99 0 0 0 0 137 0 0 0
500 0 0 500 0 0 0 400 0 0 500 500 0 0 0 600 533 500 0 0 750 0 620 0 0 0 208 1000 0 0 0 0 477 0 600 0 0 0 500 0 1000 0 450 0 0 500 400 0 0 850 300 517 200 733 0 414 0 500 227 0 394 500 500 0 0 0 700 0 500 400 400 0 400 0 0 0 0 750 750 1000 0 387 0 0 0 0 100 0 1000 0 62 675 0 0 0 0 570 0 0 0
#CFC 2019-02-27
600 0 0 208 0 0 0 220 333 0 0 208 0 -179 0 116 -100 100 100 625 0 0 350 0 0 700 383 0 416 0 0 -41 -95 500 0 -633 178 0 357 416 112 0 0 0 0 0 5 416 416 -156 700 0 0 0 0 50 416 -100 393 50 333 133 -24 800 0 -100 600 166 0 909 87 0 208 208 208 350 0 0 0 0 350 0 241 5 608 0 0 -62 350 0 450 350 -100 500 416 0 0 0 0 416
750 0 0 750 625 0 0 430 375 0 100 300 666 409 0 466 100 566 100 500 100 400 550 0 0 600 525 1000 500 1000 1000 97 370 900 0 866 751 100 535 500 404 100 750 1000 0 0 333 500 500 100 900 0 0 0 0 250 500 500 556 562 666 688 477 400 550 100 550 616 0 780 270 1000 750 750 750 350 0 0 0 0 350 0 666 600 600 0 0 187 650 125 700 550 100 720 500 100 0 0 0 500
#COYS 2019-02-27
0 0 0 0 0 500 0 139 -690 0 0 243 0 0 -21 -324 126 0 0 0 0 416 656 33 534 0 200 200 0 0 600 416 0 0 0 0 227 500 0 533 800 -80 -200 0 328 357 -833 136 466 412 0 -400 210 -83 0 -400 0 0 333 -100 0 250 178 0 -800 0 0 0 -166 458 0 0 -300 50 136 74 -1000 100 0 800 766 -250 0 533 0 0 166 50 100 0 0 12 358 0 0 0 0 0 0 500
66 66 0 0 0 195 0 609 950 0 0 427 0 0 391 391 313 0 0 0 600 500 950 333 637 0 400 475 666 0 729 666 0 0 0 0 470 300 0 549 750 573 450 0 618 621 1000 500 700 470 0 600 315 458 0 400 100 0 666 100 0 750 463 0 900 0 0 0 199 575 0 0 350 150 454 325 1000 100 0 750 666 950 0 385 0 0 166 950 100 0 0 200 596 0 1000 766 0 0 0 700
#CPFC 2019-02-27
683 458 -266 120 0 0 0 0 -133 0 -250 800 0 -125 285 0 0 -108 400 0 437 375 114 0 -125 62 -200 33 0 500 0 600 100 0 -500 301 -383 250 625 0 49 0 250 0 -450 -325 400 0 0 -800 -800 -800 0 0 -250 750 -350 0 127 400 100 0 0 -327 687 -35 -100 -125 0 428 200 0 -111 -33 300 0 0 0 0 250 350 -166 250 0 166 0 150 100 -149 0 -500 500 384 0 0 312 372 500 0 0
879 489 646 205 0 0 0 100 508 0 750 750 0 750 535 0 0 158 500 0 520 575 296 0 375 200 400 500 0 833 100 900 400 0 1000 608 575 375 500 0 800 0 683 66 800 825 400 0 0 900 900 900 0 0 450 594 550 650 235 900 800 0 0 394 400 107 750 500 100 278 700 0 888 833 180 0 100 0 0 300 400 166 375 0 375 0 362 400 812 0 1000 500 600 0 0 250 362 500 0 100
#MUFC 2019-02-27
0 0 800 0 -225 0 0 178 500 0 87 50 0 0 0 550 100 109 0 -250 -325 -108 -166 406 559 0 542 -250 0 250 296 0 0 0 0 0 0 0 800 428 0 0 -250 -155 0 -447 0 500 100 0 800 0 0 -15 468 0 0 138 800 -242 -400 542 428 0 418 800 0 456 0 559 0 0 0 146 0 0 0 0 214 -166 0 142 0 -100 0 -138 0 -22 136 0 0 0 0 150 425 0 600 0 0 -133
0 1000 1000 400 575 0 0 751 150 0 270 200 0 0 0 750 225 266 0 400 425 591 833 762 433 0 467 400 0 975 596 0 0 0 0 0 0 0 1000 278 0 0 233 288 0 575 0 900 200 0 1000 0 0 244 727 0 0 350 1000 463 400 467 278 66 496 1000 0 534 0 433 0 266 0 536 0 0 0 0 571 166 512 267 1000 400 0 419 0 155 454 0 0 0 0 200 500 0 1000 0 0 500
#LFC 2019-02-27
0 -1000 0 0 0 0 0 1000 178 142 148 250 87 -400 142 0 875 -206 0 0 406 0 -100 0 183 325 0 296 56 -200 0 328 -549 200 0 0 -2 -400 71 175 -400 0 -398 -200 300 100 -235 0 68 160 250 500 -255 400 0 500 1000 283 0 0 0 600 283 -18 333 400 0 700 -306 54 250 0 500 500 -316 0 0 0 0 0 550 -149 108 0 0 200 0 287 0 52 125 0 -625 0 196 625 0 366 137 218
66 1000 0 0 666 0 400 1000 751 330 678 400 270 750 330 0 600 200 100 0 762 0 200 0 683 300 0 596 273 200 0 628 533 750 0 0 440 400 606 308 400 0 547 50 500 1000 757 0 300 539 250 888 288 900 0 329 400 633 0 0 0 900 633 307 466 600 0 600 318 628 550 0 500 500 583 0 0 0 0 0 650 283 422 0 0 400 0 825 564 385 750 0 1000 0 358 550 0 766 277 818
#WatfordFC 2019-02-27
-1000 399 500 -200 0 0 -790 800 0 285 -312 174 -387 300 500 133 -250 136 -400 450 0 241 33 600 0 122 150 0 166 0 0 50 -245 0 107 0 545 0 203 -325 0 100 -33 116 0 0 625 0 750 0 250 -51 0 909 -400 506 333 0 150 233 -125 272 -400 -155 0 0 -33 366 301 400 0 200 -500 700 0 -149 -200 200 0 116 0 87 0 0 0 -327 0 -750 69 -200 0 0 0 0 0 0 0 500 133 152
1000 650 400 800 0 0 650 750 0 535 687 458 584 490 500 133 450 500 1000 675 0 350 500 1000 0 311 800 0 333 0 0 350 320 1000 335 0 762 0 335 825 0 200 516 505 0 0 500 0 594 0 100 429 500 780 600 595 666 0 625 600 500 594 1000 688 0 0 833 533 413 700 0 200 700 600 0 812 700 100 0 505 0 499 0 0 0 581 0 1000 313 600 0 0 0 1000 0 0 0 472 1000 502
#MCFC 2019-02-27
0 0 900 178 0 800 87 136 296 0 0 250 306 650 150 0 625 800 0 -600 0 -40 81 0 100 0 0 49 0 0 0 172 0 0 0 0 650 0 0 0 0 77 0 0 37 0 0 1000 0 0 800 1000 0 633 -125 0 0 0 1000 264 0 1000 125 0 0 250 0 122 0 0 166 -500 0 0 0 525 350 0 0 0 350 0 800 0 0 -83 700 0 0 434 0 0 0 0 800 0 64 550 500 0
625 400 350 751 0 400 270 500 596 0 0 538 625 575 649 0 500 400 0 800 0 419 429 0 150 0 0 450 0 0 0 394 0 0 0 0 450 0 0 0 0 608 0 0 575 0 0 1000 0 1000 400 400 0 533 375 0 0 0 400 370 1000 1000 216 0 799 300 0 240 0 0 300 900 0 0 0 616 575 0 1000 0 475 0 400 1000 0 799 549 1000 0 356 0 0 0 0 750 66 400 250 900 0
#WHUFC 2019-02-27
0 0 0 0 0 500 -125 -600 500 500 0 136 136 625 0 0 0 0 250 0 200 0 0 0 700 400 0 83 0 240 136 0 0 100 -149 250 0 0 125 0 0 0 500 166 150 0 -187 99 -150 0 0 -8 0 0 0 300 0 228 400 250 250 0 566 800 0 541 150 -100 -100 99 138 350 0 258 250 400 -155 250 321 0 0 0 0 0 0 483 0 300 0 0 0 600 0 650 500 -300 0 0 200 0
0 0 0 0 0 500 375 700 500 500 0 500 500 500 0 0 0 0 500 400 100 0 0 0 549 250 0 111 0 500 454 1000 0 400 812 250 0 0 166 0 0 0 150 166 683 0 500 338 350 0 0 283 0 0 0 512 0 645 200 333 250 0 666 400 0 283 683 400 400 338 609 500 0 483 333 800 288 550 500 0 0 0 0 0 0 850 0 500 1000 0 0 950 0 625 500 250 500 0 760 0
#AFC 2019-02-27
0 850 0 270 300 1000 326 800 326 0 0 800 0 0 462 39 150 0 0 449 -781 1000 0 -83 0 166 200 24 600 412 1000 -166 0 0 0 0 530 0 285 500 208 0 144 333 425 187 800 0 250 0 700 125 800 -194 -125 0 500 0 0 87 290 -388 0 500 650 100 236 250 171 0 -72 281 0 0 0 380 250 500 0 1000 0 0 0 0 583 0 136 0 625 0 100 292 0 0 0 0 175 1000 -125 500
0 600 0 250 449 390 793 1000 793 100 0 1000 0 0 712 139 200 0 0 400 1000 300 0 349 0 166 200 300 830 818 1000 833 0 0 66 125 606 0 457 1000 358 0 577 1000 350 437 1000 0 333 0 600 875 400 288 375 0 405 100 0 816 795 555 0 800 350 1000 399 341 554 0 382 676 600 1000 0 559 250 500 0 300 0 799 0 0 750 0 454 100 500 0 450 553 0 0 0 0 150 1000 250 500
#AFCB 2019-02-27
352 0 375 0 0 400 0 0 550 0 -125 -325 -212 0 0 333 0 -400 66 75 75 300 220 0 0 250 0 -54 0 -300 -342 1 0 -237 0 0 0 425 0 -200 -187 0 0 0 -83 -87 0 0 33 292 250 -100 500 0 345 22 124 0 194 108 70 0 0 -83 -125 0 236 750 0 400 0 324 -113 238 0 566 100 400 -187 266 0 116 0 250 0 483 -83 210 500 500 106 0 0 -300 0 195 37 150 49 200
606 0 400 0 0 883 0 0 650 0 375 775 400 0 0 833 0 512 433 825 825 633 415 0 0 750 0 484 0 750 466 622 466 697 0 0 0 825 0 200 500 0 0 0 500 366 0 0 550 630 350 425 500 0 619 666 511 516 388 644 343 0 0 83 125 0 709 644 0 500 575 725 722 432 0 666 100 400 425 733 0 566 50 550 0 850 83 605 500 500 260 0 0 400 0 393 587 300 450 900
#SaintsFC 2019-02-27
0 -400 250 136 250 0 200 800 149 -400 -129 -600 0 0 130 136 -100 0 0 0 0 0 0 0 129 0 0 0 0 -400 1000 -298 0 0 0 0 0 0 -350 362 300 800 100 0 575 -162 75 14 308 0 0 0 298 0 0 408 -250 0 -400 0 0 -304 136 0 0 0 0 -250 134 0 433 133 83 156 0 83 83 500 0 49 0 500 0 0 0 -400 392 0 0 0 -500 0 0 68 122 -209 -227 -242 -220 200
0 400 250 500 333 0 125 400 500 400 425 800 0 0 305 454 639 0 100 0 0 500 0 0 429 0 0 0 100 400 300 588 0 0 0 0 0 0 875 383 441 400 800 100 679 587 297 423 596 0 0 0 733 0 0 741 250 0 600 0 1000 519 454 0 0 0 0 500 425 62 700 433 166 100 0 166 166 500 0 383 0 500 0 0 0 400 717 0 0 0 1000 0 0 227 594 631 440 413 549 700
#FFC 2019-02-27
332 -83 0 0 0 21 0 0 0 800 332 37 0 -125 1000 -298 0 500 800 0 0 800 0 -166 0 600 -250 -400 -400 0 700 -176 0 0 0 0 100 160 0 0 0 -244 0 333 0 0 650 0 0 0 0 -100 0 0 -77 400 0 0 168 400 -8 -155 -155 -155 566 214 400 0 0 0 0 0 266 233 -7 500 600 214 650 250 -125 250 0 0 0 0 0 0 0 0 0 133 0 -200 0 -287 500 0 0 0
635 83 0 0 0 250 0 0 0 400 490 700 0 375 300 588 0 900 400 0 0 1000 100 66 0 900 250 400 400 0 600 717 0 1000 0 100 361 539 0 100 0 750 0 666 0 0 450 0 0 50 100 400 0 0 144 216 1000 0 543 500 525 288 288 288 666 642 500 0 0 0 0 0 799 666 268 500 687 642 644 412 250 550 0 0 0 0 0 0 0 0 0 66 0 500 0 762 500 1000 0 0
#NUFC 2019-02-26
0 0 0 400 -318 25 66 87 200 0 550 0 0 400 0 0 178 0 257 112 1000 800 449 0 87 0 0 0 0 0 0 0 0 0 0 0 150 0 0 0 -66 15 325 -488 625 -50 144 500 0 625 -77 0 0 800 -1000 -350 0 0 360 0 209 0 0 0 0 433 0 0 312 0 0 0 125 687 0 85 800 0 -100 160 250 250 0 0 0 0 478 700 -133 0 150 0 0 0 -100 0 -50 -1000 366 -99
0 0 0 500 429 454 433 533 300 0 750 0 0 262 0 0 751 350 564 262 525 400 650 0 270 1000 0 0 0 562 0 0 0 0 0 0 400 0 0 0 430 270 725 1000 500 83 522 500 0 600 644 0 0 750 900 400 0 0 420 0 366 0 0 0 0 916 500 0 368 0 250 0 125 750 0 277 750 0 70 539 333 483 0 0 0 0 717 900 666 0 312 0 0 0 200 0 400 950 700 620
#Clarets 2019-02-26
4 -500 625 1000 -450 0 150 0 138 33 -300 225 -177 0 175 0 -600 285 578 0 0 0 25 0 312 781 0 0 0 0 0 218 -93 0 75 0 175 0 0 600 227 0 0 300 0 250 450 400 800 -166 0 -6 0 416 0 566 350 800 0 0 100 0 136 -225 0 136 0 0 0 136 500 0 500 0 0 281 0 625 0 0 900 0 0 0 0 0 600 0 300 0 0 0 -125 0 600 433 -400 0 0 400
404 500 500 300 475 0 391 0 361 33 600 620 194 0 275 0 900 535 785 0 0 0 500 0 333 900 0 0 0 0 0 275 213 0 300 0 275 0 0 650 545 0 0 950 0 333 625 553 400 166 0 564 0 583 0 708 550 400 0 66 400 0 500 325 0 500 0 66 0 500 600 0 1000 0 0 483 0 1000 0 0 350 66 0 0 0 0 950 0 525 500 0 0 375 0 449 533 400 0 0 450
#cardiffcity 2019-02-26
200 400 0 0 225 500 -113 0 350 459 -658 0 250 100 0 0 0 0 500 500 200 100 -21 250 250 311 104 312 0 0 212 0 300 400 -566 0 0 0 0 500 350 0 0 50 -100 0 0 -1000 708 800 0 275 0 0 0 -14 220 0 0 0 0 100 0 0 0 0 0 77 0 0 0 0 0 0 200 500 136 -357 375 200 -166 800 0 -349 -200 250 100 250 0 249 0 -100 250 800 406 285 0 0 0 200
575 700 0 0 712 500 497 0 300 500 900 0 408 400 0 0 0 0 900 750 300 400 585 250 416 522 589 650 0 0 351 0 400 400 688 0 0 0 0 1000 550 0 0 233 400 0 0 1000 466 400 0 216 0 500 1000 495 334 1000 0 0 0 1000 0 0 0 0 0 255 0 0 0 600 0 100 500 1000 500 671 1000 730 166 400 0 395 200 333 400 333 0 549 0 700 333 400 375 535 0 0 0 300
#EFC 2019-02-26
0 0 0 0 500 178 0 250 0 0 459 166 0 625 350 -50 600 0 0 800 1000 0 -400 49 340 -100 -250 350 200 200 136 0 250 250 -462 0 800 0 99 0 0 500 0 300 0 0 0 0 0 0 0 -625 250 0 250 0 260 500 375 99 116 0 0 400 333 0 99 61 -250 138 0 0 0 0 420 -250 0 0 -10 100 333 500 0 0 -250 0 41 500 800 0 478 0 426 -500 375 75 0 0 0 0
0 0 0 0 1000 751 0 862 0 0 380 766 0 500 550 400 600 0 0 400 300 0 450 450 679 200 150 800 900 400 454 0 300 333 722 0 400 0 850 0 0 750 0 950 0 0 0 0 0 0 0 1000 250 1000 350 0 360 533 666 850 266 0 0 900 466 650 850 522 666 361 0 0 0 0 440 400 0 0 222 100 300 900 0 400 250 0 641 888 700 0 451 0 731 1000 750 325 0 0 0 0
#HTAFC 2019-02-26
-129 0 292 163 23 199 183 -247 99 -225 875 -100 625 475 0 -146 0 -125 0 250 -100 0 0 99 -187 0 0 0 17 800 52 0 300 0 -251 0 0 -350 0 500 0 0 0 500 -500 0 -200 166 -125 0 0 216 0 43 0 -500 0 1000 233 0 -78 800 0 -250 52 -125 0 0 0 138 -104 -262 -550 0 500 100 0 -500 0 -150 -1000 0 596 500 0 52 -341 0 149 200 375 0 200 0 1000 -500 500 -31 0 314
352 0 461 505 530 333 416 447 225 539 799 449 500 772 0 548 1000 375 0 333 453 0 0 372 500 0 0 0 767 400 480 0 500 0 646 0 0 400 0 900 0 0 0 500 1000 0 420 416 375 0 1000 477 0 652 0 900 0 300 300 0 400 750 650 700 480 375 0 0 0 361 83 387 700 0 500 200 0 1000 0 800 1000 0 558 500 0 480 566 0 500 644 500 0 625 0 1000 1000 500 466 0 587
#wwfc 2019-02-26
550 575 150 0 33 625 300 -19 750 -400 -92 0 -166 0 -43 0 0 350 1000 400 -175 0 300 -155 0 -700 -200 0 0 200 625 0 0 0 0 0 233 0 0 0 0 0 0 0 0 0 -62 0 0 0 500 0 400 500 587 -99 0 416 750 0 800 1000 800 0 426 295 343 0 0 0 136 0 16 0 -83 500 -200 -150 0 53 -500 500 -166 -50 400 408 0 -500 400 0 106 5 -166 -200 0 0 0 0 -433 -417
950 500 597 0 533 500 750 650 400 400 764 0 433 0 503 666 500 662 300 400 280 0 500 288 0 700 450 0 0 300 600 0 0 0 0 766 366 0 0 1000 0 0 0 1000 0 0 437 0 0 0 900 100 600 150 875 422 0 583 675 0 400 300 400 650 700 497 493 750 0 0 454 0 462 0 216 550 450 400 100 243 650 750 166 225 375 466 1000 650 375 0 288 452 616 233 0 100 0 0 600 610
#LCFC 2019-02-26
375 475 68 0 625 0 0 233 800 175 166 -40 500 0 -50 520 361 -400 350 0 0 -141 -292 0 -500 171 0 140 600 0 -125 200 136 533 90 -44 625 0 200 781 -133 234 500 136 -450 -18 148 136 0 125 0 -257 0 450 0 250 1000 0 800 308 0 -137 350 199 0 0 500 356 0 334 -277 -25 0 -41 -51 -200 0 0 0 -55 0 62 0 -50 -270 0 -136 0 140 0 0 100 228 0 0 -500 0 -50 0 175
750 500 727 66 1000 0 0 433 700 197 766 767 500 0 400 540 643 700 300 0 1000 350 571 0 900 475 0 330 1000 0 375 300 454 266 660 646 500 0 100 500 233 312 583 500 750 543 362 454 0 750 0 717 0 730 0 250 300 0 750 472 0 950 700 458 0 0 1000 740 0 493 488 475 62 425 229 700 0 0 0 211 0 437 0 950 684 0 457 0 577 0 0 300 557 440 0 875 66 225 1000 275
#BHAFC 2019-02-26
250 0 178 0 625 0 0 550 500 700 300 0 0 241 80 0 -55 62 99 -566 -12 300 0 0 0 216 -155 0 -781 -500 -25 0 236 166 0 225 156 300 149 225 243 0 208 740 0 138 500 150 0 0 -100 0 142 -250 -400 172 416 -400 -400 0 -200 33 0 242 654 0 0 186 0 0 0 0 0 -600 311 -96 -104 -187 333 0 150 0 -390 66 0 0 0 1000 150 -14 -100 0 150 0 0 433 103 800 -291 266
450 0 751 0 500 0 333 800 500 750 488 0 0 448 700 0 777 354 700 733 687 700 0 0 1000 616 288 0 1000 400 700 0 374 475 0 712 233 500 500 923 525 650 617 440 0 361 600 237 1000 0 400 0 767 400 400 588 583 600 400 0 250 66 0 325 725 0 0 358 0 1000 0 0 500 800 351 575 166 500 416 0 649 0 200 366 0 0 0 300 649 394 200 0 450 0 66 833 475 400 541 533
#AFC 2019-02-24
375 0 136 0 0 83 0 225 0 0 0 0 378 0 378 -600 0 136 80 136 300 0 199 900 0 300 0 650 -71 0 250 608 250 350 -83 0 0 500 199 0 0 416 0 0 250 250 0 0 125 387 -250 0 83 104 0 -200 650 0 0 0 -175 -49 0 0 0 0 287 0 0 0 4 250 0 0 0 0 341 237 0 0 0 250 800 0 1000 1000 125 350 312 0 0 0 0 0 783 0 0 200 0 200
750 0 454 100 0 144 0 216 0 0 0 0 293 0 293 900 0 454 319 454 350 100 333 875 0 450 0 450 383 0 283 533 625 550 66 0 0 200 333 0 0 500 0 0 444 1000 0 0 212 266 250 0 291 486 0 300 650 0 0 0 591 700 0 0 0 0 484 0 0 0 683 250 0 0 0 0 416 274 0 0 0 300 400 0 300 300 100 462 450 0 0 100 0 0 850 0 0 300 666 300
#SaintsFC 2019-02-24
0 0 395 0 -27 -333 375 700 -750 0 0 800 0 -400 -293 0 0 0 500 -500 500 429 0 900 0 -125 0 0 0 1000 346 500 -200 -259 200 500 700 -400 200 800 -76 166 200 0 -197 -187 0 233 333 0 1000 10 -700 0 -155 62 0 -200 0 0 -850 100 300 0 0 0 -33 250 122 0 300 0 0 0 -400 500 250 150 422 0 0 0 0 -250 -100 250 -400 1000 -88 0 0 200 0 166 200 0 -155 9 350 250
0 0 916 0 294 750 416 600 900 0 0 750 0 400 450 0 0 0 400 500 500 679 0 700 0 375 0 0 1000 400 402 500 800 467 300 562 600 600 400 750 269 666 200 0 433 137 0 241 1000 0 750 633 1000 0 288 625 0 727 0 0 850 400 200 0 0 0 633 750 594 0 750 0 50 0 500 600 312 537 533 100 100 100 100 250 591 333 650 400 438 0 0 200 0 333 450 0 288 371 550 694
#MUFC 2019-02-24
0 -306 500 0 0 308 0 0 0 800 0 266 250 260 -400 0 0 100 0 -22 500 0 66 500 -152 450 0 136 0 0 193 0 0 0 0 0 -159 -155 0 0 0 -50 0 0 250 0 0 0 0 0 0 0 0 309 -500 -185 50 0 0 625 -49 0 80 14 508 253 300 -88 900 81 50 500 450 500 100 0 433 0 0 0 462 500 400 250 45 166 -8 66 0 0 0 0 275 150 0 77 0 -100 77 -75
125 468 1000 0 0 397 0 0 0 400 0 366 333 320 600 0 0 200 0 490 1000 0 333 1000 344 737 0 500 0 0 393 0 0 0 0 0 449 288 0 0 0 300 0 0 250 0 0 0 0 0 0 0 0 513 700 462 616 0 550 800 1000 0 319 171 408 373 350 629 900 400 100 500 450 650 200 0 833 0 0 100 483 500 566 425 333 466 566 633 0 0 0 0 425 177 0 530 0 233 530 175
#LFC 2019-02-24
199 -306 268 0 275 -33 500 100 -61 0 -62 1000 -333 0 66 0 0 1000 98 -600 300 -155 250 0 0 -450 0 0 -49 0 14 253 0 0 0 300 0 0 0 300 -125 0 100 800 433 0 500 0 250 577 225 -8 0 0 200 -125 0 -100 200 0 0 485 -199 -400 250 40 0 -100 366 0 0 -350 500 250 0 0 0 0 0 175 0 0 0 -62 330 0 100 0 0 0 800 -65 500 0 200 0 0 350 285 0
399 468 427 0 1000 360 500 200 519 0 525 1000 666 0 333 300 0 300 642 800 200 288 333 0 0 500 550 0 1000 0 171 373 0 0 0 350 0 0 0 266 375 100 200 750 833 0 500 0 333 688 600 566 0 1000 900 500 0 233 300 66 0 450 770 700 333 320 0 300 222 0 0 525 625 333 0 0 0 0 125 775 125 0 0 550 757 0 300 0 0 750 400 538 500 0 800 0 0 450 428 0
#LCFC 2019-02-23
-500 66 0 200 0 0 0 200 0 800 0 0 416 83 0 -256 0 0 170 0 800 100 0 0 -66 0 -150 900 758 400 -187 250 0 0 0 0 0 625 100 0 0 50 0 0 100 200 200 200 500 0 0 0 404 125 500 0 500 500 500 344 500 -99 68 133 0 750 -400 -40 500 0 500 200 500 0 0 350 66 400 0 0 380 -131 0 0 0 62 50 550 575 400 0 187 500 0 800 -100 800 -100 0 -166
1000 633 0 300 125 0 0 300 0 750 0 0 716 186 0 575 0 0 454 300 400 400 0 0 253 0 850 1000 700 675 429 750 66 0 0 0 0 500 400 0 0 550 125 0 50 100 100 100 1000 100 0 0 785 100 750 125 750 750 750 455 1000 466 289 188 0 750 400 350 500 0 183 500 900 0 0 800 246 350 100 125 384 427 0 500 0 250 500 700 812 900 300 437 900 0 1000 400 1000 400 0 166
#CPFC 2019-02-23
-183 250 136 200 0 0 800 0 0 0 0 500 0 -202 0 0 170 -93 -150 -131 -165 -298 0 335 100 0 0 275 0 -50 0 -141 0 0 562 250 0 0 -155 -333 0 -400 1000 625 0 0 0 0 0 136 350 625 450 318 0 0 0 156 -131 625 480 -400 250 350 136 0 -400 0 0 0 125 625 0 0 -200 0 -450 0 -155 0 500 0 0 200 0 172 0 0 0 400 333 584 0 0 0 0 0 125 166 -200
600 500 413 300 0 0 750 0 0 0 0 888 0 494 0 0 454 312 400 450 166 561 0 550 100 0 0 559 0 500 0 491 0 0 700 400 0 0 288 666 0 600 1000 500 0 0 0 0 0 500 800 500 700 429 0 0 0 677 427 600 540 950 333 800 500 0 400 0 0 0 100 500 0 0 250 0 566 0 288 0 1000 1000 0 100 0 633 0 0 0 400 533 400 0 0 0 0 0 666 333 150
#AFCB 2019-02-23
537 0 200 0 0 0 0 0 -200 0 0 -250 288 183 0 -100 0 -199 333 0 0 0 0 500 136 0 500 199 500 0 0 400 0 214 -77 -200 500 400 -50 50 0 -159 136 0 0 500 0 250 0 75 284 -5 52 0 400 0 0 317 0 500 350 650 0 483 -400 900 700 0 10 400 250 0 578 900 500 366 0 0 0 0 159 150 500 0 487 224 -400 0 -600 800 -125 500 175 1000 333 1000 0 100 520 1000
400 700 300 0 0 0 0 62 200 0 0 400 500 533 0 400 0 500 666 0 0 0 0 500 500 0 183 355 500 0 0 400 0 500 194 100 500 400 350 650 0 104 454 0 0 500 0 100 0 425 545 366 558 0 500 0 400 542 0 512 450 875 0 708 400 900 600 1000 302 700 200 0 660 1000 500 779 0 0 0 0 581 737 625 0 750 700 400 0 800 400 541 500 441 650 433 1000 0 450 530 1000
#wwfc 2019-02-23
600 900 0 66 -400 566 -50 700 200 0 650 0 0 358 0 0 0 0 400 0 1000 0 0 0 560 203 0 700 0 200 500 0 550 300 186 186 0 250 0 0 0 500 300 600 -100 0 0 600 0 209 400 0 0 0 0 800 0 -400 -400 0 0 44 566 139 0 0 0 800 100 900 275 -500 -500 250 0 0 136 0 0 0 350 136 -600 416 800 50 -225 0 600 600 0 -800 0 0 0 0 0 200 0 0
600 750 0 566 400 533 575 900 300 0 750 0 0 333 0 550 0 0 500 0 1000 0 0 0 635 488 0 600 0 900 900 0 375 600 534 534 0 200 0 0 0 600 0 1000 450 0 0 600 0 515 400 0 0 0 0 750 0 400 700 100 0 305 549 160 0 0 0 750 300 1000 500 700 700 333 100 0 454 0 0 50 550 500 700 449 400 500 408 0 550 550 0 900 0 1000 0 0 0 300 66 0
#NUFC 2019-02-23
-100 0 100 266 0 366 368 -208 500 0 62 0 509 0 80 160 0 216 0 400 700 0 0 0 400 0 500 -400 500 800 0 -83 662 200 -400 0 250 625 173 0 625 -50 400 1000 0 0 0 400 300 50 350 0 183 250 350 128 0 0 128 0 -200 318 136 0 0 350 0 0 125 900 800 -200 175 187 0 -100 -96 333 0 500 383 0 -218 -183 0 0 142 375 400 375 0 200 125 281 119 66 0 650 0 700
400 0 300 361 0 825 468 225 400 0 333 400 590 0 723 401 0 916 0 400 875 0 0 500 1000 0 600 700 600 750 0 583 700 300 700 0 350 500 296 1000 500 50 600 300 800 0 0 600 100 449 475 0 600 333 950 284 0 1000 284 600 300 727 454 0 0 700 0 0 250 1000 875 200 450 437 0 50 416 700 0 500 444 0 762 225 0 0 767 500 800 775 0 500 625 862 590 666 625 750 0 900
#HTAFC 2019-02-23
128 -25 75 -200 0 12 200 0 0 -76 87 87 -30 87 87 166 250 0 -187 0 200 0 466 193 0 0 1000 0 0 500 -14 206 650 -266 -187 250 0 214 200 0 33 0 0 0 0 200 481 133 0 400 250 -31 68 0 325 33 216 0 0 150 183 480 436 175 500 258 24 354 209 0 9 0 33 4 361 -250 0 33 316 500 -250 200 -250 700 -141 -100 -100 -100 0 199 107 -250 116 -41 500 -250 400 250 250 0
595 200 510 700 500 400 300 0 0 297 250 250 223 250 250 199 250 0 462 0 500 0 608 393 250 0 1000 0 0 900 495 372 783 266 750 333 0 500 200 0 300 0 0 0 100 400 596 366 0 200 333 466 477 0 366 300 377 0 0 100 511 520 726 225 666 413 537 500 681 1000 304 0 300 693 746 500 0 300 475 500 500 250 500 600 333 400 400 400 100 466 530 500 633 483 500 500 400 500 500 0
#Clarets 2019-02-23
200 0 0 0 0 433 0 175 177 -200 0 0 433 333 480 0 0 150 -400 -283 395 0 -400 100 -400 250 395 -283 150 136 350 433 75 266 0 433 -400 1000 400 250 350 0 150 0 -283 395 0 -400 0 0 0 -62 119 466 433 0 175 25 0 500 -500 -33 -155 250 250 -12 150 -283 395 0 75 222 0 -33 250 700 -284 300 0 -283 395 0 -400 600 800 0 0 200 500 100 0 400 262 0 0 200 0 454 200 0
300 0 0 0 0 533 500 275 255 250 0 0 533 433 600 241 0 300 400 283 395 0 400 300 400 950 395 283 300 454 550 533 325 333 0 533 400 1000 500 950 250 66 300 0 283 395 0 400 0 0 0 237 346 600 533 0 275 625 400 500 400 222 288 950 312 0 300 283 395 0 325 277 0 222 950 700 310 200 0 283 395 0 400 1000 400 0 0 200 150 300 0 900 633 0 0 500 0 472 200 0
#COYS 2019-02-23
114 0 0 0 200 0 225 0 -350 0 292 0 0 62 380 333 300 0 200 0 33 0 0 -77 0 -150 800 350 0 0 368 0 0 400 0 150 -125 250 266 0 333 -1000 212 0 422 1000 211 0 50 0 0 0 0 -150 800 80 -108 22 333 -625 0 0 88 0 0 0 0 0 133 700 357 0 100 500 400 -25 49 0 400 25 0 0 0 500 233 0 0 -100 0 106 0 0 350 500 700 252 350 0 71 0
521 0 0 0 550 0 325 0 533 0 317 0 0 312 527 366 700 0 500 0 358 0 0 444 0 850 400 350 0 0 677 125 0 200 0 362 375 550 814 0 833 1000 451 0 416 300 797 0 150 0 0 0 900 750 750 480 497 564 833 1000 0 0 549 433 0 0 0 0 533 600 500 0 300 900 900 568 522 0 1000 650 0 0 0 500 799 0 500 400 1000 700 0 0 550 500 600 497 550 0 478 0
#cardiffcity 2019-02-22
-99 0 0 0 -350 0 0 -350 0 -400 0 0 250 -350 -1000 0 0 0 0 700 250 250 -449 262 0 0 0 212 136 700 0 1000 666 0 0 0 350 0 0 0 0 -200 100 -400 0 -31 700 774 0 0 0 0 0 0 625 -400 700 0 0 0 33 0 0 -250 500 0 0 0 1000 700 -175 -200 0 0 0 0 0 700 212 0 500 700 142 0 0 0 0 -455 900 263 0 0 0 0 0 0 0 0 0 0
400 0 1000 0 500 0 0 500 0 600 0 0 333 500 1000 0 0 0 0 600 333 333 500 290 0 0 0 781 454 600 0 1000 533 33 0 0 550 0 0 0 0 50 100 400 0 252 600 950 0 0 0 0 0 0 950 400 600 0 0 0 697 0 0 550 675 50 0 0 300 600 591 700 0 0 0 0 0 600 327 0 500 600 267 0 0 0 0 760 900 814 333 0 0 0 0 0 0 250 0 0
#WatfordFC 2019-02-22
0 0 800 0 0 0 650 0 0 0 -177 316 216 -625 0 62 0 0 0 -100 0 150 250 0 -75 -177 316 216 400 0 177 0 -155 500 112 0 -177 250 0 0 0 0 0 900 -1000 0 0 0 -524 0 318 136 -75 -200 233 0 0 150 0 300 1000 -500 385 600 650 800 800 375 33 0 558 0 200 0 250 -400 0 800 0 0 500 0 0 -33 0 0 -62 0 850 0 0 0 500 -116 -400 0 433 0 -1000 119
1000 400 400 0 1000 1000 450 0 0 1000 433 644 450 600 0 416 1000 1000 0 600 1000 0 500 533 366 433 644 450 400 1000 477 0 288 700 350 0 433 250 0 1000 0 0 0 1000 1000 0 0 0 633 0 335 500 533 100 549 0 0 511 0 333 1000 300 552 605 794 400 400 600 566 0 633 0 200 0 333 400 0 1000 0 0 700 0 0 549 0 0 237 0 800 66 0 0 500 650 400 66 733 0 1000 346
#WHUFC 2019-02-22
0 0 0 0 0 187 0 -155 -155 -141 -155 -155 -600 0 400 0 0 325 500 357 0 0 400 207 500 0 0 600 200 0 0 331 500 900 400 68 49 0 -3 -66 -400 500 0 700 0 0 0 0 0 224 37 244 99 -10 100 0 250 0 12 0 -100 -100 0 392 71 244 99 -10 -100 0 150 0 700 166 225 170 0 -100 0 0 0 400 800 0 500 0 0 0 0 50 400 -250 400 0 187 0 0 -25 800 0
0 0 400 0 0 375 0 288 288 850 288 288 950 0 400 100 0 450 500 535 0 0 762 336 750 0 125 900 400 0 0 734 500 1000 200 750 644 1000 684 433 400 700 0 600 0 0 0 0 0 700 150 387 418 329 1000 0 500 0 200 0 400 400 0 467 452 387 418 329 400 0 252 0 600 266 450 500 0 0 0 0 0 200 1000 0 750 0 0 0 0 200 500 500 400 0 700 0 0 25 750 0
#FFC 2019-02-22
26 -125 -118 0 285 -155 -155 800 -155 -155 -155 -155 -9 0 0 -235 1000 450 0 125 208 0 0 0 450 0 -1000 600 600 0 0 0 -225 500 148 373 0 0 400 0 49 587 83 0 0 -125 -400 800 0 700 0 0 -244 0 0 0 250 0 0 83 0 224 0 136 -1000 -200 -400 0 0 0 0 0 250 400 0 -75 500 0 -400 0 0 0 366 -500 465 -400 -400 383 -83 533 0 0 166 159 400 0 166 0 0 650
410 375 129 0 535 288 288 1000 288 288 288 288 371 100 0 407 300 500 0 666 166 0 0 0 375 0 900 1000 1000 0 125 0 500 550 497 622 0 0 200 0 644 850 333 0 0 158 400 750 0 600 0 0 750 0 0 0 362 0 0 333 0 700 50 500 1000 400 400 0 0 0 0 0 300 200 0 200 500 0 400 0 1000 0 569 400 590 400 400 333 291 700 0 0 166 338 400 0 333 0 0 450
#wwfc 2019-02-11
-166 150 0 400 500 500 312 0 0 350 0 375 0 1000 0 0 800 -400 0 0 0 100 700 0 0 0 229 0 229 0 0 0 400 562 245 -66 454 0 470 229 0 400 700 0 135 0 500 700 400 -250 0 0 129 0 375 488 700 -390 568 0 -150 0 550 -600 0 0 0 0 56 0 0 500 411 200 75 125 0 300 666 750 300 91 83 0 0 -199 144 0 400 450 83 366 575 0 108 -250 -333 -390 -300 900
166 331 0 700 500 500 333 0 0 650 0 500 0 300 0 0 400 600 0 0 66 133 600 0 0 100 570 0 570 0 0 0 500 318 562 266 452 0 846 273 0 400 600 125 498 0 900 600 400 400 0 0 658 0 500 375 600 687 377 0 399 0 425 900 0 0 0 0 325 0 0 600 711 200 448 400 0 766 799 900 100 558 333 0 0 799 244 0 1000 516 166 700 475 0 616 950 666 687 600 1000
#NUFC 2019-02-11
300 40 500 41 -200 0 0 0 0 350 -400 -75 -53 -300 124 0 0 0 0 0 500 98 0 33 0 500 0 0 250 0 300 -97 309 0 0 -413 1000 500 0 212 130 98 -7 0 9 0 0 250 0 325 0 77 243 0 0 -500 0 547 0 -100 0 50 -145 0 0 0 0 200 0 0 -200 91 0 0 -150 83 500 0 0 0 0 0 0 -100 -400 587 178 700 0 0 -400 300 87 250 -699 500 186 205 0 -200
0 400 500 309 693 0 500 0 0 300 700 137 433 400 324 0 0 0 0 0 500 322 0 433 0 550 0 0 333 0 350 202 538 0 1000 497 300 750 0 318 471 322 405 0 300 0 0 333 100 425 0 322 690 500 0 1000 0 567 0 600 0 620 304 0 0 0 0 625 0 0 625 272 0 0 364 708 500 0 0 0 0 0 0 800 700 475 751 600 0 0 400 720 270 250 666 750 597 496 0 450
#MCFC 2019-02-10
0 0 512 0 0 200 0 178 500 0 625 87 -549 134 296 0 203 0 -625 0 0 -200 0 0 312 0 0 1000 625 0 375 568 0 0 800 600 134 0 -400 -16 0 0 445 309 0 -150 0 350 0 275 600 0 0 166 318 0 88 0 107 0 -150 62 0 0 66 0 0 0 -262 -150 437 200 600 0 0 0 78 136 0 500 0 0 0 0 600 0 0 -52 0 333 0 400 325 0 0 107 244 -33 0 0
400 0 384 400 0 300 0 751 900 0 500 270 533 813 596 0 478 0 1000 33 0 200 0 0 684 0 0 1000 500 0 400 377 0 0 1000 900 813 0 400 488 0 0 584 538 0 50 0 650 125 375 600 0 0 166 677 66 900 0 670 0 50 312 0 0 255 0 0 0 687 50 825 950 1000 0 0 0 399 454 0 1000 0 0 0 500 300 0 0 583 0 700 0 400 491 0 0 750 509 766 0 0
#CFC 2019-02-10
0 0 0 -24 0 0 0 0 512 700 400 450 0 0 250 216 800 1000 0 500 0 447 750 178 0 249 0 100 1000 0 0 0 178 87 800 -151 0 0 0 0 0 1000 0 285 -200 0 144 -250 557 1000 0 301 453 715 0 700 400 0 0 0 0 409 800 0 83 0 0 0 0 175 0 0 0 0 0 0 0 1000 250 0 0 0 0 0 0 0 0 83 -312 0 0 0 600 0 0 505 309 -625 250 250
400 0 0 494 0 500 0 0 384 700 600 750 0 0 333 416 750 300 0 1000 0 670 950 751 0 200 0 100 300 300 0 0 310 270 750 399 0 0 0 0 0 300 0 535 850 0 323 500 937 300 0 366 471 975 0 700 600 125 0 0 0 644 400 0 729 0 0 0 0 266 0 0 0 0 0 0 0 300 300 0 0 0 0 0 0 0 125 450 687 0 0 500 200 0 0 782 538 1000 444 333
#COYS 2019-02-10
664 0 368 0 100 0 -250 0 0 -283 99 -400 -100 0 0 136 325 0 0 225 216 -96 0 0 -100 228 0 1000 0 200 500 0 500 24 90 0 0 800 0 136 0 250 0 212 0 0 0 0 400 0 -299 0 800 136 100 -57 0 340 244 -199 0 500 0 -100 0 -125 -300 -100 300 250 578 0 -131 285 0 0 166 136 0 0 850 0 164 -200 0 0 800 0 -126 0 0 137 0 400 350 87 0 687 475 -625
777 0 544 0 500 0 678 0 0 433 655 400 100 0 0 454 525 0 0 600 491 544 0 666 900 325 0 300 0 200 500 0 700 781 164 0 0 750 0 454 0 950 400 373 0 0 75 0 400 0 650 0 750 454 483 567 0 506 400 333 0 600 0 400 0 250 433 525 912 950 485 0 427 535 0 0 833 454 0 0 450 0 351 250 0 0 400 0 643 0 0 660 0 400 550 333 0 600 466 400
#LCFC 2019-02-10
400 0 216 0 0 100 100 100 0 0 562 350 700 309 200 200 200 227 -150 400 450 -244 0 500 0 150 213 -155 463 325 0 600 100 -28 -250 0 0 -699 25 300 350 136 500 204 0 900 377 0 0 -1000 -55 214 136 -200 0 0 0 -437 0 0 0 625 109 0 0 312 0 500 0 500 -333 0 0 0 309 -155 0 0 0 0 0 -155 422 1000 0 22 0 416 0 -155 1000 150 56 0 0 0 0 0 0 250
1000 0 491 0 33 400 400 400 0 0 550 450 600 538 500 500 500 545 50 1000 866 377 0 600 0 633 372 288 572 225 0 1000 200 423 800 0 0 666 730 450 577 454 500 453 0 1000 472 0 0 1000 188 571 500 100 1000 0 0 583 0 0 0 750 305 0 0 200 0 500 0 900 666 0 0 100 538 288 0 0 0 0 0 288 361 300 0 577 0 500 0 288 300 431 207 0 0 0 0 0 0 250
#BHAFC 2019-02-09
0 0 0 -131 0 0 0 716 -185 0 0 0 -16 -200 64 0 0 -50 309 0 0 0 0 0 0 0 -125 0 0 0 0 400 -250 1000 -37 -100 0 0 400 49 0 -800 -800 -600 0 0 200 0 0 -400 388 119 0 0 62 0 0 -266 -799 0 -400 178 -100 -145 125 0 -75 0 0 -200 -125 0 -431 0 375 49 399 1000 233 0 309 -250 500 0 166 49 78 -100 125 475 0 -156 0 0 99 281 500 -291 146 0
0 50 0 562 0 0 0 516 528 0 1000 0 533 525 280 0 0 400 538 0 500 0 0 0 0 0 375 0 0 0 0 875 533 300 650 400 0 0 1000 250 0 1000 1000 900 0 0 200 0 0 550 638 620 66 1000 50 0 0 388 1000 0 533 751 250 770 425 100 283 0 0 700 100 66 727 0 500 250 1000 750 366 0 538 233 500 0 375 550 484 400 537 633 0 375 0 0 183 608 500 541 521 166
#Clarets 2019-02-09
0 -83 64 0 0 400 0 -600 500 0 200 0 0 250 0 0 0 350 0 -400 400 625 625 0 500 1000 0 136 -100 0 625 500 325 100 -500 0 0 0 -400 0 0 0 223 -125 0 -100 0 700 0 300 0 99 500 -155 433 500 500 500 0 0 0 600 0 0 0 136 0 666 0 800 514 0 481 50 200 100 525 0 -500 0 335 0 -50 0 136 0 800 50 250 0 0 0 -30 166 225 0 -333 -283 -312 0
0 350 280 0 0 875 0 900 625 0 500 0 0 333 0 0 0 412 0 400 400 500 500 0 900 300 0 500 287 0 500 500 700 300 1000 0 0 0 400 0 0 1000 495 200 1000 100 666 600 500 266 0 88 500 288 600 500 500 500 500 0 0 233 0 0 0 454 0 533 0 400 557 1000 659 489 200 400 666 0 700 0 477 500 577 0 454 0 1000 50 250 0 0 0 430 533 516 0 333 283 500 0
#CPFC 2019-02-09
-156 -366 900 0 0 200 300 0 -750 0 416 0 0 125 -350 0 400 500 371 0 375 0 1000 0 350 0 0 300 0 136 400 700 0 800 1000 433 0 0 0 0 375 402 300 208 250 0 0 -600 -400 0 120 0 -233 700 350 375 -1000 0 0 362 0 433 0 138 0 208 -600 125 250 -150 200 0 0 0 0 425 0 0 0 37 0 -8 250 0 -16 200 -195 148 -300 -400 250 -66 -300 0 375 333 0 0 66 49
510 650 1000 0 0 100 100 0 800 0 500 0 0 400 700 0 400 500 433 0 1000 0 1000 0 550 0 0 200 0 500 800 700 700 400 400 733 0 312 0 0 350 777 494 583 350 0 0 1000 400 0 385 0 500 600 650 375 1000 0 0 600 0 616 0 222 0 300 800 725 750 850 900 1000 0 0 0 625 0 0 0 337 0 425 350 0 783 200 666 504 528 800 1000 133 300 0 375 333 0 0 333 450
#WHUFC 2019-02-09
0 0 0 0 0 350 0 312 0 0 0 200 200 200 0 433 400 200 0 0 0 0 0 0 142 800 0 187 0 375 0 0 -21 125 500 399 -400 0 0 0 164 100 0 -26 1000 150 0 0 183 -700 -100 136 -400 500 100 0 0 0 -135 0 160 0 268 -66 -200 -100 0 0 0 0 0 -150 211 -100 0 0 400 -400 166 -24 250 0 12 -50 0 500 0 400 400 400 0 100 0 -100 0 50 0 0 0 500
0 0 0 0 0 525 0 650 0 0 475 100 100 100 0 733 1000 100 0 0 0 0 100 0 267 1000 0 300 0 725 0 0 709 200 500 449 400 0 0 0 271 100 1000 615 1000 350 0 0 483 800 100 454 400 900 799 0 562 100 253 0 539 0 427 50 700 0 0 0 0 0 0 222 322 83 500 100 400 700 366 225 250 0 200 0 0 900 100 400 400 400 400 1000 0 400 0 300 100 0 0 900
#HTAFC 2019-02-09
0 0 -138 0 0 0 766 0 111 0 0 450 0 -131 0 0 0 0 0 0 0 0 0 0 0 0 150 0 0 0 31 0 50 0 -200 200 0 0 0 0 -272 0 -100 -100 0 0 425 200 -100 406 0 0 350 0 0 0 0 0 0 0 413 -500 -200 0 -125 433 0 0 312 324 152 625 0 0 0 450 192 0 56 462 625 250 433 0 0 0 0 150 -31 0 0 800 0 0 -125 0 466 525 207 -19
0 0 547 0 0 0 766 0 383 1000 0 850 0 427 0 0 0 0 0 0 0 0 0 0 0 0 649 0 0 0 599 0 225 0 300 350 0 0 0 1000 585 0 200 200 0 0 725 200 150 412 0 0 449 0 0 0 500 0 1000 0 722 1000 200 35 375 355 0 355 333 504 430 500 0 0 0 850 317 0 338 487 1000 427 766 0 0 0 0 844 466 0 0 750 0 0 600 100 766 366 455 439
#AFC 2019-02-09
0 -50 0 500 0 -333 0 0 199 0 -166 0 166 0 -277 -400 -250 0 0 104 -187 0 -200 100 650 136 0 0 0 0 0 -120 650 0 0 136 0 0 -106 311 100 466 250 100 250 7 0 446 7 0 0 0 -50 0 83 -4 -333 0 0 0 446 0 0 260 0 0 87 0 1000 500 49 0 0 0 200 366 167 -80 0 800 0 0 0 500 0 0 0 0 -200 0 0 900 140 0 500 0 16 0 -200 0
0 400 0 600 0 666 0 0 333 0 383 0 300 0 444 700 375 0 0 791 500 0 400 300 625 454 100 0 250 0 0 619 600 0 0 454 0 0 400 911 600 733 500 400 777 485 0 571 485 0 0 0 100 0 566 429 666 360 0 0 663 0 0 526 0 0 516 0 1000 500 700 0 0 0 420 500 524 479 0 700 0 0 100 500 100 0 0 0 700 0 0 1000 266 0 500 0 662 0 400 0
#LFC 2019-02-09
0 0 83 1000 1000 0 2 -100 -483 485 77 0 250 200 0 0 485 1000 0 0 800 -118 -77 1000 1000 1000 1000 1000 0 0 0 300 0 1000 0 -300 1000 0 1000 0 133 1000 0 400 1000 0 0 136 1000 0 200 0 500 500 0 485 0 1000 200 97 200 -375 0 0 200 400 0 500 390 214 0 30 -100 0 0 50 0 199 0 500 1000 0 0 660 0 0 1000 1000 0 1000 1000 1000 0 400 1000 0 1000 1000 800 0
0 0 277 400 400 0 613 200 533 450 288 0 750 100 0 0 450 400 0 0 750 296 144 400 400 400 400 400 0 0 0 500 500 400 0 588 400 0 400 800 301 400 0 900 400 0 0 500 400 0 300 0 833 1000 0 450 0 400 900 405 300 562 0 0 200 375 0 600 900 500 0 443 200 1000 0 224 0 485 0 500 1000 0 0 700 0 0 400 400 1000 400 400 400 0 633 400 0 400 400 400 1000
#AFCB 2019-02-09
500 0 0 100 0 0 -6 0 0 -87 369 433 650 0 -199 350 136 -166 -500 0 0 0 0 0 0 400 0 -750 225 0 0 0 100 0 0 0 250 350 250 350 0 0 200 200 0 0 400 259 411 -37 0 0 0 0 0 500 -159 -200 0 -166 0 -200 0 75 0 0 -500 93 130 0 -33 0 0 800 -50 -333 250 159 0 0 0 141 218 81 0 0 241 625 -100 261 625 -350 418 0 -250 0 450 100 0 -250
888 0 0 400 0 0 210 0 0 400 326 466 625 0 400 300 500 166 700 100 100 0 0 0 0 525 0 750 516 0 0 0 466 0 0 0 333 650 333 650 0 0 500 200 0 0 625 559 611 216 0 0 0 0 0 500 880 400 0 550 0 100 0 333 112 800 500 718 300 0 600 0 0 750 400 666 250 286 0 0 0 457 312 409 0 0 564 500 100 378 500 550 702 125 625 0 500 150 0 1000
#SaintsFC 2019-02-09
0 0 0 0 0 500 -412 0 399 100 -541 39 561 -83 500 500 0 -16 0 0 174 250 0 0 158 175 275 399 -34 100 0 0 0 0 0 0 0 0 0 312 0 -125 0 0 0 433 700 233 0 0 483 0 0 422 0 200 0 100 0 0 0 266 700 400 0 -8 -700 0 -49 -699 350 0 0 0 0 0 250 0 -16 146 107 875 245 0 200 -300 -50 800 0 100 0 800 300 -87 90 -87 -133 0 0 120
0 0 0 500 500 750 662 0 666 400 791 672 761 683 500 600 0 91 0 0 333 250 0 0 166 300 325 366 255 500 0 0 0 0 0 175 250 250 250 300 0 750 0 0 0 733 900 900 266 0 850 0 0 577 0 300 0 600 0 0 0 305 1000 1000 333 289 1000 0 566 666 770 0 0 0 0 0 350 0 450 532 550 600 418 0 285 528 400 400 0 799 0 750 500 633 480 633 188 0 0 420
#cardiffcity 2019-02-09
0 -155 0 0 0 0 400 -637 0 0 0 0 0 -500 -1000 0 -500 0 0 0 0 0 0 0 0 0 0 500 425 0 0 616 0 0 31 0 0 0 200 0 -650 0 0 0 -650 224 0 100 0 0 -500 0 0 -200 0 454 0 0 212 0 -650 0 0 -83 0 100 0 0 0 0 0 0 0 -187 -300 400 -200 0 0 575 -1000 0 0 -250 -200 -200 -300 0 0 400 400 100 0 250 0 0 400 0 0 0
0 288 0 0 0 100 1000 687 0 0 0 0 0 1000 1000 0 1000 0 0 0 0 0 0 500 0 0 0 600 625 0 0 700 0 0 650 0 0 0 500 0 1000 0 0 0 1000 700 0 400 0 0 1000 0 0 50 0 845 0 100 366 0 1000 0 0 683 0 1000 0 0 0 0 0 0 0 549 400 1000 50 0 0 425 1000 0 0 225 50 700 512 0 0 1000 1000 700 375 250 0 633 233 0 0 0
#WatfordFC 2019-02-09
200 0 0 200 23 0 0 -75 0 0 0 0 0 0 228 366 136 0 0 0 0 -400 0 100 0 0 250 166 0 0 -325 0 0 500 0 -250 800 700 100 250 316 37 -118 200 0 -100 150 700 199 -75 -200 300 50 0 21 0 342 0 -200 0 0 -533 -312 0 250 300 -200 0 100 1000 170 -83 800 0 187 -200 595 281 0 0 250 -107 181 -150 400 0 -28 0 136 -111 0 0 100 333 0 0 0 291 -500 -100
200 0 357 300 466 0 0 366 0 0 0 0 0 0 517 633 477 0 0 0 0 550 0 900 0 0 333 500 333 0 475 0 0 500 0 450 750 500 799 583 741 320 480 450 0 450 0 600 500 300 400 833 775 0 256 0 655 0 200 0 0 900 1000 76 300 450 200 0 400 300 362 83 200 0 437 400 445 562 0 0 345 717 246 350 450 0 687 0 500 430 0 0 400 572 0 0 0 766 750 300
#EFC 2019-02-09
0 325 -500 0 99 113 0 0 0 0 187 0 466 500 0 1000 0 -5 800 250 900 2 125 0 -400 49 0 0 0 500 175 312 112 150 0 200 0 0 0 158 250 297 0 0 0 0 150 309 -400 0 0 0 0 0 650 650 425 136 -100 -125 250 500 0 0 0 0 0 -500 200 0 0 0 -83 0 0 887 -50 -400 150 -250 0 0 0 -500 0 100 0 0 -1000 200 100 200 0 0 0 0 -175 0 -328 0
0 916 700 0 306 536 0 1000 0 0 600 0 666 500 0 1000 0 320 400 750 1000 588 666 0 400 644 0 0 0 700 375 684 650 700 0 200 0 0 0 465 375 357 0 0 0 0 550 538 400 0 0 0 33 0 400 400 331 454 500 375 533 900 0 0 0 1000 0 1000 100 0 500 0 116 0 0 850 0 400 300 250 0 0 375 900 0 366 0 0 1000 300 0 400 0 0 0 0 550 0 680 0
#FFC 2019-02-09
0 0 0 0 0 0 350 -250 0 -600 0 0 0 0 0 0 0 -200 136 0 0 42 -133 0 0 350 -4 -100 250 -12 1000 487 -47 0 0 -500 24 0 0 500 500 0 0 0 0 -100 0 733 0 11 -99 206 -258 0 375 0 -125 0 0 0 0 34 199 0 -99 290 250 94 0 0 0 333 0 0 -122 0 -100 125 0 0 606 0 0 0 0 -100 0 0 0 100 0 316 250 -212 138 0 45 0 0 0
0 0 0 0 0 0 950 750 0 800 0 750 0 0 0 0 0 50 454 0 0 267 508 0 0 250 656 550 350 387 1000 533 513 0 0 500 575 0 0 750 500 0 0 0 0 100 0 708 0 177 366 366 441 0 750 0 375 0 0 0 0 338 450 0 650 520 250 366 0 0 0 333 1000 0 713 0 600 425 0 0 727 0 0 0 66 1000 500 1000 0 400 0 466 333 650 222 0 618 0 0 0
#MUFC 2019-02-09
214 541 470 0 127 141 0 0 0 0 208 0 0 0 0 0 170 0 224 -150 -150 100 0 0 0 -99 500 0 0 0 -150 0 0 0 0 0 0 -500 100 0 8 700 0 183 0 0 466 0 0 0 0 0 0 0 750 0 0 335 0 0 0 0 0 0 0 0 500 0 0 246 384 -333 1000 -800 0 0 150 750 0 366 0 300 0 0 0 372 250 0 0 0 87 0 0 750 800 -71 447 0 294 0
357 600 631 0 687 458 0 0 0 0 458 0 0 0 0 1000 454 0 483 300 300 400 100 0 125 650 500 0 0 0 300 0 0 1000 0 1000 0 300 250 0 391 600 0 186 0 0 433 1000 1000 0 0 0 1000 0 650 0 0 677 0 0 0 1000 0 125 0 0 500 0 0 512 459 1000 300 1000 0 0 275 750 0 399 0 200 0 0 0 659 512 1000 0 0 270 1000 0 224 750 214 670 0 433 0
#EFC 2019-02-06
283 0 200 550 -50 0 500 0 0 800 -400 0 392 500 -305 0 0 666 0 87 261 200 0 0 0 0 150 0 0 500 500 390 0 0 0 800 -267 0 -250 0 0 500 0 199 0 0 266 0 800 0 -127 -100 500 650 800 150 0 0 0 138 333 0 -166 400 100 1000 600 100 0 -100 0 132 0 0 0 170 200 0 89 0 111 0 0 0 0 0 45 0 500 -400 -137 625 0 400 0 136 1000 0 0 -45
358 0 400 700 400 66 500 733 0 400 600 400 712 900 444 0 0 533 125 362 233 900 0 0 0 0 100 0 0 500 888 483 500 66 0 400 534 0 500 0 0 612 100 761 0 0 916 0 400 1000 244 200 900 650 400 700 0 0 500 361 333 0 433 900 550 1000 799 100 0 400 0 503 1000 0 0 500 900 0 618 0 222 0 1000 1000 1000 0 584 0 500 400 379 750 500 800 0 454 1000 0 0 370
#MCFC 2019-02-06
342 301 0 -400 73 0 433 50 136 233 0 800 -12 312 -200 500 0 117 0 0 0 0 500 266 0 33 0 700 0 295 -50 388 -75 200 0 275 568 166 0 578 666 0 399 -71 0 300 0 450 0 0 0 87 -500 600 800 875 875 166 0 0 0 500 150 1000 420 0 233 -200 0 -500 0 0 214 -400 0 0 -400 0 0 0 100 99 316 0 0 200 0 0 150 -1000 -387 0 0 800 -155 0 166 0 500 500
517 498 0 400 413 0 833 850 500 255 0 750 453 500 233 550 0 626 0 0 0 0 500 300 0 322 400 433 0 466 450 244 675 200 0 751 427 166 0 875 533 0 400 441 0 600 0 500 0 625 0 637 299 700 400 500 500 208 0 0 0 900 525 300 674 0 366 0 0 600 0 0 442 400 1000 0 700 0 0 0 400 495 283 0 0 275 0 0 794 400 666 0 0 400 288 0 333 0 500 300
#WHUFC 2019-02-04
0 6 0 500 0 -750 0 96 0 0 250 0 33 0 362 0 0 0 136 580 -100 0 0 0 600 458 0 0 0 0 350 0 0 950 0 0 0 66 250 -183 0 0 0 0 0 0 1000 350 0 0 0 800 0 0 400 0 99 400 0 0 355 0 0 383 -283 0 -175 99 100 0 0 0 542 0 0 -100 0 -27 0 800 0 500 0 0 500 337 0 0 0 400 -16 625 0 0 0 0 0 125 -145 100
0 400 0 150 0 1000 0 358 0 250 375 0 461 1000 575 0 0 0 562 515 400 0 0 0 900 577 875 0 0 0 531 0 0 1000 0 0 0 628 375 633 0 533 0 0 0 1000 400 650 0 0 0 1000 0 0 800 0 600 200 0 0 355 0 0 896 550 0 799 675 400 0 0 0 642 1000 0 400 0 222 0 750 0 500 0 0 500 450 1000 0 0 500 333 500 0 0 0 0 0 775 229 100
#LFC 2019-02-04
0 0 185 800 575 266 0 433 700 0 800 70 375 0 333 120 0 49 0 208 0 -533 -111 -18 0 271 250 0 0 99 -155 0 -575 0 625 525 500 0 0 0 0 0 0 400 -600 300 0 0 0 -133 1000 -55 0 0 0 -100 -400 0 288 213 200 14 0 100 434 0 126 0 -41 0 0 0 0 -200 0 0 0 108 0 227 -388 0 0 0 341 500 78 -500 250 1000 1000 1000 -399 96 300 200 183 -400 600 -500
0 0 327 750 562 600 0 416 825 0 750 345 416 0 600 430 0 450 0 250 0 666 222 425 0 347 750 0 0 283 288 0 700 0 600 400 600 0 0 0 0 125 0 400 1000 0 1000 0 0 558 300 422 0 0 0 50 400 0 500 500 400 411 100 50 613 0 430 0 241 0 0 0 0 800 0 0 0 324 0 545 833 0 0 0 741 888 618 1000 500 400 400 400 588 358 433 400 533 600 1000 900
#MCFC 2019-02-03
500 0 309 212 0 500 0 86 136 0 500 766 0 0 434 1000 1000 1000 1000 0 0 0 0 0 0 262 0 212 170 0 800 850 0 150 500 500 0 183 0 900 0 0 0 -25 568 0 200 68 0 1000 0 625 105 0 434 0 375 0 0 344 309 375 166 0 350 568 0 0 0 212 0 0 187 0 -21 0 100 0 136 0 309 0 0 0 750 136 0 0 350 434 0 -150 0 107 -79 0 212 0 0 0
500 0 538 418 0 1000 0 356 454 0 500 516 0 500 613 300 300 300 300 0 100 0 0 0 0 550 0 418 500 0 400 1000 0 199 500 500 66 383 0 400 0 0 0 199 377 0 900 227 0 400 0 1000 150 0 613 0 250 0 0 577 538 500 283 0 450 377 0 0 0 418 0 100 516 400 347 0 250 0 454 0 538 0 333 0 750 454 0 0 400 613 0 399 0 670 225 0 418 750 0 0
#AFC 2019-02-03
0 104 0 0 0 0 0 0 0 0 0 75 0 100 400 86 0 375 766 185 250 0 1000 1000 1000 1000 0 199 0 211 0 0 0 262 250 0 0 -6 136 600 0 0 0 200 -250 83 166 500 0 0 183 900 0 250 0 0 400 333 0 0 366 0 0 200 0 0 1000 291 0 200 0 0 0 0 350 166 136 0 344 0 0 -66 800 0 0 446 0 296 0 0 0 0 0 300 -500 350 0 0 250 419
0 520 0 0 0 0 0 0 125 0 0 312 0 200 1000 356 0 316 516 512 250 0 300 300 300 300 0 483 0 395 0 0 100 550 250 0 0 487 500 1000 0 0 0 500 800 83 366 500 0 0 383 400 500 375 0 0 400 458 1000 66 700 0 0 900 0 0 400 358 0 350 0 0 0 0 300 333 454 0 577 0 0 72 400 0 0 571 0 500 0 0 0 0 1000 800 1000 550 0 500 375 713
#LCFC 2019-02-03
80 150 309 0 0 185 0 0 0 284 391 136 25 0 187 0 0 0 0 0 0 800 300 0 500 -183 0 0 318 200 0 700 27 -184 -400 0 610 -333 375 0 200 309 500 0 0 0 99 51 350 0 0 33 500 166 68 0 700 250 0 28 0 309 750 250 285 200 550 449 0 500 500 -575 800 377 45 -150 440 0 500 0 0 0 -388 1000 200 425 241 -250 0 300 0 1000 875 156 600 60 250 68 0 0
360 350 538 0 0 714 0 100 0 768 758 454 558 0 500 0 0 0 0 0 0 900 750 0 500 333 0 0 477 900 0 600 558 323 600 0 1000 666 250 50 370 538 375 100 0 0 433 307 300 0 500 297 1000 166 477 0 600 333 0 462 0 538 449 750 535 250 550 400 0 600 900 600 750 544 234 399 600 100 600 0 600 0 833 600 187 362 491 262 0 350 500 300 600 175 250 551 333 250 0 0
#MUFC 2019-02-03
0 0 500 344 354 255 666 353 0 0 240 0 0 0 362 309 233 277 212 1000 300 -83 525 0 0 0 126 612 240 0 416 478 650 -239 350 68 0 0 800 400 0 475 0 0 700 0 333 -143 53 800 400 200 -50 0 0 663 136 349 500 136 0 -137 0 -100 100 0 300 0 285 0 418 0 0 800 359 550 -90 -125 66 500 500 0 291 0 0 800 200 0 0 0 250 536 277 440 433 -500 0 0 0 122
199 0 500 777 452 561 475 480 0 0 220 0 0 1000 500 538 533 560 418 750 716 255 400 0 0 0 426 451 400 0 491 592 625 500 650 250 0 66 1000 800 0 650 0 0 600 0 333 466 315 400 875 200 25 0 0 446 454 666 200 454 0 379 0 400 133 0 537 0 535 0 527 0 0 1000 462 200 639 116 266 150 500 0 325 0 0 1000 500 0 0 0 350 626 544 510 583 500 0 0 0 545
#cardiffcity 2019-02-02
129 52 750 433 -69 562 -52 16 -99 68 128 200 66 0 -246 136 0 250 0 0 0 0 185 260 0 0 0 31 0 0 900 0 1000 0 -50 800 -155 0 0 -131 0 366 1000 50 0 0 300 750 800 500 -1000 1000 -300 -400 117 -300 0 0 1000 1000 0 400 500 1000 1000 300 1000 0 0 400 333 850 250 -50 0 100 -125 0 0 0 172 100 0 245 0 125 0 500 -166 -21 -250 0 733 400 500 625 0 0 0 200
348 760 950 200 477 425 458 716 583 399 200 200 199 0 602 454 0 250 0 0 0 0 528 502 0 0 0 350 0 0 900 0 1000 0 780 1000 288 0 0 795 0 541 900 225 0 0 200 750 900 900 1000 900 400 600 527 600 0 0 900 900 0 1000 500 900 900 200 900 0 0 400 616 900 500 200 0 0 750 0 0 0 444 400 0 370 0 325 0 500 433 168 750 0 950 1000 500 500 0 1000 0 100
#AFCB 2019-02-02
475 0 0 0 559 0 -312 0 322 178 0 350 0 134 0 162 0 566 0 0 0 250 0 0 -250 535 0 0 800 0 500 0 466 90 -7 0 0 0 875 0 66 208 0 46 477 0 50 900 280 0 0 -200 781 183 500 212 250 0 0 -300 0 700 625 0 271 500 500 0 0 0 0 -14 0 0 0 0 300 66 -233 0 50 400 0 250 0 0 0 102 800 187 0 700 0 0 0 0 0 400 0 500
800 0 0 0 700 0 687 0 505 818 0 550 0 474 0 450 0 866 0 0 0 250 33 0 250 857 0 0 750 0 500 0 712 446 517 0 1000 0 600 0 350 466 0 468 766 0 700 900 269 0 33 400 500 316 183 466 300 0 0 600 0 600 700 0 363 500 533 0 0 0 0 346 0 0 0 0 200 350 733 0 200 456 0 200 66 500 0 397 1000 312 0 600 0 0 0 0 0 530 0 500
#BHAFC 2019-02-02
0 0 0 0 0 0 0 0 -125 425 136 0 0 0 177 500 0 178 0 0 0 0 283 -250 -390 -250 -48 500 350 0 0 683 400 0 0 -312 400 587 456 184 233 0 479 218 0 0 50 0 0 68 400 700 278 500 136 1000 0 -100 0 300 33 193 268 0 1000 0 -18 -325 0 187 0 0 250 0 -116 80 -125 0 -250 0 0 700 -200 625 68 250 0 178 136 -500 133 -133 50 0 -131 50 0 0 800 375
0 0 0 0 0 0 0 0 100 725 454 0 0 0 337 500 500 818 0 0 0 0 550 888 687 888 302 888 400 400 0 777 375 0 0 700 400 700 527 513 333 0 283 477 0 0 600 0 0 477 400 600 518 1000 454 300 0 200 1000 500 644 393 476 0 300 0 678 491 0 470 0 0 250 50 429 455 1000 0 888 0 0 600 400 500 289 750 1000 751 454 900 266 600 350 0 527 200 0 0 900 525
#WatfordFC 2019-02-02
0 0 0 -400 0 0 195 0 600 227 937 -99 136 0 170 0 0 0 0 428 170 0 0 54 -1000 136 125 500 58 45 74 0 650 150 50 0 0 0 1000 133 71 -125 0 0 0 0 0 -200 0 259 -500 0 137 0 0 0 666 139 -300 533 0 0 0 0 0 -80 0 212 283 0 0 0 250 0 0 400 400 0 275 0 0 -600 0 50 -500 24 0 259 -500 75 0 157 -350 -500 399 427 268 0 -75 0
100 0 0 600 0 0 513 0 950 313 900 500 454 0 500 0 0 0 0 730 454 0 0 306 1000 500 300 500 401 307 550 0 750 400 725 0 0 0 300 600 821 675 0 0 0 0 0 400 1000 600 700 0 352 0 0 0 883 350 450 605 0 66 0 1000 1000 218 200 466 427 0 0 0 850 0 0 1000 1000 283 819 633 0 1000 0 550 533 466 0 600 900 944 0 596 500 900 366 660 677 0 306 0
#Clarets 2019-02-02
199 25 0 0 200 -637 -637 -260 1000 0 1000 0 0 1000 400 -250 0 0 0 136 0 350 -29 50 87 0 122 0 0 -250 0 0 0 100 1000 122 0 254 800 -125 -79 1000 0 0 0 0 0 0 0 -600 0 0 0 0 -83 0 0 0 0 500 300 0 0 -50 0 250 625 -75 0 366 200 0 122 0 0 250 -150 100 0 138 500 0 1000 1000 0 0 0 0 -242 500 0 100 0 -1000 1000 -488 0 350 -208 0
233 258 0 0 900 700 700 451 1000 0 300 0 0 300 475 1000 0 0 0 500 100 650 533 500 339 0 544 0 200 750 0 0 0 250 1000 544 0 583 1000 375 241 300 0 0 0 0 0 0 0 900 0 0 0 0 83 0 0 0 0 1000 650 0 0 200 0 312 500 291 0 200 100 0 544 0 0 450 333 900 0 561 500 1000 300 300 0 0 0 0 400 800 0 200 0 1000 300 687 0 550 500 0
#SaintsFC 2019-02-02
108 -333 800 0 0 175 201 182 433 31 543 283 250 0 0 0 324 300 200 -425 0 0 0 0 -206 500 0 187 0 -131 -25 0 285 0 0 312 0 350 -100 433 -155 -150 292 375 -30 247 -55 -300 17 -113 0 383 0 0 0 0 -16 0 0 0 0 49 -249 0 -99 -250 -100 178 375 -100 -33 0 233 0 91 0 0 173 -1000 0 -375 33 -250 250 0 525 333 200 0 175 0 -185 334 35 0 199 0 68 55 308
383 700 1000 0 0 683 379 465 833 318 481 433 649 1000 100 0 495 500 700 625 0 66 0 0 618 500 0 410 900 624 471 0 535 0 0 516 0 333 100 466 288 491 317 475 606 615 88 700 457 635 433 549 0 0 0 0 566 0 0 0 0 100 591 0 389 750 400 818 416 50 733 66 316 0 591 0 0 533 1000 0 625 441 550 450 0 500 377 800 0 275 0 555 684 447 0 833 0 477 572 544
#CFC 2019-02-02
909 0 0 1000 0 50 0 0 -66 -166 0 0 -77 0 49 31 0 35 112 540 0 -20 90 0 600 600 0 -500 0 0 0 333 -104 1000 0 -400 0 0 0 0 0 0 500 0 0 0 0 0 0 0 0 0 0 0 0 0 233 700 -50 300 -125 0 0 296 500 800 0 -38 -166 0 180 0 0 187 37 -500 0 0 0 0 125 285 0 0 50 22 125 100 650 0 -500 0 0 -349 0 0 0 0 160 0
780 0 0 300 0 500 0 0 133 66 0 0 209 0 600 312 0 443 450 617 650 895 395 0 250 1000 0 1000 0 0 0 383 651 300 0 400 0 300 0 0 0 0 750 0 0 0 650 0 100 0 0 0 0 0 0 0 704 600 516 450 625 0 0 483 625 400 0 133 500 0 697 0 0 333 318 900 0 766 0 0 316 535 0 0 62 244 750 716 625 0 900 0 0 395 0 0 0 0 539 0
#HTAFC 2019-02-02
900 0 125 250 -28 -250 -225 0 -100 -271 0 0 0 -400 100 500 166 0 -76 0 0 0 0 0 49 0 50 0 112 0 136 -352 86 20 0 250 428 0 0 0 -184 0 -99 250 0 0 -16 625 -200 -100 700 500 -62 0 0 -127 0 250 0 566 0 220 184 199 100 222 0 0 0 149 75 -89 0 35 -166 0 0 100 243 172 533 449 468 378 200 0 0 136 -77 -125 562 0 -62 0 0 -99 178 0 150 211
900 0 313 291 633 800 666 0 100 617 0 0 0 600 1000 1000 444 0 318 0 0 0 0 0 400 0 200 0 550 600 500 336 197 341 0 678 517 0 133 0 336 0 600 428 0 0 304 333 800 900 900 500 391 0 0 388 0 525 0 879 500 273 456 700 650 644 0 66 0 750 600 350 0 589 66 0 0 400 552 394 433 750 727 614 200 100 0 454 194 158 550 0 250 0 404 800 485 0 700 322
#CPFC 2019-02-02
0 0 0 0 700 0 0 0 0 375 0 0 0 0 0 0 0 0 250 -162 0 0 0 0 700 166 -1000 0 0 0 0 -312 600 0 600 0 1000 -325 500 0 0 200 0 400 -377 -100 0 0 0 -49 450 0 1000 0 0 700 0 -31 600 500 166 0 0 0 400 0 285 733 200 0 -37 100 642 0 0 300 50 -400 0 0 0 0 0 -1000 0 0 0 0 0 0 0 450 500 0 0 200 0 200 800 0
0 800 0 0 600 583 366 0 250 750 0 0 0 0 0 0 0 0 629 237 0 0 0 0 600 500 1000 0 0 0 0 687 250 0 1000 0 1000 475 900 0 0 400 66 1000 594 400 0 0 0 944 750 0 300 0 0 600 0 262 600 500 666 0 0 0 900 0 535 833 400 0 483 550 417 0 0 100 250 400 0 0 0 0 0 800 0 1000 0 0 0 400 0 750 1000 0 0 366 0 200 750 0
#FFC 2019-02-02
600 -199 -300 0 0 -212 449 325 200 -1000 143 -291 -400 300 500 0 0 -80 0 133 0 0 0 500 0 0 0 0 99 0 150 0 0 33 0 462 700 0 350 75 0 425 0 466 0 329 -106 0 500 0 625 0 0 -50 0 0 500 0 500 700 -187 0 84 600 -200 0 -400 800 500 213 0 -12 200 0 500 0 -200 0 1000 1000 0 -62 483 0 0 0 0 -294 0 482 0 0 0 0 0 0 399 432 167 155
700 449 600 0 0 750 400 625 900 1000 443 541 600 350 650 0 100 480 0 600 0 0 66 766 0 0 0 0 666 0 100 0 0 366 0 288 600 0 650 650 0 575 0 566 0 674 843 0 500 0 500 0 0 118 0 0 500 0 600 600 333 0 488 766 800 0 400 750 666 377 0 775 200 0 1000 500 600 0 300 300 0 437 549 0 0 0 0 716 0 610 0 0 0 1000 0 0 720 681 515 335
#EFC 2019-02-02
0 0 0 0 0 0 0 0 0 0 0 0 -49 600 0 0 400 0 0 500 399 0 0 0 0 0 0 0 -500 0 0 0 0 300 200 0 0 0 0 0 -175 0 0 -875 625 0 500 0 0 0 0 0 500 333 0 0 700 164 0 -366 400 300 0 0 0 0 0 400 285 0 0 0 234 0 66 0 0 0 200 0 116 96 1000 600 -81 150 0 0 0 -300 -133 0 0 1000 0 0 400 200 0 0
0 0 0 0 0 112 0 0 0 0 0 0 449 894 0 0 1000 0 0 500 266 0 0 1000 0 0 0 0 500 0 0 0 0 450 539 0 0 0 0 0 550 0 0 875 1000 0 750 0 0 0 0 0 1000 666 0 0 600 287 0 488 1000 603 0 0 300 0 0 1000 535 0 0 0 400 0 533 0 0 0 350 0 411 233 1000 900 550 875 0 0 0 600 383 0 0 300 0 0 900 500 0 0
#wwfc 2019-02-02
0 -200 0 0 57 0 200 166 -84 500 -200 0 -57 -200 566 0 450 546 0 262 0 0 0 700 -100 0 0 500 1000 0 207 150 -273 200 310 -83 0 -400 266 33 -123 500 700 400 122 -45 200 1000 0 125 400 250 500 0 274 -800 136 0 0 81 500 180 37 350 -343 700 0 218 111 425 -100 100 500 0 0 99 176 -315 0 0 0 800 350 -66 0 500 350 0 0 392 200 350 1000 0 105 0 0 500 700 0
0 400 0 0 530 0 250 500 416 150 500 0 114 800 341 0 1000 564 818 496 0 0 0 850 600 0 0 212 1000 0 461 287 700 200 474 133 0 850 587 333 573 650 600 300 577 750 300 300 0 125 1000 591 500 0 650 900 500 0 0 593 500 733 297 483 700 600 0 536 311 562 700 100 257 0 0 410 313 465 150 0 0 1000 650 55 0 257 547 0 0 517 200 399 300 0 600 0 0 700 650 0
#COYS 2019-02-02
0 412 200 0 240 214 500 -300 -50 -1000 -312 0 0 500 -12 0 0 0 325 500 199 500 575 234 263 0 0 199 151 0 800 525 0 327 99 0 -40 42 -156 -190 -781 156 0 0 0 400 0 0 0 136 0 0 125 -200 0 360 562 83 0 -312 0 49 0 300 464 0 0 0 0 0 500 -100 117 328 500 550 -250 -400 500 0 0 700 0 250 -108 344 0 0 279 0 509 180 200 500 0 0 0 -500 -400 -200
0 412 200 0 235 229 500 350 200 900 1000 0 0 888 580 0 533 0 100 600 650 825 306 461 505 0 0 266 573 0 1000 533 0 650 483 433 230 355 500 504 1000 400 0 0 0 800 500 0 0 454 0 0 666 200 0 559 508 579 0 400 0 450 0 650 566 0 0 0 0 125 694 200 677 381 500 250 350 400 500 0 0 600 0 333 520 575 0 0 539 0 738 293 419 1000 0 0 0 400 600 300
#NUFC 2019-02-02
246 0 150 166 500 0 64 0 0 800 0 91 -500 0 -400 357 875 -1000 400 139 -379 133 153 47 0 168 121 875 625 166 0 170 0 0 -166 200 -100 250 150 0 200 0 0 142 0 0 24 875 -100 1000 500 0 123 215 -55 -69 500 2 -25 416 0 68 187 -600 -50 0 216 0 55 350 0 -83 0 267 449 0 0 12 316 250 -200 0 116 2 642 0 0 91 360 400 0 260 -516 33 16 -250 0 0 -400 137
512 0 244 333 800 0 631 0 0 900 0 366 300 0 400 553 600 1000 1000 432 533 566 575 172 0 427 313 600 500 500 0 500 0 0 233 300 100 500 494 66 650 0 0 267 0 0 675 600 50 1000 425 0 251 437 555 186 500 605 150 344 83 727 437 1000 100 0 350 1000 414 550 0 508 0 410 500 0 1000 489 445 400 50 252 794 680 417 0 0 338 580 1000 0 433 649 246 377 250 0 500 600 505
#LFC 2019-01-30
1000 1000 1000 0 285 -100 0 -175 1000 0 0 550 296 412 180 0 0 152 0 -97 700 400 -50 0 0 0 0 -500 0 400 0 0 333 250 175 -400 0 170 13 278 -99 0 380 0 0 -349 0 0 800 316 100 450 0 -57 0 -500 120 0 -83 -346 95 250 -66 250 0 -31 -31 -31 0 0 0 0 229 27 507 87 500 -600 0 350 0 800 0 0 600 200 512 500 212 33 325 0 449 0 0 0 0 50 0 0
400 400 400 0 535 400 0 637 400 0 0 550 383 588 380 0 750 490 0 597 600 600 400 1000 0 0 0 1000 500 399 0 0 500 250 325 750 0 454 636 645 175 0 580 0 750 583 0 0 700 333 100 500 0 406 0 1000 291 333 750 487 304 375 637 250 0 437 437 437 275 0 0 125 505 490 570 237 329 700 0 510 0 1000 0 0 600 200 559 500 451 250 650 0 400 0 0 0 0 637 0 0
#LCFC 2019-01-30
147 75 0 0 0 375 0 -83 0 -125 800 0 575 306 0 400 1000 0 800 -50 0 0 800 0 0 0 0 83 250 -59 0 0 136 0 0 0 500 0 -100 -450 250 500 136 200 50 0 0 199 0 175 0 1000 109 0 250 0 0 267 100 500 512 399 0 50 100 0 0 350 -54 -400 250 -383 150 333 500 0 0 0 0 136 0 0 -99 -250 0 700 0 600 0 1000 0 200 0 250 500 200 0 700 200 0
718 350 0 0 0 750 0 83 0 50 400 0 666 483 0 650 300 0 900 400 0 0 900 50 0 50 0 796 666 635 0 0 454 0 1000 0 600 0 525 400 250 500 454 100 1000 0 0 521 0 275 125 300 214 0 312 0 0 767 1000 500 450 700 0 50 1000 0 0 475 525 400 333 577 250 250 500 0 0 0 0 454 0 0 491 250 1000 600 0 900 0 300 0 200 0 483 900 187 0 600 200 0
#COYS 2019-01-30
-83 150 0 0 500 0 0 200 0 -350 0 -133 0 475 83 -6 -6 0 -6 -6 -6 250 0 -500 0 250 0 0 0 166 0 193 0 0 0 446 -66 393 0 -250 125 275 125 -87 -99 800 0 675 -400 -19 -194 33 375 166 1 -1000 99 100 0 800 0 116 450 -1000 49 500 0 0 500 -600 318 200 49 0 500 300 66 0 285 0 0 360 251 0 170 -300 0 0 0 250 153 0 256 255 475 315 0 0 250 0
83 812 0 0 500 0 0 275 0 466 0 263 0 950 500 244 244 0 244 244 244 375 66 900 0 402 333 0 50 833 562 393 0 0 0 521 633 343 0 1000 666 681 725 618 674 1000 0 587 600 500 288 250 662 188 711 1000 250 162 0 750 0 613 450 400 950 150 0 0 500 800 825 200 950 125 150 550 366 0 535 0 0 596 444 0 364 266 0 0 0 200 404 0 250 916 687 463 0 0 250 0
#WatfordFC 2019-01-30
0 0 0 350 0 400 0 -400 0 633 0 183 0 800 395 0 -20 199 800 250 49 0 0 285 0 500 -200 400 -400 12 1000 -100 0 0 0 250 0 0 0 0 400 0 0 324 -200 0 187 0 0 0 700 -200 0 0 875 875 0 -6 250 149 0 483 -291 479 -250 0 712 454 22 208 500 -50 1000 -206 535 0 -300 111 0 0 500 0 800 0 -200 0 800 -200 900 -400 -200 99 0 -200 0 0 750 0 0 -275
0 0 0 550 0 800 0 400 0 733 0 405 0 400 395 0 198 633 400 675 575 0 500 535 0 500 400 200 400 600 300 900 50 0 50 250 0 300 0 0 475 50 1000 733 400 0 675 0 0 0 600 400 0 0 600 600 0 547 500 500 0 833 541 700 400 1000 875 890 833 666 600 400 700 541 633 0 500 477 0 0 750 0 1000 0 400 1000 750 400 1000 400 400 800 0 400 0 0 1000 0 0 950
#AFCB 2019-01-30
0 0 375 800 0 650 112 -400 0 -25 0 0 0 0 0 0 166 333 -200 0 0 44 0 0 175 0 -280 50 75 375 0 0 481 250 0 318 0 -83 350 48 45 55 0 358 116 0 0 0 136 0 166 31 0 -400 200 0 0 0 -312 0 300 533 125 0 318 0 0 -600 100 675 0 0 0 500 -72 437 0 -400 0 0 0 0 0 -300 0 160 350 0 437 -183 0 -357 0 0 200 0 -100 800 0 0
0 0 750 200 0 550 575 400 0 525 0 0 750 100 366 0 583 833 250 0 0 569 0 0 275 0 450 875 515 750 0 0 668 333 0 477 0 166 400 442 818 505 0 575 350 0 0 300 454 0 166 725 0 400 100 0 0 0 687 100 733 466 1000 0 568 0 0 800 100 775 0 0 0 378 341 600 0 400 0 0 0 0 0 399 0 539 600 0 650 266 0 722 0 0 475 0 300 750 0 0
#CFC 2019-01-30
250 0 0 1000 0 1000 0 50 0 300 0 0 600 0 0 -250 0 142 0 0 0 0 170 99 187 0 0 107 500 0 243 500 500 62 0 1000 0 625 0 -83 0 150 0 0 0 1000 33 0 284 1000 1000 -66 -100 0 0 250 214 180 0 -62 333 -166 0 -100 0 0 0 0 0 350 0 0 0 449 0 0 216 0 188 0 500 0 0 175 100 -600 0 136 0 136 -50 0 -266 0 0 0 300 100 0 0
250 0 0 300 0 700 0 533 0 450 0 0 450 0 0 400 0 301 0 0 0 0 454 480 258 125 0 348 500 0 487 888 500 695 0 300 0 900 0 83 0 177 0 0 0 300 250 0 575 300 300 488 200 0 0 100 571 293 0 812 449 66 1000 700 0 0 0 95 0 550 0 0 66 500 0 0 283 0 357 312 900 0 0 425 400 800 0 454 0 500 300 0 883 0 0 0 433 1000 0 66
#SaintsFC 2019-01-30
144 375 -300 169 169 162 -1 0 0 62 487 -400 0 0 0 260 0 0 -165 250 0 0 0 382 190 -266 0 0 0 -12 150 50 0 0 250 800 0 199 0 400 236 382 200 -125 0 0 0 620 700 0 0 166 0 0 0 -637 0 -637 300 -83 0 0 0 0 -96 245 0 -700 233 0 -500 -291 0 0 0 0 0 200 0 0 83 95 0 733 -200 0 0 216 500 350 0 214 -63 0 0 0 512 400 0 -400
677 750 450 462 462 279 641 0 0 359 875 400 0 0 0 471 0 0 313 500 0 0 0 560 500 333 0 0 66 460 411 350 0 100 433 1000 341 233 0 550 605 518 300 875 0 0 0 760 600 0 0 666 0 0 0 700 0 700 0 420 50 0 50 0 214 366 1000 1000 400 0 1000 750 100 500 0 0 125 100 0 0 533 645 0 733 200 125 0 412 600 566 0 550 391 0 0 0 600 1000 0 400
#CPFC 2019-01-30
800 0 208 -188 500 260 0 0 200 -89 500 466 0 -19 0 0 316 -155 0 50 0 500 125 250 -100 -200 0 166 -66 700 250 333 0 0 0 85 42 800 0 0 341 0 212 -500 500 480 0 178 175 0 0 396 0 0 0 -12 700 660 341 233 433 -333 0 0 200 0 190 210 59 -187 366 0 0 -66 175 0 -83 94 400 0 -155 300 -102 0 277 11 0 0 428 0 19 118 0 23 0 550 -200 183 350 -200
750 0 750 811 500 471 0 0 500 408 900 516 0 630 0 0 616 288 0 224 500 725 216 433 200 400 0 516 500 600 500 608 0 0 66 297 628 400 0 50 766 1000 483 1000 1000 772 0 553 675 0 0 696 0 0 0 625 600 789 672 266 433 433 0 100 300 0 730 218 592 500 399 0 0 566 775 0 420 630 458 0 288 700 357 100 577 88 66 0 611 500 392 450 0 423 0 700 166 474 700 400
#MUFC 2019-01-29
200 -100 500 100 0 400 400 0 0 200 -49 0 1000 0 800 0 400 533 -107 214 195 0 0 370 83 0 0 0 83 0 0 1000 312 0 233 0 50 1000 8 -650 366 77 16 -22 362 0 229 -22 183 100 283 0 200 233 0 515 0 110 -650 375 0 -500 0 -66 -362 0 0 200 -100 0 -200 169 400 0 -200 177 200 500 0 250 0 250 800 166 279 0 77 0 500 611 0 -103 0 -600 0 250 -400 0 199 -6
200 200 900 200 0 400 500 0 0 200 525 0 300 0 400 0 610 300 571 571 178 0 0 450 125 0 0 0 125 0 0 300 333 0 275 0 200 300 258 1000 700 688 241 655 387 0 525 655 616 200 629 0 250 366 0 400 0 283 1000 416 0 600 0 258 637 0 0 500 500 0 400 454 1000 0 799 322 900 500 0 750 0 333 1000 296 600 0 688 0 500 861 100 383 0 800 0 250 600 0 450 651
#Clarets 2019-01-29
0 501 0 0 750 0 166 100 437 0 0 837 512 400 0 -400 0 0 0 -100 250 465 -200 1000 0 300 0 250 -200 43 136 325 136 1000 312 187 136 136 136 136 0 700 0 600 100 400 166 0 233 -155 0 350 -155 142 0 -155 -71 -83 -133 70 -155 -155 -202 437 0 400 0 0 100 0 0 -100 400 136 -100 625 0 0 0 400 0 0 0 -49 450 0 708 100 0 159 -100 400 0 433 750 400 0 279 0 0
1000 472 0 0 700 0 395 300 300 0 0 800 420 700 66 400 0 0 0 200 283 659 400 1000 0 625 0 600 400 450 500 562 500 1000 250 800 500 500 500 500 0 700 0 1000 400 250 288 0 500 288 0 550 288 267 0 288 518 83 233 661 288 288 269 550 0 250 0 0 675 0 0 183 250 500 0 500 0 0 0 250 0 0 0 700 391 0 842 675 0 436 183 250 0 600 750 250 50 400 0 100
#NUFC 2019-01-29
333 0 166 -166 500 166 0 0 183 -150 215 0 0 32 0 68 0 0 0 0 0 500 700 -200 50 0 -62 400 400 500 0 68 142 0 -138 -66 -175 34 375 0 0 261 -166 -344 0 500 166 0 -50 0 0 0 46 0 500 0 -100 800 0 0 375 375 200 175 100 100 300 -137 -112 0 -141 -57 0 0 0 285 700 0 24 800 1000 -222 0 0 0 0 188 50 100 50 0 224 -183 312 187 500 0 -166 0 42
1000 0 799 166 500 541 0 0 250 399 613 0 333 334 0 227 0 0 0 0 0 500 900 533 100 100 687 800 800 500 0 300 578 0 734 600 500 620 500 0 0 578 366 766 0 500 500 0 516 0 0 0 536 0 500 0 400 750 0 0 750 750 300 725 500 1000 300 725 443 0 316 667 0 0 0 535 600 0 312 900 1000 688 0 0 600 0 394 150 200 233 0 325 266 437 500 750 0 833 0 567
#MCFC 2019-01-29
0 500 -277 0 0 0 199 250 800 0 158 -150 500 -141 550 0 114 0 -55 0 0 800 333 0 0 0 0 199 0 0 50 0 0 0 0 -500 500 136 500 0 0 136 0 0 400 25 -100 0 107 0 0 0 175 0 500 444 0 0 0 1000 250 400 37 0 500 145 0 0 0 0 -500 700 300 400 0 0 0 240 250 333 0 0 -266 0 -2 -87 0 87 433 0 200 -200 0 0 700 500 87 0 400 0
0 900 565 0 1000 0 400 250 750 0 591 950 950 553 950 0 129 0 619 0 0 750 583 0 0 0 0 400 0 0 262 0 0 100 0 1000 750 454 500 0 0 454 0 0 1000 525 700 0 214 0 0 0 427 0 900 572 0 0 0 300 600 800 544 0 150 629 0 500 0 0 900 600 425 900 0 0 0 533 300 666 0 0 433 0 483 275 0 270 750 0 200 400 0 0 550 500 270 0 900 0
#AFC 2019-01-29
500 0 450 0 800 0 0 0 234 0 800 0 0 0 0 0 0 0 -200 0 -300 0 0 333 0 500 -200 0 0 0 0 100 68 0 0 100 0 0 0 533 0 0 0 500 46 250 0 0 350 0 -100 0 0 0 500 -200 416 0 0 0 345 0 -250 0 500 0 0 -500 0 350 0 0 600 700 0 -283 96 0 0 187 -16 0 0 0 0 0 0 0 0 -87 0 0 100 0 0 300 281 650 278 0
625 0 425 0 750 0 0 0 600 0 400 0 0 0 0 0 0 0 200 0 300 0 0 666 0 500 800 0 0 0 0 1000 227 0 0 200 0 0 0 383 0 0 1000 600 329 333 0 0 300 0 200 0 0 0 950 800 666 1000 1000 0 300 0 466 0 700 0 0 812 0 650 100 0 1000 275 0 283 421 0 0 600 583 0 0 750 0 100 0 0 0 375 0 0 350 0 0 300 308 575 318 1000
#cardiffcity 2019-01-29
-93 0 200 533 0 0 0 0 0 0 200 0 -600 0 156 199 0 0 0 0 327 16 200 350 -108 0 -21 322 -600 250 -150 0 -208 -200 0 136 50 0 400 318 -200 0 0 0 0 0 -875 136 136 136 0 0 0 -62 700 0 0 0 0 314 0 0 0 0 0 -100 0 95 800 0 238 -133 0 0 0 0 -155 418 0 0 0 150 243 243 0 0 0 909 0 -166 -62 0 0 150 0 0 0 0 0 0
283 0 750 566 0 0 0 0 0 0 400 0 1000 0 550 350 0 0 0 0 455 33 300 550 866 0 334 644 1000 700 400 0 475 399 0 454 100 0 900 544 350 0 0 0 0 375 1000 454 454 454 0 0 0 400 549 0 0 0 0 690 0 0 0 0 0 212 0 428 700 0 593 158 0 0 0 0 744 775 0 375 1000 600 593 593 0 125 0 780 0 166 400 0 0 150 0 0 0 0 0 0
#FFC 2019-01-29
0 0 0 0 0 0 375 0 0 -200 136 450 0 800 0 0 0 0 388 0 49 -976 750 800 0 -305 -200 -200 0 0 600 -900 375 500 0 0 0 0 0 0 0 250 0 0 350 -375 0 500 0 0 83 0 -500 600 285 304 0 0 300 -33 -100 -54 0 0 0 0 0 1000 0 659 0 151 118 500 800 0 -229 0 -133 0 0 0 0 66 266 0 0 0 0 0 0 500 0 0 0 0 62 1000 145 -162
0 0 0 0 0 0 575 0 0 200 500 500 0 900 0 0 1000 0 322 0 649 900 944 700 0 679 200 200 0 0 900 900 624 500 0 0 0 0 0 0 0 500 0 0 450 700 0 500 0 0 583 0 1000 900 535 641 0 0 500 83 300 551 0 0 0 0 0 1000 0 700 0 495 512 500 1000 0 585 0 466 0 0 0 0 323 250 0 0 0 0 0 100 233 578 0 0 0 316 1000 416 675
#BHAFC 2019-01-29
500 0 0 -400 0 266 0 0 1000 95 0 -150 0 42 0 267 -183 13 -50 166 61 0 458 0 0 1000 0 250 0 0 0 0 125 0 348 0 700 0 25 0 0 250 -14 333 -10 650 0 0 0 0 0 0 0 -400 0 -50 0 66 333 11 0 -400 162 0 0 0 0 250 14 0 -19 0 -13 75 0 437 500 234 -277 0 0 562 0 -155 -125 0 0 433 0 0 125 -155 -33 0 233 418 -250 -166 0 0
600 0 0 800 0 516 0 0 1000 266 0 449 0 524 0 571 266 402 200 433 472 0 700 0 0 300 0 800 0 0 0 0 175 0 589 1000 700 0 449 0 55 500 352 583 333 800 0 0 300 0 0 0 0 400 500 577 0 366 666 122 0 400 725 0 0 1000 0 333 357 0 691 0 53 333 0 550 600 583 500 0 0 750 0 288 375 100 0 600 0 0 208 288 533 0 200 550 486 66 357 0
#HTAFC 2019-01-29
-200 0 500 -54 87 145 370 500 250 250 416 416 200 0 28 0 0 0 0 -100 61 0 0 250 0 450 0 0 0 -200 250 133 0 0 0 -33 -50 0 425 800 0 700 -400 0 0 125 -600 162 250 0 0 350 75 -750 0 0 136 0 0 0 0 500 -25 0 1000 0 500 0 318 79 266 375 0 0 0 0 -100 100 0 0 0 0 0 -100 0 0 0 0 83 -500 0 0 250 600 400 158 136 366 273 136
200 0 183 575 337 434 427 500 333 1000 383 500 200 0 514 0 0 0 0 400 694 0 0 900 0 750 390 0 0 200 250 666 500 0 0 83 577 0 625 900 0 600 1000 0 0 666 650 533 1000 55 0 650 325 600 0 0 454 0 0 0 0 900 50 0 750 500 900 0 643 195 450 750 0 0 0 0 200 650 0 0 0 0 1000 150 0 0 0 0 225 383 0 0 333 650 500 466 454 716 507 454
#EFC 2019-01-29
-113 -275 0 0 -1000 0 0 -115 500 0 4 500 0 0 0 0 0 0 0 0 0 233 0 136 100 -750 0 0 100 0 233 0 600 283 79 -38 0 -170 75 0 0 500 392 200 0 300 0 0 0 0 168 0 -312 -500 0 0 0 0 0 0 500 300 80 512 473 0 66 0 0 -400 -200 -166 136 0 -100 566 0 193 0 -300 -200 0 500 -100 0 0 75 -50 -50 25 0 300 0 -293 250 -400 800 0 300 1000
476 450 0 0 1000 0 0 413 950 0 534 500 0 0 0 0 0 0 0 0 0 266 0 454 250 800 0 0 400 0 833 0 1000 266 313 222 0 410 166 0 0 500 567 100 0 800 0 0 0 0 583 0 500 900 650 0 0 0 500 0 288 350 370 550 845 0 83 1000 0 600 333 333 500 0 100 833 0 477 0 400 700 0 500 400 0 0 312 481 481 470 0 100 0 400 250 600 400 0 397 300
#wwfc 2019-01-29
0 500 250 400 375 0 1000 0 125 -400 0 0 0 350 -171 0 58 118 0 0 350 0 0 0 0 650 0 0 0 0 400 0 300 16 -31 0 -156 1000 0 316 0 500 200 300 0 800 1000 142 0 0 -125 1000 0 0 0 0 700 48 79 0 350 281 -390 25 -500 268 400 200 525 250 0 0 0 242 -29 400 312 0 0 33 0 0 0 500 500 0 0 0 800 -178 800 0 350 125 0 375 285 72 0 0
0 500 300 770 500 100 1000 0 166 400 0 0 0 799 671 0 341 574 0 0 600 0 0 0 0 450 0 0 0 0 400 550 450 483 277 0 200 300 0 574 1000 500 100 625 0 400 300 767 0 0 375 1000 0 0 0 50 825 548 515 0 650 675 50 449 1000 600 700 399 666 233 0 0 0 321 337 500 300 0 0 533 0 0 0 650 500 100 0 0 1000 300 1000 125 600 400 0 100 535 333 0 250
#WHUFC 2019-01-29
-115 500 399 0 0 0 0 600 500 900 350 159 0 235 800 0 0 0 0 287 0 388 0 500 0 600 500 0 0 0 0 0 0 0 0 0 200 33 200 0 -66 0 -41 0 0 100 -800 0 350 0 -59 300 75 0 200 0 0 0 0 -50 375 199 0 150 100 50 0 100 45 -242 416 400 200 100 0 0 0 250 200 250 0 0 -89 -84 0 -892 0 320 -200 0 199 0 0 0 -233 166 300 0 0 100
413 950 500 0 0 0 0 900 500 875 350 323 0 416 750 0 0 0 0 712 0 488 0 500 0 1000 900 0 0 0 0 0 0 0 0 0 200 455 200 0 216 0 583 0 0 250 900 0 350 0 341 441 612 0 500 0 0 0 100 700 700 372 0 649 400 529 0 100 173 760 750 400 679 400 0 0 0 750 500 900 0 0 214 420 0 857 0 550 491 0 488 1000 0 650 641 466 825 0 0 0
