#AFC 2017-01-01
333 0 500 -155 0 0 0 0 0 640 68 -199 1000 0 136 500 0 0 -277 0 0 0 0 466 500 259 0 0 0 -155 -147 0 0 485 0 -625 0 0 791 566 0 0 -300 250 450 0 0 -400 50 25 -100 -300 -400 0 0 0 0 0 800 700 312 0 500 -163 1000 600 800 0 136 0 -400 -500 -200 212 0 0 0 500 212 212 212 212 212 0 400 212 0 325 -400 -250 375 650 -150 -83 0 -300 0 0 0 550
533 0 750 288 0 0 0 0 0 813 727 555 300 0 454 900 0 0 555 0 0 0 0 744 500 438 50 47 0 288 325 0 0 727 0 950 0 0 650 533 0 0 100 200 650 0 0 600 425 666 400 100 600 0 0 0 0 0 700 950 384 0 550 647 750 250 900 0 454 0 400 1000 450 351 0 0 0 500 351 351 351 351 351 0 400 351 66 583 400 250 875 650 700 83 0 100 0 0 0 300
#CPFC 2017-01-01
0 0 0 0 0 0 -625 0 100 0 250 425 -77 0 100 0 0 475 0 -500 -68 0 0 -500 -155 -155 312 -550 350 0 0 -16 -195 0 0 350 250 250 0 0 50 0 0 500 150 0 250 -100 200 1000 -200 183 -400 0 300 300 0 -200 55 -150 0 0 0 500 0 0 -500 -1000 0 300 200 -200 200 0 0 0 0 500 0 0 -625 0 0 0 -200 0 0 0 -77 -77 -33 0 0 0 250 -200 0 0 0 -850
0 0 0 0 0 0 1000 0 200 125 625 700 194 0 100 0 500 500 0 1000 454 0 0 1000 288 288 750 900 550 0 0 0 375 0 0 550 200 200 0 0 425 0 0 500 933 250 250 275 933 1000 400 391 600 0 500 500 0 400 623 700 0 100 66 500 600 0 700 1000 0 649 633 400 200 0 0 0 0 600 0 0 700 0 0 0 400 0 0 0 194 194 399 0 500 0 1000 400 0 0 0 600
#WatfordFC 2017-01-01
-291 0 400 0 0 0 0 0 68 0 133 400 800 -100 300 0 0 300 0 62 0 68 68 0 0 -500 0 68 0 0 0 0 183 300 0 142 0 0 0 900 0 0 0 0 0 0 0 0 0 0 0 0 0 -45 0 0 500 525 0 136 -250 0 214 0 0 0 136 184 0 199 136 0 0 500 0 0 0 0 0 0 250 0 0 0 0 0 0 500 20 0 28 0 -100 250 75 0 0 0 136 0
541 0 800 0 0 0 0 0 727 0 166 800 1000 500 200 0 0 450 0 125 0 727 727 0 750 400 0 727 0 0 0 66 377 400 0 317 0 0 0 700 0 0 0 0 0 0 1000 100 0 0 0 0 0 520 0 0 300 925 0 454 888 0 571 0 0 0 500 555 0 516 454 250 0 812 250 100 0 0 0 0 464 0 0 0 0 0 0 600 520 0 745 0 25 464 575 0 0 0 454 0
#COYS 2017-01-01
750 0 300 0 683 0 0 400 -187 900 625 0 0 468 -125 0 -94 0 68 200 0 0 0 100 500 0 0 -500 0 200 500 0 400 136 186 1000 136 550 -166 68 0 0 0 0 0 0 866 0 399 0 149 0 650 0 0 0 0 800 0 212 266 125 0 0 1000 -250 200 0 377 68 500 150 100 550 600 0 0 -800 0 0 -1000 295 -250 0 0 0 227 3 0 708 48 1000 0 0 0 0 100 200 200 -500
1000 0 800 0 650 0 0 800 388 900 900 0 0 727 500 0 144 0 227 500 0 0 0 400 500 0 0 1000 0 200 1000 0 800 454 405 400 454 600 166 227 0 0 0 0 0 0 683 0 966 100 500 0 649 0 125 0 0 1000 0 318 633 200 0 0 750 400 250 0 472 250 600 100 150 725 1000 0 0 800 0 0 1000 661 200 0 0 0 545 332 0 833 429 700 0 0 0 0 383 400 400 1000
#LFC 2016-12-31
-291 0 333 266 136 136 425 800 168 -121 0 0 -121 68 -250 0 0 500 -400 0 -155 0 0 -49 600 0 268 268 268 0 0 0 0 0 350 0 800 0 285 500 724 0 0 0 43 0 0 136 0 200 0 275 0 100 0 50 0 0 0 0 -500 350 0 136 0 400 0 100 -49 100 0 278 278 278 0 193 0 158 412 100 0 0 0 -300 500 0 0 -121 -121 0 136 0 0 0 68 -121 68 78 278 278
541 0 600 750 454 454 525 750 434 451 0 0 451 727 300 0 0 800 400 0 288 0 0 825 666 0 627 627 627 0 0 0 0 125 300 0 1000 0 535 500 637 0 0 0 393 0 0 500 0 500 0 525 0 0 0 50 650 0 0 0 1000 550 0 454 0 1000 0 450 825 450 0 584 584 584 0 393 0 513 550 450 0 0 0 400 600 0 0 451 451 0 454 0 0 0 727 451 727 451 584 584
#MCFC 2016-12-31
0 0 136 136 -121 0 0 -121 68 0 -155 136 136 136 0 0 0 0 136 0 0 0 -121 -121 0 136 0 0 68 -121 68 -75 -500 200 0 0 400 0 0 0 0 1000 -200 0 0 136 136 136 1000 0 1000 1000 -400 1000 800 -937 266 266 0 0 0 136 136 136 0 0 0 0 -125 0 -125 -125 -125 68 0 468 136 136 -121 0 0 0 0 0 136 136 136 136 0 233 136 136 136 0 0 -200 520 -121 -121 -121
0 0 454 454 451 0 0 451 727 0 288 454 454 454 0 0 0 0 454 0 0 0 451 451 0 454 0 0 727 451 727 550 1000 100 0 0 800 0 0 300 0 1000 700 0 0 454 454 454 750 0 750 750 400 1000 1000 900 866 866 0 0 0 454 454 454 0 0 0 0 375 0 375 375 375 727 0 427 454 454 451 0 0 0 0 0 454 454 454 454 0 866 454 454 454 0 0 100 666 451 451 451
#Clarets 2016-12-31
568 568 -400 0 0 625 500 800 0 0 0 0 0 50 0 800 0 99 0 0 625 0 568 568 0 0 -100 0 0 800 50 500 0 -400 0 625 175 700 0 136 0 68 0 400 600 800 568 568 0 -125 500 500 976 616 268 168 800 333 0 1000 1000 0 78 583 350 0 0 0 0 0 0 0 0 0 0 -166 0 0 0 500 41 0 0 0 0 0 0 0 0 0 0 0 0 0 0 0 0 50 0 0
377 377 400 0 0 900 500 400 0 0 0 0 0 100 0 400 1000 533 100 0 900 0 377 377 0 0 175 0 0 400 100 400 0 400 0 900 762 600 0 500 0 727 0 250 400 400 377 377 0 375 700 500 500 377 677 327 400 500 1000 300 300 1000 725 583 550 0 0 0 0 50 0 0 0 0 0 166 0 0 0 500 250 0 0 0 0 0 0 0 0 0 0 0 0 0 0 0 0 250 66 0
#SAFC 2016-12-31
249 200 266 0 0 0 0 0 -400 -155 0 500 0 0 0 125 0 24 600 0 500 0 900 -200 625 0 0 0 -500 0 72 0 100 0 200 775 0 -349 0 0 350 0 0 700 0 0 0 0 650 0 0 268 550 650 -600 0 0 -250 -250 -250 0 160 160 0 -268 50 0 -206 -200 0 -300 66 -218 -218 -100 -400 0 25 113 0 85 125 -268 -375 0 0 0 250 0 0 0 400 -250 -250 -250 -250 500 500 500 -875
310 450 533 100 0 0 0 0 400 288 0 150 0 0 0 175 0 537 1000 0 600 0 1000 100 500 0 0 0 700 0 194 0 1000 0 150 871 0 383 1000 100 650 0 0 900 0 0 0 0 666 0 0 427 700 625 800 0 0 850 850 850 0 539 539 0 450 100 0 300 200 0 533 133 609 609 300 400 100 500 772 0 277 250 450 475 0 100 0 462 0 0 0 800 550 850 850 850 900 900 900 1000
#CFC 2016-12-31
33 375 -300 0 136 0 0 0 0 -33 -49 0 0 0 100 333 0 136 -49 300 -250 -250 0 0 400 0 0 0 -300 -250 -250 200 0 136 0 300 0 0 0 100 0 0 400 400 400 -400 0 0 0 0 0 0 -62 200 -166 -500 300 0 0 0 0 0 200 0 500 11 0 0 0 600 600 600 600 -600 0 0 0 0 171 136 136 -121 0 -200 600 250 0 0 0 400 0 233 1000 600 600 600 600 0 0 0
199 950 350 0 500 0 0 0 0 549 825 0 0 0 200 666 0 454 825 600 500 500 0 0 800 0 0 0 600 500 500 300 0 454 125 600 0 0 0 1000 0 0 800 800 800 400 0 0 0 0 1000 0 594 100 166 900 600 0 0 0 0 0 300 0 500 88 0 400 0 900 900 900 900 900 0 0 0 0 346 454 454 451 0 600 900 283 0 0 0 600 0 866 300 900 900 900 900 0 0 0
#SCFC 2016-12-31
0 0 -31 0 -400 -400 800 -650 0 0 0 0 0 -400 0 0 700 0 0 0 0 -400 0 250 85 0 0 0 0 0 22 0 -100 -100 0 250 -400 -400 0 0 136 -600 0 0 0 0 -31 0 85 0 0 0 0 0 0 0 0 0 0 200 0 0 0 0 -400 0 0 -177 0 0 716 100 0 0 0 136 195 0 0 0 0 99 -133 0 0 0 578 150 350 85 85 0 0 -400 -400 0 500 204 0 0
0 0 233 0 400 400 900 900 1000 0 0 0 0 400 0 0 600 0 0 0 0 600 0 500 250 66 0 0 0 0 244 0 400 400 0 1000 400 400 1000 1000 454 900 0 0 0 0 233 125 250 1000 0 0 0 0 0 0 0 0 0 200 0 1000 0 0 400 1000 0 394 0 0 566 550 0 0 0 454 284 0 0 0 0 700 666 750 0 1000 660 525 550 250 250 0 0 400 400 0 800 433 300 300
#LCFC 2016-12-31
0 500 -121 -121 68 0 0 0 211 166 0 -500 0 -121 -121 136 0 68 -121 68 0 0 -1000 0 0 0 142 0 -400 0 0 0 125 6 200 316 0 200 136 136 -121 7 0 0 450 0 0 371 350 -500 0 0 -500 0 433 -121 -121 -121 0 0 625 0 -100 0 0 0 1000 625 0 1000 433 178 178 500 0 -333 0 0 0 200 0 0 0 500 0 0 0 0 0 0 62 0 0 262 170 400 -121 -121 -121 0
0 750 451 451 727 0 0 0 388 666 0 1000 0 451 451 454 0 727 451 727 0 0 1000 0 0 0 301 0 400 0 0 0 250 216 100 716 125 312 454 454 451 720 0 0 650 0 0 733 500 500 0 0 299 66 833 451 451 451 0 0 900 0 449 0 0 0 1000 500 0 750 833 418 418 500 600 500 0 0 0 450 0 0 0 500 0 0 0 0 0 0 375 0 0 400 825 600 451 451 451 0
#WHUFC 2016-12-31
-121 -121 0 0 -33 1000 -121 -121 -121 -1000 0 0 0 0 1000 0 0 0 0 0 0 0 50 -121 -121 -121 600 0 0 0 0 -155 0 -699 0 0 0 -121 100 0 200 0 0 -166 0 1000 0 0 0 0 0 -121 -121 0 0 -121 -121 199 0 318 0 -166 0 300 0 -1000 0 -150 0 554 0 0 -121 0 0 0 0 -250 0 0 0 0 150 0 -500 0 0 0 0 0 161 125 0 0 0 0 400 -121 -121 -121
451 451 0 0 200 1000 451 451 451 1000 0 1000 0 0 1000 0 0 1000 0 0 0 0 350 451 451 451 600 0 0 0 0 288 0 666 0 0 600 451 200 0 500 66 0 66 0 1000 0 0 0 0 0 451 451 0 0 451 451 455 0 527 0 333 0 650 0 1000 0 200 0 440 100 0 451 0 0 0 0 500 0 0 0 100 400 0 700 0 0 0 0 0 345 575 0 125 0 0 800 451 451 451
#MUFC 2016-12-31
0 625 0 0 625 136 68 0 100 333 0 0 625 0 525 45 0 0 625 0 375 266 0 1000 0 625 136 136 136 625 625 0 0 625 687 0 268 268 268 0 0 0 0 0 100 625 0 0 50 0 0 0 625 -625 625 400 136 625 0 1000 0 625 278 278 278 0 0 0 0 500 0 0 0 0 -145 1000 625 91 625 0 1000 0 227 625 278 278 278 0 0 400 0 0 0 0 0 0 0 0 0 0
0 1000 0 0 1000 454 250 0 1000 99 0 125 1000 125 750 151 0 0 1000 500 416 466 0 1000 0 1000 454 454 454 1000 1000 0 0 1000 525 0 627 627 627 0 0 0 0 0 1000 1000 500 0 50 0 0 0 1000 1000 1000 1000 454 1000 0 1000 0 1000 584 584 584 0 0 0 0 600 0 0 0 0 770 1000 1000 324 1000 0 1000 0 545 1000 584 584 584 1000 0 800 0 0 0 0 0 0 0 0 0 0
#boro 2016-12-31
0 250 0 700 150 0 -266 -400 0 0 -175 -121 0 0 0 -250 0 250 0 0 700 0 500 0 0 214 0 -121 -121 -266 700 406 0 0 -800 0 0 -625 0 0 0 0 500 -400 0 -166 0 100 0 187 -125 0 400 266 -121 0 174 0 0 -312 0 0 -200 0 0 0 136 136 250 125 250 0 136 0 0 0 0 0 0 0 0 0 0 0 -11 150 0 0 0 200 0 -200 0 0 -100 0 0 500 0 400
0 850 0 600 300 0 600 400 0 0 550 451 0 0 0 149 0 250 0 0 900 0 600 0 0 571 0 451 451 600 900 366 0 0 1000 0 0 500 0 0 0 0 500 400 0 333 0 400 0 375 375 0 550 600 451 0 454 0 0 250 0 500 233 0 0 0 454 454 750 283 750 0 454 0 0 600 0 0 0 0 0 0 0 0 700 350 0 0 0 500 0 500 0 0 83 0 0 555 0 1000
#SaintsFC 2016-12-31
100 875 0 0 0 0 136 33 1000 -600 66 0 -400 0 0 0 550 900 250 250 0 1000 -83 200 400 300 -50 199 0 -400 250 -400 -145 0 0 191 0 600 324 700 0 -600 0 -4 1000 0 0 200 116 0 0 208 0 412 0 0 -175 0 0 0 0 0 0 0 -166 -100 0 0 0 -700 900 0 200 -155 738 200 0 -391 250 0 200 101 62 400 -166 302 0 0 500 800 -265 0 -350 300 0 166 0 0 0 0
600 600 0 0 0 0 454 166 300 800 366 0 400 0 0 0 475 875 200 200 0 300 83 100 900 100 400 796 0 600 605 600 304 0 0 233 0 1000 325 600 66 900 0 350 300 0 0 300 466 0 0 222 0 600 0 0 425 0 0 0 0 200 0 1000 333 100 0 50 0 200 350 0 312 288 750 200 0 933 875 0 300 540 750 950 166 247 0 0 750 400 646 0 850 672 0 588 0 0 0 0
#WBA 2016-12-31
178 178 178 0 0 0 136 100 43 136 33 0 150 -400 0 0 200 0 0 0 0 0 136 136 0 1000 0 262 0 -266 50 0 0 0 200 0 0 0 0 0 0 0 0 500 0 0 168 156 0 0 0 0 136 0 0 100 191 0 0 0 0 0 136 0 0 0 136 0 0 0 0 0 0 0 0 0 0 416 0 0 0 0 0 0 0 200 136 136 500 0 250 0 178 178 178 0 0 0 0 333
418 418 418 0 0 0 454 600 318 454 166 0 483 400 0 0 100 0 0 0 0 0 454 454 0 300 0 500 875 566 350 0 0 0 100 0 0 0 0 0 0 0 0 500 0 0 327 166 0 0 0 0 454 0 0 300 505 0 0 0 0 100 454 1000 0 100 454 0 0 0 0 0 0 0 1000 0 0 500 0 0 0 0 0 0 0 100 454 454 750 0 500 0 418 418 418 0 0 0 0 666
#Swans 2016-12-31
187 0 378 178 0 0 0 -288 -333 -200 0 100 800 0 0 0 0 -400 -700 0 -162 0 -218 0 0 0 0 500 0 0 -62 0 0 0 0 159 0 0 214 0 0 136 0 0 136 0 0 0 0 0 22 0 166 450 350 0 -100 0 0 -400 0 250 0 136 900 250 0 0 500 0 136 -200 136 0 -500 0 0 0 0 68 0 48 0 -155 0 200 0 0 -66 123 800 1000 0 200 200 125 -24 200 1000 0
575 0 251 284 0 0 0 455 666 255 0 300 750 125 0 0 0 400 200 0 237 0 175 0 0 0 0 600 0 0 237 0 0 0 0 383 62 0 383 0 0 454 0 1000 454 0 0 0 0 0 244 0 333 437 650 0 300 0 0 600 0 1000 0 454 1000 283 0 0 900 0 454 800 454 0 900 0 0 0 0 227 125 329 0 288 0 500 0 0 600 340 900 300 0 200 200 666 587 200 1000 0
#AFCB 2016-12-31
0 433 -125 0 0 -400 0 0 -95 0 0 166 0 333 0 0 0 -131 500 0 0 0 700 0 0 -400 433 0 -166 700 0 0 0 0 136 0 0 0 375 0 0 -312 250 0 0 0 0 0 342 400 0 0 0 0 111 0 0 0 0 550 0 100 100 200 0 300 0 1000 399 264 0 0 0 0 0 0 0 -500 0 0 0 0 233 -483 0 116 0 0 0 0 833 0 312 375 0 -16 0 0 -241 400
0 833 375 0 0 400 0 0 443 0 0 263 0 833 0 0 0 427 888 0 0 0 600 0 0 400 833 0 333 600 0 0 0 0 454 0 100 0 616 0 0 687 500 0 0 0 0 0 767 800 0 0 0 0 222 0 0 0 0 500 100 300 200 400 0 166 0 1000 400 667 0 0 0 0 0 0 0 400 0 0 100 0 900 483 0 183 0 0 0 0 650 0 333 500 0 583 0 0 262 800
#hcafc 2016-12-30
1000 0 0 104 0 500 -166 1000 0 408 250 200 281 100 0 1000 0 0 200 0 0 250 0 0 -200 0 0 285 0 0 350 0 100 0 0 800 0 0 0 187 200 -250 0 1000 250 0 125 0 136 0 0 0 0 0 0 0 750 150 0 -37 0 166 0 183 300 0 -21 0 0 0 175 -300 -62 250 -275 200 100 0 0 100 -50 375 375 1000 0 100 100 0 -1000 0 156 50 166 0 0 -500 166 0 0 650
300 0 0 720 400 625 66 300 533 733 900 200 333 1000 0 300 0 500 100 0 0 500 0 0 262 0 0 535 0 0 550 0 400 0 0 1000 0 1000 0 262 950 888 0 300 500 0 250 0 500 0 0 0 0 0 0 0 500 750 0 262 0 166 0 616 100 0 475 0 0 0 375 550 375 250 525 950 300 500 0 100 400 675 950 1000 0 300 278 0 800 562 300 212 166 0 0 1000 166 0 0 450
#EFC 2016-12-30
1000 136 136 136 -121 0 136 -241 0 300 136 136 136 0 0 100 400 0 250 136 136 136 0 -121 -121 0 136 136 136 0 400 0 0 166 976 -68 143 -600 0 133 -129 136 136 0 0 11 0 -66 -121 350 0 0 0 1000 0 136 136 136 0 100 333 400 -500 -121 195 -16 350 0 168 500 250 400 136 0 -266 0 -155 100 0 136 136 -50 0 0 -500 0 0 100 600 0 350 250 -33 -600 504 500 600 0 0 0
300 454 454 454 451 0 454 533 0 100 454 454 454 0 0 0 800 0 750 454 454 454 0 451 451 125 454 454 454 0 800 0 0 466 500 454 362 800 0 566 555 454 454 0 0 428 0 704 451 600 100 0 0 300 500 454 454 454 0 400 400 800 500 451 150 166 500 0 277 700 450 700 454 0 733 100 288 400 0 454 454 666 0 1000 299 0 0 300 900 0 333 283 799 900 541 1000 750 1000 1000 0
#SaintsFC 2016-12-28
500 0 0 0 0 0 500 50 0 0 0 0 0 700 -388 500 0 0 0 0 1000 625 0 900 0 195 0 0 0 0 500 0 -400 250 0 0 0 649 0 -388 -166 0 650 500 -400 -291 0 0 0 0 800 0 400 0 -6 -276 0 437 0 0 0 0 250 100 0 800 0 0 0 0 368 -88 0 0 208 0 494 0 0 237 0 -200 0 -500 0 33 0 -155 0 0 500 0 -400 0 0 0 0 0 175 0
700 0 0 0 0 0 500 500 0 0 0 0 0 800 833 449 0 0 0 0 300 900 0 875 0 550 0 1000 0 700 150 0 400 300 0 0 0 800 0 833 333 0 450 600 400 541 0 0 66 0 900 0 400 0 393 718 0 337 0 0 0 0 700 1000 0 750 0 250 0 0 575 588 0 533 483 0 350 0 0 666 0 600 0 1000 0 166 0 288 0 0 150 1000 400 0 0 0 0 0 200 0
#COYS 2016-12-28
-155 400 0 1000 0 0 0 133 400 250 400 800 1000 0 800 0 500 -325 100 900 600 625 0 0 412 250 600 0 0 900 0 462 0 0 35 1000 -388 0 0 375 300 0 0 49 600 875 0 0 0 300 0 0 1000 200 -500 200 0 0 0 250 233 125 0 0 0 0 -400 0 0 0 700 324 575 100 550 500 0 0 0 -388 0 800 0 0 650 0 400 600 300 0 0 0 0 500 0 0 0 500 404 250
288 800 0 1000 0 0 0 566 800 250 800 825 300 0 400 0 500 600 383 650 1000 500 0 0 350 250 700 0 50 650 0 600 0 0 277 1000 833 0 0 944 387 0 0 450 950 200 0 0 0 500 0 0 1000 100 1000 200 0 125 0 525 366 600 0 1000 0 0 400 0 0 0 825 500 400 0 650 400 0 0 0 833 0 1000 0 0 450 0 250 600 500 0 0 0 0 600 0 0 0 500 434 333
#LFC 2016-12-27
500 -121 -121 68 400 400 656 0 0 468 468 350 0 268 268 268 0 600 -400 0 250 0 0 0 0 136 136 416 0 50 100 0 0 500 -625 0 -166 136 0 515 0 278 0 278 278 500 0 0 0 0 500 136 -121 800 0 0 0 -121 -121 68 400 0 -699 -204 0 400 800 278 278 278 0 0 0 136 100 0 200 0 275 0 0 312 312 312 0 0 400 0 400 0 0 0 0 278 278 400 278 400 400 0
750 451 451 727 200 200 534 0 0 427 427 650 0 627 627 627 0 550 800 0 500 0 0 0 0 454 454 666 0 50 0 0 0 850 1000 0 166 454 0 600 0 584 0 584 584 600 0 0 0 0 600 454 451 750 0 0 0 451 451 727 300 0 666 450 0 500 1000 584 584 584 0 0 0 454 400 125 500 0 375 0 0 684 684 684 0 0 800 0 800 0 0 0 0 584 584 800 584 800 800 0
#SCFC 2016-12-27
-714 0 0 0 500 0 -155 0 227 0 0 0 500 -262 200 -155 500 0 0 0 0 0 0 0 0 325 0 0 0 0 0 0 0 0 400 0 500 0 750 0 500 0 0 0 0 500 0 0 0 0 -207 600 325 325 750 0 500 0 0 500 625 1000 125 0 0 0 500 500 0 0 266 0 0 500 200 750 750 0 0 1000 200 200 200 0 0 0 0 0 0 0 0 400 91 0 0 0 0 0 100 0
857 0 0 0 500 0 288 0 545 0 1000 0 750 387 500 288 500 0 0 0 0 0 0 0 0 450 0 0 0 0 0 0 0 0 600 0 600 0 750 0 500 0 0 0 0 500 0 0 0 0 601 250 450 450 750 0 500 0 0 600 900 1000 900 0 0 0 500 500 0 0 433 1000 1000 500 500 750 750 0 0 750 500 500 500 0 0 0 0 0 0 0 0 650 866 0 0 0 0 0 766 0
#hcafc 2016-12-26
637 136 0 0 0 0 136 0 0 -350 0 0 700 66 600 136 0 0 0 -166 -350 650 68 100 -208 0 350 1000 600 250 0 0 136 187 550 0 136 0 0 400 0 314 0 0 -625 400 0 136 0 0 700 233 600 350 256 0 400 0 75 0 -1000 0 0 0 0 -350 214 350 350 218 136 800 0 136 -200 700 0 0 0 0 -140 -158 0 0 0 0 0 -33 750 136 350 -199 0 0 156 100 -200 0 1000 0
662 454 0 0 100 0 454 500 0 900 0 125 600 177 1000 454 0 0 0 166 900 450 427 400 166 0 500 1000 1000 750 0 0 454 775 700 0 454 0 0 400 0 407 0 412 1000 400 0 454 0 0 600 366 1000 550 550 1000 900 412 600 0 1000 0 0 0 0 600 571 550 550 500 454 750 0 454 800 800 0 0 0 0 331 388 0 1000 0 0 0 500 750 454 550 900 1000 0 666 100 262 0 650 0
#MCFC 2016-12-26
0 -121 136 136 0 0 0 0 136 0 266 0 250 0 100 136 625 0 0 0 0 0 -121 68 -121 0 150 -121 136 -121 400 600 0 0 0 0 136 -121 0 0 100 266 266 0 0 136 0 136 0 0 136 0 0 -125 -125 -125 88 -121 -121 -121 -94 0 0 0 0 0 0 800 0 400 0 136 136 136 0 -400 350 -121 -121 -121 0 0 0 0 1000 0 0 136 0 0 0 0 645 700 0 0 0 0 0 0
0 451 454 454 0 0 0 0 454 0 866 0 350 0 300 454 600 0 0 0 0 0 451 727 451 0 650 451 454 451 800 900 0 0 0 0 454 451 0 0 400 866 866 0 0 454 0 454 0 0 454 0 0 375 375 375 561 451 451 451 666 0 0 0 100 0 0 900 0 800 0 454 454 454 0 400 800 451 451 451 0 100 0 0 1000 0 0 454 0 0 0 1000 584 550 0 0 0 0 0 0
#AFC 2016-12-26
0 0 0 500 435 0 68 0 250 0 -380 166 0 0 0 625 300 650 0 100 100 0 0 68 0 500 0 250 800 0 1000 250 0 0 0 0 0 0 666 462 100 0 -58 0 0 0 0 100 0 100 700 233 0 150 0 0 275 0 0 -312 0 0 0 0 0 0 0 0 0 541 0 533 0 0 0 0 -104 0 68 68 0 0 250 0 -55 1000 318 500 0 800 400 0 156 312 0 1000 0 0 0 357
0 0 0 900 705 0 727 175 500 0 343 666 0 0 0 900 100 450 0 600 400 0 0 277 0 350 0 483 1000 100 900 200 0 0 100 0 0 0 700 564 400 0 700 0 0 400 0 400 0 350 600 366 0 275 0 0 325 0 500 200 0 0 0 650 0 0 0 0 0 450 0 533 0 0 0 0 295 0 727 727 0 0 300 0 55 300 671 1000 0 750 400 0 500 375 0 300 0 0 0 571
#WBA 2016-12-26
0 136 136 178 178 178 0 0 0 0 0 136 1000 0 -100 0 700 -100 0 0 0 0 0 0 0 333 312 -430 0 0 0 0 0 0 0 316 500 0 50 1000 366 136 0 0 0 136 0 0 0 0 136 0 136 1000 0 0 0 250 0 187 433 1000 526 0 0 0 0 0 675 136 -166 800 136 500 -1000 0 0 178 178 178 300 136 247 -562 0 0 0 199 -1000 333 0 350 68 0 0 0 170 0 0 166
100 454 454 418 418 418 0 0 0 0 0 454 300 0 50 0 600 500 0 0 0 0 0 500 0 666 651 647 0 0 0 0 0 0 100 420 500 500 150 300 500 454 0 0 0 500 0 0 0 0 454 0 454 1000 0 0 0 400 0 425 700 300 532 0 0 0 0 0 825 454 633 750 454 550 1000 0 0 418 418 418 500 454 374 833 0 0 0 274 1000 666 0 350 289 0 0 0 454 0 0 666
#Clarets 2016-12-26
0 0 0 0 0 468 -800 -800 0 0 0 0 0 -300 0 0 666 625 0 0 0 0 100 0 0 0 0 0 0 0 0 800 568 568 0 0 625 0 0 0 0 500 625 400 200 200 200 750 50 -100 625 83 0 568 568 250 0 0 641 0 500 625 0 0 -125 400 136 0 400 400 0 -200 0 0 0 312 0 100 0 0 200 200 1000 625 1000 625 0 0 568 568 0 0 1000 0 0 800 166 625 400 0
1000 0 0 0 0 727 1000 1000 0 0 100 100 0 200 0 100 666 900 0 0 0 0 0 0 0 0 1000 0 0 0 0 900 377 377 0 0 900 0 0 0 0 500 900 200 500 500 100 850 100 308 900 416 0 377 377 500 0 0 666 0 833 900 0 0 166 400 454 0 450 450 0 50 66 0 0 250 0 313 0 0 100 100 1000 900 300 900 0 0 377 377 0 100 1000 0 0 400 433 900 700 0
#boro 2016-12-26
-121 -121 0 0 800 0 -600 250 0 0 0 468 -121 0 0 600 0 0 0 0 0 700 0 0 0 0 700 100 0 -166 0 250 114 -121 -121 1000 0 0 0 -121 0 -77 -100 0 450 0 1000 -400 0 578 -400 0 0 0 412 0 0 600 -400 0 0 0 399 0 -600 500 0 0 0 296 312 0 0 0 0 0 0 -750 0 0 0 0 0 0 -125 0 0 650 500 250 366 0 500 0 578 1000 0 -200 0 0
451 451 0 0 1000 0 900 200 0 0 0 727 451 0 0 550 0 0 0 0 0 600 0 0 0 0 733 800 0 333 0 500 375 451 451 300 0 125 0 451 0 144 400 0 500 0 1000 400 500 818 400 750 0 433 550 0 0 1000 400 0 100 0 533 0 900 500 100 0 750 593 333 0 0 0 0 0 0 1000 0 0 0 0 0 0 275 0 0 450 500 750 600 0 500 0 734 1000 0 250 0 0
#CFC 2016-12-26
0 0 0 0 0 0 214 136 136 0 0 455 0 0 0 0 0 0 300 0 0 562 0 0 1000 357 0 0 100 650 -121 136 -121 0 0 0 400 1000 350 -50 0 0 0 0 0 357 0 357 0 0 0 0 0 0 0 0 0 0 0 0 400 400 400 0 -50 400 195 0 0 0 0 0 0 0 -375 0 0 0 0 0 0 -1000 0 0 0 0 0 -121 300 0 100 1000 0 0 0 -400 0 1000 -500 400
0 0 0 0 0 0 571 454 454 0 0 566 0 0 0 0 0 0 200 0 0 512 0 0 300 571 0 0 700 750 451 454 451 0 0 0 800 300 550 850 125 0 0 0 0 571 0 571 0 0 0 0 0 0 0 0 0 0 0 0 800 800 800 0 500 800 400 0 0 0 0 0 0 0 500 0 0 125 100 0 0 1000 0 0 0 0 0 451 200 0 1000 1000 0 0 0 950 666 300 1000 625
#AFCB 2016-12-26
0 0 0 250 0 -300 0 0 0 0 0 0 0 500 400 0 -200 0 0 0 366 0 0 400 -345 0 0 0 -166 0 0 150 400 0 500 0 0 0 0 243 243 243 243 243 243 243 243 243 0 0 0 0 0 0 0 0 0 0 400 0 0 0 350 133 0 0 412 -125 550 0 0 -400 243 243 243 243 243 243 243 243 243 0 300 0 1000 0 0 0 225 700 400 0 0 600 0 0 243 243 243 243
0 0 0 483 125 600 0 0 100 0 0 0 1000 600 900 0 600 0 0 0 522 0 0 400 470 0 0 0 333 0 0 649 800 0 500 0 100 0 0 325 325 325 325 325 325 325 325 325 0 0 0 0 0 0 0 0 0 0 800 0 0 0 550 600 0 0 550 375 500 100 600 400 325 325 325 325 325 325 325 325 325 0 166 0 300 0 0 0 812 900 233 0 0 600 0 100 325 325 325 325
#LCFC 2016-12-26
-121 136 136 0 0 0 0 -121 68 -121 0 -121 136 -121 533 0 -57 312 -121 0 54 0 0 0 316 0 200 -121 -121 -121 0 0 0 104 1000 433 0 -121 -121 -121 -100 0 0 433 178 178 0 0 468 0 400 68 -121 68 0 0 1000 0 0 0 1000 0 -121 136 136 0 68 -121 -121 0 450 0 542 0 0 0 0 100 900 500 1000 0 0 0 428 136 -121 -121 0 -121 -121 -121 1000 0 300 0 1000 0 0 0
451 454 454 0 0 0 0 451 727 451 0 451 454 451 799 125 467 300 451 0 405 0 0 0 716 125 312 451 451 451 100 0 0 416 525 833 0 451 451 451 375 1000 0 833 418 418 1000 0 727 0 600 727 451 727 0 0 1000 0 0 0 300 500 451 454 454 0 727 451 451 0 650 0 467 0 0 0 0 100 350 500 400 100 0 0 685 454 451 451 0 451 451 451 300 0 450 0 525 0 50 0
#EFC 2016-12-26
0 136 200 0 100 400 700 0 568 -121 568 -121 -121 -121 700 1000 200 0 -57 0 0 136 -121 0 1000 0 0 400 0 0 0 0 500 0 136 136 136 500 -121 0 0 0 0 0 650 0 400 0 800 0 766 -121 0 0 0 0 191 256 750 0 500 0 666 -500 0 -27 350 -449 700 500 0 -100 0 225 800 -93 166 0 300 0 0 -799 136 0 666 0 0 166 500 136 400 233 233 700 390 333 224 0 0 0
0 454 300 0 0 800 600 0 377 451 377 451 451 451 600 1000 300 125 467 0 0 454 451 0 300 0 0 800 0 0 100 0 200 850 454 454 454 200 451 0 100 0 0 0 800 0 800 100 750 0 1000 451 0 0 0 0 591 225 1000 0 1000 100 750 400 0 644 533 650 400 1000 0 350 0 237 750 550 166 0 400 500 0 1000 454 0 533 0 0 333 1000 454 500 450 450 600 1000 500 950 0 0 0
#MUFC 2016-12-26
625 125 0 0 0 0 625 400 0 500 0 -200 404 0 -333 0 0 -109 1000 375 625 1000 268 268 268 0 0 1000 600 500 0 0 0 0 0 136 625 625 500 0 0 50 266 0 0 500 0 -94 1000 625 0 0 625 0 0 0 400 500 250 278 278 278 0 1000 0 0 150 0 500 0 0 0 0 100 850 0 0 587 790 0 0 0 0 0 278 278 278 400 0 0 0 0 233 400 0 0 136 0 400 312
1000 224 0 0 0 0 1000 1000 0 500 0 400 584 0 666 0 0 350 1000 750 1000 300 627 627 627 0 0 300 900 500 0 0 0 0 0 454 1000 1000 1000 0 0 50 866 0 0 600 0 666 300 1000 0 0 1000 0 0 0 500 750 250 584 584 584 0 1000 66 0 844 0 600 0 0 0 0 1000 825 0 0 533 850 0 0 0 0 0 584 584 584 800 0 0 125 0 485 233 0 0 454 0 500 684
#SAFC 2016-12-26
-100 0 500 0 500 562 0 0 0 -300 266 0 0 -50 -900 0 800 0 625 800 100 500 0 0 -300 -141 285 285 0 350 0 0 400 0 166 0 -400 0 0 1000 0 0 190 0 250 -699 1000 0 500 0 0 0 100 0 0 500 0 278 -250 1000 0 0 0 0 -385 400 0 -500 0 0 400 -400 285 0 0 -155 0 0 400 0 0 0 0 0 700 0 -43 0 0 0 0 0 -600 0 0 0 900 1000 250 0
50 0 888 0 500 875 0 0 0 600 833 0 0 750 1000 100 1000 0 500 1000 200 500 500 0 450 325 535 535 0 400 0 0 375 0 616 0 400 0 0 1000 0 0 676 1000 500 666 1000 1000 500 0 1000 0 787 100 0 500 0 385 650 1000 0 0 0 0 569 800 688 533 0 100 800 600 535 0 0 288 0 500 550 0 100 0 750 0 1000 0 451 0 0 0 0 0 800 0 100 0 900 1000 333 0
#Swans 2016-12-26
0 0 0 0 0 0 0 400 0 0 583 0 0 -71 -1000 0 250 433 500 0 0 0 0 0 0 -66 250 500 0 78 50 0 433 0 500 0 0 0 675 357 0 0 0 0 1000 0 399 -171 800 0 0 0 500 0 300 300 0 0 0 400 -41 500 625 933 0 -500 -500 0 0 312 0 0 0 400 0 50 375 0 250 0 0 0 0 0 0 0 0 134 -700 0 0 0 -155 500 0 0 350 0 0 0
100 0 0 0 0 0 0 650 0 0 366 0 0 214 1000 0 500 833 500 0 0 0 0 0 0 533 277 500 0 340 325 0 833 0 783 0 0 0 875 535 0 0 0 0 1000 0 783 394 400 0 0 0 500 0 200 200 0 0 0 600 125 500 900 683 0 700 700 0 1000 333 0 0 0 650 0 450 541 0 450 0 0 0 0 0 0 0 0 150 200 0 0 0 288 500 0 0 650 0 0 0
#WHUFC 2016-12-26
-121 0 0 -121 -121 0 600 0 -121 0 1000 1000 0 568 568 900 600 -121 -121 -121 1000 250 0 0 47 -121 -121 200 -26 0 136 1000 0 600 0 0 0 -121 0 0 0 -200 -121 -121 -121 -131 0 -166 0 0 900 0 0 -50 800 -38 0 -121 -121 -121 0 0 500 0 0 1000 0 0 0 0 0 400 400 -121 -121 600 0 0 -100 0 0 0 0 0 0 0 0 0 1000 0 -175 100 541 0 600 0 1000 0 0 0
451 0 0 451 451 750 600 0 451 0 1000 750 0 377 377 875 666 451 451 451 1000 200 100 0 394 451 451 500 485 0 454 300 0 600 0 0 0 451 0 0 0 300 451 451 451 427 0 333 0 0 1000 0 0 400 400 184 100 451 451 451 0 0 600 0 0 650 0 0 0 0 0 800 408 451 451 600 0 0 400 0 0 100 0 0 0 0 0 0 300 0 550 300 600 0 600 0 1000 0 0 0
#WatfordFC 2016-12-26
400 68 0 400 -400 0 0 0 68 68 500 -500 333 -75 500 0 0 78 500 188 -156 68 0 -149 500 0 200 800 0 -645 0 0 104 0 -100 200 250 0 0 300 -100 900 0 0 0 0 0 -75 650 400 619 0 0 0 0 0 -500 -500 0 0 0 0 0 0 400 0 0 300 100 0 300 0 0 0 1000 -375 0 0 0 400 0 -400 285 500 300 275 500 -400 0 0 0 350 500 0 366 200 357 0 0 0
800 727 0 800 750 0 0 0 727 727 600 700 500 466 500 0 0 368 500 498 375 727 0 899 600 0 150 1000 0 770 0 0 416 0 400 100 200 0 0 100 0 750 0 0 0 0 0 366 450 550 723 0 0 0 0 0 700 400 0 0 0 0 0 0 800 100 0 100 100 0 100 0 0 0 300 625 500 0 0 650 0 400 535 500 500 325 500 400 0 0 0 550 500 0 600 200 571 0 0 0
#CPFC 2016-12-26
16 0 142 295 0 0 0 0 0 1000 0 1000 0 250 0 375 500 -431 -200 514 0 0 500 250 -106 600 0 0 0 0 0 466 0 400 400 142 0 0 250 0 750 0 0 390 -131 0 100 0 -66 0 0 31 0 250 0 0 0 0 -150 500 461 625 625 200 0 0 0 -600 0 0 500 0 0 625 0 0 -166 0 0 0 0 0 485 136 0 0 333 0 250 0 0 0 -400 166 0 0 -100 0 0 250
533 0 267 595 0 0 0 0 0 300 125 300 0 200 0 466 500 727 350 650 0 0 500 200 250 1000 125 0 100 0 0 466 0 800 800 267 0 0 750 0 750 0 0 350 427 0 100 0 533 0 0 750 0 333 100 0 0 750 400 600 638 900 900 300 100 0 0 700 0 0 600 0 0 900 0 0 333 0 0 0 0 0 727 454 0 0 141 0 333 0 0 0 400 300 0 0 600 0 0 450
#EFC 2016-12-19
250 0 500 0 533 0 136 136 136 0 100 400 -300 0 0 0 0 125 -200 0 600 0 -121 0 0 0 0 250 137 0 0 800 0 0 250 0 -600 -158 0 250 0 400 0 500 0 0 0 650 0 0 0 -155 0 0 0 0 0 0 0 0 0 0 -121 233 0 800 0 0 0 0 0 166 0 1000 0 0 0 0 250 1000 400 -121 -121 0 500 0 0 0 -187 0 136 136 136 0 100 0 0 0 0 0
1000 0 600 0 583 0 454 454 454 0 0 800 1000 0 0 0 0 500 400 0 900 0 451 0 0 0 125 1000 387 0 0 400 0 0 1000 0 900 175 0 750 0 800 0 600 0 0 0 450 0 0 0 288 125 0 0 0 0 0 0 0 0 0 451 366 0 1000 0 0 100 100 0 633 0 400 0 100 100 0 333 1000 800 451 451 0 500 0 0 100 500 0 454 454 454 0 100 0 0 333 0 0
#LFC 2016-12-19
0 550 0 0 178 -121 68 -121 178 136 0 500 0 600 0 300 0 325 483 0 0 406 0 268 268 268 900 375 0 0 450 0 0 0 0 237 136 136 136 0 0 50 100 750 71 0 -483 0 332 781 600 0 -24 66 0 550 0 475 159 278 0 278 278 800 350 500 412 0 500 500 400 400 400 -121 136 422 -121 0 453 0 -121 68 68 800 500 0 149 800 0 278 278 278 0 458 286 1000 0 233 0 100
0 1000 0 0 418 451 727 451 418 454 0 900 0 650 0 400 0 416 550 0 0 550 0 627 627 627 600 562 400 0 775 0 0 0 0 587 454 454 454 0 0 50 0 800 800 0 588 0 471 500 550 0 700 300 0 1000 0 625 465 584 0 584 584 1000 550 850 550 0 600 500 800 800 800 451 454 535 451 0 542 0 451 727 727 400 900 0 600 400 0 584 584 584 125 625 509 300 0 366 0 1000
#MCFC 2016-12-18
566 0 0 -121 -121 -121 0 0 0 500 -700 -400 0 0 0 0 150 0 0 0 0 136 136 136 0 700 700 342 -800 0 400 -121 68 -121 136 136 136 677 0 166 -121 136 -121 0 0 700 285 0 1000 400 0 0 237 0 0 0 0 -100 400 1000 0 0 100 -100 433 0 0 433 333 0 0 0 0 0 0 333 233 400 0 412 250 166 0 250 0 400 400 266 0 0 150 0 0 0 0 300 433 0 0 0
533 0 0 451 451 451 0 0 0 500 800 400 0 0 0 0 0 0 0 500 0 454 454 454 0 600 600 667 900 0 900 451 727 451 454 454 454 833 0 333 451 454 451 0 0 550 535 100 300 800 0 0 250 0 0 0 0 0 800 1000 0 0 400 100 833 0 0 833 833 0 0 0 0 0 0 833 399 800 0 550 850 600 600 450 0 800 800 566 0 0 600 0 0 0 0 0 833 0 0 0
#AFC 2016-12-18
0 72 0 -316 312 0 0 0 0 0 0 900 0 0 0 0 0 700 250 700 0 0 0 68 677 -100 0 0 0 166 0 100 0 0 -100 0 100 0 0 150 0 0 68 300 400 433 0 0 -500 433 -33 -100 100 0 433 0 433
0 666 0 300 875 0 112 600 0 0 0 1000 0 0 0 0 0 600 100 600 0 0 0 727 833 0 0 0 0 333 0 400 0 0 0 0 400 0 0 0 0 0 277 100 399 833 0 0 900 833 500 100 300 62 833 0 833
#COYS 2016-12-18
467 -490 400 0 0 600 342 275 0 136 300 650 400 0 300 -781 400 0 500 100 0 0 400 -700 0 0 0 -200 0 60 0 150 0 0 428 0 75 500 1000 0 400 0 0 0 0 1000 -600 -90 0 700 0 0 0 500 800 800 1000 0 250 400 0 0 0 0 193 392 0 150 0 -600 0 0 0 0 0 700 0 -12 606 250 -9 0 0 400 400 0 0 249 400 0 600 0 187 0 0 0 250 976 0 700
713 700 800 500 0 1000 667 425 0 454 975 450 800 0 100 1000 800 0 500 800 0 0 800 900 0 0 0 200 0 339 0 300 0 0 685 0 550 150 1000 0 633 0 0 0 0 400 900 290 0 600 0 0 0 888 750 1000 1000 0 500 525 0 0 0 0 416 567 0 400 400 900 0 0 0 0 0 600 0 287 600 1000 950 0 0 800 800 0 0 800 800 0 950 0 687 0 0 0 575 600 0 600
#Clarets 2016-12-18
0 0 0 -200 0 62 125 0 537 0 0 400 0 412 250 250 0 0 0 500 412 250 0 0 0 -400 0 -400 0 0 333 -83 568 568 0 0 0 537 0 2 -400 250 -166 -166 250 125 625 500 0 0 -400 0 -35 200 -1000 0 -400 0 0 0 1000 1000 -500 0 350 -125 0 0 0 0 -125 -125 0 0 0 0 600 600 750 0 0 600 600 0 0 600 0 600 0 0 0 0 -200 0 0 136 600 600 0 0
0 0 0 200 0 487 166 0 350 0 0 250 0 550 333 333 0 0 0 500 550 250 0 0 0 400 0 400 0 0 355 83 377 377 0 0 0 350 0 185 400 450 166 166 250 313 900 500 0 0 400 0 816 200 1000 0 400 0 0 1000 300 300 600 0 550 750 0 0 0 0 750 750 0 0 0 0 900 900 900 0 0 900 900 0 0 900 0 900 0 0 0 0 400 0 0 500 900 900 0 0
#AFCB 2016-12-18
0 0 0 0 0 500 0 344 0 0 0 0 0 0 0 0 0 400 0 200 0 0 0 0 0 0 500 0 800 0 0 0 0 0 0 0 200 0 100 0 49 -13 170 0 0 0 0 0 0 300 0 0 0 0 0 0 170 0 0 0 0 0 166 0 0 200 1000 0 200 400 200 0 0 0 136 0 0 0 0 0 200 400 -160 0 0 0 0 0 -93 -166 550 0 -16 0 300 0 0 0 0 0
0 0 0 250 0 500 125 399 0 0 0 0 0 0 0 125 0 800 0 500 0 0 100 0 0 0 500 0 750 0 0 0 0 0 0 0 500 0 100 0 350 459 454 0 100 0 0 0 0 150 500 0 100 0 0 0 454 0 0 0 500 0 333 0 0 1000 1000 100 1000 800 1000 0 0 0 500 66 0 0 0 1000 200 800 186 0 0 0 0 0 250 250 500 100 466 0 166 0 0 0 100 0
#SaintsFC 2016-12-18
200 0 0 0 0 185 33 0 500 0 0 0 0 311 16 0 0 0 0 -49 0 366 0 116 0 0 0 0 625 291 0 800 0 0 0 500 0 0 0 0 0 0 0 0 0 0 0 49 150 0 0 -13 400 333 137 0 800 0 0 357 500 156 0 266 -308 -308 0 133 0 100 0 16 0 375 0 83 300 -16 300 0 0 0 0 0 0 0 -200 0 0 172 305 0 0 0 0 166 0 0 200 200
1000 0 0 0 0 268 333 0 500 0 0 0 62 511 799 0 0 550 0 950 0 750 33 483 0 0 0 0 900 501 0 750 0 0 0 500 0 0 0 0 0 0 0 0 1000 500 0 350 650 0 0 459 500 500 475 0 1000 100 1000 571 700 687 0 500 591 591 0 833 0 200 0 316 0 750 0 216 150 177 0 100 0 0 50 95 0 0 200 0 500 394 611 0 0 0 0 333 0 1000 1000 1000
#WBA 2016-12-17
0 300 178 178 178 0 0 0 0 0 68 0 0 0 -150 400 136 900 500 -200 136 0 0 -400 -150 160 0 -718 0 0 0 136 0 0 0 0 0 0 0 0 0 402 0 0 0 -187 0 200 0 0 0 0 0 450 0 800 83 0 166 0 336 600 0 0 312 136 136 250 700 0 0 0 0 300 -50 0 0 0 0 -375 0 0 0 0 250 0 0 0 892 342 312 0 0 300 390 300 357 0 0 250
0 200 418 418 418 0 0 0 0 0 227 0 100 0 233 700 454 900 500 50 454 0 0 400 600 539 0 1000 0 0 0 454 0 0 0 0 0 0 0 0 0 644 0 0 0 500 0 500 0 0 0 66 0 450 250 750 366 0 611 250 713 583 0 100 300 454 454 333 900 500 0 0 0 200 244 0 0 0 0 950 0 0 0 0 333 0 0 0 690 467 484 0 0 200 250 600 535 0 0 283
#MUFC 2016-12-17
136 0 625 500 0 10 350 320 221 0 333 0 400 400 400 666 1000 625 100 250 0 0 0 268 268 268 500 625 625 -233 625 0 0 0 0 -250 0 500 625 625 0 50 168 0 0 0 254 625 0 500 136 136 136 625 278 278 278 166 0 625 0 0 500 625 0 200 -500 0 166 49 625 0 0 0 0 625 278 278 278 136 136 100 1000 400 625 625 0 625 0 625 0 0 0 300 0 0 0 0 0 0
454 0 1000 500 0 793 550 646 637 0 99 0 200 200 800 833 300 500 0 450 0 1000 0 627 627 627 600 1000 1000 408 1000 0 0 0 0 50 0 600 1000 1000 0 50 377 0 0 0 770 1000 0 1000 454 454 454 1000 584 584 584 666 0 1000 0 0 600 1000 0 100 1000 0 666 700 1000 0 0 0 0 1000 584 584 584 454 454 200 300 800 1000 1000 125 1000 0 1000 0 0 0 411 0 0 0 0 0 0
#boro 2016-12-17
-166 334 -121 -121 0 616 200 600 800 0 -300 -121 0 -50 -187 0 500 0 700 537 0 0 -121 -121 500 311 311 0 49 0 800 0 500 0 0 200 -200 0 100 400 0 311 0 0 0 350 500 500 199 285 0 0 150 0 0 0 400 100 0 333 500 0 700 0 0 800 0 83 625 -94 568 568 400 0 0 412 0 0 0 0 699 300 300 0 -699 0 0 0 250 0 0 136 0 0 0 -125 0 125 -111 250
166 388 451 451 0 466 200 1000 400 0 400 451 0 400 550 0 888 0 900 675 0 0 451 451 500 411 411 0 650 0 750 100 500 0 0 250 200 0 916 800 66 411 0 0 0 550 694 500 466 535 0 0 333 0 0 0 587 1000 0 549 1000 0 600 0 0 400 0 416 1000 251 377 377 533 0 0 400 0 0 0 0 666 350 650 0 666 0 0 0 850 0 66 454 0 0 0 100 66 416 188 333
#Swans 2016-12-17
-25 200 399 0 0 500 0 500 399 285 0 533 0 0 0 800 0 66 0 0 -375 0 0 0 0 0 0 0 0 0 0 0 0 0 0 375 250 0 0 0 250 0 0 0 0 0 0 0 0 0 1000 0 500 0 -200 0 0 0 0 0 0 0 0 0 -400 0 0 0 799 100 0 0 -100 208 0 0 800 0 -168 250 0 0 0 0 -50 933 0 -78 0 0 0 0 0 0 114 170 0 0 0 0
625 100 133 0 0 500 0 150 133 427 0 600 0 500 0 400 0 400 0 0 950 0 0 0 0 0 0 0 0 0 0 0 0 0 0 650 250 0 0 0 333 500 0 0 0 0 0 700 0 0 300 0 500 0 800 0 0 0 0 0 0 0 0 0 400 0 0 0 933 400 0 66 200 596 0 0 400 0 462 500 0 0 0 100 200 683 1000 187 0 0 0 0 1000 0 308 500 0 0 0 0
#SCFC 2016-12-17
600 0 -500 399 191 75 100 100 1000 183 0 0 -400 0 0 0 0 333 333 0 0 0 -500 -500 -325 -325 -325 0 0 357 0 0 72 0 -325 -325 333 333 333 0 0 0 400 357 0 500 0 200 0 466 0 0 600 0 -125 250 0 0 59 0 0 0 0 400 -200 -250 0 -500 250 -250 0 0 0 -250 -250 0 166 0 0 0 300 -395 -395 0 0 0 0 0 59 0 -500 600 350 -25 250 -200 -200 400 150 350
1000 0 1000 133 633 250 100 100 1000 333 0 0 400 0 0 0 0 666 666 0 0 0 650 650 450 450 450 100 0 571 0 0 519 0 450 450 666 666 666 0 0 0 425 571 0 600 0 200 0 622 66 0 700 0 375 150 0 0 392 0 0 0 0 408 400 250 0 650 250 250 0 0 0 250 250 0 333 0 0 500 650 583 583 0 0 0 0 0 392 0 650 700 483 200 250 400 400 400 200 400
#LCFC 2016-12-17
0 0 0 0 0 -121 -121 -121 0 0 0 0 0 -625 0 416 500 150 800 -100 -100 -121 -121 -121 0 -121 -121 68 208 0 0 42 0 0 0 0 0 375 500 400 200 166 0 0 366 316 0 200 -121 136 -121 450 0 0 0 0 500 0 0 433 -699 -600 400 68 68 -121 0 -300 0 0 199 -400 199 575 433 700 0 136 136 300 800 0 0 500 0 0 1000 0 0 250 -51 400 136 -121 136 0 136 0 0 0
0 0 0 0 0 451 451 451 0 0 0 0 0 400 0 533 888 277 400 400 400 451 451 451 0 451 451 727 400 0 125 384 0 0 500 733 0 750 500 600 500 291 0 0 488 716 125 312 451 454 451 650 100 0 0 0 500 0 0 833 666 800 700 727 727 451 0 400 0 0 333 400 333 525 833 500 0 454 454 450 400 1000 0 833 0 0 300 0 0 333 512 600 454 451 454 100 454 0 0 0
#SAFC 2016-12-17
0 933 587 -1000 0 250 0 0 750 533 500 250 553 1000 0 350 0 -112 450 0 400 500 193 500 340 0 1000 0 136 -94 250 450 -187 0 160 200 150 97 0 0 166 600 356 0 200 -288 0 500 0 0 0 800 0 335 600 250 -250 352 -133 550 400 -62 716 0 455 99 -187 800 0 99 356 400 600 600 285 0 500 0 0 -200 500 137 0 81 600 0 800 350 0 73 250 900 -125 800 366 0 0 293 250 0
0 733 550 1000 0 333 0 0 900 583 150 250 300 300 0 650 0 799 750 0 500 650 494 500 520 0 1000 100 454 666 300 644 500 0 539 900 725 666 0 0 883 900 700 1000 300 666 100 500 100 0 0 750 0 758 641 550 250 623 472 700 400 611 566 0 799 300 500 400 0 300 750 900 900 900 535 0 600 1000 0 250 562 833 0 733 900 0 1000 650 0 733 333 1000 400 750 633 0 0 222 333 0
#WatfordFC 2016-12-17
400 0 68 0 62 -400 200 400 166 0 1000 0 250 68 -166 68 0 0 0 0 0 0 -449 0 0 -12 0 1000 -62 0 0 -400 0 500 62 -400 62 0 -31 0 -145 0 -166 0 0 0 0 0 136 0 0 0 68 800 0 0 -375 0 0 0 0 0 0 68 68 0 0 312 0 0 0 400 136 0 0 0 0 100 0 0 625 0 0 0 0 0 0 333 0 0 0 0 0 0 0 -250 -116 0 0 0
800 0 727 0 250 400 575 800 500 0 300 0 250 727 729 727 0 0 0 0 0 0 588 0 0 0 0 1000 220 0 0 400 0 500 250 400 250 0 277 0 404 399 66 0 0 0 0 0 454 0 0 0 727 400 0 0 1000 0 0 0 0 0 0 727 727 1000 0 483 0 0 0 900 454 0 0 125 0 770 0 0 900 66 0 0 0 0 0 549 0 0 0 600 0 0 0 533 388 0 0 0
#WHUFC 2016-12-17
-121 -121 -121 250 0 550 -121 0 0 -121 -121 0 0 0 0 0 0 250 0 0 -121 -121 0 0 0 136 0 0 0 -121 -177 500 0 -400 -77 0 0 0 600 0 800 0 100 -400 800 100 0 0 0 0 0 -600 0 -25 0 88 0 200 800 0 0 0 0 0 0 0 0 0 0 0 166 0 0 125 -121 -121 -121 0 -121 -575 0 0 0 0 0 0 0 0 0 0 0 300 600 0 800 0 0 -31 0 500
451 451 451 500 0 950 451 0 0 451 451 100 0 100 0 0 0 250 0 0 451 451 0 100 0 454 0 0 0 451 277 600 0 616 144 0 0 0 600 0 400 0 100 400 1000 112 0 0 0 100 0 900 100 533 100 155 0 200 400 0 0 0 0 0 0 0 0 0 0 0 166 0 50 666 451 451 451 0 451 600 0 0 0 0 0 0 0 0 0 0 0 650 1000 100 400 0 0 277 1000 500
#hcafc 2016-12-17
0 136 -400 0 0 75 0 200 -216 0 0 0 0 -300 400 -23 1000 53 68 100 -1000 -800 0 -111 0 350 -874 0 0 99 200 0 800 800 -39 800 -400 0 183 350 -400 0 0 268 800 800 0 500 192 1000 0 100 0 500 311 311 0 -100 0 0 500 49 0 0 0 500 200 550 800 800 -50 311 0 500 0 0 0 275 0 250 500 0 0 -166 -373 0 -714 0 0 100 181 -150 333 -133 200 400 -125 0 800 0
0 454 400 0 0 541 0 200 600 0 0 0 0 400 500 430 750 357 427 1000 1000 900 333 277 0 500 666 0 0 433 300 0 750 1000 593 400 600 0 133 650 400 0 0 677 750 750 0 500 459 780 0 300 0 500 411 411 0 200 100 0 888 199 0 1000 0 500 200 550 750 750 50 411 0 500 0 0 0 475 0 300 1000 0 0 166 566 0 857 0 0 1000 729 350 549 300 500 400 625 0 400 0
#CPFC 2016-12-17
-300 400 -21 0 136 400 0 800 800 200 0 0 0 0 0 0 0 0 0 333 -226 285 -333 0 0 400 0 392 100 -700 -500 -400 300 500 -388 0 0 475 -49 -266 0 125 0 0 0 -362 357 700 0 0 0 250 0 -175 200 0 466 500 0 -400 0 0 0 333 136 188 800 -166 -75 0 -1000 0 250 0 475 0 0 0 -175 0 300 300 0 0 0 -450 0 68 -625 0 800 0 0 -200 62 0 333 162 0 0
600 600 501 0 454 500 0 750 400 475 0 0 0 0 550 125 0 0 0 666 625 535 1000 0 0 600 0 712 400 200 900 600 100 500 833 0 0 350 850 358 0 400 100 0 0 716 571 596 0 0 0 450 0 475 500 0 366 500 0 400 0 0 0 766 500 483 400 333 825 550 1000 0 600 0 800 0 0 0 175 0 200 500 0 0 0 1000 1000 476 875 0 400 0 0 200 375 0 549 337 0 0
#CFC 2016-12-17
0 933 0 0 433 0 500 0 0 0 500 650 250 433 0 50 -625 0 0 441 0 0 0 -200 0 0 0 -121 -121 500 0 0 300 0 350 400 0 0 441 0 441 0 0 50 0 200 0 0 500 0 400 350 1000 0 0 0 400 400 400 0 0 193 300 0 250 500 0 0 100 500 -700 0 0 0 0 0 400 200 800 400 441 441 600 400 0 0 800 400 0 0 500 0 0 0 478 0 350 0 107 0
0 733 0 0 766 0 150 0 0 0 1000 466 250 766 0 50 400 0 0 741 0 0 0 50 0 0 0 451 451 150 100 0 650 0 650 800 125 0 741 0 741 0 0 224 0 1000 0 0 500 0 500 650 300 0 0 0 800 800 800 0 0 494 100 0 250 875 0 0 0 750 200 0 0 0 0 0 500 250 400 200 741 741 900 500 0 0 400 500 0 0 150 0 0 0 1000 0 650 0 348 0
#CPFC 2016-12-14
-500 0 166 100 0 0 0 0 0 0 0 0 36 0 0 0 0 1000 0 0 175 0 83 0 0 0 0 0 0 166 0 0 0 0 0 0 0 0 -275 0 0 0 350 455 0 0 -15 0 0 0 136 0 0 0 0 400 0 0 0 250 463 390 -128 0 62 0 -400 445 300 375 0 500 250 375 0 0 0 0 0 136 136 250 136 0 0 0 -400 0 166 -83 0 -400 412 0 -325 0 333 49 -125 356
500 0 166 100 0 0 0 0 0 0 0 0 429 0 0 0 125 300 0 0 325 0 500 0 0 0 0 0 0 333 100 0 0 0 0 0 0 0 675 0 0 0 550 571 0 0 875 0 0 0 454 0 0 0 0 600 0 0 0 333 612 500 466 0 575 1000 400 375 500 200 0 500 500 566 0 0 0 0 0 500 500 250 500 0 0 0 700 0 333 283 100 400 525 0 744 0 350 450 375 491
#MUFC 2016-12-14
0 250 400 0 -12 0 500 178 178 900 -106 0 141 0 950 200 0 0 0 288 150 268 268 268 -37 0 780 0 0 0 0 0 0 1000 0 0 0 0 50 0 0 0 0 0 500 0 0 -100 136 136 136 0 0 0 0 0 350 625 333 278 278 278 0 0 1000 -976 0 0 0 0 500 0 161 400 400 400 -8 0 750 800 400 0 -497 100 0 390 800 628 400 100 0 0 0 0 0 0 0 0 0 0
0 250 800 0 0 0 500 418 418 900 793 0 412 0 875 300 0 0 0 344 950 627 627 627 375 0 1000 0 0 0 0 0 0 400 0 0 50 0 50 500 0 0 0 0 700 0 0 100 454 454 454 0 0 0 0 0 650 600 583 584 584 584 0 0 1000 1000 0 0 0 0 600 0 278 800 800 800 322 0 449 750 425 0 613 1000 0 375 750 678 800 312 200 125 0 0 0 0 0 0 0 0
#MCFC 2016-12-14
0 0 -121 -121 136 -33 0 0 0 0 0 0 0 0 550 136 136 136 458 99 0 0 68 -121 68 400 400 400 200 200 136 -121 136 0 0 400 0 0 -325 136 650 800 0 0 0 0 0 0 224 150 100 318 0 0 350 -33 0 375 200 400 0 0 0 500 100 0 0 -16 0 -121 -121 -121 0 800 800 0 0 250 0 0 0 0 200 200 -100 0 0 136 136 136 800 0 0 -500 -121 -121 -121 400 0 0
0 0 451 451 454 266 0 0 0 0 0 0 0 0 800 454 454 454 700 433 0 0 727 451 727 800 800 800 575 100 454 451 454 0 0 800 0 0 454 454 450 900 0 0 0 0 0 0 393 650 433 539 0 0 544 488 0 900 500 375 0 0 0 550 383 0 0 482 0 451 451 451 0 1000 1000 0 0 250 100 0 0 0 450 450 50 0 0 454 454 454 400 0 0 900 451 451 451 800 0 66
#WatfordFC 2016-12-14
400 68 68 225 0 650 400 134 0 0 -400 0 0 0 0 100 -100 0 199 -650 33 0 0 0 318 49 400 0 0 -50 68 1000 0 0 0 0 0 -400 0 -600 0 0 -200 233 0 -400 -400 450 322 68 68 214 800 44 600 0 -699 -450 400 0 0 400 800 257 208 0 -400 100 0 0 800 0 -600 -375 -625 -208 0 -400 0 225 -377 1000 650 0 -50 33 0 800 0 -400 -400 -400 -100 -100 -197 0 200 250 0 0
800 727 727 258 0 450 800 587 0 0 400 0 0 0 0 300 400 0 500 1000 366 0 0 0 527 600 400 0 0 250 727 750 0 0 0 0 0 400 0 800 0 0 200 133 0 400 400 550 277 727 727 571 1000 388 1000 0 666 600 400 0 0 250 1000 285 516 0 400 350 0 0 400 0 700 625 1000 458 0 400 0 425 755 400 700 0 250 366 0 400 0 700 700 700 500 450 320 0 200 850 0 0
#SCFC 2016-12-14
0 -118 0 136 136 650 400 0 0 200 -75 0 0 0 -100 0 0 0 0 -51 0 399 0 0 0 -291 0 900 0 250 0 0 -125 0 333 200 200 -200 -93 0 800 -200 -100 0 0 178 0 -100 0 50 0 0 -100 -125 -200 -100 124 250 0 300 -71 0 -258 0 -83 0 0 -55 -50 500 0 -75 400 0 0 -50 500 0 0 250 -50 0 0 250 0 0 0 108 0 -55 0 433 433 400 50 95 199 500 316 0
0 529 0 454 454 450 800 0 0 700 50 0 0 0 100 0 0 0 0 196 0 350 0 0 0 541 500 1000 0 450 0 0 400 0 333 500 500 100 275 0 400 100 400 0 0 267 0 250 0 191 0 0 300 750 0 400 475 416 0 233 278 0 575 300 83 0 100 388 450 750 0 50 600 0 0 550 500 0 0 575 244 0 0 250 0 0 0 408 700 249 0 833 833 800 650 178 333 900 311 0
#SaintsFC 2016-12-14
462 0 -500 0 0 0 158 83 650 500 250 0 277 900 217 512 0 0 168 600 800 464 500 0 333 800 287 0 375 0 462 462 0 100 319 366 0 -738 1000 549 0 -333 0 400 900 0 200 578 -16 0 800 100 0 850 0 500 800 900 333 166 250 24 800 0 166 0 -281 0 500 -175 800 0 -250 1000 0 -83 250 324 200 0 166 -50 500 -33 557 400 0 0 -15 0 100 433 375 375 375 -155 -437 -178 166 0
300 0 900 0 0 200 491 444 450 500 333 0 644 1000 645 700 0 0 327 1000 575 742 525 0 433 700 558 0 533 0 300 300 0 200 617 608 0 774 300 733 0 433 0 462 900 0 200 600 316 0 575 200 1000 650 0 366 750 700 1000 666 500 575 400 0 166 0 250 0 750 800 750 0 250 300 0 83 500 498 200 0 166 400 750 183 500 1000 0 0 644 0 383 777 416 416 416 288 562 285 550 0
#COYS 2016-12-14
144 0 0 400 -333 0 136 625 0 812 -225 0 800 323 166 0 0 -1000 0 0 0 0 450 -400 800 357 0 0 700 0 400 0 0 549 200 0 375 683 0 116 0 0 470 -388 0 0 285 80 250 0 0 0 0 583 0 0 0 0 800 481 333 0 0 400 0 33 0 -166 357 -93 -291 466 800 0 252 0 0 0 0 0 136 850 400 200 -200 750 600 0 300 99 0 0 0 0 0 0 0 800 0 400
322 66 0 800 1000 0 500 500 0 1000 425 0 750 351 250 0 0 800 0 500 0 0 250 400 900 571 0 0 600 0 800 0 400 883 200 0 900 550 0 366 0 0 549 833 0 0 345 303 333 300 0 0 0 483 0 0 0 0 400 437 883 0 66 800 0 688 0 166 571 250 541 900 575 0 537 0 0 0 0 0 454 800 600 200 400 500 700 0 650 66 66 0 0 0 0 0 0 750 0 800
#hcafc 2016-12-14
0 0 -250 415 107 0 0 62 -333 333 566 0 900 0 -62 -200 0 0 250 0 400 199 0 -200 333 0 450 200 524 0 325 0 -714 357 600 0 144 0 400 0 0 0 0 0 0 0 -125 0 0 -71 400 136 0 -375 -100 325 0 0 266 -62 250 0 100 0 0 500 0 -97 -900 285 0 0 218 550 0 0 0 0 800 0 -350 500 0 650 0 318 700 0 83 0 0 0 500 225 0 500 0 500 0 25
0 0 200 620 485 0 433 520 666 366 516 50 1000 0 687 800 0 0 283 0 800 533 0 575 366 0 362 100 625 0 1000 0 857 571 800 0 341 0 900 250 0 0 0 0 0 0 375 0 0 705 475 500 0 625 900 1000 0 0 300 237 250 357 1000 0 400 500 0 644 1000 427 0 0 627 700 0 0 0 0 400 0 600 350 0 700 0 700 600 0 66 0 0 0 900 575 66 500 0 500 0 575
#WBA 2016-12-14
0 136 178 178 178 0 433 0 0 0 0 136 136 250 200 -100 650 0 0 -200 0 0 -200 178 178 178 0 0 0 0 0 800 0 0 0 0 0 0 0 130 0 0 -200 37 0 0 0 0 0 0 0 0 -500 0 0 68 -300 0 450 136 0 0 150 17 800 0 -291 0 300 300 -400 0 208 0 36 0 0 875 -49 0 0 0 700 0 41 0 0 0 41 100 -200 0 0 -500 59 600 500 0 0 136
0 454 418 418 418 0 733 0 0 0 0 454 454 333 100 150 450 0 0 800 0 0 400 418 418 418 0 0 0 0 0 400 0 0 0 0 0 0 0 520 0 0 400 408 0 0 0 0 0 0 0 0 300 300 0 227 400 0 900 500 0 0 350 431 400 0 541 0 650 650 400 0 750 0 647 0 0 600 275 0 0 0 650 0 250 0 0 0 358 400 950 0 0 900 484 600 966 0 0 454
#Swans 2016-12-14
0 0 0 800 675 -31 0 650 800 450 0 0 0 0 1000 325 0 0 0 0 -300 -150 0 0 400 300 0 250 1000 -100 66 0 0 0 41 0 0 0 0 0 0 0 200 0 125 0 0 68 136 0 0 0 -750 0 -750 400 0 0 -750 0 0 -750 0 0 136 800 -750 -750 800 0 0 0 0 -166 500 0 250 -250 -250 0 0 0 0 0 357 0 625 216 0 0 0 1000 1000 0 0 0 0 0 0 500
633 0 0 400 750 166 0 450 400 250 0 0 0 0 1000 700 333 0 0 0 600 300 0 0 200 400 0 333 1000 400 600 0 0 0 250 0 0 0 0 0 0 0 500 0 166 0 0 250 454 550 0 0 1000 0 1000 700 50 0 1000 0 0 1000 0 550 454 400 1000 1000 400 0 0 0 0 433 700 0 1000 250 250 0 550 0 0 0 571 0 900 533 0 0 0 1000 1000 0 0 0 0 0 0 500
#boro 2016-12-14
-121 0 800 0 0 136 -300 0 300 500 -121 -121 0 0 500 -300 0 285 0 0 650 0 -100 0 0 0 0 0 0 1000 0 200 250 250 0 500 400 136 0 650 0 -266 -400 0 0 0 199 -121 136 500 1000 -16 0 800 114 0 0 170 268 285 -142 285 0 400 0 0 -121 -121 0 0 433 -208 0 0 0 0 0 250 0 400 0 0 0 0 -270 0 275 -145 0 0 450 450 0 250 0 -131 0 0 0 214
451 0 900 0 0 454 600 0 916 500 451 451 0 0 625 600 0 535 0 0 625 0 400 0 0 0 700 0 0 750 0 500 553 750 0 500 800 500 1000 450 0 322 550 1000 0 0 633 451 454 1000 300 166 0 900 685 0 0 500 627 535 535 535 1000 400 0 0 451 451 0 0 502 208 500 500 0 0 0 650 100 400 0 0 0 0 433 0 500 270 66 0 350 350 0 333 0 450 0 0 0 642
#LFC 2016-12-14
0 400 -233 166 450 157 178 -121 -121 178 136 -375 500 -106 0 500 50 141 446 166 0 0 351 100 500 268 268 268 350 0 100 175 0 0 0 100 0 0 0 100 500 500 -600 0 500 0 50 100 0 0 500 0 0 -145 500 500 136 136 136 0 250 -200 278 278 278 166 300 0 412 0 0 150 500 0 68 -121 68 400 400 400 -400 0 0 0 0 800 136 136 -250 -262 136 0 0 -41 0 0 250 50 -187 -50
0 800 755 166 900 611 418 451 451 418 454 766 500 793 0 500 100 412 625 166 0 0 679 300 600 627 627 627 700 0 300 325 0 0 0 300 0 0 0 300 500 500 1000 0 500 0 50 0 0 0 700 750 0 520 500 600 454 454 454 0 571 1000 584 584 584 166 500 0 550 0 0 100 600 0 727 451 727 800 800 800 450 0 0 357 0 400 454 454 750 650 454 0 0 625 0 1000 1000 441 418 400
#SAFC 2016-12-14
250 -187 0 0 0 0 0 136 0 0 0 0 0 0 500 0 -666 0 0 0 283 0 0 0 0 -33 1000 0 0 -400 1000 -187 0 500 -400 0 34 0 0 100 1000 104 -600 650 -266 0 450 0 0 0 116 0 -666 0 272 0 0 400 0 800 500 241 0 0 500 500 400 0 -333 0 0 0 0 400 500 357 100 800 0 0 0 250 0 -312 600 0 0 -166 0 625 -500 -249 -33 -249 250 0 0 0 0 0
350 500 0 0 0 0 750 500 0 0 0 0 100 0 500 0 1000 0 0 0 483 0 0 0 0 716 400 0 0 600 1000 500 0 900 400 0 462 0 0 300 1000 533 400 450 322 0 900 0 0 0 433 100 1000 0 444 0 0 375 0 400 900 541 0 0 900 900 800 0 633 0 0 0 0 800 900 571 200 400 0 100 0 477 0 500 600 0 500 433 0 750 400 600 533 600 500 0 0 0 0 0
#CFC 2016-12-14
0 400 0 450 400 178 178 136 650 500 350 600 0 0 -50 200 0 0 0 285 142 0 0 0 450 134 0 285 0 0 0 285 0 -500 0 0 0 0 136 -121 0 136 400 0 0 0 1000 0 0 0 0 700 300 375 0 0 0 0 466 450 300 0 0 800 0 0 318 0 0 -250 450 0 0 400 400 400 375 0 800 450 0 0 0 0 0 0 0 112 200 0 0 0 0 0 0 550 0 300 0 0
0 800 0 750 900 418 418 454 1000 1000 550 900 0 0 850 200 100 0 0 535 267 0 0 0 625 388 0 535 0 0 0 535 1000 1000 0 0 0 1000 454 451 1000 454 800 125 0 0 300 0 0 0 0 600 200 500 0 0 0 0 466 750 500 0 0 900 0 0 477 0 0 800 750 0 0 800 800 800 900 0 1000 750 0 0 0 1000 0 0 0 184 575 0 0 0 0 0 0 600 0 875 100 0
#WHUFC 2016-12-14
0 -121 -121 0 141 -62 -121 0 0 0 500 -31 0 0 199 0 0 0 0 0 0 0 -325 0 0 95 -121 -121 -121 0 0 0 50 0 0 0 550 -121 0 0 -500 0 500 600 600 156 0 300 9 166 0 400 125 0 0 445 -121 -121 300 0 -500 0 536 266 300 800 0 0 0 -121 -121 68 800 0 -121 0 -131 1000 0 0 650 600 0 0 0 0 250 0 0 200 837 0 0 0 600 600 -121 -121 -121 0
0 451 451 0 600 850 451 0 0 1000 500 166 0 0 566 0 0 1000 0 0 0 0 825 0 0 511 451 451 451 0 0 100 250 33 100 0 925 451 0 0 1000 0 500 600 900 625 0 650 700 188 0 400 250 0 0 375 451 451 512 0 1000 0 750 633 650 750 100 0 0 451 451 277 750 0 451 0 427 1000 0 0 450 900 0 0 0 0 575 1000 50 500 650 100 0 0 900 900 451 451 451 0
#Clarets 2016-12-14
1000 -100 322 357 357 0 350 350 625 0 0 -100 136 0 0 -100 0 -58 0 -100 0 0 1000 500 412 0 -100 -100 0 -155 0 40 0 400 625 0 625 150 -333 0 1000 127 0 0 500 900 0 0 133 400 1000 0 0 0 200 700 0 1000 1000 62 0 350 0 0 0 0 0 -125 0 0 -125 0 0 -125 -125 0 800 0 0 0 0 0 -125 0 -125 0 0 0 125 600 0 850 0 0 0 0 0 0 11 0
1000 50 466 571 571 0 450 450 900 0 0 200 454 825 100 200 0 266 0 200 0 100 1000 500 550 0 200 200 0 288 0 486 0 250 900 0 900 570 500 0 300 335 0 0 500 1000 0 0 300 500 1000 0 0 0 900 600 1000 300 300 312 0 550 0 0 50 0 0 750 0 0 750 0 0 750 750 0 1000 0 0 0 0 50 750 0 750 0 0 0 166 1000 0 1000 0 0 0 0 0 50 122 0
#AFCB 2016-12-13
0 0 0 -400 650 100 0 0 1000 0 0 0 0 33 -600 0 300 100 1000 0 0 0 267 -200 0 0 200 0 0 0 0 0 0 433 266 300 1000 54 0 62 -400 478 0 137 0 0 0 0 0 136 0 400 466 166 0 136 0 66 0 0 0 0 -199 400 144 625 -300 0 450 0 200 200 0 200 200 200 -600 100 387 416 136 300 0 0 0 800 31 0 33 0 -145 -400 -27 0 0 0 136 0 0 0
0 0 125 900 450 100 0 0 300 100 0 0 0 966 900 0 1000 200 300 0 0 0 500 450 0 0 200 0 0 0 0 0 0 500 300 575 1000 300 100 750 750 495 0 600 0 0 0 0 0 454 100 800 666 250 0 500 0 596 0 0 0 0 666 400 555 900 600 0 587 33 500 500 100 500 500 500 700 100 900 211 477 166 0 55 0 750 326 0 322 0 470 400 233 0 100 0 454 400 0 0
#LCFC 2016-12-13
-121 -121 68 0 0 -125 800 0 875 0 0 800 0 500 187 -121 -121 136 0 0 383 500 68 68 -121 160 0 0 0 0 0 800 378 650 0 -50 0 0 0 1000 0 100 0 0 0 0 0 0 0 100 500 0 0 200 -50 0 0 0 0 0 0 0 0 0 625 680 -500 250 200 316 0 200 -121 136 136 0 0 0 450 0 0 200 0 800 0 390 0 0 633 0 433 0 509 0 -121 -121 -121 0 0 0
451 451 727 0 0 375 1000 0 600 0 0 1000 0 500 425 451 451 454 0 0 516 500 727 727 451 539 0 125 0 0 0 1000 685 450 0 400 0 0 0 900 0 100 0 0 0 0 0 0 0 183 500 0 0 200 400 0 0 0 100 100 0 0 100 0 500 659 1000 333 300 716 125 312 451 454 454 0 100 0 650 0 0 300 0 400 0 1000 0 0 750 0 833 0 481 0 451 451 451 0 66 0
#EFC 2016-12-13
0 0 0 -187 0 100 400 136 136 136 0 67 0 0 -121 400 0 0 400 433 400 -500 0 0 -500 0 -400 -500 800 0 400 0 0 0 312 0 0 0 0 0 0 0 400 -271 0 136 136 136 0 -121 0 0 0 0 0 0 400 250 0 -121 -121 0 50 0 -147 136 158 0 350 0 500 300 -10 -400 100 0 0 600 267 0 0 200 0 0 0 0 550 0 275 -121 -121 0 136 136 136 666 0 136 200 800
0 0 0 500 0 0 800 454 454 454 0 378 0 0 451 600 125 0 200 733 800 900 125 0 900 0 600 900 400 0 800 0 0 0 550 0 0 0 0 0 0 0 262 619 0 454 454 454 0 451 0 100 0 0 0 1000 800 250 400 451 451 0 1000 0 449 454 391 0 550 100 625 450 567 600 366 1000 0 766 690 0 0 500 0 0 1000 0 700 0 650 451 451 0 500 500 500 533 0 500 200 1000
#AFC 2016-12-13
95 500 0 1000 0 -457 0 68 -41 0 0 625 500 500 400 500 400 0 0 -100 0 0 0 68 68 0 -300 400 366 0 400 400 0 0 0 0 0 0 0 800 600 0 0 0 800 168 0 0 0 0 0 0 68 255 0 0 0 0 0 1000 0 200 0 0 0 0 0 170 0 0 800 1000 0 0 0 450 300 0 33 0 0 136 0 500 250 136 311 0 50 0 366 354 0 0 0 650 0 0 750 1000
645 750 500 300 0 407 0 727 225 0 0 600 600 750 625 833 700 76 0 200 0 0 0 727 727 0 400 600 566 0 600 700 0 0 0 0 0 0 500 1000 300 0 0 0 400 277 0 0 0 0 0 0 260 277 0 0 0 0 0 300 1000 200 0 0 0 0 0 454 0 0 400 1000 0 100 0 650 533 0 633 0 0 454 0 750 483 454 444 0 200 0 199 420 0 0 0 650 0 0 750 700
#LFC 2016-12-11
0 0 450 500 0 0 -700 400 600 600 0 0 0 0 0 0 136 0 268 268 268 0 0 -1000 0 0 0 0 0 0 243 0 50 100 0 0 0 0 0 -125 136 0 0 144 136 136 136 500 0 278 278 278 0 1000 0 0 0 412 350 0 500 0 0 0 0 0 -1000 0 136 0 -121 0 -121 -121 200 0 333 136 350 0 0 200 0 0 0 0 0 0 0 200 -200 0 -375 136 517 1000 1000 -375 136 0
0 0 500 500 0 0 925 875 1000 1000 0 0 0 0 0 0 454 0 627 627 627 0 0 1000 0 0 0 0 1000 0 502 0 50 0 0 0 0 0 1000 750 454 0 1000 622 454 454 454 550 0 584 584 584 0 300 1000 0 0 550 650 0 600 0 0 0 0 0 1000 0 454 0 451 0 451 451 400 0 366 454 550 0 0 100 0 0 0 0 0 0 0 500 450 0 625 454 642 300 300 625 454 0
#WHUFC 2016-12-11
-100 0 0 0 0 0 0 -121 -121 -121 600 0 0 0 700 416 0 0 525 0 0 0 0 1000 500 0 0 100 0 49 400 50 66 0 0 -21 0 0 0 0 0 0 0 -77 0 -50 800 0 0 0 -121 -121 600 0 0 0 0 0 0 1000 0 0 -77 0 0 0 0 0 600 136 0 136 0 0 0 0 -121 -121 100 -156 136 -131 -188 0 0 500 -400 0 399 -312 0 400 -62 0 400 0 -77 0 0 0
400 0 0 0 0 0 0 451 451 451 600 0 0 76 600 601 0 0 950 0 0 100 0 300 700 0 0 300 0 450 400 150 505 0 0 300 0 0 0 0 0 100 0 144 0 400 750 0 0 0 451 451 600 0 0 0 0 0 0 1000 0 0 194 0 0 0 0 0 900 500 1000 500 100 0 0 66 451 451 600 100 454 427 488 0 0 600 400 0 533 500 0 400 237 0 550 0 144 0 0 0
#MUFC 2016-12-11
450 0 99 0 0 -300 0 0 500 0 0 312 0 268 268 268 0 0 0 0 0 0 0 0 0 0 50 0 0 0 0 0 166 -66 33 0 136 136 136 0 1000 0 -250 800 278 278 278 0 0 136 0 -250 -166 50 -300 0 0 0 0 -59 -250 -250 0 500 0 0 0 0 200 75 0 0 350 0 512 512 0 400 1000 1000 0 -125 0 0 0 -500 800 -100 0 600 200 0 0 437 500 357 0 357 400 800
775 0 666 0 0 400 0 0 1000 0 0 200 100 627 627 627 0 0 0 0 0 0 0 0 0 0 50 0 0 0 0 100 733 55 133 0 454 454 454 0 300 0 750 750 584 584 584 0 0 500 0 550 166 100 400 0 0 0 0 616 550 888 0 600 0 0 0 0 550 541 0 0 350 0 600 600 0 800 300 300 0 296 125 0 0 1000 400 550 0 600 500 0 0 650 550 571 0 571 800 400
#COYS 2016-12-11
136 -625 175 0 0 600 0 -400 0 0 666 0 -337 157 500 400 342 0 625 0 449 -300 400 108 0 512 512 -200 0 0 0 600 -125 0 -200 0 270 250 0 400 325 -199 96 -600 0 0 750 -166 0 -100 900 0 700 100 0 -350 100 1000 0 500 -41 41 595 -333 0 0 0 0 600 136 298 450 0 580 100 350 0 0 133 850 0 0 100 214 -125 500 -394 50 184 0 187 400 -500 0 136 -125 0 0 500 -99
500 400 650 0 0 1000 0 400 0 0 783 0 600 398 500 800 667 0 900 0 400 522 200 800 0 600 600 800 0 0 0 600 375 100 800 0 477 400 0 800 366 300 558 900 0 0 400 1000 0 300 350 125 950 100 0 550 200 300 0 650 625 458 445 666 0 0 0 0 800 454 372 600 0 650 675 450 0 0 533 1000 0 0 0 642 506 500 616 100 630 0 487 400 1000 0 454 303 0 0 1000 500
#SaintsFC 2016-12-11
0 0 0 0 0 0 -125 0 330 0 0 0 0 0 200 150 800 792 500 0 0 -1000 -400 0 0 0 -700 600 104 330 250 500 1000 0 0 -10 0 0 -291 0 0 250 0 50 0 261 0 500 600 0 0 0 0 0 0 0 0 800 225 0 0 99 0 0 0 -600 150 12 0 550 225 225 -600 0 -200 62 0 400 0 150 0 250 0 -77 -100 0 0 0 0 0 0 226 0 136 -250 0 466 0 350 0
0 125 66 66 66 66 250 0 642 0 0 0 0 0 400 600 400 733 500 125 0 1000 600 66 0 297 1000 1000 450 520 333 500 300 0 0 583 0 0 541 0 0 850 0 700 400 345 0 500 900 100 0 0 0 0 0 0 0 400 487 0 633 850 0 0 0 800 466 325 0 650 450 450 1000 0 0 562 66 400 0 466 125 500 0 144 400 0 0 0 0 0 0 563 0 454 472 0 666 0 500 0
#boro 2016-12-11
-77 400 0 0 330 800 800 0 1000 0 0 0 0 0 -121 -121 0 0 0 -700 0 533 0 0 0 0 0 0 0 0 800 285 0 0 0 0 400 233 650 200 375 500 0 100 0 187 0 100 0 0 300 0 0 0 0 0 0 700 1000 0 115 0 1000 0 -400 0 400 0 -400 0 0 625 500 0 500 0 0 250 0 0 200 0 0 -100 400 0 0 0 -400 0 -100 0 533 0 0 0 500 -800 33 -100
177 233 66 0 642 1000 1000 0 300 0 0 0 62 0 451 451 0 0 0 1000 0 583 0 0 0 0 0 0 0 0 400 535 0 0 0 0 800 333 450 438 625 500 0 100 0 437 0 100 0 0 400 0 0 0 0 0 66 600 300 0 456 0 1000 0 400 0 250 0 400 1000 0 900 500 0 1000 0 0 450 0 0 200 0 0 525 450 0 0 0 400 0 525 0 500 0 0 0 900 900 444 400
#CFC 2016-12-11
0 0 0 0 0 466 0 0 104 -600 0 125 0 0 0 0 0 333 200 0 500 342 366 0 0 0 0 458 0 0 0 0 0 0 0 0 0 0 0 500 0 0 400 412 800 0 -400 -500 0 250 0 0 0 0 0 0 700 0 433 0 0 0 0 450 0 0 0 0 0 400 400 400 0 0 0 0 0 200 0 0 0 0 0 0 -400 0 -400 600 0 0 -600 0 0 0 0 0 0 187 0 0
0 0 0 0 0 733 0 0 166 900 0 229 0 0 0 0 0 666 200 0 500 667 700 0 0 0 0 700 0 0 0 0 0 0 0 0 0 0 750 888 0 0 800 485 750 100 400 1000 0 333 0 125 0 0 0 0 600 0 666 0 0 0 0 525 0 0 0 0 0 800 800 800 0 0 0 0 0 200 0 0 0 0 0 0 400 0 400 1000 0 0 800 0 0 0 0 0 0 150 0 0
#WBA 2016-12-11
-125 178 178 178 0 0 0 0 800 0 0 500 0 -400 0 100 0 136 500 0 0 0 200 0 0 0 0 0 0 0 0 0 0 0 0 0 0 0 0 0 333 1000 0 -300 199 100 100 0 0 0 0 350 0 0 0 0 0 0 100 100 -133 -125 500 0 500 -400 0 0 0 0 0 0 0 0 0 0 0 -100 0 0 0 0 0 0 0 0 0 400 0 250 0 0 1000 700 0 -388 0 0 175 136
375 418 418 418 0 0 0 0 400 0 0 500 0 400 0 383 0 500 500 0 0 0 200 0 0 0 0 125 0 0 0 0 0 100 0 0 0 0 0 0 666 300 0 600 700 400 400 0 0 0 0 650 0 0 0 0 0 0 75 250 133 500 500 0 500 400 0 0 0 500 0 0 0 500 0 500 0 200 0 0 0 0 0 0 0 0 500 1000 0 500 0 0 300 600 0 833 500 0 450 454
#LCFC 2016-12-10
136 55 0 136 136 0 0 0 -100 250 0 1000 50 0 49 400 -121 -121 -121 -125 0 -100 0 0 0 250 -200 -183 0 -121 0 -333 250 0 500 -187 -25 0 0 0 -125 0 -125 0 0 0 0 68 0 -132 316 0 200 0 -121 -121 -121 -188 0 366 450 0 0 0 136 0 85 0 0 433 0 0 0 0 0 500 166 0 250 500 433 0 0 -400 0 110 149 357 0 0 0 0 0 72 0 0 0 0 -100 0
454 611 562 454 454 0 0 0 0 500 0 900 241 0 450 800 451 451 451 375 0 400 0 125 100 500 400 199 100 451 0 333 400 0 300 500 800 0 0 0 375 0 375 50 0 0 0 250 0 460 716 125 312 0 451 451 451 533 50 700 650 100 0 0 454 0 250 0 0 833 0 0 0 0 0 300 549 0 250 500 833 0 0 600 0 880 500 571 0 0 0 0 0 304 0 0 0 0 400 0
#MCFC 2016-12-10
-150 136 136 0 0 0 0 0 136 136 136 0 0 400 -121 -121 -121 400 250 -121 0 700 0 500 0 0 0 800 -50 -94 0 0 0 0 0 0 0 0 400 400 400 0 -121 -121 -121 0 0 0 0 0 0 0 0 136 136 136 0 600 0 0 104 -49 0 500 450 0 136 0 0 0 0 0 0 0 0 0 100 0 0 0 200 0 0 0 0 0 0 500 -400 211 0 0 0 0 0 0 0 0 0 400
399 454 454 0 0 0 0 0 454 454 454 0 0 800 451 451 451 800 500 451 0 600 0 300 0 0 0 400 450 516 0 0 0 0 0 0 0 0 800 800 800 0 451 451 451 0 100 0 0 0 0 0 0 454 454 454 0 900 0 0 287 216 0 300 550 0 500 0 0 0 0 0 0 0 0 0 200 0 0 0 500 0 0 0 0 0 0 300 400 711 0 0 0 0 0 0 0 0 0 800
#AFC 2016-12-10
0 0 366 0
0 0 549 0
#SCFC 2016-12-10
0 -500 -343 -343 -262 0 118 118 0 0 0 0 -8 -8 -8 0 0 275 0 0 500 500 0 0 566 -500 0 0 266 266 0 0 500 500 780 200 100 0 136 136 900 99 306 285 285 1000 1000 -131 500 -50 -500 0 250 0 285 99 118 0 0 0 500 500 99 99 136 285 0 0 99 64 800 0 0 0 0 64 0 0 0 -194 -343 0 212 199 0 400 118 0 0 450 450 306 306 136 99 285 0 99 0 0
0 200 750 750 387 0 327 327 0 0 0 0 150 150 150 0 0 406 0 0 900 900 0 0 483 700 0 0 155 155 0 0 500 500 1000 400 300 0 454 454 1000 22 650 535 535 300 300 427 900 400 1000 0 300 0 535 22 327 600 0 0 833 833 22 22 454 535 0 0 22 279 400 0 0 0 0 279 0 0 0 416 750 0 512 388 250 900 327 0 0 900 900 650 650 454 22 535 0 22 0 0
#Clarets 2016-12-10
0 0 0 -625 542 0 0 233 625 542 542 200 -100 0 625 625 0 0 0 641 0 0 0 625 50 0 800 412 0 0 0 -166 0 0 0 800 150 150 0 -50 233 0 0 900 0 0 0 0 0 0 361 0 625 0 0 800 0 0 0 -150 -375 -122 0 -400 625 0 1000 0 0 136 0 625 333 0 100 1000 0 500 1000 1000 250 233 -175 0 333 0 500 0 500 100 0 800 500 0 233 -83 -400 -100 -100 750
0 0 0 400 767 0 0 533 900 767 767 200 250 0 500 500 0 0 0 666 0 0 0 900 50 0 1000 550 0 0 0 799 0 0 0 900 300 300 0 286 366 0 0 350 0 0 0 0 0 0 511 0 750 0 0 400 0 0 0 200 625 411 66 700 900 0 1000 0 0 500 0 900 666 0 100 900 0 875 1000 400 1000 466 950 0 666 0 687 0 500 200 0 750 500 0 466 83 700 400 400 750
#AFCB 2016-12-10
0 0 300 0 0 43 0 333 0 0 500 0 0 0 83 500 0 0 0 -195 1000 666 -266 625 175 150 -100 133 0 -62 -400 0 0 100 400 33 0 100 0 0 400 0 800 500 0 450 0 150 0 0 0 166 333 0 125 150 150 0 0 0 0 0 0 -400 0 400 500 0 -200 0 0 -200 0 408 0 0 550 0 0 0 0 300 0 0 0 150 0 0 0 0 300 0 0 -291 0 0 0 0 0 0
0 0 350 0 0 593 0 99 125 0 650 0 0 0 833 600 100 0 0 700 500 583 733 750 575 700 300 833 0 125 400 0 0 400 400 180 0 125 0 0 400 0 750 500 0 500 0 600 0 0 0 833 799 100 0 649 649 0 0 0 0 0 0 400 0 800 888 0 200 0 0 350 0 600 0 0 500 100 0 0 0 166 0 0 0 600 0 0 0 0 200 0 100 541 0 0 0 0 0 0
#hcafc 2016-12-10
0 500 0 0 175 650 350 -500 0 -316 0 0 0 466 300 0 -12 0 -166 0 0 0 -125 0 400 0 700 378 0 -500 0 -200 500 0 -300 -250 -500 0 200 0 500 0 300 195 0 0 -22 0 111 0 0 500 0 66 0 0 368 0 0 200 333 0 1000 0 -166 66 -699 -100 400 136 0 333 0 316 800 -100 0 285 400 300 0 533 198 -200 1000 400 0 100 500 -400 0 0 -194 250 0 0 0 0 -50 0
0 500 0 0 366 250 550 1000 0 400 0 0 357 633 300 0 775 0 166 0 0 0 266 0 1000 0 600 308 0 1000 0 250 1000 1000 475 666 1000 0 900 0 600 0 100 466 0 0 411 0 255 0 0 483 0 341 0 0 727 0 0 900 99 583 300 0 166 466 800 500 1000 454 0 333 0 616 200 200 0 535 875 500 0 833 552 800 300 800 400 300 625 400 0 0 288 333 0 0 0 1000 850 1000
#CPFC 2016-12-10
136 0 136 0 0 0 0 -1000 0 -275 0 0 -100 -125 0 0 0 0 0 125 200 0 492 0 0 0 250 0 100 500 -600 500 0 500 -200 170 170 170 0 100 0 0 0 0 -333 0 237 0 700 0 0 -1000 0 0 500 -500 0 -400 168 1000 0 400 400 0 0 0 0 0 0 400 0 0 0 0 0 -150 199 0 0 250 550 0 0 0 170 400 400 136 136 136 0 75 0 666 0 0 136 200 0 0
454 0 454 0 0 0 0 1000 125 525 0 0 850 375 0 100 0 0 0 250 100 0 567 0 166 0 333 1000 1000 500 800 500 0 600 600 500 500 500 0 1000 0 0 650 0 799 0 600 0 600 0 0 1000 0 0 700 900 100 400 350 300 100 800 800 0 600 0 0 0 0 800 0 0 0 0 0 200 700 0 0 500 500 100 0 66 454 850 850 500 500 500 0 575 0 966 600 0 500 400 0 0
#Swans 2016-12-10
-250 33 0 -500 0 0 400 0 0 0 0 133 133 700 500 0 0 -62 1000 375 0 250 350 350 800 -166 -125 0 800 800 800 288 0 0 -75 0 0 0 1000 -1000 233 0 0 0 500 500 213 700 268 0 0 100 200 0 0 0 0 0 55 0 500 433 -200 200 0 0 0 -291 0 0 -699 0 125 -18 0 -166 0 500 0 130 0 0 0 500 0 0 0 166 0 0 0 0 0 0 0 0 0 0 0 0
750 433 0 200 66 0 700 0 0 0 0 233 233 883 500 0 0 337 300 725 0 512 300 300 1000 666 375 50 1000 1000 1000 400 1000 0 600 0 0 0 300 1000 408 0 0 0 833 833 500 600 568 1000 0 400 500 0 0 0 0 0 388 0 833 833 400 233 0 0 0 541 1000 0 800 0 666 325 0 1000 0 833 0 400 0 0 0 833 0 0 0 333 0 0 0 0 0 0 0 0 0 0 0 0
#SAFC 2016-12-10
0 156 0 0 0 0 0 333 0 0 0 -462 0 1000 100 0 0 0 0 0 0 -77 -166 0 0 375 800 0 1000 800 166 -166 0 350 800 -133 399 0 100 600 0 700 0 0 900 0 0 117 -39 0 0 -400 -125 500 0 416 0 0 0 0 -83 0 0 200 1000 1000 -133 -9 100 100 100 100 0 0 175 125 100 100 166 -145 -145 0 0 278 0 -77 -500 0 0 378 0 100 378 333 -291 400 -291 200 0 400
0 550 0 0 100 0 0 566 0 0 0 637 1000 400 1000 0 0 0 0 100 0 144 433 1000 0 725 750 0 300 400 516 433 1000 550 1000 316 400 0 400 800 0 900 0 0 1000 0 0 787 538 0 0 400 125 833 0 500 0 0 0 1000 466 0 500 200 400 400 133 524 300 300 300 300 0 0 500 214 400 400 966 404 404 0 0 335 100 498 700 0 0 266 0 400 266 99 541 800 541 500 0 800
#WatfordFC 2016-12-10
68 400 766 400 0 100 125 -400 250 0 0 68 0 900 700 0 1000 0 0 0 175 130 272 0 -400 68 0 150 68 450 68 0 0 0 0 500 -71 350 333 37 500 1000 -625 0 68 68 -400 0 68 233 0 0 0 0 0 800 0 350 199 0 -125 0 0 0 300 -75 233 0 0 781 0 500 0 0 100 0 136 0 500 0 0 0 0 400 250 0 0 0 0 400 300 -200 0 300 750 1000 750 450 -312 0
227 800 700 800 0 400 500 400 200 0 0 227 0 350 700 0 1000 0 0 0 400 130 444 0 600 727 0 600 727 700 727 0 0 0 0 800 678 350 99 287 500 750 1000 0 727 727 400 0 277 250 0 0 0 0 0 900 0 450 583 0 500 400 0 0 650 644 366 0 66 712 0 500 0 0 400 0 454 0 500 0 0 1000 1000 800 450 0 0 0 0 350 450 300 0 650 950 1000 950 750 687 0
#EFC 2016-12-10
0 0 500 3 0 0 700 0 500 0 100 400 0 5 136 136 136 0 285 0 0 -186 -121 -121 -266 200 1000 0 -156 0 0 0 0 -121 0 0 0 0 400 0 0 -349 -349 -349 -349 166 -116 -600 0 -300 -349 800 0 0 300 300 300 300 0 -121 -121 0 0 0 0 0 0 0 0 0 0 0 136 136 0 0 200 400 0 0 0 0 0 0 0 0 0 900 600 0 300 450 100 0 0 156 0 -699 0 0
0 0 500 621 0 0 600 562 500 0 0 800 0 866 454 454 454 0 535 0 0 857 451 451 600 500 300 125 200 0 100 0 100 451 0 0 0 0 800 0 0 333 333 333 333 199 344 900 0 400 333 750 0 0 100 100 100 100 0 451 451 100 0 100 0 0 0 0 0 0 0 0 500 500 357 0 100 800 0 0 0 0 0 0 0 0 0 350 900 0 100 400 400 100 0 750 0 666 0 0
