#MUFC 2018-03-31
0 700 -50 -400 487 0 0 0 0 0 0 0 1000 0 136 0 0 0 0 0 0 0 0 0 0 0 0 0 0 0 0 0 0 0 0 0 0 0 0 0 0 0 0 0 866 0 200 233 0 0 0 0 0 0 66 0 200 500 0 200 500 0 0 0 0 1000 400 305 -135 166 0 500 0 0 0 -200 200 200 0 0 393 0 357 0 0 0 0 175 -49 350 -500 0 1000 0 312 433 283 107 200 0
0 600 483 600 625 0 0 0 0 0 0 0 400 0 500 0 0 0 0 0 0 0 0 0 0 0 0 0 0 0 0 0 0 0 0 0 0 0 0 0 0 0 0 0 533 0 200 366 0 66 0 0 0 0 833 0 500 1000 0 200 800 0 0 0 0 400 700 597 521 233 1000 500 0 0 0 800 766 100 0 0 487 1000 571 0 0 0 0 266 350 650 666 0 300 0 250 766 250 221 300 0
#Swans 2018-03-31
0 366 375 500 0 0 850 0 0 0 0 0 -57 0 1000 0 349 0 0 0 0 0 0 175 600 0 125 400 0 350 0 700 0 0 0 -33 0 146 0 0 0 0 0 200 -275 0 0 346 0 300 406 650 0 200 0 0 0 300 425 0 100 500 0 800 700 500 0 0 700 -137 0 0 0 0 250 0 0 0 0 0 500 100 34 0 0 0 400 552 833 0 0 100 0 0 0 0 500 0 0 0
0 766 1000 500 0 0 1000 0 0 0 0 0 566 0 300 0 377 0 0 0 0 0 0 325 950 0 125 200 0 477 0 600 0 0 0 366 0 611 0 0 0 0 0 200 450 0 0 715 0 549 569 800 0 300 0 0 0 700 666 0 400 1000 0 750 600 750 0 0 600 225 0 0 0 0 500 0 0 0 0 0 1000 400 295 0 0 0 900 470 1000 0 0 100 100 0 0 0 900 0 0 0
#NUFC 2018-03-31
99 0 0 493 512 0 0 266 0 0 0 -250 0 300 0 500 -212 166 0 0 1000 0 0 450 -75 500 500 0 0 33 800 450 800 -125 112 500 -65 500 0 600 0 0 0 1000 0 587 -77 0 0 125 -100 197 484 462 136 0 0 266 1000 0 285 75 0 400 0 0 -62 199 -300 200 0 268 0 0 0 437 0 250 68 500 375 0 0 150 275 550 350 0 0 0 0 0 0 250 0 0 0 0 0 0
366 0 0 756 518 0 0 333 0 0 0 800 0 100 0 500 418 600 0 0 750 0 0 750 541 888 350 0 0 833 400 775 400 375 562 900 404 900 0 800 0 0 0 300 0 750 144 0 0 283 633 450 673 562 454 400 0 333 300 950 535 275 0 900 500 0 725 300 400 700 0 627 0 0 0 350 0 375 352 500 625 0 0 150 625 750 550 0 0 0 0 0 0 250 0 0 0 0 0 0
#HTAFC 2018-03-31
-33 0 0 136 0 800 0 0 0 0 125 350 261 0 800 38 -58 0 0 333 116 -366 266 200 145 0 0 300 -500 0 -500 0 0 350 0 334 159 0 0 0 150 -500 0 268 800 -200 0 0 0 -200 0 0 0 0 0 -200 11 136 250 0 600 0 0 300 95 0 100 100 333 0 350 0 0 98 0 0 0 -100 -100 -800 87 0 -117 56 -150 0 500 10 0 183 0 0 0 0 0 0 100 239 227 0
155 0 0 454 0 875 0 0 0 86 383 550 680 0 750 392 308 0 0 433 205 422 600 512 216 0 0 400 1000 0 562 0 0 550 0 537 375 0 0 0 172 1000 0 427 750 250 0 0 0 250 0 0 0 0 0 700 586 500 333 38 1000 0 250 400 248 0 400 400 433 0 550 0 0 477 0 0 0 400 400 900 179 0 327 293 200 0 500 700 0 316 0 0 0 0 0 0 329 472 545 1000
#WatfordFC 2018-03-31
0 0 800 0 0 266 83 166 0 100 333 500 0 227 0 191 -166 458 -88 0 49 637 125 108 400 1000 -375 0 0 500 233 0 409 0 300 0 0 0 125 0 227 0 0 400 350 0 0 0 0 -400 350 350 1000 500 125 350 350 108 0 0 -400 350 -66 194 166 100 0 575 0 75 600 256 0 66 0 77 250 600 454 0 0 0 100 -100 0 -50 0 -125 625 625 400 333 0 375 0 55 100 0 -96 0
0 0 400 0 0 418 133 166 0 250 416 500 0 545 0 391 166 500 311 0 649 550 166 318 900 300 500 0 0 500 366 0 600 0 516 0 0 0 250 0 545 0 0 800 550 0 0 0 0 700 550 550 300 500 166 550 550 318 0 0 700 550 350 344 283 275 0 475 0 462 950 476 0 183 0 411 900 666 741 0 0 0 1000 400 0 450 0 125 1000 1000 900 366 0 200 0 655 100 0 243 0
#AFCB 2018-03-31
0 0 333 468 0 83 0 500 312 0 0 0 300 -92 0 169 262 -625 0 1000 437 0 533 350 203 -400 350 350 0 350 350 350 -250 525 0 250 0 200 0 -250 0 0 0 0 0 -250 600 0 375 0 0 0 0 700 584 400 111 0 183 183 136 -500 237 0 0 0 0 125 500 274 1000 300 -142 312 430 650 0 0 0 0 0 0 0 -100 0 318 125 0 500 0 0 400 0 300 0 0 0 -62 0 0
0 0 833 750 0 133 0 500 408 0 1000 0 300 453 0 268 601 1000 0 300 550 0 500 550 700 700 550 550 0 550 550 550 200 541 0 333 0 200 0 500 0 0 0 450 0 200 950 0 200 100 0 0 0 600 550 250 388 1000 277 277 454 1000 333 0 0 50 0 300 700 605 1000 300 514 333 634 450 0 0 0 0 0 0 583 200 0 727 391 433 500 0 0 800 0 200 0 0 0 400 0 0
#WBA 2018-03-31
136 0 0 0 0 -42 0 0 0 450 0 0 0 0 284 575 0 0 -50 284 0 0 284 0 0 -300 -600 284 0 250 350 0 284 0 284 800 100 -312 0 0 0 0 0 500 -77 43 0 66 250 0 0 212 0 0 -155 136 -400 -66 0 0 0 0 120 0 -800 500 -243 0 212 0 125 0 -500 -200 0 0 0 -133 0 0 250 -50 284 162 100 0 0 284 -300 0 350 202 0 0 250 0 0 0 0 800
500 0 1000 0 0 436 0 1000 750 775 0 0 600 1000 513 666 0 0 425 513 0 1000 513 0 0 700 800 513 0 250 550 95 513 1000 513 1000 900 500 0 0 0 0 0 425 144 543 0 100 200 0 0 651 0 100 288 454 400 300 0 500 0 0 180 0 1000 600 550 0 473 1000 216 0 500 800 0 0 0 166 0 0 425 200 513 333 400 0 0 513 725 500 662 345 0 66 250 66 1000 100 0 700
#Clarets 2018-03-31
-250 0 602 0 249 0 0 0 0 0 0 0 -108 0 0 0 625 0 50 0 0 191 448 0 143 0 0 0 266 0 0 0 0 0 0 -200 0 0 0 625 -108 150 -93 150 650 0 0 1000 0 155 0 0 0 625 0 0 0 0 0 -108 0 0 500 625 0 350 350 0 0 0 0 0 0 0 0 0 0 -108 357 0 0 266 0 625 0 0 -108 -200 0 50 325 0 266 100 625 50 0 0 0 0
250 0 820 0 550 0 0 0 0 0 0 0 466 0 0 0 900 0 200 100 750 558 696 0 479 0 0 0 233 0 0 0 0 0 0 50 0 0 0 900 466 447 283 447 750 0 0 1000 0 260 0 0 500 900 0 0 0 0 0 466 0 0 700 900 0 550 238 0 0 0 0 0 0 0 0 0 0 466 571 0 0 233 0 900 0 0 466 450 0 50 625 700 233 100 900 50 0 0 0 0
#WHUFC 2018-03-31
0 0 -75 216 800 0 0 200 0 100 0 0 0 -300 100 500 227 222 100 0 0 0 250 0 0 0 0 -222 0 0 24 -257 1000 0 0 0 49 0 0 66 83 0 0 0 120 -400 0 66 0 0 0 0 100 350 0 42 -1000 375 266 0 0 233 100 300 200 700 0 216 400 216 216 216 136 0 0 -125 -350 0 62 0 0 800 200 133 0 277 0 -1000 800 800 800 -700 800 0 0 -150 -419 0 500 400
100 0 366 366 1000 0 0 500 166 50 0 0 100 400 100 900 545 222 400 50 0 0 333 1000 0 0 0 388 0 0 266 717 300 0 0 0 550 0 0 327 464 0 0 500 280 600 0 366 0 0 333 0 50 333 0 204 1000 500 600 100 0 444 450 0 300 600 0 366 445 366 366 366 454 0 0 375 550 0 500 0 0 200 200 366 0 455 166 1000 1000 1000 1000 1000 1000 0 0 400 750 0 150 550
#SaintsFC 2018-03-31
0 0 0 0 0 0 0 0 0 -62 300 0 0 -300 0 0 -200 -500 0 0 -222 -39 500 0 1000 400 237 33 0 500 78 0 270 800 120 200 -312 366 -93 0 -166 -500 0 700 400 -150 0 375 0 0 0 0 0 0 0 0 0 800 400 237 319 0 99 800 0 -700 100 483 900 111 0 0 175 458 66 119 0 500 525 150 83 500 400 0 208 0 0 200 442 525 800 0 800 -99 0 0 348 0 11 500
0 0 0 0 0 0 0 0 0 437 1000 0 0 400 0 0 250 500 0 0 388 200 500 0 300 550 662 800 0 600 308 0 666 400 280 725 462 561 300 500 466 1000 0 800 445 300 0 416 0 0 0 0 0 0 0 0 0 400 537 687 520 0 525 400 0 1000 100 500 750 255 0 0 275 633 244 290 0 150 625 300 866 500 400 0 750 0 0 500 717 725 750 0 400 199 0 0 529 0 55 888
#CPFC 2018-03-31
1000 0 150 0 0 0 0 1000 0 37 212 333 0 0 0 0 0 0 0 0 0 0 0 0 0 0 199 250 0 0 357 447 366 0 357 437 1000 0 1000 1000 700 1000 -200 417 0 0 -200 -125 -500 0 0 625 200 224 136 136 200 136 80 -66 250 1000 1000 0 400 212 -800 700 -800 0 -800 340 0 0 0 0 0 0 652 0 -225 100 500 0 0 0 833 0 0 11 0 62 62 62 340 0 66 700 0 0
300 0 250 0 0 1000 0 300 0 491 675 391 0 100 0 0 100 0 0 0 0 0 0 0 0 0 600 333 0 0 571 505 833 0 535 550 300 0 300 300 600 300 233 472 0 0 400 375 600 0 300 500 600 577 500 500 400 500 360 633 900 300 1000 0 560 384 900 600 900 0 900 800 0 1000 0 0 0 0 586 0 419 300 500 0 0 0 1000 0 0 586 0 500 500 500 561 0 408 600 0 0
#LFC 2018-03-31
412 0 500 0 -2 -50 0 0 0 214 0 -200 0 -200 333 0 100 180 0 0 -313 0 0 0 0 0 0 0 0 0 0 0 0 0 0 0 0 0 0 0 0 0 0 333 0 233 0 400 175 500 0 0 0 0 250 500 0 68 0 800 33 250 255 0 0 0 0 0 0 0 -100 0 375 600 309 345 425 0 500 -400 120 1000 1000 0 1000 1000 400 625 0 0 -40 0 0 0 0 0 125 1000 166 200
550 500 500 0 435 200 0 0 0 629 0 500 0 500 833 1000 425 425 0 0 380 0 0 500 0 0 0 0 0 0 0 0 0 0 0 0 0 0 0 0 0 0 0 833 0 255 0 400 425 750 0 0 0 0 450 750 0 300 50 750 66 200 444 0 0 0 0 0 0 0 250 0 750 900 469 718 541 0 500 400 266 400 400 100 400 400 400 900 0 0 333 125 0 100 0 0 400 750 350 300
#LFC 2018-03-17
0 100 187 0 0 433 0 0 700 350 -275 0 0 71 1000 -125 0 0 0 0 -45 -325 375 1000 -291 0 0 0 50 68 0 371 100 -233 -700 100 700 -97 0 748 0 0 33 33 -200 500 -41 546 800 0 500 0 535 0 225 0 300 136 125 0 0 0 0 95 200 468 0 0 400 800 200 0 0 0 -700 400 166 0 0 -500 -424 -100 0 0 0 0 -500 161 300 125 100 200 -1000 -166 200 1000 0 375 0 0
0 900 433 0 0 600 0 0 825 550 525 0 0 685 1000 375 0 0 0 0 495 533 750 750 541 0 0 0 550 227 0 687 100 433 200 200 833 650 633 725 0 0 466 66 550 633 133 683 400 0 533 0 593 500 350 0 791 500 649 0 0 0 0 534 300 427 0 0 800 400 212 0 0 0 800 650 500 0 0 1000 641 200 0 0 0 0 1000 278 500 283 800 200 1000 166 300 1000 0 750 0 100
#WatfordFC 2018-03-17
0 266 -500 150 750 0 -82 0 100 0 -62 0 0 0 0 187 0 0 500 50 0 175 400 50 50 350 400 0 0 -100 -200 500 350 0 213 -275 379 350 350 0 0 199 0 0 175 -206 375 0 -206 500 500 350 50 354 250 0 175 0 0 208 250 0 24 800 0 0 375 0 0 -62 0 437 0 0 500 -187 0 -131 83 0 -500 -150 200 -500 -400 0 0 0 83 800 -500 800 -500 0 0 -166 268 -25 0 0
0 166 1000 211 550 0 200 0 950 0 800 0 0 0 0 250 0 66 500 100 0 216 400 100 100 550 400 0 0 525 100 449 550 0 500 496 356 550 550 0 0 377 0 550 216 350 375 0 350 500 900 550 100 750 400 0 216 0 0 312 350 0 350 1000 0 0 666 0 0 400 0 611 0 500 900 484 0 450 444 0 300 641 625 300 400 0 66 0 444 1000 300 1000 1000 0 0 433 450 125 0 0
#AFCB 2018-03-17
0 -550 0 0 0 0 0 400 0 0 0 0 0 0 287 -155 0 0 419 0 500 100 0 0 166 18 -300 -600 50 -149 250 0 400 550 0 337 325 633 0 0 393 0 -600 293 200 183 0 50 83 0 0 183 250 500 212 555 0 320 100 466 0 0 0 0 183 400 0 85 0 350 937 0 0 0 0 0 -12 550 0 1000 300 0 0 0 0 0 0 500 0 0 0 0 0 -62 83 175 0 0 0 -250
516 800 0 0 0 0 0 450 0 0 0 0 0 0 633 288 0 125 966 0 500 1000 0 0 600 625 433 900 150 750 750 0 1000 1000 0 509 500 706 0 0 475 0 900 462 500 216 1000 83 133 0 0 216 350 500 687 875 0 483 300 633 0 0 0 0 462 800 0 488 0 100 950 0 0 0 250 0 0 700 0 1000 441 0 0 0 1000 0 0 888 0 0 0 0 0 400 133 275 0 0 0 888
#WBA 2018-03-17
100 136 0 -800 165 600 500 58 -400 0 0 500 285 0 800 100 100 0 536 151 0 781 0 0 700 156 -187 0 0 -90 0 175 1000 271 450 0 0 8 0 0 0 0 250 0 0 0 0 0 136 -500 0 0 0 600 -225 0 500 -56 440 1000 0 -400 83 0 0 0 250 0 0 81 -600 0 250 0 -236 0 250 -200 333 0 0 100 0 0 0 1000 -399 300 0 0 800 285 0 732 -379 0 -1000 -500 1000 0
916 500 0 900 526 1000 600 450 600 0 0 500 535 0 1000 422 450 0 662 529 0 500 700 0 600 283 500 0 350 593 0 825 1000 571 450 0 0 700 0 0 66 500 500 0 66 66 0 0 454 666 0 0 0 1000 488 0 1000 793 530 300 0 700 133 0 0 0 350 0 0 525 800 0 428 1000 833 0 333 700 700 533 0 400 0 0 0 1000 851 650 0 0 1000 535 0 100 566 0 800 1000 1000 0
#HTAFC 2018-03-17
0 0 325 199 0 500 0 0 24 354 500 0 0 0 -79 300 0 275 0 0 0 0 0 0 0 -133 0 354 0 0 0 0 0 500 0 433 0 0 0 0 0 0 800 0 0 -125 200 550 0 0 0 -111 0 0 0 0 0 -400 0 0 0 0 0 183 -377 90 0 0 -79 0 0 0 -112 183 0 0 0 250 600 300 0 0 -24 0 300 366 25 -400 400 -125 0 350 -125 37 -156 83 0 166 0 -125
0 0 466 433 0 500 0 0 366 477 1000 0 0 0 385 546 0 325 0 0 0 0 0 0 0 366 0 477 0 0 0 0 0 1000 0 450 0 0 0 0 0 0 400 0 1000 375 200 750 0 0 1000 833 0 0 0 0 0 400 0 0 0 0 0 216 494 516 0 50 383 0 0 0 662 216 0 0 0 350 900 366 0 0 697 0 313 566 268 700 900 375 0 338 375 287 375 383 0 500 1000 375
#CPFC 2018-03-17
0 400 500 0 533 312 520 1000 250 325 400 107 0 100 0 0 33 156 0 0 0 1000 250 0 0 500 -244 0 0 49 449 0 0 208 223 -31 0 0 250 -800 0 0 0 0 0 0 400 0 0 0 616 0 500 278 -400 500 562 500 0 0 136 0 100 -150 0 0 800 136 0 0 0 400 350 -111 0 0 0 0 0 0 255 0 0 0 0 500 183 0 0 0 0 384 541 250 0 183 250 0 300 -322
0 500 500 0 516 250 1000 300 333 466 600 285 0 350 0 0 66 625 0 0 0 400 200 0 0 1000 375 0 0 500 750 100 0 833 318 518 0 0 750 900 0 0 0 0 0 0 900 0 0 0 377 0 1000 433 600 1000 791 750 0 0 500 0 300 449 0 0 400 500 0 1000 1000 1000 550 833 0 0 0 0 0 0 477 0 0 0 0 750 216 250 0 0 100 510 519 333 0 216 350 0 366 466
#SCFC 2018-03-17
0 0 250 0 500 0 0 0 0 0 0 -166 200 200 0 0 -83 399 0 500 -347 0 500 128 258 0 -55 0 49 0 0 -106 0 62 800 -83 0 0 0 142 0 0 0 33 0 250 250 350 -83 0 300 200 0 700 0 700 700 0 0 0 0 0 0 500 56 0 0 -150 0 33 0 0 0 380 0 -100 0 0 -100 0 -600 0 400 0 0 0 -699 200 437 0 0 0 283 0 0 250 285 -221 0 0
0 0 312 0 833 0 0 0 0 0 0 166 400 400 0 0 83 500 0 500 644 0 500 262 533 0 388 0 450 100 500 198 0 183 750 83 250 0 0 559 0 0 0 633 0 500 350 550 83 0 650 350 0 500 500 500 500 0 1000 0 0 0 1000 900 166 0 1000 700 0 666 0 0 0 650 0 525 0 0 400 0 800 0 400 0 0 0 666 375 650 0 0 0 544 0 0 500 535 551 0 0
#EFC 2018-03-17
-112 0 -41 0 0 125 242 -250 0 1000 166 350 0 437 458 0 0 0 0 0 -174 0 0 0 0 0 175 268 0 700 250 -200 417 500 0 0 0 200 0 0 0 0 700 100 200 0 0 0 0 0 0 0 0 0 0 0 333 0 136 0 -200 150 0 0 0 136 375 0 100 0 0 166 333 0 0 0 0 0 400 50 0 75 50 318 0 0 0 -100 0 -107 0 0 0 500 0 0 400 0 150 350
310 0 133 0 0 400 348 250 0 1000 214 450 0 400 725 0 0 0 0 0 240 0 0 650 100 0 375 627 0 350 300 0 408 500 0 0 0 500 0 0 0 0 600 400 100 0 0 0 0 0 1000 0 0 0 0 0 766 0 454 0 700 500 0 0 0 454 500 0 50 100 0 600 533 0 0 100 0 0 600 100 0 434 300 477 0 0 0 400 0 878 0 0 0 500 0 125 1000 0 450 750
#SCFC 2018-03-12
117 0 0 -72 0 0 0 0 76 0 0 0 0 0 -177 0 -25 0 100 0 500 -49 0 250 0 71 0 -125 100 0 500 160 156 416 0 0 0 700 100 1000 550 0 0 0 0 575 800 0 600 -250 174 -500 1000 750 250 112 350 -400 0 500 -158 -4 -72 -49 500 500 500 0 148 500 366 500 -178 500 1000 500 566 136 500 111 0 0 0 -30 -166 0 500 500 500 500 500 85 250 400 136 500 136 136 500 0
407 0 0 337 0 0 66 0 443 0 0 0 0 0 344 0 675 0 400 0 500 1000 0 333 0 542 0 833 300 0 500 500 133 666 100 0 200 600 400 1000 700 0 0 0 500 675 750 0 700 1000 603 600 500 1000 562 595 550 400 0 900 799 378 372 900 900 900 900 0 594 900 866 900 285 900 1000 900 833 500 900 355 0 0 0 485 166 0 900 833 900 900 900 250 450 444 500 900 500 500 900 0
#MCFC 2018-03-12
800 562 0 173 208 -100 0 -300 139 -280 800 0 0 500 0 375 0 -133 250 399 0 0 266 0 0 -400 333 0 0 0 49 500 0 -126 166 0 760 0 329 0 0 0 0 433 0 0 55 0 208 500 0 0 0 0 -450 208 179 -100 300 0 0 0 300 0 0 0 -162 0 0 -300 0 237 266 0 0 0 0 0 0 0 200 0 0 0 0 390 0 0 0 0 0 0 -155 0 0 0 0 0 0 -250
900 450 0 437 250 400 0 600 400 640 400 1000 0 500 0 611 0 733 400 616 0 0 133 0 0 700 500 100 0 0 550 500 0 341 562 0 666 100 895 0 0 250 0 561 0 0 420 0 250 600 1000 0 0 0 700 250 125 400 500 0 0 0 500 0 0 0 537 0 0 650 0 525 750 0 0 1000 0 0 0 0 400 0 0 250 0 459 0 0 0 0 0 0 288 0 0 0 0 100 0 800
#AFCB 2018-03-11
62 0 0 0 0 0 150 0 242 0 357 357 375 -500 136 -625 0 0 200 0 0 0 0 -200 -166 200 600 -161 0 550 0 0 -400 -291 -155 0 0 200 500 625 136 125 0 0 -400 0 150 0 0 0 0 121 -500 -51 20 136 0 0 1000 411 0 625 0 187 0 -6 -129 0 550 500 0 500 0 0 350 -400 550 0 100 500 0 136 0 0 0 -250 0 0 0 500 0 0 650 0 0 0 -62 0 136 171
437 250 0 0 0 0 300 0 552 0 571 571 200 625 454 1000 0 0 500 0 0 0 0 325 416 100 550 227 0 450 0 0 400 541 288 0 0 400 600 500 500 100 0 0 400 0 200 0 0 0 0 333 1000 429 384 454 0 0 1000 588 0 900 0 437 0 875 666 200 450 500 1000 500 0 0 550 400 450 0 400 500 0 454 0 0 0 399 0 0 0 500 66 0 450 0 0 0 350 0 500 523
#COYS 2018-03-11
0 -400 890 3 0 68 0 350 233 0 900 -400 0 68 0 0 0 0 566 0 273 200 200 355 335 466 136 900 0 0 529 317 -200 0 0 500 400 291 300 500 500 173 0 0 575 225 -291 233 0 170 153 312 261 0 225 275 700 41 0 118 169 0 -66 0 0 -400 333 641 412 0 0 -937 0 0 -976 500 357 0 900 250 625 0 500 0 799 99 608 466 0 136 -55 500 -141 0 296 625 175 433 0 599
0 400 812 475 0 277 0 650 799 500 575 400 0 352 0 0 0 0 549 0 497 400 900 512 550 616 454 700 0 1000 511 353 283 0 0 600 1000 325 100 1000 500 403 0 0 356 600 541 466 750 527 379 425 678 0 366 325 600 208 0 377 547 0 600 0 0 600 666 699 550 0 0 800 0 0 700 900 571 0 700 250 500 0 600 0 716 700 708 433 125 454 466 600 158 0 463 500 275 833 0 508
#AFC 2018-03-11
100 0 283 0 0 0 0 0 0 0 136 0 0 0 0 800 0 0 0 900 0 0 500 0 485 0 0 1000 250 -625 227 0 0 294 812 33 0 0 250 0 227 250 250 0 -400 0 0 100 1000 425 0 1000 0 0 1000 1000 0 500 225 100 500 0 450 0 1000 500 800 250 0 0 0 -500 100 100 291 0 0 166 0 800 600 750 0 0 200 0 0 218 1000 500 0 0 0 0 500 0 800 0 375 0
400 0 444 0 0 0 0 0 0 0 454 0 0 0 0 1000 0 0 0 400 0 0 900 0 427 0 0 400 250 1000 545 0 0 492 449 133 0 0 250 0 545 500 500 0 600 0 0 150 300 775 0 1000 0 100 750 300 0 150 216 400 150 0 500 0 300 900 750 250 0 0 0 900 100 400 463 0 0 666 0 400 633 900 0 0 500 500 0 477 1000 500 0 0 0 125 500 0 400 0 200 0
#WatfordFC 2018-03-11
900 700 0 0 350 225 0 -300 0 800 0 -500 -400 375 0 0 0 400 300 0 246 80 175 -281 800 200 0 100 0 0 0 150 0 313 0 0 0 250 -155 0 0 0 0 0 275 515 313 0 0 0 313 -666 0 0 -666 166 313 289 4 50 25 800 0 -37 80 0 -281 200 0 400 400 571 0 0 700 -150 800 0 0 500 227 0 250 -350 -155 0 1000 0 500 800 1000 100 0 100 0 0 0 400 533 0
1000 600 0 0 550 600 0 600 0 400 0 600 600 200 0 0 0 450 516 0 566 339 800 306 400 500 0 350 0 0 0 50 125 472 125 0 562 300 288 0 0 0 0 0 681 466 472 0 125 125 472 1000 0 125 1000 399 472 451 233 191 400 400 22 279 339 125 306 500 500 562 400 480 0 0 600 650 1000 250 400 900 545 0 700 500 288 0 300 0 833 400 400 133 0 238 0 0 0 400 600 0
#CFC 2018-03-10
0 0 750 100 0 0 0 800 81 0 0 0 0 -66 0 0 0 0 0 411 400 199 0 0 0 0 237 0 0 0 0 -199 62 625 62 0 -148 0 700 399 0 316 143 -77 250 0 0 0 0 0 0 0 0 227 0 -400 200 300 0 300 508 0 0 500 0 0 0 733 0 0 -41 -199 -356 0 0 283 0 0 500 154 0 0 0 0 0 0 400 0 500 0 533 216 357 49 -100 0 -625 0 -125 -100
0 1000 750 150 0 0 0 1000 450 0 0 0 125 222 200 0 0 0 0 511 425 450 0 0 0 0 575 0 0 0 0 744 500 600 500 0 425 0 800 166 0 799 268 644 450 0 0 0 0 0 0 0 0 545 0 700 300 449 0 500 451 0 0 1000 0 0 66 633 0 0 480 300 543 0 0 716 0 0 500 770 0 0 0 500 0 0 400 0 500 0 266 494 397 700 400 0 1000 0 375 400
#CPFC 2018-03-10
0 0 0 0 62 337 375 -66 0 0 0 -500 0 31 250 291 0 437 0 400 -50 227 0 0 0 0 140 0 -200 0 0 0 700 400 400 400 0 0 0 162 166 0 166 0 0 0 -100 -100 0 0 0 142 0 0 250 4 0 484 216 375 0 24 318 214 350 375 350 0 750 580 0 750 0 0 0 380 0 0 0 -266 0 0 -19 0 212 0 0 85 0 0 500 0 17 0 450 0 -19 142 275 0
0 0 0 0 500 387 100 222 0 0 0 900 1000 250 750 225 500 500 0 550 450 545 0 300 0 0 436 0 450 71 250 0 950 700 700 700 500 500 0 437 462 0 233 0 0 750 400 400 0 76 0 267 0 0 375 657 0 750 416 416 0 275 550 571 550 875 650 0 750 672 0 750 0 0 1000 700 0 0 0 766 0 416 210 0 366 0 0 750 0 0 500 1000 288 0 700 0 579 317 450 0
#EFC 2018-03-10
500 200 0 0 0 500 0 250 0 468 0 0 500 -155 0 0 0 0 -200 0 0 0 -349 500 0 0 0 -46 0 0 450 0 364 0 0 -300 0 -155 0 285 100 0 500 0 62 0 400 -500 200 500 -243 200 500 0 0 0 0 350 -25 0 0 620 0 650 100 0 100 -114 100 100 -333 250 0 -600 100 0 33 -22 333 0 0 0 0 -100 0 0 0 119 50 0 0 0 0 0 500 0 0 500 -431 0
900 200 0 0 100 750 0 333 600 450 0 0 750 288 62 357 357 0 400 0 0 0 833 500 1000 1000 1000 546 0 0 850 0 307 100 0 100 0 288 0 535 700 0 750 0 500 0 400 900 100 600 288 933 894 0 0 0 0 625 262 83 0 566 0 875 700 0 700 588 700 700 1000 450 0 700 700 0 500 566 833 0 0 0 0 500 0 1000 0 469 50 0 0 0 0 0 500 0 0 888 727 0
#BHAFC 2018-03-10
166 130 100 0 392 291 140 0 87 0 0 87 0 150 500 554 0 0 0 0 500 400 136 800 0 0 0 0 0 1000 500 0 0 350 -350 0 199 0 0 0 625 0 0 0 0 0 500 0 0 187 0 500 166 0 0 0 -200 0 0 -625 0 500 0 0 0 0 0 -155 500 350 200 500 0 0 -400 0 0 625 500 700 500 333 0 0 0 114 0 500 468 -500 -500 400 0 575 325 -18 0 166 -245 211
583 83 1000 0 517 491 436 0 490 0 0 490 0 650 650 540 0 0 0 0 600 900 454 750 0 0 0 0 0 300 833 0 0 300 900 0 466 0 0 0 500 0 0 0 0 0 500 0 0 437 0 500 333 0 0 0 400 0 0 400 0 500 0 0 0 0 0 288 500 550 900 500 0 0 400 0 0 600 500 600 500 500 0 0 0 285 0 500 427 1000 900 800 0 575 775 483 0 500 646 305
#HTAFC 2018-03-10
0 200 291 0 -43 399 0 0 378 378 0 0 -500 0 0 0 0 0 0 -50 156 -40 0 0 500 0 -21 0 0 1000 0 0 0 1000 0 0 0 0 700 -500 500 0 216 0 0 500 0 0 0 0 -83 136 800 0 733 0 0 0 0 0 416 0 -400 0 0 0 250 466 375 0 -200 500 0 800 378 378 339 0 -150 189 800 440 0 0 0 149 0 0 200 0 0 0 400 0 0 -400 0 371 0 500
0 200 225 0 350 500 0 0 484 484 0 0 1000 0 0 0 0 1000 0 400 500 420 0 0 500 0 222 500 0 1000 0 0 0 1000 0 0 0 0 600 1000 500 112 577 0 0 750 0 0 0 0 283 454 750 166 833 0 0 0 0 0 416 0 400 550 0 0 333 616 100 0 262 500 0 400 484 484 505 0 250 510 750 459 0 0 0 600 0 0 525 0 1000 0 400 0 0 400 0 573 0 500
#Swans 2018-03-10
200 0 0 300 500 0 0 900 500 500 500 500 0 500 625 0 0 0 0 0 156 175 0 348 0 700 0 633 0 0 0 0 0 0 0 0 0 0 -9 500 316 -750 -750 700 800 0 900 130 0 500 0 348 0 229 0 0 0 0 0 0 381 100 130 0 0 0 500 0 -400 0 381 87 175 261 0 -50 -43 0 0 0 0 136 -155 136 -9 0 0 -150 0 0 0 0 0 200 0 0 0 500 0 700
529 0 0 449 888 0 0 1000 500 500 650 500 0 500 600 0 1000 0 0 0 500 500 500 785 0 600 0 666 0 0 0 0 0 0 0 0 0 0 452 650 1000 1000 1000 600 750 0 1000 770 0 900 0 785 0 466 0 0 0 0 0 0 626 400 770 0 0 0 800 500 400 0 626 525 400 378 0 200 250 0 0 0 100 500 288 500 452 0 0 500 0 0 0 0 390 300 0 0 76 500 0 600
#NUFC 2018-03-10
0 150 500 500 0 200 -400 0 0 312 400 0 200 0 -500 -131 0 0 0 283 0 312 0 0 150 500 0 -750 -400 0 350 0 0 0 312 0 -400 0 -875 -216 -875 625 -112 166 250 0 0 700 66 400 -25 150 0 600 400 0 262 266 0 199 199 400 297 0 350 0 150 0 138 100 0 387 266 -733 353 -800 625 0 400 0 -150 0 66 100 0 468 -125 0 0 0 0 -12 0 23 7 125 125 125 -100 250
100 900 500 400 0 200 400 0 0 584 800 0 400 0 900 427 0 0 0 550 0 584 0 0 350 500 399 1000 400 0 300 0 0 0 584 0 400 0 1000 380 1000 900 433 208 300 1000 0 600 133 408 475 350 0 625 450 0 550 500 0 466 466 900 610 0 475 0 300 0 511 425 0 825 816 700 511 900 900 0 700 0 350 0 208 100 0 450 375 125 100 0 0 116 0 600 268 250 250 250 450 500
#SaintsFC 2018-03-10
0 0 -181 -102 -233 0 -131 0 218 33 -744 -875 0 450 300 0 250 250 0 83 -875 -875 0 500 100 0 0 66 -125 100 0 0 -83 250 366 100 0 100 0 -36 0 0 0 -12 166 0 0 -16 900 -274 87 -6 13 800 0 100 100 100 100 75 625 0 350 0 420 0 -700 -200 -200 0 616 0 -156 129 0 250 100 200 118 0 100 0 -1000 -250 0 0 0 0 250 -874 0 -337 500 500 500 500 100 216 0 -125
0 0 507 190 511 0 427 0 425 322 550 1000 0 566 500 0 250 250 0 375 1000 1000 250 500 800 0 0 133 375 133 0 0 133 750 399 400 0 100 0 472 66 66 66 116 729 0 0 333 1000 791 210 390 420 750 100 300 300 300 300 575 587 0 800 0 483 100 1000 400 399 0 616 0 375 500 0 283 300 500 600 0 750 100 1000 300 0 0 0 0 312 666 0 850 750 750 750 750 100 463 0 625
#WBA 2018-03-10
0 566 291 478 500 900 0 0 -100 0 0 0 200 1000 0 0 0 0 -400 -200 0 -400 386 0 333 0 318 350 433 69 712 500 500 225 200 0 0 0 0 0 0 0 0 0 0 800 350 0 0 379 83 1000 0 -1000 0 0 0 0 55 500 -327 0 250 0 600 0 68 0 0 0 0 325 -600 -600 -600 33 0 0 -50 -49 162 250 400 0 0 0 0 -500 37 0 199 0 0 325 0 69 0 136 0 0
0 566 225 785 1000 900 0 66 100 0 0 0 200 750 0 0 0 0 400 250 0 400 509 0 666 0 677 550 833 500 850 900 500 375 200 0 0 0 0 0 0 100 0 300 0 750 544 0 250 622 111 300 0 1000 0 0 0 0 638 500 594 0 850 0 650 0 227 0 0 0 0 775 650 650 650 166 0 0 250 700 325 200 1000 0 50 0 100 1000 237 0 500 0 0 775 0 280 750 454 0 0
#LCFC 2018-03-10
0 0 0 0 600 0 900 -155 0 0 0 -56 525 0 136 416 0 0 0 -200 -12 0 89 289 -400 650 -300 -150 166 0 1000 0 0 0 0 194 0 0 -300 0 1000 400 0 -56 -300 0 0 0 0 177 -62 100 268 312 0 0 400 250 800 0 -266 0 0 0 200 0 0 650 0 800 0 0 285 0 0 0 0 142 0 -8 437 0 0 500 318 100 0 23 -1000 -300 -125 -383 0 700 -250 -100 0 0 0 0
0 0 0 0 1000 0 1000 288 0 0 66 100 366 0 454 500 0 0 0 250 0 0 549 635 700 700 500 224 211 0 1000 0 0 0 533 333 0 0 500 0 300 400 0 100 500 0 0 0 0 455 187 275 650 200 0 0 400 500 750 0 733 0 0 0 333 0 0 500 0 750 0 0 535 0 0 0 0 267 0 441 625 0 0 800 500 600 0 321 1000 250 316 416 0 600 200 400 0 0 0 0
#WHUFC 2018-03-10
300 0 0 0 0 -250 250 -148 0 100 0 0 250 0 -155 150 0 0 0 0 0 100 100 100 0 500 0 500 0 0 325 800 0 0 0 0 0 0 0 100 93 0 0 0 400 700 0 75 500 0 -250 315 350 375 0 325 0 0 0 0 500 200 0 0 0 0 588 0 1000 325 350 100 0 0 -325 0 0 0 375 0 500 -500 500 -250 -150 500 0 500 0 0 350 0 0 0 0 325 200 200 175 800
950 0 0 0 0 250 675 425 0 100 0 0 333 0 288 1000 0 0 0 0 0 0 0 0 0 600 0 500 0 0 450 750 0 0 0 0 0 0 0 400 593 0 0 0 550 600 0 375 500 0 700 420 650 875 0 775 0 0 0 1000 500 100 0 0 0 0 550 0 300 775 550 900 357 0 700 0 0 66 500 1000 500 900 500 888 300 900 0 900 66 0 550 0 0 0 0 775 100 100 275 1000
#Clarets 2018-03-10
55 -200 0 0 0 0 0 800 0 0 0 625 0 0 0 500 500 0 0 625 1000 450 55 -166 0 1000 318 800 0 0 -8 500 625 0 -395 136 274 0 0 -108 0 500 0 0 0 0 0 0 -433 0 750 0 0 0 0 400 0 0 0 0 625 0 0 800 0 700 0 800 0 0 0 250 0 0 0 0 700 0 0 0 0 285 0 625 0 0 22 500 0 400 0 625 100 0 165 117 0 300 0 0
916 300 0 0 0 0 0 400 0 0 175 900 0 0 0 500 500 0 0 900 1000 700 494 433 0 300 477 400 0 0 158 875 900 0 500 454 516 522 0 625 0 833 0 0 0 0 0 0 600 550 750 0 0 0 0 900 0 0 0 1000 900 0 0 1000 0 900 0 1000 333 0 0 400 0 0 0 0 700 0 300 0 300 535 0 900 0 0 244 1000 0 800 1000 900 100 0 480 646 0 200 0 0
#MUFC 2018-03-10
0 0 -166 0 800 100 0 150 -100 0 0 -100 0 -35 108 1000 100 0 -66 0 0 100 0 200 0 0 -500 399 49 200 -204 -204 0 0 200 200 200 0 68 0 516 0 0 0 423 0 0 -129 0 0 0 0 0 0 0 0 0 0 0 0 800 0 0 200 0 200 0 160 100 0 0 0 375 0 0 0 0 200 0 -600 150 166 0 303 0 100 100 -50 139 0 0 0 0 800 0 0 0 66 100 100
0 0 699 0 1000 200 0 425 400 0 0 400 0 628 375 1000 200 0 166 0 0 200 0 200 0 0 400 300 600 500 484 484 0 0 450 450 450 0 227 0 583 0 0 0 685 357 0 433 0 0 0 0 0 0 0 166 0 0 125 0 400 0 0 200 0 200 0 539 200 750 0 1000 416 0 0 0 0 300 0 1000 650 480 0 452 0 200 200 311 490 0 0 0 0 750 0 0 0 500 250 200
#LFC 2018-03-10
250 0 24 200 0 166 500 0 0 -166 -200 400 100 200 0 0 150 0 199 -100 -400 175 -500 -849 500 500 525 0 0 149 0 0 0 -100 0 0 199 412 0 0 0 0 468 0 0 500 296 232 -400 0 0 86 350 300 0 0 0 0 -66 0 0 1000 0 0 0 0 0 0 0 416 200 -204 -204 291 -199 516 159 666 -100 0 0 0 423 0 200 400 0 0 -216 0 0 329 -549 350 -360 0 50 -175 0 0
312 0 366 300 0 333 500 0 0 699 0 800 200 500 0 0 425 0 422 450 400 400 650 833 900 900 366 0 0 650 0 0 0 400 600 250 450 550 0 0 125 100 450 0 0 650 628 371 700 0 0 420 700 350 0 0 0 0 233 0 0 300 0 0 0 500 0 400 0 666 500 484 484 225 744 583 550 433 450 0 0 0 685 0 900 600 0 0 833 0 0 546 650 300 825 0 200 431 0 0
#CPFC 2018-03-05
0 136 233 0 0 300 49 0 0 0 -200 600 0 166 0 0 -200 0 0 0 433 0 0 0 50 0 0 -100 -200 0 -12 0 0 100 0 625 400 0 0 0 0 0 0 250 0 0 266 199 0 0 100 0 295 500 333 500 0 -100 -102 133 -12 300 0 0 0 -189 250 0 400 0 -100 600 300 300 0 211 -62 800 166 158 600 199 0 -256 -500 -5 241 -400 -500 0 -62 0 100 250 0 -750 0 263 0 366
0 500 616 0 0 200 517 0 0 0 233 900 0 433 0 0 233 0 0 0 833 0 0 33 500 0 0 175 233 0 0 0 0 50 0 500 200 0 0 0 0 0 0 333 0 0 600 633 0 0 650 0 645 500 422 900 0 200 344 333 0 200 0 0 1000 287 250 0 600 0 200 950 200 200 0 391 333 1000 400 716 1000 416 0 825 1000 527 641 400 1000 0 640 1000 183 750 0 700 0 437 0 433
#MUFC 2018-03-05
100 0 700 400 0 300 0 781 0 0 0 0 0 0 0 0 266 0 0 400 0 0 0 0 0 -297 500 -150 0 100 0 0 0 -85 1000 0 0 500 -150 0 0 0 -800 0 241 500 0 0 250 250 0 331 375 315 -1000 500 0 600 200 0 0 800 266 -150 -400 0 -12 -150 400 100 0 100 133 49 0 200 1000 0 100 0 168 200 168 0 0 0 0 0 0 0 242 -600 424 0 0 700 500 0 350 0
1000 0 600 900 0 200 0 500 0 0 0 0 0 0 0 500 600 0 0 200 0 250 0 0 0 285 500 583 0 400 0 0 0 529 1000 0 0 500 583 0 250 0 800 0 333 900 0 0 450 750 0 800 700 576 1000 500 0 1000 300 0 0 1000 433 583 400 0 0 583 700 400 0 50 233 250 0 450 300 0 200 0 377 450 377 0 0 0 0 0 0 0 313 900 525 0 0 800 750 0 550 0
#MCFC 2018-03-04
-233 0 0 0 0 0 0 400 900 -100 0 200 0 62 0 1000 0 0 0 1000 0 0 -500 350 0 633 0 366 0 0 0 0 0 0 0 0 0 0 0 0 800 0 425 400 -400 50 0 50 500 50 400 0 0 0 0 0 291 0 700 450 500 0 0 -400 0 0 650 466 158 0 -75 0 -100 900 0 0 0 0 0 0 200 1000 0 0 0 0 0 900 500 0 937 0 0 300 446 0 0 0 0 0
888 0 0 0 100 0 0 200 1000 400 0 100 33 108 0 1000 0 0 100 300 0 0 1000 550 0 833 0 600 0 0 0 0 100 0 0 0 0 100 0 0 400 0 858 875 400 700 250 200 500 400 900 0 0 0 0 0 458 0 750 587 694 0 0 400 0 0 625 733 475 0 175 650 750 900 0 0 0 0 0 0 200 300 0 0 0 0 0 1000 350 0 450 0 0 175 571 0 0 100 0 0
#CFC 2018-03-04
0 0 0 0 0 0 188 250 -333 465 0 0 800 0 0 350 466 125 0 0 0 300 1000 233 350 0 0 0 33 0 -500 0 -533 0 -400 0 0 0 0 200 250 0 600 500 500 500 0 0 0 500 500 0 0 0 0 0 552 0 -800 1000 0 0 0 0 -333 0 100 0 0 333 0 0 0 0 0 0 0 136 0 0 0 0 0 0 0 108 0 -250 -44 0 0 0 0 0 0 0 0 0 0 399
0 0 0 0 0 0 435 300 1000 624 0 0 1000 0 0 550 466 250 0 0 0 650 300 866 300 0 0 0 333 0 1000 0 525 0 400 0 0 0 0 300 399 0 466 500 500 500 0 0 0 625 250 0 0 0 0 0 783 0 1000 1000 0 0 0 0 1000 0 0 0 0 383 0 0 0 0 0 0 1000 500 0 0 0 1000 0 0 0 262 0 750 416 0 0 0 0 0 0 900 0 0 0 508
#BHAFC 2018-03-04
0 -400 166 0 500 -400 0 500 350 -1000 500 250 -400 0 0 0 83 0 433 500 0 0 69 0 200 0 500 -400 8 0 0 400 625 500 0 0 450 136 0 0 0 800 500 0 -66 800 0 0 49 781 -156 0 0 0 0 136 325 -388 0 0 0 800 245 147 487 45 0 300 0 0 500 0 -102 0 0 0 0 0 0 0 0 0 0 0 0 0 400 625 0 800 0 0 175 500 1000 250 350 0 0 0
0 600 416 0 500 600 66 500 550 1000 500 450 600 0 0 0 316 0 833 500 0 0 347 0 750 100 500 400 341 100 0 400 500 888 0 0 762 454 0 0 0 400 500 0 422 750 0 0 450 1000 593 550 0 0 0 454 450 833 50 66 0 400 633 350 518 151 0 650 0 0 600 0 219 0 0 0 0 0 0 0 0 0 0 0 0 0 375 700 0 400 0 500 525 500 400 250 399 0 0 0
#AFC 2018-03-04
0 -400 -466 500 -66 0 0 -31 633 0 0 -250 -400 700 0 0 300 900 0 -100 0 0 0 33 0 0 -200 400 250 0 -400 512 500 0 -83 137 -291 -400 17 800 250 0 0 0 0 -500 0 -500 0 249 500 0 -333 0 -400 24 300 0 350 1000 0 -1000 0 200 475 0 0 0 0 -500 347 0 0 0 1000 -500 243 99 0 0 100 0 366 -49 0 0 0 456 0 -270 175 0 600 375 -400 900 0 0 416 0
0 500 633 875 333 0 0 277 833 0 0 466 600 600 0 0 900 900 397 500 0 0 0 566 0 0 449 200 350 0 700 625 500 0 166 684 541 600 416 600 250 0 0 0 0 500 0 700 0 600 500 0 500 0 700 412 900 0 550 1000 0 1000 0 500 450 0 0 0 500 1000 672 800 0 0 1000 700 525 66 0 0 400 0 566 600 0 100 0 550 0 414 575 0 1000 525 700 1000 0 0 408 0
#LFC 2018-03-03
0 1000 694 295 650 0 0 208 -500 175 0 0 -387 281 700 0 600 233 0 0 0 -100 0 347 347 200 300 -400 100 214 800 -166 0 412 -100 333 0 156 250 1000 0 500 0 166 700 100 0 0 166 500 500 -400 90 162 233 -175 468 500 136 -335 183 0 0 0 0 0 0 100 375 0 500 0 500 48 0 0 -97 475 -100 200 0 1000 250 700 0 333 1000 100 250 400 0 263 0 0 200 -100 100 100 0 100
0 1000 625 640 575 0 300 360 1000 216 0 0 762 562 600 0 900 255 0 0 0 200 0 644 644 200 100 400 300 229 1000 527 0 550 650 500 0 383 494 1000 0 500 0 333 799 300 0 0 333 500 350 400 515 441 500 175 450 888 454 637 333 0 1000 0 0 0 0 1000 462 0 500 0 512 407 0 0 680 800 125 100 0 300 450 600 0 500 900 300 750 850 0 388 800 0 212 200 300 300 0 300
#NUFC 2018-03-03
0 650 0 300 0 0 200 875 0 150 0 200 -194 -49 0 0 0 0 112 300 -100 0 333 0 450 0 233 781 0 200 0 500 650 0 -396 0 400 350 260 700 24 0 95 0 0 500 0 0 0 0 0 0 -300 175 0 -118 0 214 -75 -312 200 -400 0 0 300 268 283 0 0 0 0 250 -500 -166 83 500 -77 0 800 -200 199 -166 0 500 50 387 366 366 0 0 -25 375 -800 4 500 0 0 250 0 116
357 575 0 200 0 0 200 800 0 649 500 200 694 300 0 0 0 0 341 100 125 0 500 0 700 0 566 500 0 575 0 200 575 0 777 0 700 650 130 600 525 0 386 0 0 500 0 750 0 0 0 500 400 275 0 696 0 357 199 687 637 400 700 0 100 627 683 0 0 0 0 312 533 166 750 1000 644 0 1000 700 541 166 0 500 350 511 766 766 0 0 121 750 800 645 500 0 0 650 0 335
#LCFC 2018-03-03
297 160 125 1000 568 0 333 193 136 0 -200 0 0 -200 0 0 0 0 375 0 136 0 0 0 300 500 0 0 800 136 0 31 0 150 0 0 350 0 0 500 1000 -33 0 136 0 0 62 0 -200 0 -18 750 500 0 -100 500 0 300 400 0 0 400 -150 0 125 0 0 0 0 0 1000 800 0 -166 0 0 0 0 136 500 300 0 300 0 500 0 0 0 -219 125 500 0 0 0 0 0 0 500 150 437
497 550 400 600 750 0 500 417 500 0 825 1000 0 383 0 0 0 0 400 0 454 0 0 0 496 500 0 0 1000 500 0 237 0 600 0 0 550 0 0 900 1000 799 0 500 225 0 500 0 200 0 506 500 888 0 50 500 0 800 450 0 0 400 550 0 166 0 0 0 0 0 300 1000 0 66 0 0 0 0 500 500 500 0 500 0 888 125 0 0 600 166 500 0 0 333 0 0 0 500 133 550
#AFCB 2018-03-03
0 200 0 0 -125 -125 0 350 -125 -125 333 0 100 300 319 0 458 200 0 0 400 -304 -50 0 362 0 0 0 0 500 0 -104 500 183 0 0 0 0 -87 0 49 0 75 100 -400 500 214 0 -108 -125 800 -207 -394 91 -75 0 15 -333 -158 0 800 800 0 650 83 0 110 15 250 0 -400 0 -156 391 0 200 0 0 -125 416 333 0 91 0 283 0 -125 300 300 750 250 -250 -156 750 500 500 0 -225 0 300
0 600 0 0 375 375 0 550 375 375 500 0 0 625 437 0 500 500 0 441 1000 385 400 0 400 0 0 0 250 750 0 133 500 349 0 0 0 0 420 0 650 0 175 383 400 500 428 125 391 469 750 601 616 258 366 0 512 500 241 0 750 750 0 450 611 0 473 459 477 0 700 0 375 391 0 400 0 66 375 666 666 66 480 0 475 0 375 500 500 600 850 250 375 600 500 1000 0 434 0 500
#SaintsFC 2018-03-03
400 0 0 0 100 208 182 33 0 -100 208 -100 446 0 -155 0 -131 100 0 500 -400 0 -110 250 0 45 0 0 700 -699 0 0 0 -150 550 250 500 0 0 1000 462 -500 0 0 0 0 900 -400 0 0 -218 0 11 0 214 200 0 0 0 -700 0 0 333 0 235 250 0 -750 312 0 0 0 0 -320 -400 0 625 0 -105 -170 -166 500 49 0 0 0 433 0 -108 0 250 0 0 0 800 -300 500 0 166 0
400 0 0 0 400 829 546 433 0 300 316 200 571 0 288 0 427 583 0 500 400 0 335 500 0 415 0 0 1000 666 0 0 0 450 650 250 700 83 550 1000 575 450 0 327 0 0 875 600 0 0 750 0 382 0 462 600 0 0 0 1000 0 0 408 0 522 275 0 1000 200 0 0 0 0 800 400 0 500 0 438 429 166 888 825 0 0 0 399 0 458 0 500 0 0 0 900 200 500 1000 333 0
#SCFC 2018-03-03
300 0 1000 125 1000 300 800 1000 800 300 -187 0 333 800 446 0 -110 0 0 0 68 0 0 -150 0 0 -700 86 114 -700 0 0 224 0 -170 0 -133 166 0 0 0 -62 49 0 0 0 0 400 400 125 0 233 -500 400 550 0 -100 0 -400 0 0 0 -100 -100 0 556 0 0 -133 0 -400 0 -300 166 750 136 700 249 300 -62 -400 0 0 0 0 0 0 0 0 100 0 233 0 0 0 -125 283 500 800 300
250 0 300 400 300 250 900 300 900 250 500 0 500 1000 571 0 335 0 0 0 227 0 0 450 0 1000 1000 530 279 1000 0 0 450 0 429 0 156 333 0 0 600 337 450 0 0 0 0 800 1000 400 0 766 550 800 550 0 400 0 400 0 0 0 400 400 0 625 0 0 156 0 400 0 250 333 916 454 600 350 350 337 750 0 1000 0 0 100 750 1000 0 1000 0 583 0 0 0 375 475 500 750 500
#Swans 2018-03-03
-259 -625 0 0 250 -100 0 0 600 0 -100 -20 500 1000 100 0 -625 0 0 0 0 -150 6 500 112 0 0 -400 0 0 0 123 0 0 0 500 0 0 0 500 0 0 1000 550 0 0 0 0 600 0 600 0 -125 0 500 0 0 283 1000 0 -125 100 -199 -150 0 6 112 0 375 425 0 0 -166 250 414 0 333 325 0 0 0 0 0 -150 0 0 220 0 0 600 0 800 0 -145 0 -99 700 1000 500 0
577 1000 0 0 500 300 0 0 950 0 200 166 500 300 300 0 1000 0 0 0 0 850 416 800 237 0 0 400 0 0 0 284 0 0 0 600 0 0 0 500 0 0 300 750 0 0 0 0 900 0 774 0 375 0 600 0 0 533 300 0 375 400 750 850 0 416 237 0 1000 650 0 1000 500 333 569 0 666 900 0 0 0 600 0 500 0 0 760 0 0 825 0 1000 0 270 0 583 600 1000 900 0
#WHUFC 2018-03-03
0 0 0 0 0 0 0 -250 50 0 50 0 0 0 49 0 0 0 125 0 0 31 49 0 0 -121 333 0 0 -504 -221 333 0 0 0 191 0 0 0 0 433 25 0 -400 0 0 0 0 -273 0 500 47 0 -425 -300 500 -13 0 0 203 150 170 0 -100 0 162 0 133 150 -233 400 0 550 0 0 0 0 0 0 100 0 -75 418 0 0 0 -100 200 400 0 0 200 0 0 0 300 166 0 0 100
0 0 0 0 0 0 1000 250 50 0 600 0 0 0 455 0 400 125 216 125 125 533 575 0 0 507 300 0 0 752 497 500 0 0 0 883 125 0 0 0 600 675 0 600 0 0 0 0 743 0 500 667 0 583 600 900 522 0 0 369 200 454 0 500 0 200 0 300 400 733 650 0 950 0 0 1000 0 0 0 475 0 850 645 100 0 0 200 500 600 1000 0 500 0 0 0 650 633 0 0 300
#COYS 2018-03-03
525 136 0 200 0 -31 0 0 0 178 45 0 0 0 0 0 0 -200 0 0 279 0 0 0 -500 -500 0 0 0 0 333 138 149 0 -100 -150 200 0 800 0 250 250 -125 -166 0 0 114 0 -166 0 0 0 0 150 400 0 700 0 0 -100 300 0 191 193 0 -63 -166 0 0 0 0 300 500 0 0 0 0 -500 219 60 300 0 0 183 99 0 0 0 -179 200 200 233 0 625 800 800 1000 0 0 550
647 454 0 200 1000 427 0 0 0 581 184 0 0 0 0 0 0 300 0 0 279 500 0 0 1000 1000 0 0 0 0 300 392 674 0 100 266 400 0 400 0 650 650 1000 1000 0 0 341 0 483 0 0 0 0 300 408 0 875 0 0 50 650 0 550 393 0 283 66 0 0 0 0 0 600 0 0 0 0 1000 480 461 100 0 0 866 650 0 0 0 400 400 200 394 0 750 400 400 600 0 0 700
#HTAFC 2018-03-03
-131 200 0 575 200 875 283 357 333 500 0 0 0 0 0 68 239 360 199 500 290 0 0 0 0 0 0 0 224 0 0 0 0 360 -25 -349 0 0 -250 0 0 0 -107 200 0 -400 0 875 360 0 -125 0 0 -83 -200 0 0 800 199 250 0 0 360 625 0 0 0 0 0 0 0 0 45 285 500 200 0 285 0 351 360 227 425 650 0 556 0 375 68 112 112 449 194 43 500 250 0 -100 -100 0
450 681 0 700 200 600 716 571 500 500 0 0 0 0 0 250 630 623 336 550 434 0 0 0 0 0 0 0 497 1000 0 66 0 623 450 458 0 0 250 0 0 0 174 900 0 400 0 600 623 0 375 0 0 133 350 0 0 400 336 1000 0 0 623 600 0 0 0 0 0 533 0 0 341 535 328 100 0 535 0 635 623 545 725 900 0 587 0 750 500 462 462 550 333 247 583 250 0 400 400 0
#WatfordFC 2018-03-03
400 -250 112 225 976 -1000 -10 0 0 0 -1000 16 136 0 0 0 0 550 -250 112 -100 225 136 -10 -100 0 71 136 -50 300 0 433 207 500 400 0 0 445 0 318 0 400 0 0 0 875 287 -156 500 303 608 0 260 -600 0 516 0 475 278 18 0 400 450 0 520 550 49 75 -200 168 136 68 136 318 0 0 200 0 400 136 0 136 0 351 0 0 -600 550 500 700 328 650 250 49 416 875 277 136 0 0
1000 250 475 636 750 1000 350 0 0 0 1000 360 454 0 0 0 0 500 250 475 611 636 454 350 100 500 452 454 350 1000 0 445 447 500 1000 0 1000 779 1000 477 0 1000 1000 0 0 600 433 125 300 392 832 0 500 700 1000 683 0 550 407 281 0 400 691 0 1000 825 450 750 800 327 454 227 454 477 0 100 500 0 400 454 1000 454 1000 767 0 1000 1000 475 900 900 561 450 383 625 666 600 486 454 1000 0
#WBA 2018-03-03
500 0 0 0 333 -1000 0 0 75 196 350 350 500 -21 0 150 -200 322 0 35 0 -1000 0 0 0 0 -400 0 0 0 0 0 83 0 350 -100 400 500 0 200 300 541 48 250 0 0 0 164 -24 0 875 400 -291 0 0 850 0 250 -666 300 0 200 0 68 600 0 0 0 0 200 0 0 600 99 -156 357 -75 -50 0 0 0 212 0 333 0 0 100 100 100 200 -500 0 0 -178 680 0 0 -666 -250 0
399 0 0 0 666 1000 0 0 524 596 600 600 900 618 0 649 800 644 250 375 0 1000 0 100 0 0 400 0 0 0 0 0 433 0 650 611 800 900 0 500 550 483 679 500 0 0 0 422 775 0 937 600 541 0 0 1000 0 875 1000 425 0 500 0 227 900 0 0 0 0 500 0 0 1000 408 125 571 225 200 0 0 0 456 125 666 1000 0 100 100 100 400 1000 0 66 285 725 0 0 1000 333 0
#Clarets 2018-03-03
0 500 125 0 0 909 0 312 0 0 33 350 416 0 170 0 250 0 0 -125 -125 300 0 375 412 625 0 0 0 0 0 500 0 0 500 -125 125 140 900 0 0 625 0 625 0 250 0 -100 0 0 625 -175 0 80 0 0 0 0 67 125 0 -262 0 625 800 0 0 0 0 0 0 0 136 266 136 0 0 0 0 625 224 0 0 0 0 125 600 0 0 500 0 0 0 500 500 0 625 0 0 0
0 888 400 0 0 780 0 541 0 0 66 550 666 0 500 0 466 0 0 500 375 500 0 750 550 500 0 0 0 0 0 500 0 0 500 375 666 568 650 666 0 900 0 800 0 250 0 100 0 0 900 449 400 269 0 0 0 666 424 666 0 387 0 800 400 0 0 0 0 0 0 0 454 383 454 0 0 0 666 900 725 0 0 0 0 666 1000 0 0 1000 0 0 250 1000 500 0 800 0 1000 0
#EFC 2018-03-03
0 0 341 0 1000 399 0 0 116 0 550 468 0 400 250 400 50 0 500 -400 0 0 333 0 0 0 0 500 0 0 0 0 0 0 -300 309 136 0 199 0 0 271 550 0 550 0 0 0 0 0 -200 0 -400 -600 0 0 0 500 400 350 0 0 500 0 -75 400 0 -900 0 0 0 0 0 0 361 200 150 -250 268 0 0 0 0 0 0 0 0 71 -366 1000 0 0 0 400 285 0 500 0 380 566
0 0 313 0 300 366 0 0 303 333 650 450 0 900 333 900 50 0 500 566 0 0 500 0 0 0 0 888 0 0 0 0 0 0 566 481 454 0 333 0 0 492 650 0 650 0 0 0 0 0 300 0 400 900 0 0 0 500 800 800 0 0 500 0 674 500 0 950 0 66 1000 0 0 0 600 200 283 250 627 0 0 0 0 0 0 0 0 255 566 300 125 0 0 800 535 0 500 0 400 516
#AFC 2018-03-01
0 500 100 -155 400 0 0 200 0 400 200 50 500 0 0 -88 0 0 400 0 0 0 -800 1000 0 -600 0 187 66 0 328 -175 0 -1000 0 22 0 0 100 625 -200 0 24 0 500 500 0 0 66 0 0 333 0 300 0 0 -250 0 700 500 227 -800 0 0 0 0 0 750 500 250 0 308 500 0 0 -166 33 0 0 500 0 475 300 0 200 90 1000 250 150 -600 -143 0 0 0 120 0 0 0 0 0
100 500 100 288 262 500 0 300 0 800 200 150 500 0 0 555 0 0 425 0 0 125 1000 300 0 900 0 100 66 0 628 733 0 1000 0 520 125 0 1000 900 500 0 250 0 500 500 0 0 33 0 0 666 0 450 0 0 100 0 600 500 485 1000 0 66 0 0 0 950 500 750 0 549 500 99 0 700 175 0 0 600 0 712 300 0 512 440 1000 250 250 1000 827 0 0 0 640 66 0 0 0 66
#MCFC 2018-03-01
166 650 400 0 0 0 0 0 500 0 -600 0 0 0 0 500 0 0 88 0 500 500 -83 0 0 0 100 450 300 0 800 200 0 0 0 250 200 0 0 0 350 0 300 0 0 0 0 0 -528 -600 433 -100 0 0 0 312 129 0 0 0 0 -600 -600 0 0 33 400 268 0 133 -300 312 0 250 0 0 0 559 0 333 0 -35 400 -750 0 0 0 0 0 0 0 0 363 171 0 0 0 31 0 0
433 450 800 0 0 0 0 0 600 0 900 0 0 0 0 425 0 0 563 0 500 500 83 0 0 0 50 600 500 0 400 400 0 0 0 750 300 0 0 0 375 0 800 0 533 0 1000 0 800 1000 522 200 0 0 0 900 390 0 0 0 0 900 900 100 100 716 800 627 0 300 750 500 0 250 0 0 0 400 0 366 0 107 483 1000 0 33 0 0 0 0 0 355 772 597 0 0 0 575 0 0
#MUFC 2018-02-25
250 0 400 1000 450 136 600 416 0 350 433 200 0 533 350 0 0 0 166 104 -66 0 -333 0 0 100 0 0 0 214 0 400 500 0 0 0 591 0 0 83 0 300 0 500 0 0 0 642 0 66 -41 750 0 0 300 600 700 0 0 0 325 0 45 0 1000 -156 0 266 0 300 0 0 0 133 206 -37 1000 0 200 0 0 0 0 0 0 333 214 -133 0 20 200 0 0 -200 641 0 0 39 266 -27
375 0 800 300 611 454 1000 500 0 650 383 100 0 1000 550 0 0 100 666 520 300 0 408 0 0 0 0 0 0 585 0 800 500 0 0 0 608 0 0 462 0 481 0 250 0 0 178 767 1000 383 591 750 0 0 600 1000 700 0 0 0 514 0 678 0 1000 557 0 583 0 600 0 0 0 300 617 200 1000 0 500 100 0 0 100 100 100 99 571 366 0 166 425 0 0 600 633 0 0 457 285 244
#CFC 2018-02-25
250 0 0 0 433 0 0 0 0 0 0 0 0 0 0 200 -178 -215 0 0 0 437 0 0 0 200 0 0 0 0 66 0 0 0 0 0 0 750 0 -125 0 0 0 909 750 -500 0 -250 -215 0 0 1000 0 0 0 0 0 0 -250 -215 160 0 0 -200 -193 39 -27 0 0 243 0 0 0 0 0 0 66 20 0 0 0 500 0 500 0 0 0 -212 0 0 428 250 0 -212 0 0 0 -83 250 0
375 0 0 0 516 0 0 0 0 0 0 0 0 0 0 100 285 273 0 0 0 550 0 0 0 100 0 0 0 0 383 0 0 0 0 0 0 950 0 250 0 0 0 780 950 649 0 500 273 0 750 300 0 0 0 0 0 0 500 273 539 0 0 600 333 457 244 100 0 393 533 0 0 0 100 0 600 294 0 0 0 500 0 750 0 0 66 450 0 0 611 375 0 450 0 0 0 583 375 0
#CPFC 2018-02-25
0 1000 225 0 -12 200 150 0 -500 0 66 0 0 0 49 -400 151 -75 228 1000 200 -399 0 -699 0 400 175 209 200 500 -600 0 -100 -150 0 500 0 0 266 0 100 200 0 -312 0 0 -41 0 0 0 0 0 0 -300 0 0 200 200 250 937 175 -300 -54 175 0 -266 0 500 200 -133 -175 0 400 400 0 0 50 0 0 0 0 0 0 0 0 193 136 0 0 130 136 16 0 400 0 0 0 0 325 -51
0 300 950 0 0 200 411 0 1000 0 399 0 0 0 550 700 393 300 450 1000 500 600 0 666 0 900 475 338 500 500 700 0 400 75 0 888 100 0 155 0 900 300 0 687 66 0 519 0 0 0 0 0 0 225 0 100 200 300 900 900 600 500 321 458 0 300 0 500 312 293 550 333 900 900 0 0 1000 0 750 0 0 0 1000 0 0 630 500 0 0 1000 454 533 0 600 0 250 250 250 950 333
#COYS 2018-02-25
0 477 0 -650 0 0 625 0 566 0 -250 367 203 0 153 0 700 750 0 0 0 0 0 0 0 512 240 1000 -250 800 0 97 0 250 500 0 -33 0 -44 1000 136 136 0 365 66 500 -350 -166 0 0 375 0 0 0 0 0 -73 1000 0 0 800 512 0 350 800 0 766 0 750 0 750 357 800 1000 0 900 0 200 900 -625 674 1000 -6 507 500 0 0 0 0 500 285 0 0 0 0 0 350 1000 400 0
0 799 0 1000 0 0 900 0 799 500 1000 343 465 0 559 500 600 400 0 0 0 0 500 0 0 593 590 1000 400 750 0 418 0 250 500 350 622 0 288 400 500 454 0 869 500 750 383 330 0 0 200 0 1000 0 66 0 601 1000 1000 0 1000 800 0 300 400 0 300 0 900 0 500 571 575 750 100 700 0 200 700 1000 637 1000 313 642 888 0 0 0 0 750 677 0 0 0 0 0 362 300 900 0
#WatfordFC 2018-02-24
40 0 0 368 100 0 400 0 0 0 0 0 136 0 0 316 378 0 251 0 0 -249 0 418 466 266 0 383 41 566 0 274 211 218 0 150 0 133 0 200 133 0 0 0 175 136 45 0 68 0 0 136 0 307 18 323 500 12 0 400 0 0 200 500 0 0 0 399 45 0 136 -699 0 0 0 0 459 0 -133 350 250 68 500 500 0 -537 -416 449 0 357 150 250 200 0 -25 0 133 150 9 175
293 0 0 727 700 0 600 0 0 0 0 0 500 0 0 516 500 0 600 0 0 150 0 550 744 250 0 544 431 799 0 875 517 750 0 320 0 383 0 200 466 0 0 0 775 500 466 0 250 0 0 500 0 511 450 500 500 316 0 600 0 0 500 666 0 0 0 500 166 0 500 666 0 0 0 0 713 0 250 300 600 750 500 500 1000 383 416 400 0 571 320 250 200 125 475 0 466 320 612 775
#EFC 2018-02-24
0 0 0 0 561 0 100 322 100 500 0 250 0 0 0 654 0 0 500 0 0 0 0 0 0 0 0 170 183 0 0 -16 0 0 0 0 0 200 59 0 0 0 -150 0 0 0 136 0 0 0 0 700 170 0 -300 0 0 -51 0 0 50 0 136 0 850 100 0 0 0 0 -800 1000 1000 0 1000 1000 0 100 22 -250 -100 370 150 191 0 0 -300 468 0 600 125 -300 0 0 0 -300 -300 0 642 0
0 0 100 0 411 0 50 644 50 475 66 312 0 0 0 766 0 0 500 0 0 0 0 0 0 0 0 576 733 0 0 466 0 0 0 100 0 500 318 0 0 0 250 0 0 0 500 0 0 0 0 500 211 0 500 0 0 96 0 0 191 0 454 0 450 100 0 100 125 0 1000 300 300 0 300 300 0 0 572 888 500 800 100 358 0 0 400 525 0 900 800 400 0 0 0 400 400 0 417 0
#AFCB 2018-02-24
0 150 350 783 0 0 0 500 400 0 0 0 -41 0 0 600 200 87 186 -216 -175 0 245 -200 0 500 1000 250 0 0 625 0 0 -700 250 400 -600 -133 24 0 367 -89 -57 0 0 0 250 200 0 0 625 0 750 0 0 500 0 0 1000 -120 0 0 0 275 150 625 62 500 0 0 0 0 -250 0 0 0 175 0 0 250 -400 0 0 512 0 0 500 175 0 333 -300 450 450 0 0 0 0 0 0 0
390 281 350 1000 0 0 0 725 500 0 0 390 1000 0 0 427 900 512 405 377 400 0 333 200 1000 1000 1000 450 0 0 500 0 0 850 250 900 1000 200 512 0 510 536 567 0 0 0 250 420 0 0 900 0 1000 0 0 500 0 0 750 766 0 0 0 375 400 900 300 694 0 0 1000 0 250 0 0 0 300 0 500 500 400 500 0 633 0 0 900 300 0 500 600 700 700 0 0 0 100 0 0 100
#NUFC 2018-02-24
-333 1000 0 500 0 147 -200 0 500 0 500 0 300 -100 0 136 -133 0 0 0 1000 0 0 0 0 -225 -225 0 0 0 0 0 0 0 0 300 0 137 0 350 125 500 -71 -83 0 500 187 163 0 0 -93 0 -77 400 200 3 0 0 271 258 0 200 166 0 0 0 0 0 400 0 0 233 0 -400 800 0 500 151 0 487 392 0 -312 700 112 0 400 0 468 -125 -200 0 -37 0 0 68 0 0 650 -937
1000 300 100 500 0 667 0 0 500 100 500 0 400 300 100 454 200 0 0 125 750 125 0 500 0 525 525 100 0 0 0 0 0 0 0 900 0 346 0 550 400 625 142 216 0 500 375 422 0 0 250 540 644 900 483 298 0 0 332 325 0 950 166 0 0 0 0 33 800 0 0 233 0 700 700 0 500 567 100 650 517 0 888 600 108 0 300 100 575 375 200 0 800 100 0 277 0 0 500 950
#BHAFC 2018-02-24
500 0 0 -1000 650 0 0 0 0 0 522 0 500 500 625 -50 100 500 416 700 500 0 0 0 900 500 100 403 500 562 -83 318 449 550 161 0 -68 50 57 550 0 500 0 375 0 0 200 100 0 0 0 0 0 0 -200 250 0 0 400 0 0 0 0 0 0 -150 0 -106 649 -400 445 62 -1000 0 0 266 0 250 49 0 100 -400 0 500 0 -12 199 399 109 0 0 0 0 100 336 -200 0 0 700 650
500 0 0 1000 450 0 0 0 0 0 544 0 450 450 888 400 649 300 666 900 500 0 0 0 1000 600 1000 677 900 800 83 700 425 375 267 0 229 200 412 700 0 475 0 500 0 0 600 400 0 0 1000 0 250 0 400 1000 0 0 1000 0 0 0 0 0 0 362 0 160 600 400 579 375 900 0 0 333 50 250 725 0 200 400 0 250 1000 900 333 533 276 0 0 0 0 300 600 575 0 0 600 625
#Swans 2018-02-24
0 1000 500 0 0 333 400 153 0 0 0 0 0 1000 68 566 0 250 0 0 -199 0 0 0 0 0 214 425 -400 161 33 206 -199 0 0 0 0 0 0 0 425 0 233 0 -153 0 350 300 0 -100 350 0 0 0 0 266 0 0 -316 0 -187 0 -145 0 400 300 0 250 0 0 0 -455 136 0 -100 0 -400 136 -200 -100 33 0 400 0 0 400 0 0 0 0 0 0 0 -137 0 0 0 0 0 100
0 300 500 0 0 500 825 637 0 0 0 0 0 300 277 799 0 1000 100 0 750 0 0 0 0 0 642 950 400 388 355 750 725 0 0 0 1000 0 0 0 950 0 533 0 553 0 550 650 0 400 550 0 0 0 0 399 0 0 566 0 500 0 270 0 400 650 0 150 0 0 0 688 500 0 400 0 400 500 450 400 355 0 400 0 0 400 0 0 0 0 0 0 0 400 0 0 0 0 0 300
#Clarets 2018-02-24
0 0 250 0 0 0 0 0 0 550 170 0 0 0 0 0 600 0 0 0 0 0 750 170 103 187 0 489 199 0 0 625 0 0 418 500 0 0 0 0 0 1000 750 0 0 316 412 700 0 0 0 0 316 -41 200 422 375 0 -75 0 1000 400 200 98 0 178 0 500 0 -600 0 0 375 0 141 250 649 0 0 0 136 35 625 600 55 0 0 136 0 0 0 0 0 566 136 400 0 136 412 0
0 0 333 0 0 0 0 0 0 350 500 0 0 0 0 0 900 0 0 0 0 0 750 500 617 260 0 362 416 0 0 900 0 0 392 700 0 0 0 0 0 650 950 0 0 311 550 700 0 0 0 0 311 433 500 579 508 0 366 0 400 700 500 396 0 267 0 888 0 900 0 0 500 0 570 333 600 0 0 0 500 381 900 433 222 0 0 500 0 0 0 0 0 766 454 700 0 454 550 0
#SaintsFC 2018-02-24
0 0 800 193 -250 -400 350 400 0 148 166 366 0 166 0 -100 0 0 0 0 0 0 0 375 0 0 550 -200 1000 0 -193 125 0 0 0 0 0 333 1000 410 281 1000 -300 75 461 487 -700 487 487 200 300 416 -223 378 0 0 0 800 0 250 0 0 100 50 875 16 800 0 0 0 -16 99 450 875 0 0 0 0 400 0 437 -83 166 700 -39 0 0 0 333 0 0 150 0 600 0 0 -25 0 0 170
333 0 700 393 50 400 550 400 0 769 333 633 0 333 1000 50 0 0 0 0 0 0 0 525 0 0 750 800 300 500 650 250 0 0 0 0 0 666 1000 527 512 400 400 325 605 825 1000 825 825 300 950 583 180 767 0 0 0 750 150 100 1000 0 100 233 600 631 400 0 0 0 400 900 650 600 0 0 0 55 500 0 500 583 166 600 440 33 0 0 833 0 0 700 0 900 0 0 825 0 1000 500
#LFC 2018-02-24
700 416 -500 0 0 182 93 700 -300 -155 161 0 0 -300 170 399 0 257 375 700 412 350 0 0 -200 0 437 0 294 0 0 0 -400 0 161 700 700 700 500 0 0 0 100 87 0 0 0 -125 166 166 0 0 68 136 650 500 200 200 172 500 31 -233 490 0 0 0 500 0 68 68 299 1000 0 1000 0 200 0 0 -400 0 449 651 0 0 0 0 0 0 108 0 0 174 0 -83 500 0 183 375 625 -300
900 583 600 0 100 368 800 679 633 288 533 0 0 600 454 399 0 727 975 600 550 462 0 0 800 0 387 0 325 0 0 0 512 66 353 700 700 700 600 533 0 0 900 462 0 0 0 725 388 388 0 0 727 454 450 450 200 766 366 450 277 200 539 0 0 0 900 0 300 250 449 400 0 400 0 400 500 0 700 0 750 691 0 0 0 0 0 0 833 0 0 444 0 583 710 0 733 625 900 500
#WHUFC 2018-02-24
462 466 0 -400 100 0 0 0 0 0 200 0 0 -400 0 -400 -400 0 312 0 -600 -699 31 100 0 0 150 166 0 0 0 0 0 -62 0 0 0 0 0 0 500 0 -54 0 0 0 0 0 0 0 0 0 0 0 0 0 0 0 -333 0 166 0 150 0 196 0 318 0 0 -400 0 0 0 0 0 166 550 166 252 136 500 0 -99 0 0 0 0 0 0 -77 0 0 293 1000 111 800 0 0 0 0
700 266 0 400 400 0 0 0 0 0 300 0 0 400 0 400 400 0 1000 0 900 666 277 100 0 0 600 333 0 0 0 0 0 723 0 0 0 0 0 0 500 0 429 0 0 0 0 0 0 0 0 0 0 0 0 0 500 0 342 0 333 0 516 0 521 0 700 0 0 400 0 0 0 0 0 333 350 333 663 500 500 250 583 0 0 0 0 0 600 144 0 0 368 300 222 400 100 0 0 0
#WBA 2018-02-24
0 0 0 0 0 0 0 100 100 100 100 100 0 0 0 0 0 0 0 0 0 0 0 285 500 500 344 0 0 0 412 0 0 0 0 -1000 0 -291 0 600 0 0 437 -100 559 0 0 0 0 350 270 0 650 -45 0 272 0 312 -155 500 500 500 500 250 0 0 -400 0 200 0 0 -16 0 0 -200 0 0 266 500 0 500 0 -156 -100 0 77 68 0 0 250 0 57 0 0 0 275 222 650 0 0
0 0 0 0 0 0 0 400 400 400 400 400 0 0 0 0 0 0 0 0 0 0 0 535 450 450 388 0 0 0 639 0 0 0 100 1000 0 408 0 1000 0 0 650 50 540 0 0 125 0 350 564 0 750 576 0 594 0 333 288 500 500 500 900 350 0 0 400 0 200 0 125 300 0 469 300 0 0 300 1000 0 825 0 843 50 0 322 227 0 0 100 0 641 0 0 0 549 415 750 0 0
#HTAFC 2018-02-24
-260 0 -55 261 0 0 -400 508 0 0 -100 0 -250 0 250 625 -125 0 0 200 500 0 0 600 500 350 0 350 0 350 1000 625 350 0 0 0 1000 0 356 350 0 0 0 350 275 200 0 400 0 0 18 166 -150 37 0 600 0 500 -155 500 0 500 0 291 0 0 0 383 0 183 250 550 0 800 -50 0 0 0 575 236 -66 133 0 400 350 -200 0 0 0 0 -100 0 0 125 0 275 0 550 0 -400
166 0 388 474 0 0 700 966 0 0 100 325 600 0 1000 300 200 0 0 900 1000 0 100 1000 500 550 469 350 0 300 1000 925 750 0 0 1000 1000 100 650 550 0 0 0 550 549 900 0 733 0 0 257 188 133 158 0 1000 0 600 288 1000 0 500 0 558 0 0 0 383 0 66 542 800 0 750 100 0 0 100 475 310 150 666 0 1000 550 400 0 0 0 500 200 0 0 625 0 625 100 800 0 400
#LCFC 2018-02-24
400 0 600 650 0 468 200 0 500 800 0 188 0 -100 136 0 0 250 250 0 -250 0 118 425 0 -50 0 -200 136 0 -400 0 0 0 0 0 0 0 0 200 0 700 125 -29 600 0 0 0 200 0 0 158 0 0 300 404 700 -400 -49 -17 0 0 0 0 550 143 -300 909 0 170 0 0 0 0 0 350 0 66 0 0 134 0 0 0 0 0 -400 468 0 250 0 0 0 62 0 0 66 600 625 400
600 0 900 450 0 427 300 0 733 1000 0 788 0 200 500 0 0 250 200 0 233 0 727 500 0 200 50 233 500 0 400 0 0 0 0 0 0 0 0 500 0 600 1000 375 800 0 0 400 500 0 0 216 0 500 800 533 600 600 500 600 400 0 0 0 350 625 600 780 0 500 0 0 0 0 0 250 0 291 0 0 363 0 0 0 0 0 400 427 0 600 0 0 0 500 0 0 291 775 900 1000
#SCFC 2018-02-24
0 0 625 0 -1000 650 0 0 468 -1000 199 0 0 0 250 136 0 0 0 0 650 125 250 650 312 500 1000 0 350 350 -750 300 0 399 0 500 -500 0 900 0 0 335 0 0 900 0 300 900 0 0 233 0 0 0 0 0 350 0 0 900 0 0 0 0 0 85 0 0 -333 -212 0 -23 85 0 0 -133 500 85 900 0 0 0 468 -297 500 0 136 0 0 0 136 350 0 136 0 0 700 500 300 0
0 0 500 0 1000 450 0 0 427 1000 600 0 0 0 422 500 0 100 0 0 750 275 333 750 250 900 300 0 462 462 1000 200 0 533 0 900 1000 0 1000 0 0 690 0 199 1000 100 641 1000 0 0 366 0 0 0 0 0 550 0 125 1000 0 0 0 0 0 250 0 0 377 287 0 47 250 0 0 333 900 250 1000 0 0 0 427 516 833 0 454 0 0 0 454 300 0 454 0 0 600 500 650 0
#CFC 2018-02-12
1000 0 0 0 60 0 395 0 0 0 49 0 402 0 -799 200 0 650 416 650 0 0 0 0 -799 200 -400 0 0 0 0 -799 625 -799 0 -799 -799 -300 500 400 -400 0 0 0 400 -799 -399 0 -799 0 0 500 -799 -799 -799 -799 0 0 -799 0 200 -799 0 -149 -799 0 0 0 0 1000 0 -100 350 0 500 0 104 0 -625 0 0 -83 0 0 0 0 0 0 700 0 0 0 66 100 0 -312 0 600 233 0
300 125 0 125 507 0 861 0 0 0 300 0 672 0 1000 500 0 450 500 450 0 0 0 1000 1000 300 625 0 0 0 0 1000 500 1000 0 1000 1000 400 500 900 400 0 0 0 900 1000 500 0 1000 0 0 500 1000 1000 1000 1000 0 0 1000 0 450 1000 0 1000 1000 0 0 500 0 300 0 200 400 0 750 0 823 0 1000 0 0 250 500 0 0 0 0 0 600 0 0 0 333 150 41 1000 0 1000 308 0
#WBA 2018-02-12
1000 333 0 200 1000 0 -250 -191 650 500 0 0 700 700 333 136 0 333 -206 0 0 -31 -243 136 0 0 136 136 0 1000 700 700 1000 425 -390 1000 0 98 166 400 500 0 400 -21 -285 0 -400 100 136 99 99 164 -20 250 76 0 136 700 700 -233 136 0 466 0 136 67 500 199 116 0 0 296 200 0 -75 0 -200 545 350 -300 0 -265 -155 -151 1000 800 1000 -800 400 0 0 100 -62 0 136 538 0 136 -200 0
300 666 0 500 300 0 1000 454 500 700 0 0 850 850 500 500 0 666 293 0 0 300 466 454 0 0 500 500 0 300 850 850 300 666 1000 1000 0 272 383 875 500 0 200 467 428 0 600 466 500 383 383 762 160 400 238 0 500 850 850 755 500 0 683 0 500 560 750 66 548 0 0 585 400 0 391 0 800 534 350 400 0 727 288 415 300 750 300 900 437 0 0 400 100 0 500 568 0 500 300 0
#SaintsFC 2018-02-11
545 0 1000 69 333 478 -250 290 0 0 0 479 83 0 0 316 0 0 345 -99 31 468 125 800 0 0 308 136 0 1000 0 0 33 -234 444 0 0 0 0 0 0 0 909 433 0 0 0 0 312 -700 0 0 0 0 0 418 -400 0 136 0 350 33 600 0 1000 200 0 559 -425 0 285 -200 -200 -200 -200 700 0 250 -313 166 1000 0 312 875 0 0 0 0 155 0 0 450 250 0 260 366 0 0 266 0
784 0 300 209 600 562 325 400 0 0 0 521 583 0 0 566 0 0 751 383 243 427 1000 400 0 0 850 500 0 300 0 0 344 427 322 0 0 0 0 0 0 0 780 733 0 0 0 0 684 1000 0 0 0 0 0 550 400 0 500 0 449 622 1000 125 1000 100 0 640 600 1000 535 500 500 500 500 600 0 1000 844 333 300 100 333 700 0 66 66 66 471 0 66 383 400 0 260 566 0 0 700 0
#LFC 2018-02-11
1000 1000 1000 612 0 0 1000 1000 0 700 -131 200 0 1000 1000 1000 1000 1000 484 250 175 1000 400 1000 0 0 1000 400 1000 -150 1000 -400 1000 1000 800 1000 800 1000 1000 412 0 0 1000 0 0 350 0 0 1000 1000 1000 0 1000 171 400 1000 1000 0 1000 0 1000 -1000 500 0 0 1000 0 187 0 350 0 1000 0 700 200 625 0 0 1000 1000 0 1000 0 1000 1000 1000 1000 0 1000 1000 800 1000 -400 450 1000 1000 1000 500 466 1000
400 400 400 725 0 0 1000 400 0 600 427 550 0 400 300 400 400 400 626 250 944 400 1000 400 0 0 400 800 400 750 400 400 400 400 1000 400 700 400 400 800 0 0 400 0 0 337 0 0 400 400 400 0 400 480 200 400 400 0 400 0 400 1000 500 0 0 400 0 400 0 800 500 400 0 500 200 900 0 0 400 400 0 400 0 400 400 400 400 0 400 400 400 400 400 700 400 400 400 500 500 400
#NUFC 2018-02-11
468 0 1000 -400 0 600 375 1000 0 0 0 500 -70 46 0 0 500 250 0 100 500 0 0 0 0 500 0 0 0 357 0 0 0 750 0 -212 400 500 400 1000 350 0 -505 500 619 300 500 500 -800 200 -107 350 187 142 0 0 400 83 399 399 500 558 0 261 0 0 0 600 0 0 0 408 0 0 909 909 909 0 -500 -47 -500 0 136 0 100 0 0 600 136 500 0 0 0 0 0 0 -208 0 -100 175
450 0 300 541 500 600 750 300 0 0 500 562 658 596 0 0 500 350 0 400 500 0 0 0 0 500 0 0 0 571 0 0 0 812 0 762 400 500 900 1000 550 0 1000 500 690 900 500 500 900 300 717 400 437 520 0 0 500 333 666 666 500 525 0 347 0 0 0 550 0 125 0 450 600 0 780 780 780 0 200 657 666 0 500 0 400 0 0 550 500 500 0 0 0 0 0 0 208 0 50 341
#MUFC 2018-02-11
0 -750 -583 400 0 -1000 0 -750 800 0 1000 -650 -291 0 0 -333 0 -250 0 0 0 58 0 -1000 0 0 0 -131 -199 -133 0 -975 0 -500 -275 -250 1000 -250 -375 -250 0 0 0 0 0 -650 0 -500 -300 0 0 -583 0 -200 -500 -50 0 318 0 500 0 -500 0 -500 0 1000 -333 0 100 0 244 -500 0 -1000 -250 -166 -500 -500 0 -675 150 250 0 0 400 0 6 -233 0 224 -200 -200 -100 125 -500 0 -375 0 0 33
0 750 666 800 0 1000 0 750 750 0 300 1000 466 0 0 500 0 466 0 0 0 750 0 1000 0 0 100 427 466 500 0 975 0 1000 700 466 300 466 375 750 0 0 0 0 0 1000 0 1000 600 0 0 666 0 600 1000 200 0 527 0 600 0 1000 0 1000 0 1000 833 0 200 0 705 1000 0 1000 750 833 1000 500 0 775 583 250 0 0 800 0 600 766 0 525 700 650 950 733 1000 0 875 0 0 300
#HTAFC 2018-02-11
937 550 0 25 0 0 700 -299 0 1000 187 0 0 0 -800 80 0 0 0 0 0 0 500 0 322 400 300 0 254 0 0 0 200 0 800 83 700 100 0 377 0 300 0 450 133 -277 0 0 250 0 -400 80 500 0 0 196 -125 -400 0 0 0 0 150 350 0 0 325 0 200 512 0 100 0 331 187 87 0 66 169 1000 0 0 0 0 333 0 -150 -100 -100 -100 458 200 125 -416 0 0 225 0 600 0
950 750 0 400 0 0 600 550 0 300 133 0 0 500 800 269 0 0 0 0 1000 0 900 0 533 400 500 0 433 0 0 0 900 0 400 450 600 400 0 488 0 333 0 575 566 344 0 1000 333 0 400 269 900 0 0 758 616 400 0 0 0 0 475 550 0 0 566 283 200 675 0 350 0 529 133 650 0 399 570 300 0 0 0 0 500 0 400 400 400 400 591 400 166 483 66 500 433 0 950 0
#AFCB 2018-02-11
366 0 -187 -299 -72 125 1000 200 80 600 75 0 0 500 200 0 625 300 0 800 444 200 -171 156 0 37 0 -166 -400 0 80 0 500 0 115 -400 0 175 136 -400 0 0 -400 0 325 0 0 412 0 87 1000 0 0 0 0 333 510 200 0 -416 0 0 0 0 60 0 0 -155 275 79 -262 0 -155 0 136 0 -400 800 750 0 -166 500 0 -400 193 0 500 0 0 600 -400 0 0 0 -75 500 250 0 266 0
883 1000 500 550 458 250 300 500 269 1000 500 0 0 900 500 0 600 500 0 400 322 900 464 295 0 525 0 270 400 0 269 0 900 0 345 400 0 275 454 400 0 0 400 0 566 66 0 550 0 650 300 0 0 66 0 500 480 400 0 483 100 500 333 0 700 0 600 288 275 640 387 250 288 0 500 0 400 750 750 0 166 500 125 400 416 0 900 0 125 600 400 0 1000 0 700 888 333 0 466 0
#MCFC 2018-02-10
500 0 300 250 466 16 0 -99 0 0 23 0 0 0 -600 0 0 62 400 0 0 0 0 -80 0 799 0 0 0 0 0 400 0 0 -155 0 0 0 200 166 0 0 0 0 0 -500 0 0 0 199 0 0 0 0 0 0 0 0 0 260 -5 0 450 437 390 500 0 400 0 0 112 -250 312 100 0 0 0 0 0 0 0 0 0 0 0 0 562 0 200 200 200 200 0 200 0 -600 -184 0 224 0
750 0 500 500 733 188 0 188 0 0 361 0 0 0 900 0 0 500 800 0 1000 0 0 597 0 566 1000 0 0 0 0 900 0 0 288 0 0 0 1000 383 0 0 0 0 0 1000 0 0 0 633 0 0 0 0 0 0 0 0 0 465 527 0 400 600 750 500 0 400 0 0 218 200 333 450 0 0 0 0 0 0 0 0 0 0 0 0 450 0 300 300 300 300 0 200 0 900 488 0 275 0
#LCFC 2018-02-10
-200 0 -150 850 375 400 0 500 0 0 83 0 -700 0 0 -212 0 0 0 0 200 224 224 0 0 50 450 0 0 0 -6 333 98 200 -77 0 -1000 125 0 0 200 -85 304 0 400 0 250 437 0 0 0 0 136 0 0 0 0 0 750 0 750 200 -66 0 1000 0 -500 1000 0 0 -87 0 0 0 166 -250 0 0 250 224 500 -8 216 0 0 -400 312 1000 0 500 750 466 -200 0 204 150 247 0 0 0
50 0 100 450 616 375 0 195 0 0 311 0 1000 0 0 437 0 0 0 0 900 262 287 0 50 750 750 0 0 0 50 600 395 900 144 0 1000 141 0 0 600 395 716 0 375 0 400 600 0 0 0 212 454 0 0 0 0 0 800 0 1000 200 366 0 750 0 900 1000 0 0 237 0 0 0 566 400 0 0 333 275 800 225 416 0 0 850 733 300 0 900 900 500 400 0 433 400 230 0 0 0
#EFC 2018-02-10
400 -300 0 0 -300 0 0 -200 350 -150 0 -25 0 0 0 0 0 -83 0 0 0 0 0 -300 221 0 0 0 0 0 0 166 0 0 0 0 0 0 0 0 0 250 266 0 0 -600 1000 266 183 77 0 416 0 -87 160 400 0 0 -183 350 0 0 500 0 0 0 100 0 0 0 0 0 0 0 468 0 0 0 275 300 -1000 -12 0 0 0 -150 0 -291 0 0 116 0 0 0 0 0 313 0 136 437
800 100 0 0 600 0 0 250 500 350 0 350 0 300 0 0 300 333 0 300 0 300 0 100 507 0 0 0 0 0 1000 222 0 0 0 0 0 0 100 0 0 700 333 0 0 1000 1000 333 366 581 0 650 0 475 360 400 0 0 108 600 0 0 500 0 375 0 1000 200 125 125 125 125 0 0 727 0 0 0 350 400 1000 575 0 0 0 199 0 541 400 166 450 0 0 0 50 0 647 0 500 600
#CPFC 2018-02-10
-170 80 200 0 0 1000 -300 -300 0 0 -150 0 -101 133 0 0 0 0 0 0 100 0 0 400 266 0 -600 266 183 205 -1000 200 350 0 -291 -291 -291 -291 185 0 0 -333 187 116 0 0 -433 0 250 500 437 0 233 168 500 0 0 0 -156 0 0 0 0 0 -50 0 0 0 0 0 0 -400 0 -128 0 0 150 150 375 0 0 0 0 0 0 0 0 0 500 350 112 -200 0 300 0 0 -76 0 350 0
470 767 300 0 300 300 600 100 300 300 350 0 377 199 0 0 1000 0 0 0 366 0 0 800 333 0 1000 333 366 455 1000 575 650 0 541 541 541 541 540 0 0 833 282 450 0 0 500 0 750 500 600 50 366 477 500 0 0 0 375 300 0 0 0 0 400 0 0 0 0 0 0 550 0 323 0 0 450 450 750 0 0 0 0 0 0 0 0 0 625 550 651 450 0 750 0 0 500 488 450 0
#SCFC 2018-02-10
466 -400 0 116 0 0 0 0 0 -91 0 200 0 100 400 0 0 0 437 0 400 136 250 0 0 0 0 33 0 150 0 0 200 96 0 0 0 0 0 0 3 0 100 0 0 0 0 3 0 0 0 0 -400 500 0 416 0 0 400 500 -349 500 0 350 0 0 49 0 0 0 500 0 35 0 0 1000 3 0 -88 0 0 116 0 0 0 0 0 0 366 -800 0 0 0 -281 125 -200 0 -200 800 0
733 400 500 355 0 0 0 0 0 358 0 1000 500 400 400 0 0 0 600 0 500 454 333 0 0 0 100 366 0 294 0 0 700 571 0 0 0 100 0 100 222 0 400 0 0 0 100 222 0 100 100 100 400 750 0 666 0 0 800 500 333 500 0 550 0 0 450 0 100 0 500 0 417 0 0 500 222 0 372 600 0 596 0 0 100 1000 0 0 577 850 0 0 0 560 166 200 1000 200 400 0
#BHAFC 2018-02-10
0 0 133 0 116 0 0 0 0 500 50 -400 179 100 0 1000 136 516 0 100 1000 0 400 -238 -733 0 0 0 0 437 0 120 0 800 568 310 -19 0 100 -100 0 0 278 0 -33 0 181 181 311 -350 0 0 0 33 0 267 0 -500 350 0 500 -23 0 0 -4 0 0 -512 66 0 700 0 200 0 156 350 0 0 -1000 0 0 -300 0 0 0 0 0 0 250 -400 0 314 -131 0 800 800 0 800 -183 136
0 800 633 0 355 0 0 0 0 1000 150 950 539 400 166 1000 454 629 500 400 300 0 400 745 933 0 0 0 0 600 0 760 0 900 727 546 473 0 600 900 0 0 761 0 700 0 173 137 155 500 50 0 0 366 0 571 100 1000 550 0 1000 623 0 0 425 0 0 850 261 0 600 0 250 0 383 550 0 0 1000 0 0 900 0 0 0 0 0 0 250 400 0 429 427 0 750 750 0 750 799 454
#Swans 2018-02-10
318 0 0 -300 0 0 0 -4 0 0 0 750 0 0 200 429 0 0 0 0 0 0 136 0 0 0 0 0 453 0 500 500 -103 375 416 362 700 0 0 0 0 391 0 0 -100 0 850 0 0 0 0 0 0 0 500 500 136 416 875 0 0 700 800 0 97 700 0 100 0 0 350 0 0 25 113 400 0 0 0 0 366 0 400 0 453 -300 0 0 850 0 0 136 183 136 750 0 0 0 275 0
477 0 0 399 0 0 0 411 0 0 0 500 0 0 300 733 0 0 0 0 0 0 454 0 0 0 0 0 471 0 900 900 408 1000 441 587 950 0 0 0 0 616 0 0 400 0 1000 0 0 400 0 0 0 0 900 900 454 666 800 1000 0 950 700 0 419 950 0 475 0 0 550 0 0 341 306 550 0 0 0 0 533 400 500 0 471 450 0 0 1000 0 0 500 633 500 500 0 0 0 325 0
#Clarets 2018-02-10
500 0 0 0 93 0 -160 0 0 500 136 0 0 0 0 43 0 625 210 0 68 68 0 136 400 625 136 170 400 500 0 250 800 0 0 0 0 550 568 466 500 -150 136 250 625 800 0 150 0 700 0 0 0 0 250 500 0 110 1000 500 395 0 587 625 0 0 0 0 500 261 311 -200 0 0 625 300 136 0 0 0 0 0 800 0 0 0 133 0 0 0 409 800 625 0 0 0 500 -200 100 0
500 0 0 1000 468 0 500 0 0 750 454 0 0 375 0 500 0 900 370 0 227 227 0 454 400 900 454 500 700 300 0 333 1000 0 0 0 0 700 727 583 1000 399 454 283 900 400 1000 150 0 600 0 400 0 0 250 450 0 559 300 500 534 0 875 900 0 0 0 650 600 433 355 400 0 0 900 500 500 0 0 0 0 0 750 0 0 0 466 0 0 0 548 400 900 0 0 0 500 100 400 0
#WHUFC 2018-02-10
0 0 125 0 0 0 -300 0 0 0 0 0 400 0 200 500 0 0 0 0 0 318 0 0 180 0 0 -200 136 200 0 0 0 0 0 -449 0 625 400 -26 900 550 0 0 0 0 0 0 0 0 437 1000 318 -300 600 0 400 400 400 400 0 143 200 0 0 0 500 0 0 0 0 0 0 0 0 0 400 0 0 0 0 0 334 0 200 0 0 0 0 0 0 0 500 -400 68 68 68 68 0 68
0 0 383 0 125 0 399 0 0 0 0 0 200 0 200 483 100 0 0 400 0 477 0 0 575 0 0 800 454 300 0 0 0 0 0 100 0 600 900 229 1000 650 0 500 0 0 33 0 66 0 600 300 477 733 750 0 900 800 800 800 300 575 200 0 0 0 800 0 0 0 0 66 0 0 0 0 500 0 0 0 0 0 500 0 400 0 0 0 0 0 0 0 500 600 289 289 289 289 0 593
#WatfordFC 2018-02-10
0 0 0 0 291 0 466 0 800 0 0 50 0 237 500 0 0 -50 352 333 0 250 500 -400 0 437 94 0 0 0 781 0 333 0 0 350 0 0 166 0 500 244 -200 0 0 0 0 0 0 0 125 300 133 375 0 69 0 0 0 177 68 -699 0 0 625 0 0 0 0 593 608 136 433 -142 0 0 0 0 0 0 593 0 -400 0 0 -155 0 0 -41 0 140 400 0 0 700 500 550 0 0 150
0 0 0 0 600 0 300 0 200 0 0 500 0 550 500 0 0 391 569 361 0 200 550 700 355 600 186 0 0 0 600 0 361 0 0 550 0 0 333 0 900 344 500 0 0 0 0 0 0 0 400 100 525 500 0 400 0 0 0 355 593 666 0 0 500 0 0 0 0 587 562 454 833 535 0 0 66 0 0 0 587 0 600 0 0 288 0 0 110 0 750 700 0 0 366 500 950 0 0 150
#COYS 2018-02-10
66 0 11 675 216 350 -25 250 0 -100 200 -250 0 0 285 500 -400 250 0 83 285 625 68 -150 0 0 116 0 0 -274 0 250 0 0 0 357 0 337 -200 -20 300 300 300 300 1000 200 0 68 0 375 0 595 478 0 0 -133 500 337 0 0 193 0 266 0 -212 375 0 0 62 0 0 1000 109 385 625 0 0 0 0 81 0 0 -400 -45 0 200 0 0 -625 0 -38 0 633 0 550 600 0 480 0 -375
541 0 111 875 483 550 600 750 100 450 100 1000 0 0 357 944 400 350 0 199 535 550 727 800 0 0 227 0 0 513 400 750 0 0 0 571 0 593 400 850 300 300 300 300 1000 300 0 627 0 500 0 655 675 0 0 633 500 593 0 0 393 0 502 0 737 594 0 0 500 0 0 1000 566 727 600 0 0 0 0 462 0 0 400 656 0 200 0 0 1000 0 322 0 766 0 691 1000 0 470 0 650
#AFC 2018-02-10
181 0 -71 1000 400 400 45 136 0 350 75 0 136 68 350 116 0 -54 -400 300 300 300 300 -610 0 0 0 0 0 31 0 -500 0 0 700 0 0 250 0 0 0 656 -166 181 700 318 0 0 0 0 254 500 0 700 0 136 400 225 133 600 -400 0 225 0 318 0 181 170 200 0 69 -200 500 -250 0 -744 423 500 -625 0 0 243 328 500 0 216 -80 -699 0 -50 0 0 -333 400 0 350 -800 0 0 500
500 100 142 1000 400 800 326 454 0 500 175 0 454 427 350 355 0 684 500 300 300 300 300 250 0 0 0 0 1000 250 1000 550 0 0 600 0 0 333 0 0 0 534 166 500 600 643 0 100 0 0 740 750 1000 700 0 454 800 450 300 900 500 0 450 0 643 125 500 454 450 0 390 700 500 500 0 833 557 500 400 0 0 653 650 500 0 700 597 666 0 633 0 0 1000 800 0 650 1000 0 0 750
