#CPFC 2013-10-21
0 -200 0 0 0 -73 100 0 6 0 -155 0 0 250 -266 333 0 0 0 500 750 312 0 700 0 0 200 -175 -175 500 257 328 -300 0 400 0 0 150 0 0 -300 0 0 800 349 0 0 199 0 212 0 1000 300 -181 0 200 300 225 -125 0 0 0 433 243 0 718 0 0 1000 700 0 0 -400 0 0 650 0 0 700 0 1000 136 0 0 0 0 -108 200 -125 0 0 0 -200 50 0 0 433 312 0 -400
66 800 1000 0 0 506 1000 0 387 0 288 0 0 516 433 433 0 0 300 888 1000 591 0 600 0 0 125 425 425 475 335 378 600 0 399 0 0 433 0 300 500 500 0 400 750 0 0 350 0 550 0 300 200 693 33 200 200 650 375 0 300 1000 833 718 100 708 0 300 600 600 0 0 400 0 0 450 0 300 600 0 400 454 0 0 0 0 425 900 375 0 300 100 800 200 0 300 679 500 0 400
#FFC 2013-10-21
0 -58 0 0 -73 100 393 0 0 500 275 0 0 0 0 750 700 0 0 0 0 -400 0 200 0 0 0 0 156 150 0 0 0 0 400 0 250 0 0 0 600 0 0 0 0 0 0 0 700 0 600 0 0 0 0 500 0 0 0 350 -775 1000 0 0 -400 357 0 0 0 500 0 0 0 0 170 0 0 0 -200 233 149 0 66 -133 -562 0 133 500 0 0 800 0 0 0 0 800 0 0 0 -249
0 194 0 0 506 200 506 0 0 600 566 0 0 0 300 1000 600 0 0 0 0 400 0 125 0 0 0 0 400 433 0 0 300 0 550 1000 200 0 0 0 1000 0 0 0 0 66 0 0 600 300 300 0 0 0 300 500 0 0 0 650 950 750 500 100 400 750 0 0 300 500 0 0 0 300 454 0 0 300 800 596 333 0 333 508 950 0 266 600 0 0 400 0 300 0 0 1000 0 0 0 366
#AVFC 2013-10-20
0 0 1000 0 1000 0 0 0 0 0 358 125 318 136 136 700 0 0 0 0 0 0 0 0 0 0 -50 0 0 0 625 468 0 0 208 600 0 700 318 136 200 0 468 1000 0 0 1000 -200 1000 0 91 0 0 375 375 0 0 0 0 0 250 100 300 0 100 -250 500 600 100 0 -133 0 -166 300 0 0 0 0 0 0 125 750 0 0 625 0 -133 500 0 384 0 250 -200 0 -194 375 175 0 0 0
0 0 200 0 200 0 0 0 0 0 625 900 477 454 454 600 0 0 0 0 0 0 0 0 0 0 400 0 0 0 1000 602 0 0 833 950 0 600 727 454 950 0 602 200 0 0 200 400 200 0 587 0 0 500 500 0 300 0 0 0 250 400 650 0 400 250 600 950 400 0 466 0 166 350 0 0 0 0 0 0 250 400 0 0 500 0 133 500 0 661 0 200 800 0 288 525 477 0 0 0
#COYS 2013-10-20
0 0 379 200 335 200 0 0 -500 168 437 250 0 350 -250 68 -390 0 0 287 0 0 154 1000 -75 0 -75 477 0 0 0 -400 380 0 400 600 166 500 400 1000 468 0 -33 44 500 0 437 875 0 312 -500 0 -50 600 99 308 380 625 500 -156 0 0 550 400 760 -57 -150 0 0 850 600 500 250 -222 1000 0 234 -714 225 0 0 -125 0 -125 136 0 0 850 277 0 468 0 0 -49 500 0 800 0 500 272
0 0 966 450 727 300 0 0 400 327 500 300 0 462 400 277 250 0 0 487 0 0 300 1000 366 0 450 522 125 300 0 400 602 0 437 900 533 500 900 750 727 0 466 473 900 0 650 600 0 300 1000 0 0 900 500 544 477 500 1000 125 0 0 950 500 662 878 154 0 0 450 1000 700 200 797 750 0 649 857 356 0 0 444 0 375 454 0 0 675 482 0 602 0 0 650 600 0 1000 0 1000 501
#WHUFC 2013-10-19
-371 0 800 0 0 450 0 -500 800 166 0 0 -62 0 0 0 0 800 0 0 1000 0 0 458 199 0 0 0 366 0 0 700 0 0 0 0 0 0 0 0 0 0 0 0 0 0 433 433 0 0 0 0 0 0 0 0 800 0 0 136 0 350 -300 0 0 1000 0 0 0 0 800 500 700 0 0 0 0 0 285 1000 0 550 0 400 0 0 166 0 0 0 0 0 -100 0 0 -50 400 0 0 500
519 0 400 0 0 400 0 600 400 583 0 66 237 0 0 0 0 400 0 0 300 0 0 533 433 0 0 0 533 100 0 600 0 0 0 0 0 0 0 0 0 0 0 0 0 0 733 733 0 0 0 0 83 0 0 300 750 0 0 454 0 700 400 750 0 1000 0 0 550 0 750 500 333 0 0 750 0 100 535 300 0 1000 0 550 0 0 583 0 0 0 0 0 1000 0 0 500 900 0 0 900
#MCFC 2013-10-19
0 0 0 0 0 -371 137 0 0 0 0 0 0 0 0 0 0 800 0 200 -37 0 625 0 700 500 0 0 660 700 500 900 0 292 100 156 -133 0 0 -16 250 -133 120 0 -62 375 137 375 0 -250 595 0 125 800 0 0 350 0 125 342 0 361 -116 625 0 0 1000 0 800 0 0 0 0 0 0 0 158 0 0 0 0 0 0 0 700 0 0 0 0 0 0 0 0 0 0 0 0 0 0 500
0 0 0 0 0 519 744 0 0 0 0 0 0 0 125 0 112 900 0 375 583 0 600 0 600 525 550 0 690 600 550 1000 0 425 512 666 322 0 300 466 450 233 584 0 237 500 744 500 0 888 616 0 205 900 0 0 462 0 625 595 0 500 450 600 0 0 300 0 1000 0 250 0 300 0 0 0 633 0 0 0 500 0 0 250 600 0 0 0 0 0 0 0 0 250 0 0 0 0 0 1000
#AFC 2013-10-19
0 -1000 -133 -400 0 0 0 0 200 0 0 0 0 0 0 0 0 1000 800 0 0 0 0 0 0 520 0 0 750 0 0 0 0 0 0 28 0 0 -155 0 0 -400 -488 0 100 0 0 0 100 0 200 250 -175 500 500 500 500 800 0 250 0 0 0 400 0 0 500 225 500 1000 266 -187 -699 0 0 196 -50 451 0 400 136 0 -150 0 0 93 200 0 0 0 0 256 0 379 50 203 1000 500 446 200
0 1000 600 400 0 0 0 0 300 0 0 0 0 0 0 0 0 900 900 0 0 0 0 0 0 516 0 0 1000 0 0 0 0 0 0 184 0 0 288 0 0 400 500 0 300 0 0 0 300 0 200 250 400 833 833 833 833 1000 1000 250 0 0 0 375 66 0 833 516 833 1000 411 500 666 0 0 504 350 447 0 433 454 0 550 0 0 312 300 0 0 0 0 650 0 500 50 535 900 500 571 200
#ncfc 2013-10-19
0 162 300 50 0 0 -200 0 -1000 0 -400 0 0 1000 131 100 0 -166 600 0 200 -156 -100 250 200 0 -500 0 320 0 0 500 0 562 -250 -125 -50 224 0 0 -25 0 1000 50 225 800 0 -244 0 175 800 -500 11 0 500 0 0 0 150 0 -395 0 0 0 29 0 433 425 250 0 0 -215 0 -400 -500 1000 170 136 -250 0 0 136 0 0 0 100 -250 0 -250 325 0 0 0 0 0 0 -400 -1000 362 0
0 693 550 50 875 0 200 875 800 0 400 400 0 900 625 333 0 400 744 0 500 937 562 375 325 0 1000 0 396 100 100 1000 66 500 400 666 0 325 300 0 58 0 300 400 516 750 100 200 0 708 400 1000 355 0 500 0 307 0 400 0 770 0 0 0 595 0 833 550 300 0 0 450 0 400 700 1000 454 454 400 433 0 454 100 0 433 744 400 433 400 425 433 0 0 0 0 0 400 1000 400 0
#CFC 2013-10-19
1000 0 0 136 0 136 136 300 0 0 0 750 0 0 0 0 0 0 0 0 0 0 0 0 0 0 0 0 300 0 0 333 0 0 136 566 136 136 -200 0 0 136 136 312 136 0 0 136 0 0 0 0 0 0 136 125 0 136 274 500 136 136 200 0 0 0 0 0 0 0 0 0 800 1000 500 0 500 -166 0 0 -266 -200 136 0 0 0 -16 321 0 23 17 357 0 0 0 500 -66 0 0 0
400 0 0 500 0 500 500 0 0 0 0 400 0 0 0 0 0 400 0 100 0 0 0 100 0 0 0 0 600 0 0 416 0 0 454 799 454 454 0 550 0 454 454 533 454 0 0 454 0 0 0 0 0 0 454 666 0 454 700 1000 500 500 300 0 0 0 0 0 0 0 0 0 700 750 525 0 1000 66 0 33 533 250 500 0 0 0 466 700 0 562 421 571 0 0 0 525 580 0 0 0
#cardiffcity 2013-10-19
250 0 0 0 100 0 375 -437 0 -625 0 0 0 0 0 0 250 0 0 193 500 500 0 193 500 700 0 -62 0 0 0 0 250 0 0 0 0 0 33 200 0 0 0 0 0 0 0 100 158 100 300 0 0 0 0 -200 600 0 -250 50 350 300 0 0 0 250 312 0 0 250 0 0 0 100 0 500 500 500 0 133 0 0 500 0 0 400 -100 0 0 0 250 99 99 0 250 0 0 525 -100 0
333 0 0 0 100 0 600 420 0 900 0 0 0 0 66 0 200 0 0 625 500 500 1000 625 500 600 0 687 0 0 0 0 450 66 0 500 500 500 266 700 66 0 0 0 0 0 0 200 625 200 200 0 0 0 0 250 1000 0 888 100 462 200 0 0 0 250 200 0 0 250 66 0 0 1000 0 500 500 500 0 266 0 0 500 0 0 200 50 0 0 0 300 245 245 1000 333 0 475 366 200 0
#EFC 2013-10-19
500 100 0 0 0 500 0 0 0 0 0 250 0 0 0 0 0 0 225 0 800 500 225 1000 1000 0 1000 324 0 700 0 0 275 900 0 213 -33 0 0 0 350 -33 0 0 0 -450 -200 0 0 0 -99 0 200 0 0 750 0 0 0 600 -250 0 0 -231 -421 0 0 1000 0 0 0 0 166 0 -125 100 0 0 875 800 650 700 0 500 0 0 800 1000 0 716 500 1000 0 0 0 0 0 0 200 0
500 100 0 0 0 888 0 100 0 0 0 300 0 0 0 0 0 0 900 0 700 550 900 1000 650 0 300 525 0 600 0 300 425 1000 0 454 266 0 0 0 350 433 0 0 100 600 100 0 0 0 700 0 200 0 400 1000 0 0 0 1000 800 0 0 677 600 500 0 300 0 0 0 0 433 0 125 200 0 0 669 750 675 600 0 500 0 0 750 300 500 566 700 300 0 0 500 0 0 0 500 0
#hcafc 2013-10-19
100 250 0 0 -349 0 274 350 0 350 800 162 266 -500 400 332 400 332 0 0 0 -166 -75 0 700 0 262 0 0 700 550 -50 0 100 500 -200 250 -400 0 100 0 140 0 250 342 400 399 0 -400 0 392 0 0 400 250 0 -260 250 250 0 0 225 0 -388 250 350 0 237 -125 0 450 136 0 433 136 136 0 68 425 318 68 433 0 900 1000 390 -16 -146 350 900 0 0 1000 0 566 200 -125 -233 268 -50
100 500 0 66 333 0 549 350 300 350 1000 508 366 1000 500 606 500 606 0 0 0 166 366 0 600 0 500 0 0 900 700 400 50 100 500 512 1000 400 0 100 0 789 0 750 875 800 800 0 400 550 717 0 1000 800 200 0 166 250 500 0 0 225 0 833 750 350 0 700 375 0 750 454 0 444 500 500 0 300 387 562 300 733 500 750 300 900 400 594 412 525 0 0 300 400 583 400 444 400 650 200
#MUFC 2013-10-19
136 0 0 354 0 0 0 0 0 0 0 0 0 99 0 0 0 500 0 0 0 0 0 0 177 0 850 136 0 136 0 0 0 -25 0 700 0 266 0 0 557 866 0 0 0 0 -274 0 500 166 0 500 0 283 0 0 350 100 0 0 0 10 400 0 200 0 130 0 100 0 100 0 -125 0 0 -100 0 0 500 0 866 625 800 333 0 218 0 300 350 0 0 750 500 200 200 0 0 0 1000 0
454 100 0 420 0 0 0 0 0 0 0 0 0 333 0 0 0 500 0 0 0 0 0 0 558 500 450 454 0 454 0 0 0 700 0 600 0 283 0 0 783 566 0 0 0 0 658 0 1000 522 0 1000 0 399 0 0 600 300 0 0 0 432 519 0 550 0 180 0 300 0 300 0 694 0 0 50 0 0 650 0 566 600 700 333 0 275 0 475 650 0 0 1000 650 500 500 0 0 0 300 0
#SaintsFC 2013-10-19
0 -500 0 -500 132 200 0 -333 0 0 -200 449 -16 -249 99 127 100 -125 20 500 1000 195 0 1000 0 0 0 0 700 0 0 150 0 0 0 125 400 475 0 0 123 0 300 600 0 525 -250 0 0 -27 812 0 425 250 0 0 0 0 600 -1000 -255 0 0 0 0 0 0 0 0 -375 0 0 0 250 0 218 0 0 350 285 0 0 28 0 800 450 250 241 1000 500 100 300 116 100 399 0 100 250 100 0
0 700 0 400 460 400 0 455 300 0 350 550 466 550 400 450 512 187 277 1000 300 200 266 300 1000 0 0 0 600 0 0 483 0 0 0 200 1000 550 650 0 410 0 266 600 0 366 335 0 0 722 400 1000 575 200 300 0 0 0 600 750 385 250 400 50 0 0 50 125 600 600 0 0 0 250 0 422 0 0 500 535 0 0 445 0 1000 900 466 493 1000 450 100 300 644 100 350 0 100 750 250 0
#SCFC 2013-10-19
0 250 0 800 -400 -234 0 -33 0 0 150 0 125 250 0 0 114 25 0 0 0 0 0 -208 0 0 25 0 -250 0 0 0 234 0 366 0 0 0 0 -100 0 0 -400 0 0 0 -62 0 0 0 0 0 0 -33 0 -291 0 75 0 0 0 400 0 -33 0 370 -33 -33 0 0 0 0 0 0 0 166 0 0 250 0 500 433 0 0 0 0 400 400 400 0 0 0 600 800 -166 0 0 0 800 800
0 1000 0 750 400 500 0 399 0 0 577 0 250 283 300 0 498 400 0 0 0 0 50 166 0 0 400 66 888 0 0 0 643 0 450 0 0 0 0 1000 0 0 400 569 0 0 237 0 0 0 0 850 0 400 0 541 0 399 0 50 250 500 0 400 0 466 400 400 0 0 0 100 0 0 0 433 0 0 250 0 500 366 500 0 0 0 400 400 900 0 0 0 550 1000 333 0 0 0 750 750
#WBA 2013-10-19
238 0 800 0 324 -340 -400 500 -75 -349 466 600 0 0 -800 0 0 0 87 0 0 0 0 -116 0 0 118 0 0 -300 -1000 -1000 175 233 200 0 166 -450 0 -125 0 669 100 0 0 0 800 0 200 200 136 0 20 0 303 0 0 0 0 500 0 -307 0 0 0 0 0 0 0 0 -166 0 0 -97 0 0 100 0 258 200 0 0 0 525 666 -62 0 0 0 0 0 0 0 350 0 -200 0 400 500 -33
380 0 750 0 325 559 400 750 366 333 750 800 0 0 900 250 0 1000 412 0 0 0 0 583 0 0 298 0 0 400 1000 1000 400 388 500 0 333 678 0 500 0 799 400 0 0 0 400 0 500 500 454 0 354 0 593 0 0 0 0 500 0 275 0 0 0 0 0 0 0 0 600 0 1000 144 0 0 133 0 541 500 0 0 0 366 566 237 0 0 0 0 0 0 0 350 66 300 0 375 500 400
#Swans 2013-10-19
0 238 0 0 400 500 400 400 0 0 400 0 312 148 0 0 0 0 250 0 0 -500 581 700 -150 0 -100 0 -250 250 0 0 500 800 0 -100 -200 0 116 -100 0 0 0 -50 0 -400 0 0 116 416 0 0 0 0 0 300 0 50 433 500 0 116 0 -400 116 -100 -100 0 0 -100 250 -699 0 0 -400 0 0 -400 0 300 200 0 400 0 250 -100 -300 0 416 350 -100 -100 400 0 0 136 0 750 136 488
0 380 0 0 600 1000 600 600 0 0 900 0 200 496 0 0 0 0 300 300 0 500 1000 600 200 0 1000 0 600 333 0 0 1000 400 0 1000 512 0 416 1000 0 0 100 0 0 400 0 0 416 866 0 0 0 0 0 950 0 50 450 1000 0 416 0 400 416 400 400 100 0 400 500 666 0 0 400 0 0 400 0 0 512 0 900 66 850 400 600 0 866 412 400 400 900 0 0 454 0 1000 454 333
#SAFC 2013-10-19
600 800 -250 0 -300 0 24 0 -75 -250 316 0 -625 0 0 0 -166 250 250 366 0 0 50 0 0 600 49 0 200 400 275 0 -50 0 49 0 450 900 625 0 -500 -81 1000 0 0 200 100 250 -400 250 100 0 136 0 0 0 0 200 250 0 0 800 0 416 -400 -400 0 -375 0 0 195 700 0 -400 250 550 0 0 219 416 0 0 0 350 125 136 0 0 600 -57 0 -200 0 0 0 -50 136 500 -83 -233
266 400 250 75 500 0 966 0 366 1000 311 0 1000 600 566 0 433 250 344 700 0 0 916 0 0 950 765 0 575 800 425 0 400 0 450 0 825 525 1000 0 400 733 300 0 0 200 300 500 450 312 400 0 454 0 0 0 0 400 200 300 0 1000 0 750 1000 400 0 600 0 0 1000 600 0 400 250 650 0 0 511 500 0 1000 0 500 383 454 0 500 900 567 0 200 1000 0 100 400 454 400 145 366
#NUFC 2013-10-19
0 0 0 0 0 0 0 0 0 0 91 56 0 -1000 799 0 0 700 -1000 0 0 -700 850 136 0 0 0 -400 800 0 0 0 -325 166 -83 -200 -95 0 -200 -600 0 -222 0 102 136 0 316 255 0 850 850 875 0 285 166 -166 0 -200 0 -400 0 500 -329 291 0 200 100 800 -50 0 100 0 600 0 100 -300 232 187 0 0 31 0 -103 500 100 600 -150 166 0 300 0 1000 150 800 100 -387 -500 -300 0 0
0 0 0 0 0 0 0 0 0 0 458 151 0 1000 500 0 0 600 1000 0 0 700 450 500 0 0 0 400 700 0 1000 0 325 366 83 700 476 0 575 600 0 744 0 575 454 0 311 911 0 450 450 600 0 529 416 66 833 500 270 400 0 820 533 458 0 500 400 400 362 0 600 0 900 0 200 600 385 437 0 0 675 0 496 500 400 950 400 566 0 575 0 500 383 750 383 500 400 225 0 400
#LFC 2013-10-19
0 0 0 -120 0 0 -875 0 0 0 0 -12 0 0 0 0 0 0 136 0 0 0 0 0 -200 0 0 0 0 0 400 0 136 625 0 126 200 700 -400 312 0 0 0 0 0 0 -400 0 -155 0 400 0 99 66 200 -216 1000 0 0 0 1000 1000 -150 0 0 0 83 0 0 433 100 33 433 0 1000 0 0 0 0 425 112 0 0 250 0 500 500 -364 0 0 100 425 425 425 0 0 0 0 600 0
50 0 0 470 0 0 1000 0 0 0 0 125 0 0 0 0 0 0 500 0 0 0 0 0 0 0 0 0 0 0 400 0 454 500 0 400 350 600 400 533 0 0 0 0 0 0 400 0 288 0 622 0 850 100 500 391 1000 400 0 0 1000 1000 500 0 0 0 350 0 0 833 100 175 833 0 1000 0 0 0 0 525 222 0 0 500 0 233 233 541 0 0 83 525 525 525 0 0 0 0 650 0
#COYS 2013-10-06
0 700 650 0 0 0 -500 0 -468 625 -49 0 0 0 0 -376 -714 0 0 1000 549 220 562 0 166 575 0 312 0 150 250 0 0 -54 0 700 0 -400 58 -800 0 0 0 0 1000 500 -25 0 0 700 0 0 0 950 400 -166 0 0 312 -250 0 83 800 -200 0 750 312 400 0 100 700 333 0 350 600 300 350 216 -183 0 900 0 550 0 150 0 0 0 -333 400 -550 193 199 575 -166 0 166 350 300 -50
0 600 725 0 0 0 450 0 400 500 250 0 0 0 100 572 857 0 0 300 900 750 750 0 466 650 0 400 0 822 250 0 0 450 0 600 125 400 357 900 0 0 0 0 1000 500 375 0 0 600 0 0 0 650 562 333 0 33 900 1000 0 125 700 600 66 825 300 900 0 125 600 1000 66 650 675 441 350 416 383 0 1000 0 399 0 666 0 0 0 1000 1000 600 727 549 650 166 0 369 400 575 0
#WHUFC 2013-10-06
0 0 0 0 0 0 0 -750 0 0 0 0 -625 0 0 54 0 0 -187 0 533 200 700 0 358 1000 0 0 542 -250 0 0 0 0 600 100 0 0 0 0 0 0 450 0 0 0 0 375 0 650 0 100 -200 100 -234 -234 0 500 387 387 0 0 0 0 0 0 0 50 0 0 800 183 208 0 0 17 0 20 0 0 0 -400 0 0 400 0 600 0 -400 0 0 -50 0 850 0 0 -400 0 426 0
0 0 0 0 0 0 0 1000 0 0 0 0 866 0 0 277 0 0 533 0 633 300 600 1000 322 1000 0 0 621 750 0 0 0 0 900 200 0 0 0 100 0 0 500 0 0 0 0 700 0 944 0 383 300 200 500 500 0 500 775 775 300 0 0 0 0 0 0 200 0 0 550 372 250 0 0 421 0 716 0 0 0 400 100 0 675 0 600 0 400 0 0 400 66 875 0 0 400 0 833 0
#WBA 2013-10-06
0 -150 0 250 0 0 0 0 0 0 0 0 550 41 0 0 125 0 0 875 0 0 -66 0 0 0 650 312 0 -50 0 0 116 0 33 300 0 0 -400 0 0 0 250 238 -99 433 283 562 -976 666 700 0 266 700 -400 0 0 208 100 0 -312 450 -66 800 87 0 44 0 -683 450 0 175 0 468 0 200 -116 250 -1000 -683 0 383 -250 200 500 285 0 -223 100 0 0 521 600 500 -450 0 450 312 200 200
0 550 0 416 0 0 0 1000 0 0 0 100 650 708 0 0 687 0 0 600 750 0 750 0 0 0 700 534 0 50 0 0 525 0 500 300 0 0 400 0 0 0 494 357 583 716 444 797 1000 616 600 0 366 600 600 0 1000 666 200 0 250 338 600 900 700 100 283 0 833 794 0 275 0 750 0 250 566 375 900 833 0 338 900 300 500 476 0 535 200 0 0 504 900 500 866 0 338 504 400 544
#AFC 2013-10-06
500 0 0 0 0 136 -6 -200 0 -200 -500 136 400 0 0 0 0 0 625 156 0 0 -500 500 800 0 333 200 -100 -125 0 0 650 0 -750 0 0 0 0 0 0 -288 0 0 0 0 0 0 800 800 0 0 0 0 0 200 0 1000 142 413 341 800 500 0 99 200 0 0 250 0 0 900 200 781 0 84 -500 0 322 0 0 0 0 0 -400 0 0 0 100 0 0 0 0 0 0 0 0 -666 500 136
600 0 0 0 0 454 247 300 0 300 1000 454 500 0 0 0 0 0 600 675 0 0 799 500 700 0 950 200 275 375 0 0 675 0 1000 0 0 0 0 0 0 461 0 0 0 0 0 0 400 400 0 500 0 0 0 200 0 300 767 461 741 400 600 0 416 400 0 0 550 0 0 1000 500 1000 0 387 700 0 494 125 62 0 100 0 600 0 0 0 300 0 0 125 62 125 0 62 0 1000 500 454
#ncfc 2013-10-06
0 0 633 0 318 0 0 0 0 0 0 0 0 -47 0 0 0 370 800 400 -750 0 -350 0 666 100 0 500 0 0 650 0 0 0 0 500 200 -400 271 0 0 233 0 0 375 0 104 100 0 0 -280 400 0 800 0 200 -77 0 0 -437 0 0 0 250 0 562 600 -125 -400 200 100 800 800 387 280 -200 -400 200 -500 399 100 180 0 387 250 50 0 1000 -66 262 200 0 700 183 250 399 495 -400 866 433
0 0 500 0 550 0 0 0 500 0 0 0 125 399 0 100 500 476 400 800 750 0 450 0 799 200 0 500 0 0 450 0 0 0 0 900 200 400 514 0 0 500 0 0 475 100 766 400 0 0 555 600 0 1000 0 450 344 0 100 875 1000 1000 0 250 0 425 700 875 400 450 383 400 400 775 527 300 400 450 1000 500 300 473 0 775 550 200 0 1000 175 500 300 0 800 372 250 800 545 700 716 799
#CFC 2013-10-06
516 500 0 0 -250 -250 0 0 0 0 312 0 -23 136 0 375 0 500 1000 350 468 94 0 0 33 0 0 -200 0 1000 0 0 0 0 0 0 -93 433 600 303 53 136 99 286 0 0 0 1000 50 50 0 1000 0 0 1000 1000 0 175 400 0 200 0 400 -33 0 0 0 0 0 700 750 0 0 0 0 0 47 0 0 800 700 0 0 800 0 700 400 800 0 468 0 800 -33 0 0 0 0 50 0 0
816 183 0 0 250 250 0 0 0 0 450 0 380 454 0 750 0 500 300 800 100 707 0 0 133 0 0 100 0 400 0 62 0 0 0 0 550 433 766 725 435 500 800 473 0 0 0 400 200 200 0 400 0 0 400 400 0 425 500 0 200 0 408 108 0 500 0 0 0 600 950 0 0 0 0 0 313 0 0 400 600 0 0 400 0 600 200 400 0 100 0 400 108 0 0 0 0 200 0 0
#SaintsFC 2013-10-06
0 250 -800 -77 0 0 0 200 0 0 0 156 0 199 0 0 1000 0 0 0 0 -155 250 0 -62 0 -155 600 0 200 0 0 250 399 200 0 1000 285 -39 27 0 0 -200 0 0 0 0 600 0 0 0 600 0 0 466 0 0 500 400 0 136 626 0 -125 0 500 -400 800 500 -400 0 0 283 0 0 200 330 -125 0 200 200 375 -125 -388 0 0 0 100 18 0 -500 500 0 800 1000 800 466 0 0 -166
0 333 900 688 0 0 0 350 0 0 0 875 0 466 0 0 300 0 0 100 0 288 1000 0 575 0 288 650 0 200 0 0 200 400 900 0 1000 535 125 500 0 0 100 0 0 0 0 1000 0 0 0 1000 0 0 666 0 0 875 200 0 500 671 0 375 0 600 400 400 500 400 0 0 600 0 0 200 570 375 0 300 675 500 375 833 0 0 300 350 300 0 400 400 0 1000 700 750 866 0 0 208
#Swans 2013-10-06
-166 -400 0 0 0 0 0 0 0 0 0 0 136 -625 0 0 1000 0 277 0 0 900 0 0 0 0 -43 -400 -1000 100 -500 0 -300 200 0 0 -125 80 500 0 700 100 1000 0 0 0 0 0 0 0 -194 0 0 0 0 0 800 800 0 0 -200 0 0 0 400 322 781 136 0 0 0 -125 0 -15 0 0 -125 0 0 0 -125 0 0 0 283 850 0 0 0 216 500 0 150 500 500 100 577 0 0 0
166 400 0 0 0 0 0 0 0 0 0 0 454 400 0 0 750 0 544 0 0 1000 0 0 0 100 300 400 1000 100 700 0 600 200 1000 66 375 470 833 0 1000 400 1000 0 0 0 0 0 0 100 916 0 0 0 0 100 400 400 0 100 233 0 0 100 200 644 750 500 500 0 0 375 0 443 0 0 375 0 0 0 375 0 0 0 566 1000 0 1000 0 866 600 0 649 562 556 400 845 0 0 0
#SAFC 2013-10-05
0 0 0 350 0 566 0 0 0 250 8 1000 0 0 800 0 350 300 0 0 -18 0 0 250 -500 136 62 -200 0 500 0 -125 0 250 0 250 200 -125 25 0 -398 0 170 0 0 -170 0 0 178 -150 0 -600 0 41 300 0 166 -100 250 -100 600 250 -188 0 -700 700 0 0 1000 27 -500 0 0 0 38 0 -100 -400 0 0 -83 218 0 113 500 0 0 -162 -83 462 0 0 -50 -312 -250 121 0 0 32 0
0 0 0 550 0 533 0 0 0 333 391 1000 0 200 1000 0 700 200 1000 50 393 0 0 250 1000 454 675 50 0 500 0 625 0 500 150 283 200 375 425 375 595 0 500 0 150 470 0 0 568 466 0 800 0 391 100 0 466 500 1000 550 1000 250 344 0 700 600 0 0 300 244 600 0 0 1000 672 533 400 600 0 50 216 325 0 422 1000 0 0 216 216 590 0 0 200 800 416 405 125 0 526 300
#MUFC 2013-10-05
366 0 0 0 0 0 0 0 0 0 0 0 250 250 500 33 0 0 0 0 -400 142 0 0 0 1000 136 500 68 0 0 0 0 0 0 500 0 0 650 0 0 0 0 0 0 -400 0 0 81 0 -200 0 -400 0 400 0 0 49 0 0 0 0 0 0 0 0 0 0 0 0 0 0 0 0 0 0 0 0 0 0 0 0 0 0 0 0 0 0 0 0 100 200 0 0 0 0 312 400 68 0
700 0 0 0 0 0 0 0 0 0 0 0 250 250 500 762 0 0 0 0 600 267 0 0 0 1000 500 1000 250 0 0 0 0 0 0 888 0 0 944 0 0 0 0 0 0 600 0 312 486 0 0 0 600 0 750 0 0 525 0 0 0 0 0 0 0 0 0 0 0 0 0 0 0 0 0 0 0 0 0 0 0 0 0 0 0 0 0 0 0 0 150 100 0 0 0 0 333 700 250 0
#cardiffcity 2013-10-05
0 0 0 175 285 0 -62 0 136 250 0 0 118 125 0 437 0 0 0 0 100 0 0 0 0 206 800 433 0 250 0 400 0 433 0 0 168 0 0 250 0 0 125 0 0 -400 0 -400 -400 0 0 0 0 250 0 -194 0 172 400 0 350 60 400 -400 0 800 400 0 525 600 -400 0 -125 100 1000 160 500 162 600 0 500 600 0 0 0 0 0 350 558 500 500 500 0 166 800 0 375 187 0 125
0 375 0 325 535 0 237 0 500 200 0 0 429 550 0 550 0 0 0 0 400 0 0 0 0 700 900 300 0 408 0 200 0 300 0 0 450 0 0 300 0 0 1000 0 0 400 0 400 400 0 0 0 0 300 0 288 0 594 375 125 362 459 375 900 0 900 900 0 366 950 400 100 125 300 300 539 600 300 950 0 500 950 0 0 0 0 0 550 433 200 200 200 66 366 400 0 500 250 0 400
#NUFC 2013-10-05
0 -350 450 0 0 0 800 375 -699 258 0 0 446 0 0 0 283 -61 0 -349 0 0 -25 800 300 700 800 0 0 0 350 1000 158 800 -100 0 100 0 500 0 -19 0 0 500 -500 0 600 -300 149 -400 -150 0 0 0 -150 416 0 0 575 0 800 -237 0 0 375 0 0 -133 0 250 0 0 700 100 700 0 100 500 0 0 0 166 0 0 0 0 613 0 0 0 -200 0 0 0 800 0 500 -400 850 -194
0 631 358 100 0 0 1000 750 666 808 0 0 535 0 500 0 494 530 0 333 0 0 525 400 100 900 1000 0 0 0 450 300 391 1000 399 0 250 0 500 100 400 0 0 500 1000 0 1000 600 650 700 441 0 0 500 200 500 0 0 525 0 900 362 500 0 569 0 0 133 0 578 0 0 600 550 1000 0 900 500 0 0 300 333 0 0 0 0 772 0 0 0 100 0 0 0 400 0 600 600 800 288
#FFC 2013-10-05
0 -100 -100 600 0 0 0 500 500 200 0 500 500 0 0 600 0 0 0 0 0 400 0 0 0 -100 -100 -100 -100 -100 -100 0 87 100 152 0 -150 -100 -100 -100 -100 -100 -100 0 400 0 -500 0 0 -166 0 0 0 475 -388 500 0 400 0 33 0 0 250 0 -155 0 0 0 -87 344 0 600 0 583 0 0 0 0 -300 0 0 -100 -100 83 0 -149 0 166 0 550 0 0 -155 -25 87 -500 0 0 500 0
0 100 100 1000 0 0 400 1000 1000 200 0 1000 1000 1000 0 700 0 0 0 300 0 800 0 0 0 100 100 100 100 100 100 0 283 200 566 300 366 100 100 100 100 100 100 0 1000 66 900 0 0 166 0 0 0 449 833 500 0 233 0 66 0 0 200 0 288 0 0 0 426 522 0 900 0 733 0 0 0 0 850 0 0 100 100 583 300 783 300 633 0 412 0 0 288 62 283 900 0 0 600 0
#SCFC 2013-10-05
0 0 875 0 800 566 433 0 0 0 422 0 0 0 0 -750 300 450 0 400 800 0 318 850 -99 428 0 -400 800 136 -309 136 0 -250 775 750 300 300 182 800 1000 566 0 -104 0 200 525 600 0 400 633 533 -486 -70 500 833 86 -156 799 -600 750 565 450 0 300 0 475 311 750 700 0 475 0 -400 0 -83 300 0 0 -77 357 0 333 2 350 0 381 -500 0 0 -225 0 800 -49 -600 571 -62 -95 -1000 -1000
0 0 600 0 400 633 733 0 0 0 644 0 0 0 0 800 200 587 0 500 400 0 700 450 875 600 0 400 550 454 653 454 0 750 466 650 0 0 466 1000 1000 616 0 116 0 799 425 1000 0 559 566 383 833 395 500 666 433 1000 566 600 500 520 500 0 525 0 350 716 750 600 0 575 0 700 0 83 488 0 0 644 535 500 600 577 450 0 383 1000 0 66 391 500 900 950 800 664 577 466 900 1000
#hcafc 2013-10-05
700 800 0 -200 250 136 0 0 0 0 500 625 500 -250 -145 250 0 725 683 0 -300 -166 0 200 0 -187 0 375 187 -100 0 -100 0 -100 150 -100 0 0 0 0 0 208 125 0 136 11 0 500 -250 -475 0 0 0 0 111 222 0 0 -400 0 0 0 0 0 0 0 -388 0 0 -147 100 -500 200 0 0 0 1000 500 0 -1000 0 0 166 0 350 0 0 166 -187 0 625 -50 0 -200 0 500 600 250 625 0
600 750 0 50 1000 454 0 0 0 0 888 500 1000 450 770 1000 0 950 683 0 550 566 0 200 0 500 0 500 250 300 0 400 0 550 1000 400 0 0 900 0 1000 697 199 0 454 255 0 900 250 575 0 0 100 0 522 777 0 0 400 0 0 0 0 0 0 0 833 0 0 640 300 900 900 0 0 0 1000 266 500 1000 0 0 166 0 550 0 0 833 850 0 900 350 0 800 0 1000 750 250 500 0
#AVFC 2013-10-05
0 0 -55 100 0 500 0 0 0 0 0 278 266 0 -625 500 399 400 0 216 100 683 400 -156 0 100 100 -937 336 -87 700 275 0 0 285 136 285 0 0 -50 0 0 0 0 0 133 400 0 0 0 0 812 0 166 285 136 285 136 285 136 750 0 500 700 0 0 0 0 0 0 0 0 833 500 100 0 0 100 0 400 0 0 0 0 0 -1000 600 700 -333 400 300 0 100 0 0 0 0 0 0 -350
0 0 722 400 66 1000 0 1000 0 0 0 351 266 0 700 1000 450 600 0 411 400 616 408 100 0 400 400 800 329 368 600 250 0 0 535 454 535 0 0 400 0 0 0 0 0 300 800 0 0 0 0 1000 0 333 535 454 535 454 535 454 1000 0 500 600 0 0 0 0 0 0 0 0 666 500 400 0 0 400 0 400 0 0 0 66 0 1000 900 600 1000 500 650 0 1000 0 0 0 0 0 0 500
#LFC 2013-10-05
170 0 0 0 0 0 800 0 0 800 100 0 0 800 0 0 800 100 500 0 700 200 0 0 0 0 0 0 0 0 0 0 0 0 45 500 0 399 474 0 550 99 500 500 1000 -312 -300 700 0 500 500 125 0 0 0 0 0 -250 318 0 0 0 0 0 371 0 0 283 0 0 0 0 656 0 0 0 0 800 37 500 0 136 0 397 0 0 -750 0 0 0 500 0 0 0 0 0 128 168 0 -95
454 0 0 0 0 0 1000 0 0 1000 400 0 0 1000 0 0 1000 400 1000 0 600 100 0 0 0 0 0 0 0 0 0 0 0 1000 500 1000 0 800 616 0 700 333 1000 600 300 400 400 950 0 1000 1000 200 0 0 0 0 0 500 527 0 0 0 0 0 526 0 0 716 0 0 0 0 725 0 0 0 0 700 646 1000 0 454 0 527 0 0 1000 0 0 0 600 0 0 0 0 0 262 500 0 770
#CPFC 2013-10-05
349 0 133 0 0 -750 250 0 0 0 0 166 123 -100 -185 83 500 0 450 0 214 500 0 390 -16 0 700 125 136 0 400 0 800 -62 445 300 366 550 250 0 0 0 100 -350 0 0 100 350 416 100 100 0 0 -100 0 800 100 0 0 0 -200 0 0 0 0 234 0 0 1000 0 375 243 -208 333 0 0 0 0 0 500 150 0 -166 -155 400 0 500 500 -400 500 500 1000 800 480 0 0 950 399 -437 200
666 0 188 0 0 1000 500 0 0 0 0 500 725 50 485 1000 500 0 575 0 321 300 0 1000 350 0 700 450 500 0 375 800 700 237 751 1000 450 500 300 0 0 0 662 500 0 0 825 700 583 300 300 0 0 450 0 900 650 0 0 0 800 33 0 66 300 551 0 0 1000 0 800 526 500 500 0 0 0 0 0 500 900 0 866 288 400 0 500 500 400 500 500 1000 400 670 0 0 1000 199 333 650
#MCFC 2013-10-05
0 0 0 200 1000 0 0 0 0 0 -312 100 0 416 0 0 0 600 -200 -200 -400 0 100 0 500 0 0 0 0 68 0 0 0 -50 0 250 0 -175 0 0 650 16 0 0 0 0 0 0 0 0 0 0 0 0 400 250 0 0 0 0 200 0 0 0 0 -312 0 0 0 350 0 0 0 0 100 0 0 0 166 200 0 0 -150 83 0 833 0 0 0 0 -125 800 0 0 -400 0 399 0 125 650
0 0 0 433 1000 0 0 0 0 0 400 100 0 829 0 0 0 900 300 800 400 100 366 0 875 0 0 0 0 277 0 0 0 400 0 333 0 950 0 0 850 616 0 0 0 0 0 0 0 0 0 66 0 0 541 312 0 0 0 0 200 0 0 100 0 687 0 0 300 625 0 0 0 0 200 0 0 0 333 450 0 0 400 383 0 666 0 0 0 0 83 400 0 0 400 0 596 0 416 625
#EFC 2013-10-05
-35 0 0 0 -200 544 0 68 0 468 0 0 250 0 -400 136 0 468 0 0 170 -312 0 133 -55 187 250 200 0 0 0 0 0 0 400 250 128 347 0 0 0 145 0 156 700 0 0 0 0 0 0 -312 0 0 9 425 0 0 142 875 -750 266 0 0 136 -16 200 437 650 250 -187 0 -398 250 -312 0 1000 -312 0 0 0 136 625 433 500 136 418 700 0 800 360 0 0 100 300 0 500 0 -250 0
157 0 0 0 600 650 0 227 0 727 0 0 333 0 400 454 0 727 0 0 454 875 0 799 700 400 1000 789 0 0 0 0 0 0 700 500 211 670 0 0 1000 816 0 400 600 0 0 0 100 0 0 687 0 0 390 825 0 0 267 600 1000 433 66 0 454 133 200 500 625 400 500 0 707 300 687 0 300 875 0 1000 0 454 500 516 833 454 677 900 0 750 570 0 0 200 100 0 875 0 250 0
#EFC 2013-09-30
100 0 0 -216 50 -33 0 0 -452 242 -200 -400 -500 183 500 433 0 -33 -33 333 500 -600 0 425 400 233 350 -750 0 -450 325 0 625 500 -200 -500 0 150 -33 800 0 0 0 0 625 400 0 0 479 166 600 683 0 500 0 637 -375 -33 0 0 250 700 335 558 0 625 0 0 0 33 0 0 -33 42 500 350 -699 0 -400 600 200 500 -200 66 0 0 312 162 0 0 166 0 0 0 0 -200 0 -554 136 0
700 0 0 633 350 399 0 0 644 467 800 700 900 366 1000 566 0 399 399 333 450 1000 350 1000 900 666 650 1000 550 600 700 0 500 500 800 400 0 75 399 700 0 0 0 0 600 400 0 0 550 166 600 550 0 600 100 566 399 399 0 0 500 600 477 535 0 500 0 0 0 266 0 0 399 467 600 950 666 0 650 1000 300 500 300 566 1000 0 718 512 550 550 399 550 550 0 0 800 0 633 500 0
#NUFC 2013-09-30
-362 0 -452 242 295 0 -200 285 0 500 0 0 700 183 183 0 0 175 -625 -200 -400 0 -250 200 159 0 0 -150 473 500 0 208 0 100 -161 650 0 -500 -318 625 0 500 0 500 -790 118 -400 175 -125 37 -400 127 285 0 -500 -250 50 -262 -1000 0 -500 0 500 1000 404 100 400 -250 0 -500 -500 -500 33 -500 312 -250 -500 -500 -250 0 -500 400 0 -500 -250 -500 -500 700 -450 0 -99 0 -250 0 -500 -500 -500 0 0 500
750 416 644 467 678 0 800 535 0 500 0 0 600 633 366 0 125 358 1000 350 950 0 611 500 666 0 0 525 535 500 66 600 0 200 788 819 0 900 506 600 700 500 0 600 600 631 400 700 900 575 600 500 535 0 900 500 100 641 1000 0 900 0 470 1000 477 716 500 700 0 900 900 900 766 900 333 700 900 900 700 0 900 666 0 900 700 900 900 900 750 894 566 300 700 0 900 900 900 0 0 600
#SAFC 2013-09-29
0 0 0 500 0 0 -600 136 500 0 -8 0 200 312 0 675 0 200 0 -312 -183 91 700 0 0 0 72 0 136 0 0 66 392 0 0 0 0 337 216 0 0 149 0 136 0 0 0 0 0 200 -356 200 400 493 1000 0 0 -166 250 366 500 500 500 500 500 0 625 800 0 0 0 0 0 0 0 0 500 -50 500 0 366 -25 0 500 500 500 500 0 500 361 0 0 150 -100 500 0 68 449 350 0
0 0 0 500 0 0 700 454 550 0 591 0 200 862 0 525 0 200 66 500 633 441 600 0 100 0 365 0 454 0 0 133 567 0 0 0 0 475 366 0 0 500 0 454 0 0 0 0 0 300 493 500 816 727 1000 0 300 433 250 466 500 500 500 500 500 0 600 400 0 0 0 0 0 0 0 0 500 400 900 0 466 822 0 500 500 500 500 0 350 266 0 0 300 350 500 0 377 600 550 0
#LFC 2013-09-29
0 0 500 136 0 544 0 500 0 607 50 0 0 500 356 0 500 466 0 400 500 625 0 -874 0 0 -312 0 0 -187 0 200 250 0 0 -200 200 225 99 0 0 0 82 1000 0 250 250 -24 500 0 87 250 250 99 600 0 250 312 136 96 0 0 0 0 0 333 750 -250 0 0 0 466 0 1000 0 0 100 523 -200 0 0 0 500 1000 0 716 0 0 331 0 0 625 0 0 0 500 500 0 500 0
0 0 500 454 0 601 0 500 0 435 300 0 0 1000 722 0 1000 833 0 450 600 500 0 666 0 0 433 0 0 875 0 200 250 500 0 400 200 600 600 0 0 0 483 300 0 250 250 258 600 0 612 350 250 216 400 0 250 500 454 425 0 0 0 0 0 99 675 888 0 0 1000 700 125 900 0 0 1000 544 366 0 0 0 1000 300 0 566 0 0 431 0 0 500 0 0 125 600 150 0 888 0
#SCFC 2013-09-29
-200 0 0 0 0 600 0 0 0 0 716 0 -125 0 166 100 0 0 0 458 0 -133 0 0 0 -400 875 0 0 0 -400 0 1000 -133 -155 250 850 500 0 750 0 0 200 233 62 -400 800 68 500 0 1000 0 0 0 350 166 -133 0 1000 138 800 0 -350 0 250 250 216 0 0 0 -133 0 0 800 0 0 -187 0 0 0 0 0 -800 0 400 0 -131 500 266 0 0 -185 400 -600 -166 0 0 -125 0 0
300 0 0 0 0 691 0 0 0 1000 616 0 375 0 333 200 0 0 0 500 0 266 0 0 0 400 600 0 0 0 700 0 600 266 288 333 875 1000 0 675 0 0 412 477 500 700 1000 227 475 0 1000 0 0 0 600 166 266 0 300 166 700 0 500 0 333 500 750 0 0 0 266 0 0 400 0 0 500 0 0 66 66 0 900 0 700 0 222 400 925 0 0 480 449 1000 166 0 0 533 0 0
#ncfc 2013-09-29
0 0 0 0 0 0 0 0 0 0 533 155 800 0 0 900 0 800 0 333 828 0 725 0 -800 -400 0 250 533 322 -400 0 200 500 500 475 0 768 0 400 0 0 187 700 0 500 300 437 0 500 700 700 0 0 -12 250 425 312 250 -200 500 0 404 800 125 750 400 316 -133 200 200 0 0 600 700 0 100 0 700 0 318 700 -185 400 155 500 50 -400 493 300 0 700 0 600 0 0 85 -100 312 -375
0 0 0 0 0 0 0 0 0 400 466 633 400 0 0 875 0 400 0 700 550 0 350 0 800 400 0 333 708 805 500 0 200 1000 650 650 0 900 0 400 0 0 750 600 500 449 375 425 0 1000 700 600 0 0 208 500 250 200 333 450 350 0 533 400 500 875 400 600 266 200 200 0 0 683 600 100 550 0 600 0 694 600 480 400 400 900 100 400 625 700 0 600 0 550 0 0 297 600 875 550
#Swans 2013-09-28
0 0 0 0 0 0 0 0 0 0 0 0 0 0 0 0 0 0 0 0 0 0 0 0 0 0 0 0 0 0 0 0 0 0 0 0 0 0 0 0 0 0 0 0 0 0 0 0 0 0 0 0 0 0 0 0 0 0 0 0 0 0 136 0 200 0 0 0 0 0 0 59 0 850 333 500 600 -400 0 0 500 0 0 0 0 0 500 150 0 0 0 0 -170 250 0 400 0 24 616 0
1000 1000 1000 1000 1000 1000 1000 1000 1000 1000 1000 1000 1000 1000 1000 1000 1000 1000 1000 1000 1000 1000 1000 1000 1000 1000 1000 1000 1000 1000 1000 1000 1000 1000 1000 1000 1000 1000 1000 1000 1000 0 1000 1000 1000 1000 1000 1000 1000 1000 1000 1000 1000 1000 1000 1000 1000 1000 1000 1000 1000 1000 454 0 300 0 0 0 0 0 0 651 0 1000 750 700 900 700 0 0 875 0 0 0 0 0 800 250 0 0 0 0 270 200 0 900 0 216 833 0
#AFC 2013-09-28
160 366 0 500 0 500 450 500 -300 0 0 0 0 250 800 33 -200 500 0 500 0 -200 0 0 0 800 0 1000 0 -199 425 200 500 -200 -66 0 0 0 0 0 -100 0 0 0 0 0 0 0 0 500 0 -450 0 0 258 200 0 -250 0 -600 266 0 0 0 0 0 0 0 0 500 250 0 0 -200 200 0 0 -200 -340 0 0 -200 -200 0 0 0 200 800 0 0 800 0 0 -400 -133 -100 214 500 225 -200
539 458 0 750 0 500 700 650 700 0 0 1000 0 500 400 400 600 750 0 750 0 600 0 0 0 750 0 600 0 600 449 200 1000 600 866 0 0 0 0 0 800 1000 0 0 0 0 0 0 0 500 1000 950 0 0 399 200 0 1000 0 900 916 0 0 0 0 0 0 0 0 500 750 0 0 600 300 550 750 600 553 0 550 600 600 0 0 100 100 1000 550 0 400 0 0 400 399 150 571 888 725 600
#AVFC 2013-09-28
-66 625 -388 0 0 0 0 -142 100 -200 368 0 368 0 0 250 250 250 -200 0 700 136 0 0 200 100 196 -133 0 -146 0 -400 0 350 -75 0 -50 0 500 -250 125 275 0 -500 0 -700 200 0 -500 -350 -800 -121 0 0 -162 1000 0 0 0 500 -400 0 650 250 136 500 200 500 250 227 0 250 0 0 0 -100 -25 0 285 125 0 0 650 500 0 300 0 0 400 187 183 0 0 1000 0 250 0 0 500 100
399 500 833 0 0 0 0 535 1000 200 470 0 470 0 0 250 250 250 200 0 600 454 0 0 200 200 658 533 0 312 0 400 0 300 591 0 400 0 600 888 1000 425 0 900 0 800 300 0 900 550 900 611 0 0 387 750 0 0 66 1000 400 0 850 450 500 1000 200 500 1000 545 0 333 0 0 0 500 700 0 535 300 0 0 650 750 0 750 0 0 400 733 433 0 633 300 0 200 0 0 750 400
#MCFC 2013-09-28
0 500 286 0 -400 0 53 0 600 136 0 0 0 0 0 500 0 0 0 0 0 0 0 -150 0 291 0 0 483 0 0 640 300 136 700 0 0 0 0 800 531 0 700 250 212 0 750 0 -100 0 0 100 0 625 0 800 136 0 0 0 0 500 800 250 0 -312 0 0 -400 166 136 0 625 250 625 350 0 -500 400 650 -200 0 0 -400 1000 0 -312 0 0 500 0 0 136 0 -500 0 150 0 -200 -83
0 500 552 0 400 0 213 0 800 454 0 0 0 0 0 1000 0 0 0 0 0 0 0 674 0 916 0 0 383 0 0 944 571 454 950 0 0 0 0 1000 575 1000 600 1000 318 0 800 0 200 0 0 1000 0 1000 0 400 454 0 0 0 0 1000 750 812 0 250 0 0 400 366 454 0 316 500 500 800 0 900 500 450 100 0 0 850 300 0 687 0 0 900 100 0 454 0 900 0 233 0 800 83
#FFC 2013-09-28
0 0 0 0 0 166 28 250 -142 -714 550 0 0 0 -71 250 0 250 0 0 0 0 0 -24 118 0 0 0 0 0 0 0 0 500 0 -200 28 0 0 100 0 0 191 50 250 0 256 0 100 49 0 400 0 0 250 0 0 33 0 49 0 0 0 0 0 0 0 0 0 250 0 -549 0 212 -500 -375 500 -175 875 0 350 0 0 0 0 0 0 -155 136 0 0 0 0 -600 0 0 199 156 0 0
0 0 0 0 0 266 311 450 535 857 650 0 0 0 267 150 0 400 0 0 0 0 0 650 450 100 0 0 0 0 0 0 0 500 0 708 311 0 0 200 0 0 358 350 250 0 366 0 100 600 0 400 0 0 200 0 0 66 0 716 0 0 0 0 0 0 0 0 0 1000 0 533 0 429 1000 400 1000 288 600 0 650 300 0 0 500 0 0 288 454 0 0 0 0 900 0 0 377 1000 0 0
#cardiffcity 2013-09-28
750 0 0 418 0 0 0 -78 0 0 937 0 0 0 0 500 0 0 0 0 0 -375 0 0 375 -150 250 0 0 0 0 0 0 0 0 0 -375 0 0 0 -800 0 0 0 200 6 0 0 375 375 -155 800 500 0 0 500 375 0 0 0 0 1000 0 50 0 0 33 0 -50 0 0 0 0 0 0 0 0 0 0 0 0 0 0 0 0 0 0 0 0 0 0 0 0 0 0 0 47 0 600 100
675 0 0 475 0 0 0 437 0 0 800 0 0 0 0 1000 0 0 0 0 0 600 0 0 500 399 425 0 0 0 0 0 0 0 66 0 600 0 0 0 900 0 0 0 312 500 0 0 500 500 288 1000 600 0 0 600 500 0 0 0 0 300 0 100 0 0 799 0 366 0 0 0 0 0 0 0 0 0 0 0 0 0 0 0 0 0 0 0 0 0 0 0 0 0 0 0 311 0 750 100
#hcafc 2013-09-28
500 0 0 0 0 -218 -75 500 0 0 0 0 0 0 800 -62 0 500 0 -175 250 136 243 0 0 250 0 0 0 500 200 412 1 0 0 -187 0 400 0 0 725 0 475 0 0 68 375 800 700 -400 -400 0 0 0 0 0 0 0 136 136 0 0 0 0 0 0 -100 0 159 300 -400 1000 500 0 0 0 283 -388 300 0 0 -388 0 -300 700 -33 375 325 0 375 0 136 -7 136 0 0 0 400 500 333
475 0 0 0 0 262 591 625 0 0 0 0 0 66 750 220 312 888 0 850 250 454 570 0 0 333 0 0 0 500 200 350 393 62 0 750 0 800 0 0 1000 0 675 0 0 227 550 700 900 400 400 0 0 0 0 0 0 0 454 454 0 0 0 0 0 0 400 0 405 200 400 1000 1000 1000 0 50 600 833 1000 0 0 833 0 1000 600 133 466 624 0 466 0 454 467 500 0 500 0 700 700 833
#WHUFC 2013-09-28
300 135 0 500 362 300 0 183 -500 166 0 -250 -100 -55 -75 0 -100 300 25 0 -208 1000 0 -400 166 100 -500 400 0 0 0 0 225 0 500 500 0 400 200 0 0 -200 0 0 800 39 375 0 750 -500 0 300 500 -77 0 -400 -400 -500 0 -500 -500 0 0 0 -550 -500 270 500 0 0 100 -187 0 0 0 -200 500 170 -380 0 0 -200 0 0 500 -388 -250 0 0 -400 -100 0 0 0 0 250 0 0 0 0
450 290 0 600 675 900 0 316 600 661 0 1000 200 144 199 400 200 450 224 0 166 1000 0 400 583 200 500 200 0 0 0 0 633 0 600 500 0 900 200 0 0 250 0 0 700 400 750 0 900 1000 0 900 900 144 0 400 400 1000 0 1000 1000 0 0 0 750 866 591 833 100 0 1000 500 0 0 0 400 500 454 500 66 1000 400 500 0 625 833 283 0 0 400 200 0 0 100 0 408 0 0 0 100
#MUFC 2013-09-28
0 0 500 200 400 136 -133 700 0 0 0 600 800 -115 100 0 0 450 0 0 400 0 800 33 0 400 500 0 0 1000 0 100 433 0 0 0 0 -699 909 700 0 100 0 800 0 700 0 0 500 0 -45 0 0 50 0 0 0 0 250 0 0 0 0 800 0 800 100 100 -31 0 100 0 300 0 0 -33 250 525 -50 0 0 0 800 100 433 800 0 0 0 100 50 0 0 0 200 0 0 0 0 0
0 0 500 100 200 454 466 600 0 0 0 1000 400 388 1000 0 0 700 0 0 425 0 400 233 0 425 500 0 500 300 0 200 399 0 0 0 0 666 780 600 0 400 1000 400 0 700 0 0 500 0 470 0 0 100 0 0 0 0 500 0 0 0 0 400 0 400 200 400 489 0 1000 0 275 0 0 200 500 366 383 500 0 0 750 1000 633 1000 0 0 100 1000 250 0 0 0 358 0 0 0 0 0
#WBA 2013-09-28
125 0 500 0 200 -150 44 -33 0 0 950 100 0 500 0 0 -133 200 223 -375 0 150 200 0 250 -488 500 0 0 0 125 900 0 0 0 237 916 0 0 0 400 -200 44 -33 700 400 225 200 200 400 -77 75 0 0 0 0 0 0 0 0 0 468 258 -50 -75 0 750 300 0 88 0 -14 350 200 200 0 -175 -133 400 0 0 0 0 49 0 500 700 0 0 0 200 450 0 0 -225 0 400 8 -1000 600
166 500 500 0 200 700 322 466 0 1000 600 200 0 1000 0 0 155 200 267 625 0 399 200 0 400 800 1000 0 0 0 100 900 0 0 0 466 966 0 0 33 400 200 322 466 750 250 266 200 200 400 588 944 0 0 0 0 0 0 0 0 0 677 399 400 366 0 800 750 83 388 0 323 550 450 450 0 266 133 400 0 66 0 0 700 0 888 600 1000 250 250 200 450 0 0 325 0 466 450 1000 900
#SaintsFC 2013-09-28
0 -500 625 -62 0 250 500 -125 425 625 -125 150 -125 269 0 0 91 378 0 199 -750 700 0 450 -100 346 0 0 0 0 0 0 266 0 0 0 -125 16 0 0 162 475 800 300 0 1000 300 0 0 0 0 0 200 0 0 0 -75 -25 -799 -41 0 0 -194 0 0 500 100 250 33 700 0 800 0 700 0 875 -874 50 666 250 0 0 0 0 -125 350 318 0 687 500 0 0 50 0 600 700 0 350 0 -87
0 1000 600 437 0 200 833 750 666 1000 750 50 750 680 0 0 399 485 0 850 1000 200 0 350 300 646 0 0 0 0 0 0 233 0 0 0 750 175 0 775 462 575 725 100 0 300 100 0 0 0 0 0 200 0 0 0 366 900 1000 291 0 0 288 0 0 900 300 500 333 600 0 400 0 1000 500 600 666 483 666 300 400 0 0 0 750 300 477 0 550 500 100 0 200 0 900 600 0 400 0 462
#CPFC 2013-09-28
142 0 -142 266 0 172 0 400 -500 199 158 0 0 49 0 -400 500 285 285 500 -625 250 0 -400 200 0 -400 0 227 227 0 433 0 0 0 0 366 0 0 400 0 136 483 68 0 -75 136 0 0 0 116 -400 400 -500 2 466 0 800 0 0 0 0 0 136 700 0 0 -62 0 356 0 0 -155 0 250 0 29 136 600 205 272 0 0 -400 -366 0 0 -400 0 425 -400 0 0 0 166 0 0 -244 0 0
267 0 535 633 0 444 0 600 750 250 266 0 0 517 0 400 150 535 535 900 900 500 550 400 300 0 400 0 545 545 0 833 0 0 0 0 629 0 0 500 0 500 561 427 0 366 454 0 0 0 261 400 900 1000 282 250 0 900 0 0 0 125 0 454 1000 0 0 237 1000 727 0 0 288 0 500 0 346 500 1000 321 444 0 0 400 700 0 0 400 0 375 400 0 0 0 166 0 0 477 0 0
#COYS 2013-09-28
0 0 1000 0 0 0 -375 0 350 375 0 0 200 375 -170 125 1000 0 0 800 0 300 781 0 675 0 400 0 270 200 1000 0 1000 0 0 0 357 0 375 0 -250 0 -250 -41 -187 0 0 -500 0 -125 125 0 0 100 0 50 -274 -400 316 -250 0 0 0 0 200 0 312 0 -400 700 800 0 0 0 0 0 -600 166 718 -500 0 0 650 187 0 0 0 400 -100 0 250 325 66 -450 0 233 1000 200 0 0
0 0 1000 0 0 0 500 0 550 400 0 0 300 750 527 199 1000 0 0 700 0 750 600 0 600 0 437 0 707 516 300 0 1000 0 0 0 571 0 475 0 950 0 250 537 500 0 0 1000 125 375 1000 0 0 400 0 200 550 400 383 700 0 0 0 0 200 0 333 0 400 600 700 0 1000 0 0 0 1000 166 775 1000 0 0 450 466 0 0 0 575 200 1000 500 750 633 400 0 349 300 200 0 0
#CFC 2013-09-28
-400 0 0 0 500 0 208 0 0 0 208 0 0 0 0 0 -200 0 0 600 0 600 300 0 0 0 50 0 0 0 0 0 68 0 0 875 0 0 800 0 0 0 0 0 0 0 0 0 0 300 600 0 0 -50 0 -400 0 12 0 12 0 -125 0 625 100 -100 -100 -100 0 0 -400 -750 0 0 500 0 600 0 0 -166 0 100 0 480 0 0 -49 -349 0 50 50 50 333 675 0 0 0 500 250 0
400 0 0 0 1000 0 333 0 0 0 333 0 0 0 0 0 700 0 0 900 0 900 450 0 0 0 200 0 0 0 0 0 250 0 0 600 0 0 1000 0 0 0 0 0 0 0 0 0 0 450 900 0 0 450 0 600 0 600 0 600 0 500 0 500 549 500 500 500 0 0 400 1000 66 0 500 0 900 1000 0 500 0 100 0 499 0 0 750 333 0 200 200 200 571 750 0 0 0 500 250 0
#cardiffcity 2013-09-22
500 100 0 -400 0 0 400 0 0 0 0 0 0 -500 0 0 0 0 0 385 0 0 0 0 0 0 500 0 0 0 0 250 68 0 23 0 1000 800 0 0 0 0 0 0 0 0 0 0 0 700 0 0 0 0 0 1000 0 0 0 0 187 500 0 0 100 0 0 0 0 0 0 600 0 250 0 437 0 -400 0 0 222 50 0 600 0 0 0 170 0 0 0 333 0 0 0 0 0 0 0 300
500 383 0 400 0 0 200 0 0 0 0 0 0 700 0 0 0 0 0 523 0 0 0 0 0 0 900 0 0 0 0 250 300 0 334 0 1000 400 0 0 0 0 0 0 0 0 0 0 0 600 0 0 0 0 0 1000 0 0 0 0 1000 900 0 0 383 0 0 0 0 0 0 950 0 450 0 300 0 700 0 100 555 100 0 600 0 0 0 500 0 0 0 450 0 0 0 0 0 0 0 650
#COYS 2013-09-22
500 0 0 0 266 -500 -800 800 0 312 466 400 125 500 366 700 200 0 291 350 0 0 766 -200 0 0 233 0 500 175 700 2 666 400 0 0 0 412 0 627 1000 0 300 -200 -400 800 475 0 700 0 0 642 0 -33 -125 -400 800 0 0 650 0 800 600 -400 350 0 0 800 392 -21 650 0 0 0 0 625 0 0 279 0 0 400 -200 0 750 700 708 -800 250 1000 333 146 0 0 -312 200 0 287 0 750
700 1000 0 62 375 400 900 1000 0 537 399 375 400 500 683 600 500 0 366 594 0 0 783 255 100 0 350 0 649 325 600 558 916 400 0 0 0 387 0 797 900 1000 300 400 600 900 425 0 1000 0 0 417 0 741 366 400 750 0 0 625 0 400 950 400 450 0 0 400 767 351 766 0 0 0 0 500 650 0 430 0 0 550 100 0 950 600 633 900 500 1000 666 413 0 0 416 200 0 362 0 825
#MCFC 2013-09-22
0 0 -100 0 0 0 0 0 0 0 250 500 136 250 250 0 0 0 -400 0 0 -400 0 800 0 -400 136 225 -400 0 283 136 287 0 0 -162 333 -1000 0 -200 812 0 0 0 0 0 500 312 500 -42 0 0 416 500 0 83 0 0 0 0 0 0 0 0 400 -100 0 0 -36 562 -200 0 0 0 0 333 200 400 0 750 0 136 0 0 125 0 0 136 0 0 0 0 0 750 0 -500 0 0 0 0
66 0 200 0 0 0 0 0 0 0 300 1000 500 300 300 0 0 66 700 0 0 700 0 750 0 700 454 450 700 0 494 500 500 0 0 212 666 1000 0 0 1000 0 0 0 0 0 500 500 500 500 0 0 500 500 1000 444 0 0 0 0 0 0 0 0 675 200 0 0 463 600 537 0 0 0 300 666 550 700 0 750 0 500 0 0 416 0 0 454 0 0 0 0 0 750 0 500 0 0 0 0
#MUFC 2013-09-22
0 0 150 0 0 0 -600 0 0 0 0 0 0 -22 136 0 0 0 70 0 0 0 600 0 200 0 700 0 350 -400 136 0 150 500 712 700 0 0 0 0 0 0 439 0 0 400 0 0 0 0 0 0 0 0 0 0 0 0 0 0 0 0 0 0 0 0 0 88 0 0 0 0 0 0 0 0 0 0 0 0 0 0 0 0 0 0 800 160 233 0 333 350 350 0 500 0 712 700 -25 160
0 66 200 0 0 0 800 0 0 0 0 0 0 388 500 500 0 0 833 0 0 0 844 0 100 0 600 0 300 400 454 0 300 600 450 600 0 0 0 0 0 0 694 0 0 675 0 0 0 0 0 0 0 0 0 0 0 0 0 0 0 0 0 0 0 0 0 461 100 100 100 100 0 0 0 0 100 0 0 0 0 0 100 100 100 0 900 319 733 0 500 300 300 0 1000 66 450 600 575 539
#AFC 2013-09-22
-400 333 0 0 0 -312 0 0 350 0 -20 0 0 0 0 0 200 0 0 170 0 136 0 400 -300 500 363 500 0 460 1000 584 100 0 425 0 200 0 0 0 0 187 160 160 1000 500 175 200 200 200 0 0 0 0 58 0 600 0 0 0 385 -625 0 -357 450 -357 0 -357 450 -357 0 746 0 642 0 642 0 0 642 0 375 475 -138 -400 0 400 0 0 500 1000 49 300 168 642 261 500 285 0 0 628
700 566 0 0 0 200 0 142 400 0 619 0 142 0 142 0 100 0 0 454 0 454 0 900 900 1000 522 533 0 539 300 638 200 0 950 0 100 0 0 0 0 500 539 539 1000 500 325 100 100 100 0 0 0 0 466 0 900 0 100 0 440 400 0 428 650 428 0 428 650 428 0 433 0 417 0 417 0 0 417 0 666 712 800 850 0 600 0 0 600 300 450 100 327 417 611 195 535 1000 0 611
#SCFC 2013-09-22
152 0 0 500 0 0 0 -200 0 0 0 425 -400 -400 0 240 0 -12 525 0 -400 136 800 0 418 662 0 0 0 1000 0 600 0 -400 36 0 283 90 550 0 0 -1000 0 100 700 200 68 0 -400 -400 0 0 -50 0 -62 -62 136 33 136 -333 300 -300 68 0 166 600 0 500 200 0 -800 100 200 0 0 450 97 0 0 136 350 800 0 100 -77 136 500 500 100 136 136 168 0 0 -400 -50 0 0 0 -250
454 0 0 600 0 0 0 600 0 0 0 600 400 400 0 769 0 575 366 0 400 454 400 0 527 800 0 0 0 1000 0 566 0 400 272 0 583 303 775 0 0 900 0 100 600 550 227 0 400 400 0 0 400 100 237 237 454 175 454 700 200 1000 227 0 333 1000 0 600 400 300 900 100 500 0 0 622 469 0 0 454 650 400 0 100 144 454 500 500 100 454 454 350 0 0 400 283 0 0 0 183
#CPFC 2013-09-22
0 0 0 -155 200 0 0 208 800 250 400 1000 550 -150 0 1000 500 562 450 800 -234 0 0 0 0 -500 50 548 666 0 -83 508 0 0 0 -116 0 -800 0 312 0 0 0 199 -400 0 -500 0 0 0 375 0 0 -400 0 0 0 200 -125 416 275 0 200 -215 0 633 250 0 0 0 -250 0 49 800 0 -77 -400 500 500 49 0 250 0 0 0 233 0 380 0 285 0 0 0 0 0 0 0 600 500 0
0 0 0 288 650 0 0 433 400 1000 625 1000 750 200 0 1000 722 500 750 750 500 0 0 0 0 900 325 883 666 0 466 633 650 0 0 733 0 900 0 444 500 0 366 575 400 0 1000 0 0 0 1000 0 0 400 0 0 0 300 469 633 508 0 400 363 0 750 750 0 0 0 233 0 700 400 0 144 400 500 500 700 0 250 66 0 0 233 0 671 0 535 0 0 0 0 0 0 0 850 1000 0
#Swans 2013-09-22
0 0 136 0 100 200 -200 300 0 800 0 0 625 0 0 0 0 566 850 0 0 800 0 0 850 0 0 0 134 0 250 400 -62 0 800 0 0 700 0 0 0 0 800 0 488 -400 0 0 0 0 0 0 0 -125 0 -250 418 0 250 0 1000 0 68 0 337 0 0 0 0 125 122 -300 0 250 0 366 0 136 0 0 187 0 0 0 500 0 0 -108 0 -300 0 4 0 -400 0 0 0 0 0 0
0 0 454 0 300 650 800 200 0 400 0 0 554 0 0 0 0 558 700 0 0 400 0 0 700 0 0 0 480 0 283 200 237 0 400 0 0 675 0 0 50 0 400 0 625 400 0 0 0 0 0 0 0 375 0 183 722 0 283 0 1000 0 277 66 562 0 0 0 66 250 277 600 0 277 0 700 0 500 0 0 224 0 100 533 600 0 0 589 0 600 0 270 0 400 0 0 0 0 0 0
#CFC 2013-09-21
0 -400 200 0 407 0 0 0 0 50 0 750 -9 200 104 0 400 0 0 0 0 0 0 0 136 136 0 -400 0 0 0 0 0 800 0 0 -266 0 0 161 0 261 0 0 0 0 0 100 50 800 0 0 0 -368 49 0 0 0 0 0 0 700 0 500 0 493 0 0 500 0 250 0 0 533 122 0 0 0 0 600 0 0 0 875 0 -450 400 1000 0 0 0 0 -433 49 875 0 0 0 0 0
0 400 200 0 735 0 0 0 0 50 0 1000 414 500 175 0 600 0 0 0 0 0 0 0 454 454 0 400 0 0 0 0 0 1000 0 66 608 0 0 172 0 466 1000 0 0 0 0 400 200 400 0 0 0 600 550 0 0 0 0 0 0 600 0 400 0 837 0 0 400 0 300 0 0 633 588 0 0 0 0 1000 1000 0 0 600 0 799 437 750 0 0 0 0 733 550 600 0 0 0 0 0
#FFC 2013-09-21
0 0 312 500 370 0 250 205 150 800 0 0 -177 0 0 875 0 600 0 800 0 100 575 -100 -100 -100 -100 -100 -100 0 0 284 -77 0 0 0 99 99 100 0 -77 0 0 1000 248 0 0 0 -1000 450 0 450 0 300 0 650 0 41 0 0 0 0 0 0 68 0 0 0 0 250 500 550 0 0 875 136 0 0 0 0 -300 200 500 83 0 250 285 250 125 0 0 250 0 0 700 -200 -500 -500 -1000 0
0 0 333 600 466 0 450 647 1000 950 0 0 422 500 0 600 0 800 0 750 0 669 525 100 100 100 100 100 100 0 0 545 144 0 1000 0 650 650 50 0 169 0 0 1000 362 0 0 0 1000 525 0 600 500 450 0 825 100 666 0 0 0 0 0 0 727 0 0 0 66 1000 600 587 0 0 700 454 0 50 0 0 399 300 500 516 0 333 535 750 550 0 0 569 0 0 600 800 900 900 1000 0
#LFC 2013-09-21
1000 1000 0 0 0 0 168 250 0 0 0 0 -49 0 0 100 0 0 -700 0 0 226 500 0 0 700 111 0 318 0 -49 410 500 250 0 199 300 -107 650 1000 0 500 0 0 462 1000 100 0 625 500 49 0 0 0 250 0 400 400 250 450 0 700 0 500 -200 0 0 0 136 -500 136 0 0 200 500 0 0 -625 500 0 0 108 0 0 0 0 0 500 0 0 344 250 0 136 0 0 0 0 0 0
1000 1000 0 0 0 1000 477 1000 500 0 0 0 700 100 0 100 0 0 800 0 0 601 650 0 0 600 222 0 500 0 700 524 1000 312 0 550 800 678 625 300 0 900 0 1000 712 1000 400 0 500 750 700 0 0 0 533 0 800 350 333 550 0 600 0 500 250 0 0 0 454 562 454 100 0 500 900 0 0 400 500 0 0 708 0 0 0 0 0 500 50 0 727 750 1000 500 0 0 0 0 83 0
#SaintsFC 2013-09-21
200 0 161 812 300 400 -150 0 -380 172 0 0 195 -16 0 0 0 0 -976 600 -99 0 0 0 0 0 0 0 0 -400 193 0 333 -300 0 0 -224 0 0 -750 0 0 700 136 0 500 0 0 900 -163 0 0 136 0 -700 750 0 0 0 0 0 0 -266 275 274 0 -50 133 -200 85 0 300 149 0 0 0 0 300 -208 0 225 0 -400 0 0 0 49 0 416 -750 316 0 0 0 -400 416 0 400 0 400
300 0 378 450 1000 200 350 0 333 444 0 0 710 33 0 0 0 1000 400 750 700 0 0 0 0 0 0 0 200 400 393 0 533 600 0 0 433 0 0 1000 0 0 600 454 0 500 0 0 875 544 0 0 454 0 1000 1000 0 0 0 33 0 0 566 266 510 0 50 350 50 227 0 100 500 500 66 0 0 200 166 0 316 0 700 0 0 0 650 0 500 1000 250 0 66 0 400 500 0 400 500 400
#NUFC 2013-09-21
0 -206 600 705 0 800 -233 136 0 0 0 0 -171 0 200 0 -100 0 0 0 0 400 -200 0 -400 0 136 150 0 1000 0 600 0 -599 0 0 250 0 400 300 0 0 50 0 0 0 750 0 0 0 168 100 0 200 625 650 500 290 200 0 -41 1000 0 180 -400 175 625 1000 0 200 0 -49 875 -166 -400 0 0 1000 -400 0 800 350 0 -200 -33 0 200 283 0 -275 312 300 200 -200 -500 500 -50 400 0 -1000
0 225 1000 840 0 750 358 454 0 0 0 0 417 0 300 0 200 0 0 0 0 400 233 0 400 0 454 500 0 1000 0 650 0 833 0 0 400 0 800 700 0 0 700 0 0 0 550 0 0 0 277 400 0 200 600 675 600 679 450 0 300 1000 0 410 400 375 500 300 0 575 0 900 600 588 600 0 0 1000 400 0 400 350 0 50 266 0 575 583 0 700 283 716 100 50 400 500 0 875 0 800
#hcafc 2013-09-21
0 0 -400 -125 -400 0 1000 600 199 0 0 0 800 0 0 -155 0 400 0 0 0 316 400 0 500 -16 0 50 250 250 655 500 0 200 170 0 0 625 250 -312 800 655 50 0 0 -400 200 -125 400 133 0 100 1000 0 0 550 0 0 0 500 -500 150 100 50 0 0 0 -400 -400 -100 0 136 0 250 166 99 0 -50 339 500 200 0 318 466 318 0 0 400 325 0 0 700 0 0 0 0 0 0 0 -400
100 375 600 187 400 0 300 900 508 250 0 500 750 0 0 288 100 1000 0 0 0 729 900 0 600 258 0 600 1000 500 790 833 0 400 454 0 0 600 600 400 750 790 200 0 0 400 400 375 800 266 0 350 750 0 0 250 0 0 0 800 500 275 300 200 100 0 0 400 400 188 1000 454 0 312 608 500 0 400 769 500 450 0 375 516 375 0 0 400 450 1000 0 600 0 100 0 0 0 0 0 400
#WBA 2013-09-21
224 0 -312 -699 0 -6 0 0 0 142 -377 0 200 500 0 275 -400 318 0 0 250 0 0 308 25 0 0 0 200 0 0 200 625 0 5 331 90 0 0 25 625 200 0 700 122 -49 33 500 375 0 850 800 -62 0 0 -200 0 249 0 1000 800 90 0 0 0 0 0 500 0 0 0 391 0 0 133 -111 500 0 9 0 287 0 333 0 -16 0 0 0 0 0 166 0 1000 683 300 350 0 0 285 -49
375 0 500 666 100 343 0 0 0 267 594 0 200 600 0 425 700 727 0 0 250 0 0 625 291 0 0 100 500 0 0 500 600 0 289 812 591 0 0 291 1000 500 33 600 311 300 583 533 516 100 900 750 400 400 0 200 0 250 0 1000 750 591 1000 0 0 66 0 500 0 0 0 933 0 100 300 255 500 0 448 0 340 0 766 0 166 0 0 0 450 0 600 0 300 483 400 300 0 0 535 750
#SAFC 2013-09-21
0 0 1000 0 -250 0 -399 0 250 156 0 0 0 300 266 0 400 0 275 550 366 -100 0 0 0 0 -166 250 250 0 0 0 781 1000 0 -400 150 0 25 0 625 -50 875 68 0 0 400 0 90 0 0 0 0 250 0 500 133 800 33 600 150 390 233 318 650 200 253 750 0 0 0 400 500 -300 90 418 0 1000 0 0 -400 400 50 0 -500 0 0 0 -200 133 0 0 350 136 500 0 0 0 0 233
0 0 300 0 800 0 550 0 400 625 0 0 0 300 600 0 245 500 550 900 733 650 0 0 0 0 433 250 333 0 0 0 600 1000 0 600 550 0 250 0 750 449 600 475 0 0 800 0 591 0 0 0 0 250 0 500 466 400 816 950 491 200 466 727 450 500 584 900 0 0 0 800 900 600 591 550 100 750 0 0 600 600 900 0 1000 0 0 0 500 466 0 0 444 454 500 0 0 0 0 300
#WHUFC 2013-09-21
500 0 333 0 0 -150 0 468 0 0 142 0 357 0 -100 136 136 0 250 136 0 0 100 0 0 0 0 0 0 74 0 357 -333 1000 0 -1000 1000 388 458 160 0 0 0 -350 0 160 0 -208 0 -200 0 0 250 -5 0 316 -150 0 -50 0 366 166 0 -600 -162 -172 62 0 0 250 66 200 0 0 -89 0 0 0 -750 0 0 -66 357 0 800 249 -66 0 400 -400 0 0 0 -137 0 150 0 0 190 -375
500 100 333 0 0 350 0 200 0 0 267 1000 571 0 750 454 454 100 333 454 0 0 133 83 0 357 0 0 0 500 0 571 733 300 0 1000 300 322 562 539 0 0 0 483 0 539 0 533 0 900 0 0 333 438 0 466 399 0 400 0 766 421 125 400 387 430 375 0 0 250 233 700 100 0 142 0 0 0 750 0 0 533 571 0 900 547 433 0 700 400 0 0 0 837 0 300 0 0 751 399
#EFC 2013-09-21
0 -625 0 500 470 493 0 500 0 0 0 0 500 285 187 0 0 800 333 156 0 0 187 357 -69 337 166 162 0 233 0 0 0 0 0 0 0 500 0 0 700 96 -100 0 0 218 600 0 0 28 0 416 -166 200 0 0 0 0 0 0 0 0 0 0 0 0 199 500 550 270 357 0 0 0 0 -50 0 0 -131 0 0 157 650 0 0 600 0 500 -154 200 0 0 -44 0 0 625 0 0 233 0
0 1000 0 900 833 837 0 750 0 100 0 0 500 535 633 0 0 1000 833 750 0 100 633 571 77 387 233 625 0 466 0 0 0 0 0 1000 1000 300 0 0 600 454 116 0 100 343 675 0 0 645 0 477 66 200 0 0 0 0 0 0 0 0 0 0 0 0 300 500 1000 700 571 0 0 0 0 125 0 0 552 0 0 403 600 66 400 900 0 500 375 200 0 0 575 0 0 800 0 0 333 0
#ncfc 2013-09-21
0 0 0 0 87 484 433 68 1000 1000 0 268 -150 166 322 0 0 312 -387 0 166 500 136 700 400 400 0 0 1000 625 223 0 0 0 136 0 224 0 359 0 100 0 113 -525 0 -100 0 0 0 0 0 0 0 200 350 0 285 625 400 0 500 -325 0 0 384 0 0 700 0 0 600 0 512 0 249 0 0 0 800 418 -155 350 384 800 0 0 700 318 -400 -155 500 700 0 384 259 -150 8 500 -100 0
0 0 0 0 1000 551 700 477 300 1000 0 427 399 500 519 0 0 1000 587 0 766 950 454 700 500 1000 0 0 300 500 484 0 0 0 454 0 393 0 567 0 1000 0 322 525 0 150 0 0 0 0 0 0 0 200 550 0 535 888 800 0 500 462 0 0 576 0 0 600 0 0 812 0 618 66 350 0 0 0 750 577 288 462 488 750 0 0 700 477 400 288 800 700 0 513 326 350 641 750 650 0
#AVFC 2013-09-21
0 0 0 0 -488 0 0 238 0 0 433 0 0 0 1000 250 0 0 0 -500 0 544 666 0 700 0 399 500 500 550 0 211 520 200 500 166 322 300 500 800 -125 0 0 1000 250 216 0 0 0 0 0 0 0 -21 633 300 1000 0 458 0 250 250 0 0 800 150 0 300 0 0 33 0 100 0 100 300 0 -400 -400 250 0 900 -83 0 -100 0 0 0 -699 249 300 250 0 0 0 0 0 366 -400 390
0 0 0 0 800 0 0 422 0 0 700 0 0 0 1000 200 0 0 0 900 0 694 533 0 600 0 500 500 641 750 0 347 666 300 600 333 644 800 800 750 324 0 0 400 400 616 0 0 0 0 0 0 0 418 533 800 900 0 700 0 575 750 0 0 400 450 0 800 0 0 633 0 400 0 400 650 0 400 600 200 0 950 33 0 400 0 0 0 666 350 750 300 0 0 0 0 100 562 400 200
#Swans 2013-09-16
427 -62 400 -62 -62 -625 0 0 0 500 0 -500 0 0 0 0 -300 0 0 0 -75 0 0 0 0 0 0 500 400 0 172 0 0 -200 -62 800 -200 0 0 0 372 548 0 -250 0 0 500 0 0 100 500 0 -200 0 350 0 0 300 0 420 0 150 150 0 550 0 200 0 150 0 0 0 0 -200 -155 0 0 -500 100 -62 0 100 285 800 0 0 0 0 406 0 0 0 116 -250 200 0 333 0 900 333
666 237 500 237 237 900 0 0 0 600 0 900 0 0 0 0 619 0 0 0 799 0 0 0 0 0 0 600 250 0 394 0 0 100 237 750 250 0 0 0 740 467 0 399 0 0 600 0 0 100 733 0 700 0 650 1000 0 483 0 595 0 62 62 0 725 0 100 0 449 0 0 0 0 300 288 0 0 400 300 237 0 400 535 400 0 0 0 0 520 0 0 100 350 500 100 0 283 100 700 283
#LFC 2013-09-16
0 0 -271 650 350 0 1000 196 0 400 562 800 500 0 0 600 0 400 0 0 0 350 0 437 0 500 -200 0 -200 0 400 -250 0 458 0 850 -1000 -50 0 0 0 -62 -1000 -62 250 33 0 0 0 650 500 -400 0 0 800 650 -625 0 0 650 0 0 0 650 160 -1000 200 250 500 0 500 400 650 -287 0 0 50 168 -500 500 0 -500 345 300 -145 -99 -350 0 0 0 166 -99 0 0 0 493 525 0 -250 0
0 0 850 1000 244 0 1000 660 0 500 500 750 500 0 0 1000 0 800 0 0 0 700 0 650 0 500 400 0 500 700 494 225 0 541 0 1000 1000 233 0 0 0 237 1000 237 1000 766 0 0 0 1000 600 600 0 0 400 1000 1000 0 0 1000 0 0 0 1000 236 1000 200 1000 600 0 399 350 1000 500 494 0 100 327 500 500 100 500 616 600 520 466 550 0 0 0 333 466 0 0 0 433 516 0 550 0
#SaintsFC 2013-09-15
-50 0 0 -874 0 0 0 0 0 0 49 0 -400 100 250 0 149 0 0 0 0 125 0 549 752 0 0 -100 0 0 0 433 500 50 500 0 556 -105 -105 0 0 0 350 0 0 -75 -155 0 0 400 0 0 800 0 687 0 -316 0 0 -1000 400 -500 500 418 357 700 0 0 250 0 285 378 -266 500 0 149 0 0 0 0 0 300 125 0 0 350 100 592 0 159 500 -25 0 250 634 20 250 416 -250 0
150 0 0 666 0 0 0 0 0 0 450 0 400 1000 1000 1000 500 0 500 0 0 416 0 650 645 500 0 100 0 0 0 655 550 125 500 1000 366 322 322 0 0 0 650 0 0 450 288 0 0 1000 0 0 400 0 800 0 450 0 0 400 400 500 1000 652 535 700 0 0 950 0 535 483 300 500 0 500 0 500 0 0 0 100 416 0 500 650 900 500 0 292 1000 500 66 200 625 53 333 666 183 0
#WHUFC 2013-09-15
0 0 0 500 49 -333 350 0 500 375 233 500 0 0 -83 0 500 200 50 0 12 -50 166 0 250 212 0 500 0 0 250 -500 -500 0 0 0 350 0 0 0 350 800 0 125 -300 0 0 0 0 350 -99 100 95 0 0 0 500 0 0 0 0 400 0 108 0 0 0 0 0 0 337 0 600 0 -99 0 450 0 800 0 136 500 400 0 900 0 0 0 0 0 800 0 0 0 0 0 0 250 -400 0
0 0 0 1000 450 800 562 0 562 412 233 625 0 0 166 0 1000 100 541 0 600 225 333 0 500 484 0 900 0 0 450 500 500 0 0 0 300 100 100 100 650 900 0 166 600 0 0 0 0 300 550 662 178 0 0 0 500 0 0 0 0 400 0 634 0 0 0 0 0 0 350 0 575 0 550 0 250 0 400 0 500 800 400 0 350 0 0 0 0 0 750 0 0 0 0 0 0 700 400 0
#EFC 2013-09-14
0 0 0 0 0 0 0 0 0 350 0 250 350 0 234 0 0 200 -166 0 0 0 0 400 0 625 0 700 155 0 0 600 1000 0 0 800 0 976 0 0 100 1000 0 0 0 0 0 0 -306 370 0 0 0 0 0 0 1000 0 0 0 0 0 625 50 133 0 700 0 250 700 0 1000 678 0 402 500 0 0 0 0 800 0 400 0 0 250 800 650 0 0 50 375 0 143 0 0 111 0 0 600
0 0 0 0 0 0 0 0 0 300 0 333 300 0 643 0 0 200 66 0 0 0 62 400 0 500 0 900 866 0 0 1000 1000 0 0 400 0 900 0 0 200 400 0 100 1000 0 0 0 625 630 0 0 0 0 0 0 750 0 0 0 0 0 600 162 425 0 600 0 333 600 0 1000 785 0 294 700 0 0 0 0 1000 0 200 0 0 250 516 450 1000 0 50 100 0 500 0 0 577 0 0 1000
#CFC 2013-09-14
100 49 0 0 0 0 1000 225 0 0 -937 800 0 0 500 700 0 0 0 0 193 357 0 0 116 0 0 0 266 0 136 0 0 118 0 0 136 0 0 118 0 136 116 0 333 0 0 0 136 0 136 0 116 -250 500 350 200 116 170 0 266 116 170 170 116 170 0 0 170 0 0 0 0 234 234 136 136 0 0 200 200 -100 0 100 116 166 0 266 350 0 116 170 266 0 0 0 0 650 0 116
300 616 66 0 0 0 300 475 0 0 1000 700 66 0 500 600 0 0 0 0 602 571 125 0 733 0 0 0 399 0 500 0 66 250 0 0 500 0 66 250 0 500 733 0 500 0 0 0 500 0 500 0 733 400 500 650 300 733 197 0 399 733 197 197 733 197 0 0 197 0 0 0 0 643 643 454 454 0 0 200 200 200 0 100 733 199 0 399 350 0 733 197 300 0 0 0 0 600 0 733
#AVFC 2013-09-14
0 100 -62 0 0 -75 0 -250 0 -155 -66 500 0 222 142 -191 0 416 68 -400 700 0 200 0 187 -287 136 0 400 100 0 -155 0 187 0 0 -699 0 333 0 700 208 500 0 0 225 0 0 150 0 0 0 0 0 0 0 0 640 -300 -87 400 0 -20 0 0 0 187 187 99 0 233 0 -250 0 187 0 0 50 0 50 50 0 0 0 0 0 0 -62 250 0 0 0 0 0 375 0 -201 183 83 0
0 300 62 0 0 400 0 400 0 288 33 1000 0 322 767 650 0 500 227 700 900 0 400 0 875 254 454 0 383 100 500 288 0 875 0 0 666 0 866 100 600 291 500 0 0 549 0 500 400 0 0 0 0 0 0 0 0 550 400 137 700 0 770 0 0 0 875 875 933 0 433 0 400 0 875 0 0 1000 0 1000 1000 0 0 0 0 0 0 350 333 0 125 0 100 0 944 0 443 566 266 0
#NUFC 2013-09-14
384 0 0 0 -500 -500 0 142 0 170 433 -300 0 200 500 700 200 0 0 400 500 463 175 0 1000 -300 -300 0 250 0 0 722 0 400 -133 -600 101 500 300 587 87 0 -158 -125 -124 0 154 0 406 66 0 500 0 214 950 625 600 100 0 0 500 433 500 -100 1000 0 250 19 500 -20 433 0 0 300 0 100 355 0 25 -250 0 0 0 150 0 0 250 0 640 500 0 400 -500 0 0 0 433 99 -75 500
563 0 0 0 900 900 100 267 0 454 733 1000 66 200 900 600 500 0 0 700 600 572 325 0 300 500 500 0 550 0 0 422 0 500 133 800 651 900 300 875 799 0 799 1000 591 0 916 0 375 466 0 300 0 500 1000 888 550 1000 0 0 750 733 500 500 1000 0 333 440 600 305 833 0 0 533 0 150 545 0 591 562 0 1000 0 494 0 66 1000 0 550 500 0 700 900 0 0 0 733 933 644 500
#FFC 2013-09-14
375 -50 -50 375 0 333 0 0 136 -125 0 0 500 0 375 0 0 0 250 250 0 0 -50 -50 -50 -50 0 0 0 -50 -50 0 375 0 -100 -100 -100 -100 -100 -100 -100 -100 -100 -100 -100 0 875 0 0 0 0 300 69 0 0 0 800 -200 0 0 0 375 -145 0 0 0 0 0 0 1000 188 0 0 0 0 0 0 0 400 500 0 0 0 0 0 0 0 250 0 0 0 0 0 0 0 0 0 0 0 0
875 50 50 875 0 708 0 33 454 375 0 0 500 0 875 400 0 0 416 416 0 0 50 50 50 50 0 0 0 50 50 0 875 0 100 100 100 100 100 100 100 100 100 100 100 0 600 0 0 0 0 200 944 0 0 0 400 225 0 0 0 875 750 0 0 0 0 0 0 1000 488 100 0 0 0 0 0 0 500 900 0 0 0 0 0 0 0 333 0 0 0 0 0 0 0 0 0 0 0 0
#WBA 2013-09-14
0 0 0 0 250 800 561 33 232 150 0 -400 250 250 0 -400 0 -50 875 0 533 0 177 0 500 250 0 100 0 208 400 0 -75 800 111 0 0 -250 -41 200 250 0 0 122 64 575 500 0 250 0 -400 -131 0 600 550 -145 0 -50 33 0 1000 350 -155 0 700 -50 350 -300 0 0 -224 0 0 800 124 25 0 0 -500 0 0 0 0 0 0 -300 0 0 0 125 300 222 -200 -50 266 0 250 0 0 0
33 0 0 0 500 1000 522 333 785 575 0 600 416 416 0 400 0 400 600 0 500 0 255 0 500 750 0 100 0 291 400 0 500 400 222 0 0 888 750 500 383 400 0 700 362 462 600 0 500 0 400 577 0 950 650 750 0 400 388 0 300 550 288 0 600 400 350 1000 0 0 833 100 0 750 825 500 0 0 400 100 0 0 0 100 0 555 0 0 0 200 500 644 700 750 583 0 283 0 0 0
#hcafc 2013-09-14
0 -400 0 0 0 0 550 214 200 0 1000 129 0 0 -133 0 800 0 0 0 0 400 500 0 -600 -156 278 0 -400 0 0 33 0 -400 0 0 212 0 -400 0 0 650 500 160 0 -375 350 0 0 0 -166 -400 0 -500 500 200 -50 191 -125 100 250 0 100 0 0 875 250 0 0 -600 133 -231 700 0 0 300 0 -300 -99 -150 300 -77 166 -600 250 0 -400 -700 0 0 -341 -187 175 466 -250 625 -900 0 0 -83
0 400 0 1000 0 0 950 571 416 0 1000 695 0 0 433 0 400 0 0 780 0 900 500 0 800 400 451 0 575 0 0 500 0 575 0 0 491 425 575 500 0 750 1000 539 0 300 425 0 0 0 433 575 0 1000 500 550 400 525 375 1000 250 0 50 666 0 600 450 100 0 500 566 677 600 0 0 700 766 400 594 350 500 144 333 800 700 0 550 850 0 0 883 500 700 500 1000 725 1000 0 0 533
#cardiffcity 2013-09-14
0 0 625 625 550 875 566 0 0 0 0 0 285 0 0 0 250 0 0 0 0 0 150 0 0 -166 0 0 900 -166 0 -53 -16 399 447 0 -122 0 0 0 500 0 0 0 0 0 150 0 200 250 0 0 1000 500 300 0 50 0 0 0 -62 0 0 0 -500 0 0 -62 0 -156 0 0 0 0 0 0 0 -400 0 0 0 0 0 550 0 0 0 0 0 0 0 116 0 116 0 0 0 0 0 136
0 0 500 500 950 850 533 0 0 0 0 0 535 0 0 0 283 100 0 66 0 0 950 0 66 66 0 0 700 66 133 353 155 366 905 0 88 0 0 0 1000 0 0 0 0 0 322 0 616 200 0 100 1000 500 700 100 100 0 0 0 237 0 0 0 1000 0 0 237 0 353 0 0 0 0 0 0 0 700 0 0 0 0 0 650 0 0 0 0 0 400 0 183 0 183 666 0 0 1000 0 454
#SCFC 2013-09-14
0 0 0 250 0 812 106 0 600 0 0 0 0 0 83 0 800 466 -187 0 0 0 0 0 250 -500 700 -200 166 550 0 -69 1000 700 0 437 199 0 -200 -62 0 334 700 700 700 100 500 183 0 183 318 183 250 -400 312 0 333 0 0 875 333 166 0 0 0 0 500 0 250 199 366 213 0 250 433 150 0 0 600 0 0 0 400 600 0 -200 800 136 0 0 200 0 0 0 -500 550 -200 -400 116 0
0 0 0 333 0 850 700 0 600 0 0 0 0 0 111 0 750 549 550 0 0 0 0 0 416 700 600 200 500 1000 0 388 400 600 0 650 661 0 200 237 0 438 600 600 600 1000 150 383 66 383 500 383 333 700 200 0 833 0 500 600 399 166 0 0 0 0 500 0 333 133 500 454 0 333 733 491 0 0 950 0 0 0 800 950 0 200 1000 454 250 0 500 0 0 0 1000 449 200 400 629 0
#MCFC 2013-09-14
0 0 66 0 0 0 0 0 0 400 0 0 0 0 0 500 0 0 0 0 500 -400 136 250 0 550 0 0 -400 0 0 1000 0 0 400 399 500 0 0 0 24 136 0 0 0 0 200 0 500 0 250 0 200 866 0 136 250 0 500 350 -400 580 0 125 0 119 366 350 500 136 250 550 550 500 -400 125 0 0 175 700 0 0 261 200 1000 0 0 250 200 33 0 0 0 1000 0 0 0 324 0 550
0 0 433 0 0 0 0 0 0 400 0 0 0 1000 0 1000 0 0 0 0 1000 700 454 250 100 625 0 0 700 0 0 300 0 0 400 683 562 0 0 0 525 454 0 0 0 0 200 0 500 0 333 0 500 400 0 454 250 0 900 550 700 742 0 216 0 345 650 550 900 454 250 625 625 900 700 216 0 0 175 600 0 0 345 450 1000 0 0 500 300 500 0 0 0 750 0 0 0 500 0 625
#SAFC 2013-09-14
0 100 0 0 700 0 -133 0 0 0 0 183 0 0 -400 0 0 136 0 0 0 0 800 500 466 500 500 250 0 0 0 0 285 0 350 0 0 250 58 0 0 300 100 0 650 0 500 16 0 0 300 578 0 0 0 0 329 0 1000 0 200 50 700 450 250 0 0 0 350 0 0 100 466 0 0 0 0 0 350 500 0 433 0 600 166 500 0 0 -300 -62 250 -75 268 -233 100 0 268 116 0 500
0 1000 100 66 600 33 500 0 0 66 66 266 0 0 700 0 0 454 0 0 0 0 750 500 716 500 600 400 0 362 0 0 535 0 500 0 0 250 491 100 0 100 300 0 450 0 700 383 0 0 416 650 0 0 0 0 515 0 1000 0 200 200 600 500 734 0 66 0 650 0 0 183 950 66 0 0 0 50 650 750 0 438 0 625 333 500 0 66 525 237 283 525 577 644 255 66 577 216 0 1000
#AFC 2013-09-14
0 0 0 0 0 100 0 500 0 0 0 250 0 0 0 0 633 500 250 500 300 -625 0 0 0 166 500 0 136 100 100 100 100 0 0 -291 0 0 1000 0 0 0 -250 -250 500 0 0 150 0 0 0 75 102 700 0 250 66 800 225 68 -379 -600 0 136 0 0 600 0 -199 -133 0 0 800 168 0 200 107 -125 0 136 0 200 0 0 0 0 -1000 400 0 -200 0 250 0 166 -199 -199 125 650 -300 306
0 0 0 0 0 400 0 500 0 0 0 333 0 0 0 0 900 888 1000 600 0 400 0 0 0 333 500 0 454 250 250 250 250 0 0 541 0 0 400 0 0 0 500 500 900 0 0 62 0 0 0 412 636 600 0 300 166 900 700 227 704 1000 50 454 0 0 550 0 550 500 0 0 700 327 0 400 750 125 0 454 0 300 0 0 0 0 1000 400 300 100 0 333 500 333 550 550 500 850 400 253
#COYS 2013-09-14
250 0 500 187 199 -77 500 0 66 0 0 1000 0 750 400 500 -600 233 0 1000 1000 0 0 0 229 350 0 500 350 22 0 0 390 -400 1000 1000 800 357 0 0 0 -400 86 386 700 350 0 0 0 0 250 0 0 0 500 400 131 400 0 0 0 -260 300 0 0 700 0 100 0 0 875 0 200 1000 800 -181 0 0 0 600 325 0 -250 0 500 266 1000 0 -400 -600 118 136 0 0 0 -187 49 900 -200 0
300 0 425 625 300 194 500 0 200 0 0 1000 0 800 450 300 1000 188 0 600 1000 0 0 0 620 544 0 1000 650 500 0 894 250 400 700 1000 700 571 600 0 0 400 120 445 600 400 0 0 0 0 200 300 0 0 550 450 681 950 0 0 0 166 200 0 0 679 0 200 50 0 600 0 300 1000 1000 750 0 0 0 1000 250 0 888 0 500 500 600 0 600 900 277 454 0 100 0 450 1000 1000 550 0
#ncfc 2013-09-14
0 0 277 0 533 0 0 0 0 0 0 0 625 -400 250 650 -75 0 0 118 -200 0 0 0 0 458 0 0 325 0 312 50 500 0 399 0 -112 750 0 0 0 0 587 625 0 0 0 0 0 200 0 -187 625 0 625 0 450 0 -62 0 0 350 0 170 250 400 0 250 400 0 0 0 1000 0 335 0 781 450 0 250 433 134 625 700 0 0 390 0 625 0 0 50 0 500 49 700 -150 -71 825 0
0 0 547 0 625 0 0 0 333 0 0 0 300 400 100 625 825 0 0 327 800 0 0 0 0 650 0 0 325 0 705 50 1000 0 400 0 650 887 400 0 0 0 575 500 0 1000 0 0 0 150 0 500 500 0 550 0 600 0 237 0 0 650 0 766 397 800 0 250 800 66 0 0 300 0 625 0 800 350 0 500 633 313 450 600 0 0 500 0 1000 0 0 200 0 500 450 600 400 321 916 0
#MUFC 2013-09-14
800 0 0 0 -800 562 0 625 0 0 0 0 733 136 33 -300 0 250 68 0 0 0 800 0 0 250 -400 0 0 0 1000 1000 0 100 500 0 0 0 800 0 0 1000 0 933 0 0 0 -131 0 -200 -125 0 0 0 0 234 300 0 0 525 0 0 0 250 800 0 0 0 0 0 0 0 0 1000 800 0 0 0 0 0 0 350 0 0 0 -50 0 237 0 0 500 500 562 0 136 0 0 0 0 68
700 0 0 0 900 850 0 700 0 0 0 0 466 454 322 300 0 333 277 0 0 0 400 1000 0 383 450 0 0 0 300 300 0 100 1000 0 0 0 900 0 0 300 357 833 0 0 0 450 0 200 750 0 125 0 0 583 450 0 0 850 0 0 0 383 650 0 333 0 0 0 0 0 0 300 900 50 0 0 0 0 0 316 0 0 0 716 0 300 0 0 150 150 525 0 454 0 0 0 0 277
#CPFC 2013-09-14
800 0 0 0 625 399 1000 0 610 0 41 -41 0 400 0 0 0 500 149 -400 0 0 0 0 136 208 445 0 0 0 0 0 183 100 800 0 133 0 0 700 0 -225 50 125 0 400 0 0 0 -166 0 0 500 0 533 100 700 116 262 478 0 0 400 400 300 0 625 0 533 -750 0 16 400 500 375 566 400 -62 250 -375 0 -200 700 0 0 137 0 0 0 -50 6 -175 0 0 0 0 0 0 0 0
400 0 0 0 1000 666 1000 0 500 0 833 150 0 400 0 0 0 500 500 400 1000 0 0 0 454 666 420 0 0 666 0 0 666 200 1000 0 327 0 0 600 0 400 50 200 0 400 0 0 0 166 0 0 1000 0 399 300 800 283 350 701 0 400 400 400 100 0 400 266 399 750 400 516 400 1000 500 896 400 237 200 650 0 250 600 0 125 450 66 0 66 400 450 666 1000 0 0 0 0 0 0 1000
