#BHAFC 2019-05-12
500 0 46 0 112
550 0 734 0 287
#MCFC 2019-05-12
0 -29 466 133 0
0 179 600 652 0
#Clarets 2019-05-12
0 0 0 0 0
0 1000 0 1000 0
#AFC 2019-05-12
-300 0 450 170 -200
950 0 500 454 700
#CPFC 2019-05-12
0 -291 112 -166 0
1000 541 287 933 0
#AFCB 2019-05-12
0 180 0 0 0
1000 244 100 0 0
#FFC 2019-05-12
0 600 413 0 0
0 1000 772 0 0
#NUFC 2019-05-12
175 0 550 1 0
729 0 750 232 0
#LCFC 2019-05-12
700 0 -175 -166 0
600 66 625 66 100
#CFC 2019-05-12
516 0 100 125 0
400 0 400 229 0
#LFC 2019-05-12
0 0 225 0 510
0 0 500 0 720
#wwfc 2019-05-12
0 0 0 0 -21
0 0 0 0 418
#MUFC 2019-05-12
1000 200 171 0 0
1000 100 341 0 0
#cardiffcity 2019-05-12
0 0 0 0 250
0 0 0 0 900
#SaintsFC 2019-05-12
134 0 -125 0 20
595 0 500 0 257
#HTAFC 2019-05-12
-433 1000 -250 0 1000
633 1000 233 0 300
#COYS 2019-05-12
364 100 -100 0 0
646 550 175 0 0
#EFC 2019-05-12
143 259 250 125 122
612 400 333 707 544
#WatfordFC 2019-05-12
0 0 0 1000 350
0 0 0 300 650
#WHUFC 2019-05-12
-100 1000 0 0 1000
433 300 0 0 1000
#MCFC 2019-05-06
400 0 0 133 800
250 0 0 633 400
#LCFC 2019-05-06
0 800 800 250 -375
0 900 400 750 550
#AFC 2019-05-05
0 0 166 0 0
0 0 583 0 0
#BHAFC 2019-05-05
0 800 -150 0 700
0 750 400 0 950
#CFC 2019-05-05
0 0 0 0 0
0 0 0 0 0
#WatfordFC 2019-05-05
0 275 -40 0 243
0 875 200 0 543
#HTAFC 2019-05-05
0 325 0 0 100
0 444 0 0 150
#MUFC 2019-05-05
-431 0 -383 461 0
543 0 597 643 0
#NUFC 2019-05-04
0 475 -150 -400 0
0 466 800 400 0
#LFC 2019-05-04
422 450 0 700 250
605 844 0 400 150
#cardiffcity 2019-05-04
0 0 0 0 0
0 1000 0 500 1000
#CPFC 2019-05-04
270 245 -75 0 0
340 542 325 0 0
#WHUFC 2019-05-04
1000 700 0 0 300
1000 600 0 0 725
#SaintsFC 2019-05-04
383 0 150 0 0
896 0 1000 0 0
#wwfc 2019-05-04
400 0 0 250 0
550 0 0 333 0
#FFC 2019-05-04
-500 0 0 0 240
366 0 0 0 380
#AFCB 2019-05-04
0 500 0 0 0
0 500 0 0 0
#COYS 2019-05-04
500 -125 650 0 -77
500 375 916 0 194
#EFC 2019-05-03
178 0 0 0 325
434 0 0 0 525
#Clarets 2019-05-03
0 136 0 -300 0
0 500 0 400 0
#MUFC 2019-04-28
500 0 -166 500 0
500 0 280 300 0
#CFC 2019-04-28
0 0 -55 533 399
1000 0 305 674 350
#Clarets 2019-04-28
600 0 500 50 213
549 0 900 350 454
#MCFC 2019-04-28
0 0 0 -79 250
0 0 0 520 333
#LCFC 2019-04-28
0 0 100 0 500
0 66 300 0 900
#AFC 2019-04-28
250 -657 700 0 0
300 828 1000 0 0
#BHAFC 2019-04-27
0 800 357 136 0
0 400 571 454 0
#NUFC 2019-04-27
120 100 577 24 0
279 200 645 475 0
#CPFC 2019-04-27
100 0 0 0 0
0 0 0 0 0
#EFC 2019-04-27
0 0 0 0 0
0 0 0 0 0
#FFC 2019-04-27
61 0 0 0 0
233 0 0 0 166
#cardiffcity 2019-04-27
0 0 0 562 0
0 0 0 500 0
#SaintsFC 2019-04-27
0 0 800 0 0
0 0 750 0 0
#AFCB 2019-04-27
0 0 0 -37 358
0 0 0 532 765
#WatfordFC 2019-04-27
-100 0 -450 0 -118
360 0 691 0 229
#wwfc 2019-04-27
100 200 0 0 199
200 100 0 0 250
#COYS 2019-04-27
0 -300 0 300 0
0 600 0 200 0
#WHUFC 2019-04-27
0 0 300 600 200
0 0 200 900 300
#LFC 2019-04-26
0 99 33 0 281
0 355 322 0 451
#HTAFC 2019-04-26
0 0 -87 0 300
66 0 366 0 500
#MUFC 2019-04-24
0 0 0 0 366
500 0 0 0 650
#MCFC 2019-04-24
1000 0 462 0 -125
1000 0 562 0 100
#wwfc 2019-04-24
0 0 500 156 0
0 750 500 1000 0
#AFC 2019-04-24
500 0 0 0 0
500 0 0 0 0
#COYS 2019-04-23
-699 71 0 0 0
666 652 0 100 0
#BHAFC 2019-04-23
500 800 25 150 0
600 1000 725 400 0
#WatfordFC 2019-04-23
-199 0 536 1000 0
233 0 472 300 0
#SaintsFC 2019-04-23
318 600 -62 114 -25
700 1000 487 596 262
#CFC 2019-04-22
500 200 0 75 500
600 575 500 400 600
#Clarets 2019-04-22
-400 78 500 298 0
900 447 900 340 66
#AFC 2019-04-21
257 500 0 250 0
650 700 0 250 0
#CPFC 2019-04-21
0 -156 302 0 550
0 375 600 0 650
#cardiffcity 2019-04-21
512 0 0 500 0
700 0 0 500 0
#LFC 2019-04-21
0 0 0 0 256
0 0 0 0 416
#EFC 2019-04-21
500 500 500 0 200
888 888 888 0 100
#MUFC 2019-04-21
200 0 -291 -109 500
200 66 333 685 500
#NUFC 2019-04-20
-739 0 0 0 0
725 0 0 0 0
#SaintsFC 2019-04-20
640 0 0 0 1000
875 0 0 0 650
#AFCB 2019-04-20
462 0 -400 0 0
612 0 400 0 0
#FFC 2019-04-20
0 -400 0 0 0
0 400 0 0 0
#HTAFC 2019-04-20
0 650 377 0 -781
0 450 499 0 1000
#WatfordFC 2019-04-20
456 0 350 0 650
716 1000 550 400 450
#WHUFC 2019-04-20
0 0 0 1000 237
0 0 0 1000 308
#LCFC 2019-04-20
0 0 0 0 0
0 1000 0 0 0
#wwfc 2019-04-20
0 0 0 0 0
0 0 0 0 0
#BHAFC 2019-04-20
0 0 650 -400 53
0 0 450 400 613
#MCFC 2019-04-20
373 0 0 0 0
673 0 0 0 0
#COYS 2019-04-20
250 250 0 0 800
250 575 0 0 400
#BHAFC 2019-04-16
1000 0 433 0 0
300 0 633 0 0
#cardiffcity 2019-04-16
1000 0 0 0 -1000
300 0 0 0 1000
#WatfordFC 2019-04-15
500 0 -33 0 291
500 750 399 0 541
#AFC 2019-04-15


#LFC 2019-04-14
0 0 0 750 158
1000 0 0 900 616
#CFC 2019-04-14
0 0 0 0 0
0 0 0 0 0
#CPFC 2019-04-14
0 0 700 200 0
0 0 900 300 0
#MCFC 2019-04-14
333 312 0 0 136
500 1000 0 0 500
#MUFC 2019-04-13
500 200 0 500 -400
150 537 0 600 700
#WHUFC 2019-04-13
487 0 416 100 0
700 125 1000 500 125
#BHAFC 2019-04-13
381 0 0 100 399
395 0 1000 300 1000
#AFCB 2019-04-13
0 250 -25 0 0
0 520 575 0 0
