#MUFC 2018-08-27
-200 0 277 -150 700 0 -217 28 8 500 334 0 250 500 0 525 525 -400 334 562 275 345 -199 -1000 333 0 0 0 1000 300 0 -37 578 -400 500 -200 0 -300 100 0 50 400 0 400 75 246 49 285 0 500 -343 500 587 225 -74 500 0 0 0 -1000 168 158 200 333 500 75 212 150 142 0 0 0 -33 0 0 0 0 466 0 0 1000 0 0 0 391 0 222 466 125 500 0 0 225 0 178 -147 -200 0 200 0
460 0 511 500 600 0 518 286 650 800 663 66 233 600 0 366 366 600 663 500 587 344 266 750 373 0 0 0 1000 500 0 293 418 600 500 900 125 600 900 0 708 740 0 750 100 437 333 535 0 500 750 650 450 425 500 750 0 0 0 1000 282 633 500 602 625 725 270 441 371 0 0 0 562 0 0 0 0 699 0 0 390 0 0 0 658 0 263 461 204 500 0 0 425 0 751 446 200 0 425 0
#COYS 2018-08-27
0 0 0 0 0 -400 650 333 0 -500 522 300 625 93 0 -338 -312 0 0 220 0 0 0 -400 0 -1000 100 -200 176 0 116 0 -200 84 0 200 0 1000 600 0 300 125 152 100 0 0 247 400 650 0 0 0 -364 0 250 -125 -100 0 136 0 0 0 0 318 0 -121 1000 1000 168 515 500 800 500 0 0 0 41 125 0 -150 0 433 537 500 0 0 -512 0 449 780 0 -250 100 136 250 0 259 0 500 -99
0 0 0 0 0 600 450 373 0 700 891 500 600 593 0 785 400 0 0 636 0 0 0 1000 0 1000 300 700 292 0 399 0 800 471 0 700 0 1000 950 0 500 550 500 300 0 0 510 700 450 0 0 0 541 0 600 375 88 0 454 0 0 0 0 677 0 350 1000 1000 327 944 900 400 750 100 0 0 566 466 0 300 0 533 400 694 0 0 700 0 750 1000 0 500 150 454 312 0 488 0 500 233
#FFC 2018-08-26
0 0 0 0 -50 300 0 150 0 0 0 -200 0 0 750 600 0 0 412 75 0 0 400 0 0 16 475 0 375 600 500 1000 600 -500 0 350 350 0 350 315 -143 490 66 875 0 0 0 0 0 325 -66 0 0 0 -66 400 0 0 0 125 0 0 0 -400 0 0 0 -275 0 500 0 500 0 0 0 0 123 100 0 0 0 0 0 -166 0 0 0 512 700 -400 0 0 0 0 166 0 0 0 0 200
0 0 0 0 400 650 0 550 0 0 0 500 0 0 400 900 0 0 658 494 0 0 500 0 0 611 437 0 406 1000 183 300 900 1000 0 362 300 0 300 320 418 556 300 600 0 0 0 0 0 320 300 0 0 0 300 900 0 0 0 633 0 0 0 400 0 0 0 400 0 750 0 600 0 0 0 0 434 300 0 0 0 1000 0 538 0 0 0 781 600 400 0 0 0 500 416 0 0 0 0 400
#Clarets 2018-08-26
0 0 0 0 0 0 75 0 500 0 400 0 0 0 237 0 0 0 0 0 0 0 800 0 0 800 0 -600 -83 0 0 0 0 -85 25 250 24 264 0 0 0 75 0 136 186 0 -155 0 0 0 0 575 0 220 633 566 500 500 500 500 500 500 500 0 387 0 -42 -27 0 125 0 -125 633 136 0 0 875 -27 108 500 100 125 24 0 500 24 214 558 0 250 0 0 0 300 700 -700 0 0 0 0
0 0 0 0 1000 250 325 0 700 0 500 0 0 0 433 0 0 0 0 0 0 0 1000 0 0 750 1000 800 83 66 0 0 50 515 217 333 366 497 0 0 0 325 0 500 511 50 288 0 0 0 0 662 0 516 616 683 200 200 200 200 200 200 200 0 614 0 350 194 0 100 0 375 616 454 0 0 600 194 283 500 400 300 366 0 600 366 357 533 0 350 0 0 500 900 600 200 66 0 0 0
#NUFC 2018-08-26
816 318 368 0 0 0 700 0 -12 -400 0 0 -12 400 0 400 0 44 0 0 0 -100 178 0 0 0 0 0 -325 -500 101 -450 0 283 178 0 0 -83 800 600 0 -12 49 0 500 255 0 500 25 0 368 0 412 325 0 500 300 0 -200 44 0 0 -12 199 -300 625 134 0 0 -155 0 136 0 0 200 0 0 0 0 0 -333 -235 349 -166 125 0 0 200 0 0 0 0 0 0 -400 -12 0 0 0 -400
799 677 600 0 0 0 900 0 237 400 0 100 237 400 0 900 0 666 0 0 0 400 751 0 0 0 0 0 520 300 207 700 0 400 751 0 0 733 400 900 333 237 950 0 600 602 0 600 550 0 600 0 550 666 0 500 500 0 0 452 0 0 237 633 462 600 813 0 500 288 0 454 0 0 600 0 0 0 0 0 1000 521 666 700 625 0 100 600 0 0 0 0 0 0 400 237 0 0 0 600
#CFC 2018-08-26
500 0 289 0 0 0 183 0 0 0 0 -49 0 0 0 375 0 575 0 0 399 0 0 516 500 217 0 0 100 200 191 125 -187 300 178 0 77 59 0 121 300 100 0 300 178 0 334 0 0 -600 0 0 -100 0 0 -600 217 0 300 0 354 616 0 0 325 600 130 0 0 0 1000 0 641 0 0 300 0 0 584 0 0 0 0 600 -155 0 1000 357 -600 0 334 0 650 412 0 200 0 0 200 500
750 0 640 0 0 0 622 0 0 0 0 900 0 0 0 387 0 525 0 0 400 0 0 633 500 730 0 0 400 1000 495 216 500 199 751 0 188 363 0 461 0 900 0 500 751 0 663 0 0 800 0 0 25 0 0 900 730 0 100 0 420 666 0 0 666 550 192 0 0 0 1000 0 666 0 0 50 0 0 708 0 0 0 0 550 288 0 750 535 700 0 663 400 616 600 0 500 0 0 400 600
#WatfordFC 2018-08-26
0 0 0 0 0 0 23 500 0 0 200 0 -200 0 -155 0 -39 0 500 650 333 -400 -146 187 500 66 85 0 800 0 136 800 200 233 200 62 0 0 350 0 0 -83 199 0 -63 0 -1000 500 0 0 0 0 0 333 0 49 -31 58 0 500 0 0 12 -10 290 0 -10 0 0 0 200 0 1000 0 200 500 100 166 0 0 -400 145 500 0 800 -750 0 0 -400 -131 70 500 0 136 500 -131 -400 200 0 50
0 0 0 0 0 0 818 733 0 0 200 0 700 0 288 0 820 0 500 450 483 700 600 631 888 333 611 0 400 0 454 400 100 533 400 497 0 1000 550 0 0 133 633 0 380 0 1000 888 0 0 0 1000 500 1000 0 558 483 441 388 650 0 0 737 222 590 0 222 0 0 0 600 0 1000 0 100 833 700 500 0 0 700 322 500 0 750 750 100 0 700 450 250 500 0 500 500 450 500 750 575 50
#CPFC 2018-08-26
0 1000 266 0 -100 200 350 0 525 122 0 -3 200 0 200 -200 -125 -416 -813 0 0 500 650 -133 -400 121 0 0 0 0 187 49 191 0 0 0 625 0 1000 0 500 -300 200 114 0 0 -400 -83 0 500 370 0 0 49 168 49 0 500 500 500 -600 250 250 250 428 250 250 433 0 0 0 250 0 -75 900 -155 0 183 800 400 625 500 -40 -500 0 -325 0 285 0 0 0 500 0 500 399 -291 70 625 0 50
0 1000 533 0 433 200 550 0 950 394 0 353 200 0 400 700 375 666 666 0 0 550 450 166 700 633 0 0 0 0 375 450 666 1000 1000 1000 600 0 750 0 750 400 200 392 0 0 400 133 0 888 660 0 0 450 293 558 0 600 500 650 800 200 200 200 517 200 200 833 0 0 0 333 0 500 875 288 0 533 400 375 500 600 580 1000 0 475 0 535 0 100 0 500 0 500 583 541 787 600 0 183
#LFC 2018-08-25
0 0 0 0 0 -500 -133 700 400 -500 234 0 0 0 150 800 0 268 0 234 0 211 -93 500 0 0 -86 575 575 500 -191 550 134 0 -86 -86 449 0 250 -133 0 0 0 0 0 0 0 0 0 0 500 -132 309 233 0 -500 0 0 178 0 142 -500 300 66 0 0 1000 0 -75 0 33 -10 250 87 0 -208 412 0 0 0 0 134 0 181 0 350 -125 285 500 0 0 399 -86 30 0 278 266 0 0 533
0 0 0 0 0 300 166 600 500 300 513 1000 0 0 579 400 650 427 0 513 0 554 300 500 0 0 362 775 775 500 466 487 813 0 362 362 400 0 200 588 0 0 0 0 0 0 0 0 0 0 900 713 454 266 0 300 0 0 751 400 267 300 100 266 0 0 300 100 366 0 366 507 750 475 0 372 550 0 0 0 0 813 100 668 0 550 500 535 500 1000 0 418 362 397 0 351 478 0 0 566
#BHAFC 2018-08-25
0 0 0 500 -250 178 1000 0 0 178 383 -51 178 0 700 313 -50 200 -100 1000 708 500 0 0 1000 550 650 200 525 178 533 0 781 456 0 400 500 0 250 500 0 -200 66 -312 875 68 0 178 700 -41 318 0 0 0 350 750 149 0 0 216 500 1000 520 178 178 0 800 700 600 0 125 0 450 0 400 800 178 0 178 1000 0 0 339 274 450 69 -300 -116 700 0 0 0 242 360 -224 0 900 200 -100 0
76 0 0 888 888 751 300 0 0 751 650 96 751 0 850 472 328 1000 500 300 400 500 0 0 300 200 875 200 616 751 333 0 600 747 0 500 1000 0 1000 1000 0 450 355 533 600 227 0 751 600 708 477 0 0 0 800 675 500 0 0 366 1000 300 500 751 751 0 400 600 600 0 500 0 450 0 400 1000 751 0 751 300 0 33 640 491 700 410 750 533 600 0 0 50 388 453 500 0 525 200 283 0
#AFC 2018-08-25
284 285 0 -71 0 0 445 0 333 0 0 0 0 0 0 0 49 0 0 0 0 -97 0 233 445 -274 0 142 0 312 250 -388 175 0 -500 0 0 -126 -500 136 136 350 0 0 0 409 -675 0 168 0 0 0 -300 -400 0 445 0 268 0 285 0 0 136 290 49 335 525 0 500 0 0 500 0 233 0 0 0 0 0 250 0 0 445 250 0 0 250 0 228 0 136 0 909 0 250 -200 0 409 250 0
643 535 0 267 0 0 551 100 666 125 0 0 0 0 0 0 575 0 0 0 0 187 100 366 551 391 0 585 0 189 500 833 775 0 666 0 0 256 562 454 454 550 0 500 0 688 900 100 427 650 0 0 200 700 0 551 0 677 0 535 0 0 454 542 375 477 366 0 633 0 0 500 0 366 0 0 300 0 0 250 0 0 551 333 0 0 333 0 435 0 454 0 780 0 333 400 400 688 750 0
#WHUFC 2018-08-25
0 0 0 0 0 -25 0 0 0 0 500 200 -300 0 303 0 0 230 0 0 0 0 200 100 500 285 600 225 0 0 850 0 0 0 -800 125 400 227 800 800 800 468 200 227 0 142 178 -144 0 0 37 243 -50 243 243 0 162 0 500 250 328 199 -145 -50 200 450 416 427 0 0 0 100 600 525 49 -216 800 0 0 0 375 0 1000 0 666 0 0 600 0 600 311 200 291 0 0 0 0 0 -49 0
0 0 0 300 0 425 0 0 0 0 500 416 200 0 705 0 0 457 0 0 0 0 200 300 888 535 900 700 0 0 1000 0 0 600 900 500 375 625 750 750 750 602 416 625 0 417 351 366 0 0 558 525 0 525 525 100 683 0 800 416 627 475 270 400 416 1000 666 500 0 293 0 300 900 366 500 916 400 0 0 0 416 0 300 0 241 0 0 1000 66 900 500 200 758 0 0 100 0 0 650 0
#AFCB 2018-08-25
0 -72 0 0 0 -333 0 200 0 303 119 0 400 750 446 0 0 1000 0 0 52 170 353 0 -349 -400 0 0 500 0 0 0 -62 1000 0 0 -155 -1000 0 0 0 0 0 125 0 122 399 500 -25 -66 -200 340 0 -400 -183 0 500 0 0 0 0 90 100 130 69 122 625 0 0 312 1000 0 308 312 0 100 0 500 1000 0 0 0 625 333 0 0 0 0 0 500 0 0 300 -25 0 -699 310 0 291 250
0 750 0 0 0 666 0 450 0 705 511 0 400 700 571 0 0 300 0 0 604 569 475 0 366 400 0 0 500 0 0 0 250 300 0 0 288 900 0 0 0 0 0 750 0 450 485 500 315 341 400 453 0 400 655 0 750 0 0 466 0 333 100 414 610 615 400 0 0 400 390 0 433 400 0 350 0 500 390 0 0 0 600 677 0 0 0 0 1000 500 491 0 500 475 0 666 408 0 525 533
#EFC 2018-08-25
200 445 0 0 250 178 0 0 0 250 0 0 445 533 178 0 250 250 0 0 0 0 0 200 605 -146 166 409 0 0 136 178 0 0 -130 445 0 0 0 0 0 0 166 500 0 -250 68 279 266 800 1000 213 0 0 0 500 500 -100 445 136 -50 0 0 200 0 -250 0 0 178 -96 0 0 -50 0 0 409 0 375 200 0 0 0 445 0 0 0 100 1000 396 400 0 0 0 0 450 300 300 170 -1000 0
200 551 0 0 366 751 0 100 0 333 900 0 551 566 751 0 333 333 0 0 0 0 125 775 666 556 933 688 0 0 454 751 0 0 520 551 0 0 0 0 0 0 300 500 0 250 727 679 454 750 750 454 0 0 0 500 500 400 551 454 400 0 0 900 400 250 0 0 751 377 0 0 900 0 0 688 0 750 375 0 0 0 551 0 0 125 466 750 608 1000 0 0 0 0 649 800 100 454 1000 0
#HTAFC 2018-08-25
0 0 0 412 0 0 111 0 -155 350 -337 250 578 211 0 264 0 342 285 0 0 0 33 0 0 -75 0 -166 0 200 -85 400 -142 0 200 500 0 0 0 -125 -100 -199 0 350 500 400 0 0 136 0 0 700 0 0 1000 100 -500 366 108 133 0 0 0 546 236 0 -312 125 -12 362 250 0 0 250 0 275 20 0 390 0 0 0 0 0 0 50 500 -250 92 525 500 357 50 -157 150 233 136 918 0 254
0 0 0 550 66 0 522 0 288 550 579 500 651 622 0 497 0 717 535 0 0 0 366 0 0 366 0 66 0 500 486 216 395 0 100 500 0 0 0 550 200 449 0 550 625 850 0 50 454 0 0 600 0 0 300 800 1000 549 508 455 500 0 0 698 661 0 687 216 450 436 333 0 0 333 66 481 553 0 762 0 0 0 0 0 0 150 500 250 556 366 425 730 150 667 700 241 454 595 0 558
#cardiffcity 2018-08-25
0 0 0 0 0 0 206 0 0 425 0 0 0 -699 0 0 0 -77 0 690 0 0 1000 0 93 0 0 62 -699 62 0 -699 0 0 50 0 250 0 0 0 186 0 -250 0 400 520 0 1000 0 0 0 0 -100 -500 -10 250 0 433 400 0 331 0 350 437 250 325 33 412 0 250 250 0 0 0 83 0 54 0 0 0 -600 500 0 800 0 0 380 700 0 -166 500 0 500 0 168 500 -35 0 0 0
0 0 0 0 0 0 225 0 357 350 0 0 0 666 0 0 0 269 0 975 0 0 875 0 250 0 0 500 666 500 0 666 0 0 83 0 500 0 0 50 294 0 750 0 233 500 0 300 0 400 0 125 250 433 16 425 0 883 900 0 500 0 650 625 425 387 66 550 0 425 1000 0 0 0 166 0 166 0 0 0 1000 500 0 400 0 0 477 600 0 833 500 0 500 0 327 500 157 0 0 0
#SaintsFC 2018-08-25
0 0 0 400 0 0 136 0 200 0 0 0 200 485 0 -181 0 422 0 500 500 0 0 -16 0 0 500 250 0 0 86 0 0 -5 325 0 0 0 500 0 625 400 350 -12 0 0 0 0 0 0 -166 0 290 400 199 340 0 0 -17 500 450 666 187 1000 333 -58 0 -50 0 0 500 -400 0 -100 400 325 312 -139 221 86 0 0 -400 -400 0 0 0 0 -637 312 0 133 525 400 125 0 0 0 0 0
0 0 0 800 0 0 454 0 200 0 0 0 200 727 0 727 0 344 0 500 500 0 0 616 0 0 600 500 0 0 433 0 0 340 362 0 0 0 550 0 666 500 462 0 0 0 0 0 0 0 166 0 700 800 633 659 62 0 270 500 700 833 526 300 583 428 0 400 0 0 900 400 500 400 400 362 333 342 462 433 0 0 400 400 0 0 0 0 700 900 0 633 366 800 416 0 0 0 400 0
#LCFC 2018-08-25
85 234 0 0 0 -500 250 0 533 0 412 566 0 0 -181 0 387 0 0 500 0 0 0 0 0 375 0 -125 -400 0 83 100 0 0 0 0 0 800 0 0 0 0 -12 0 0 -500 0 -7 0 0 625 0 780 0 0 0 0 0 0 150 0 0 0 0 0 0 0 100 0 0 350 568 284 0 133 285 -166 159 1000 200 0 250 0 0 0 600 0 399 99 100 0 83 -400 250 1000 400 0 0 0 0
277 204 0 0 0 1000 250 0 833 0 550 616 100 0 727 0 491 0 0 475 62 600 0 0 0 481 0 449 500 0 444 300 0 0 1000 0 0 1000 0 0 0 0 0 0 0 1000 0 491 0 100 666 0 1000 0 0 0 0 0 0 500 0 0 0 0 0 0 0 100 50 0 650 377 363 0 333 535 283 313 300 100 0 500 1000 50 0 550 0 366 285 366 0 438 400 500 300 400 0 0 0 0
#wwfc 2018-08-25
-400 0 375 0 -100 0 0 0 0 0 0 212 1000 0 0 0 333 166 -100 100 -129 500 416 0 0 0 550 0 0 581 69 145 0 600 52 0 0 0 312 0 500 562 400 -250 0 0 0 400 0 -133 -99 99 -340 -187 512 399 -500 791 791 350 -400 0 19 0 0 0 0 -500 0 500 800 333 600 0 350 350 100 -99 250 0 750 250 0 800 153 111 0 1000 283 166 0 200 0 -66 545 166 0 0 1000 0
600 0 500 0 300 0 0 0 0 0 0 784 1000 0 0 0 550 366 200 250 577 500 500 199 0 0 200 0 0 608 780 784 0 1000 604 0 0 0 450 166 500 800 375 233 0 0 0 900 0 155 875 750 461 500 650 483 750 975 975 600 400 0 416 0 0 0 0 500 0 833 750 833 1000 0 550 550 200 850 500 500 750 500 500 400 266 244 0 300 350 500 0 200 0 500 883 729 0 0 1000 0
#MCFC 2018-08-25
-400 0 650 0 0 217 134 100 100 100 166 178 0 178 178 800 -500 0 0 134 0 250 -500 178 0 0 0 0 147 0 0 -93 136 0 134 -77 350 50 0 212 0 178 136 0 -500 -129 0 -500 0 178 458 0 50 0 450 0 0 0 0 100 318 266 0 0 0 134 0 650 0 800 0 115 550 0 0 0 178 0 0 0 233 0 0 308 0 0 0 1000 0 50 0 500 178 0 0 0 99 0 134 125
600 0 450 0 0 403 813 275 275 275 199 751 0 751 751 400 300 0 0 813 0 300 300 751 0 0 0 0 410 0 0 467 454 0 813 344 550 191 0 784 0 751 454 0 300 577 0 1000 0 751 463 0 191 0 650 0 0 0 0 383 727 966 0 0 41 813 1000 450 0 750 0 227 200 0 0 66 751 0 0 780 366 0 0 391 0 0 0 1000 0 191 0 500 751 0 0 0 800 0 813 250
#CPFC 2018-08-20
0 0 500 1000 800 1000 0 0 0 0 0 -250 0 333 625 -200 0 -400 324 625 0 246 550 0 0 136 400 0 0 0 136 0 -250 700 0 200 -25 437 350 0 0 250 875 0 0 0 100 -125 0 0 -200 68 -275 0 0 0 -200 0 0 700 150 0 112 249 0 0 0 -205 0 285 500 133 337 700 1000 800 -250 400 -400 0 -600 -600 0 250 187 -500 250 500 -500 0 600 0 175 0 390 0 333 0 0 600
0 100 500 750 1000 750 0 0 0 0 0 750 0 500 500 200 0 400 550 900 0 360 400 0 0 454 475 0 0 0 454 0 750 800 0 500 200 650 550 0 0 400 600 0 0 0 1000 324 0 0 100 277 650 0 0 0 350 0 0 600 150 0 251 542 0 0 0 241 0 535 1000 300 537 600 300 1000 550 500 700 66 900 900 50 500 587 1000 250 600 400 0 900 0 383 0 312 0 500 25 0 550
#LFC 2018-08-20
0 -333 500 0 0 449 0 0 1000 -250 0 0 0 0 0 0 0 150 618 -22 712 1000 1000 136 0 0 0 0 0 600 -600 0 0 800 200 0 0 0 178 0 176 0 200 0 0 375 187 0 -500 0 0 0 0 0 0 0 0 100 0 288 500 0 500 0 0 0 0 0 500 500 200 0 524 700 178 -150 1000 197 197 468 233 0 170 400 287 0 0 0 0 -97 0 -500 0 500 575 0 0 0 500 250
1000 816 750 0 0 533 0 0 400 1000 0 0 0 0 0 0 0 575 475 388 450 400 400 500 0 0 0 0 0 600 1000 0 0 900 539 0 0 0 751 0 604 0 200 50 0 525 375 0 500 0 0 0 100 0 0 0 0 100 0 388 500 0 750 0 1000 0 0 0 500 533 500 0 806 600 751 272 750 731 731 812 274 1000 454 800 710 0 0 0 0 498 0 400 0 600 525 0 1000 0 550 275
#BHAFC 2018-08-19
650 178 650 650 500 650 650 200 650 2 650 287 178 800 650 287 650 0 178 400 0 0 800 164 650 0 0 0 600 287 650 170 -89 100 -400 178 433 0 500 0 136 0 -100 0 650 0 83 0 0 650 0 0 0 650 650 48 0 650 650 0 650 0 250 -37 0 0 287 0 150 650 650 270 0 650 0 650 178 -150 0 650 0 0 0 -400 650 312 0 0 650 0 0 500 650 0 0 1000 -325 0 0 0
250 751 250 250 266 250 250 250 250 560 250 710 751 750 250 710 250 0 751 625 0 0 400 390 250 0 0 0 900 710 250 500 522 800 400 751 833 0 400 0 454 66 650 0 250 0 166 0 700 250 0 0 0 250 250 541 0 250 250 0 250 0 500 331 0 0 710 0 250 250 250 450 0 250 0 250 751 250 0 250 0 0 66 550 250 333 0 0 250 66 0 500 250 0 0 300 325 66 66 0
#MUFC 2018-08-19
250 650 400 178 0 199 0 0 50 268 250 0 500 349 650 33 0 137 139 300 378 0 -700 0 0 208 0 1000 -976 50 312 197 312 50 116 650 150 0 -133 500 216 0 417 0 -155 136 0 650 800 0 650 400 -33 450 134 233 227 -12 50 50 268 500 0 650 -335 400 150 0 80 500 400 500 625 200 0 237 500 500 500 500 0 197 50 650 0 0 68 0 0 287 0 0 0 0 0 416 800 0 -133 0
300 250 1000 751 0 766 0 0 191 627 250 0 500 666 250 733 500 680 220 466 618 0 900 0 0 288 0 1000 1000 191 618 731 618 191 283 250 419 0 700 600 279 0 580 0 288 454 0 250 400 0 250 600 333 450 813 366 444 600 191 191 627 500 0 250 622 300 350 0 269 600 300 400 500 200 0 662 400 400 400 400 0 731 191 250 0 0 227 0 0 710 0 0 0 0 0 816 750 0 33 0
#Clarets 2018-08-19
506 0 0 400 75 400 0 500 318 0 500 0 133 166 0 -66 400 187 0 0 600 5 50 0 100 0 625 -200 -50 -250 0 400 0 0 0 -50 250 0 0 -200 -66 0 0 123 350 0 0 250 0 0 0 416 136 0 41 0 200 0 0 0 550 -66 633 200 700 197 0 0 -250 400 200 633 0 0 29 -29 125 0 -66 0 0 1000 200 0 0 0 633 75 0 96 400 400 0 8 0 700 37 500 400 633
602 562 0 700 325 500 0 150 602 0 650 0 600 166 0 133 200 250 0 0 900 655 100 0 133 0 500 400 116 1000 0 900 0 0 0 310 850 0 0 400 133 50 0 608 350 1000 0 333 0 0 0 500 500 0 250 0 500 0 0 0 674 600 616 200 550 619 0 0 250 900 440 616 0 0 430 279 166 0 133 0 0 300 100 0 0 0 616 325 0 213 500 500 0 213 0 550 237 500 500 616
#WatfordFC 2018-08-19
400 0 0 0 0 0 0 0 0 0 0 -300 136 0 333 -183 600 125 0 0 0 0 375 433 -150 0 -100 400 376 363 500 0 0 437 -21 0 0 0 166 350 142 0 0 -100 400 0 0 0 33 333 162 412 0 500 -49 0 66 333 -183 -113 500 0 0 136 0 -113 0 166 397 0 0 0 262 0 500 0 -62 246 -250 397 366 449 -250 -400 278 0 -366 0 100 -400 0 234 0 500 -291 -250 0 0 0 625
550 0 0 0 0 0 0 0 125 0 0 400 454 0 99 322 700 291 0 0 0 0 541 608 100 0 500 1000 433 522 900 125 0 650 451 0 0 0 375 362 267 0 0 500 1000 0 1000 308 233 99 214 668 0 1000 233 125 377 99 322 545 900 400 0 454 0 233 0 600 625 0 0 0 646 0 500 0 244 413 1000 625 458 750 1000 400 385 0 600 0 400 400 0 551 0 233 541 200 0 0 0 500
#MCFC 2018-08-19
650 0 178 500 50 -462 136 -383 1000 650 0 49 166 50 312 197 312 50 650 100 156 0 0 366 0 0 787 650 312 0 53 650 134 50 50 -49 0 -400 0 0 650 600 125 250 318 0 625 221 -250 -250 0 197 50 650 100 287 0 0 0 0 0 233 0 0 312 300 0 0 333 309 1000 0 134 50 -150 550 178 380 200 1000 300 650 0 -250 412 0 900 0 0 -600 0 266 -50 0 0 500 600 0 300 700
250 0 751 600 191 637 454 483 300 250 0 500 366 191 618 731 618 191 250 400 416 0 0 500 100 0 950 250 618 825 762 250 813 191 191 700 0 600 0 0 250 900 450 300 727 0 500 577 1000 250 199 731 191 250 1000 710 0 0 50 0 500 633 0 0 618 800 0 0 766 538 1000 0 813 191 300 836 751 477 500 750 500 250 0 350 837 0 900 0 0 800 1000 666 344 0 0 500 900 533 475 600
#HTAFC 2018-08-19
0 -75 156 800 0 375 0 0 71 0 0 0 0 325 325 383 177 0 0 270 0 104 -150 212 0 -100 166 875 0 1000 0 0 0 -400 309 0 -250 450 223 -200 0 0 49 0 172 350 270 -38 466 166 6 -1000 -83 0 0 78 125 0 -106 0 -71 0 0 0 0 111 -28 0 0 0 80 0 -14 100 0 250 -400 700 -55 170 316 500 136 0 750 0 -56 -75 116 289 -50 0 18 0 -400 -272 0 34 -100 -400
500 722 416 900 0 416 0 0 525 0 0 0 0 708 708 650 451 0 0 450 0 396 250 484 0 653 222 600 550 300 0 100 100 400 630 0 250 700 318 200 0 0 650 0 683 475 420 495 433 763 593 1000 533 0 0 184 300 0 518 0 214 0 0 0 100 466 319 0 0 0 273 0 522 229 0 333 400 750 357 454 750 1000 500 1000 819 0 543 233 540 517 0 100 518 0 400 438 0 540 400 400
#CFC 2018-08-18
197 0 0 309 0 287 309 600 268 406 268 0 312 0 0 0 0 0 0 0 0 0 0 0 0 0 0 0 0 0 0 0 0 0 0 0 -78 0 0 312 312 200 500 268 512 500 -125 600 445 -234 0 0 268 0 312 312 0 0 -400 268 187 101 248 0 0 116 101 0 512 161 0 0 191 200 0 0 268 0 -155 309 62 500 287 200 0 900 0 -366 309 0 0 0 250 550 268 136 0 0 -300 200
430 0 0 538 0 710 538 887 627 675 627 0 618 0 0 0 0 0 0 0 0 0 0 0 0 0 0 0 0 0 0 0 0 0 0 0 400 0 0 618 618 300 500 627 584 600 375 1000 818 500 0 1000 627 0 618 618 0 0 400 627 687 512 596 0 0 544 512 0 584 545 0 0 549 950 0 0 627 0 288 538 395 600 710 500 0 1000 0 600 538 0 0 0 875 600 627 454 0 66 600 300
#AFC 2018-08-18
625 -387 125 359 0 100 0 0 0 0 0 0 0 0 500 0 783 0 -200 0 0 0 217 0 -181 0 0 0 100 -94 -50 0 0 549 0 0 0 0 211 0 -300 600 -200 -200 0 500 -200 0 62 -500 0 399 500 -50 1000 -258 250 750 0 520 116 500 0 -50 10 0 325 0 0 0 0 0 500 0 0 0 0 0 0 0 250 165 0 0 525 0 0 0 0 0 0 375 700 0 0 612 0 125 136 0
600 850 800 417 0 300 0 0 0 0 0 0 0 0 500 0 783 0 200 0 0 0 292 0 177 0 0 125 400 447 200 0 0 544 0 0 0 0 587 0 400 700 450 50 0 500 50 0 395 300 0 400 150 400 300 560 300 950 0 500 541 500 0 200 659 0 666 0 0 0 0 0 500 0 0 0 0 0 1000 0 333 394 0 0 375 0 0 0 0 0 0 500 600 0 0 674 100 345 454 0
#EFC 2018-08-18
0 287 0 0 800 0 50 800 0 0 0 100 -750 -100 500 0 -100 -100 50 0 62 200 287 0 1000 487 -42 50 166 430 333 0 250 1000 50 50 -400 50 0 100 0 1000 0 -557 100 200 100 250 0 31 650 100 100 -50 0 0 0 100 70 0 141 0 400 500 -350 0 -350 0 250 -350 0 500 -350 0 500 49 100 0 0 600 500 1000 0 -350 0 0 255 800 -333 66 200 0 250 172 -100 0 1000 0 287 35
0 710 0 0 900 0 191 1000 0 0 0 150 900 150 900 0 200 200 0 0 395 900 710 1000 300 325 341 191 708 720 533 0 250 300 0 0 400 0 0 0 666 300 0 778 0 450 0 450 0 275 400 0 0 400 0 0 0 0 179 0 288 100 800 500 500 0 500 0 512 500 0 500 500 0 750 450 0 0 0 1000 475 1000 0 500 0 0 588 900 666 66 450 0 512 419 200 0 300 0 710 323
#SaintsFC 2018-08-18
0 0 0 0 0 0 112 0 267 -157 0 95 136 700 -100 0 -406 350 81 -309 0 700 0 -350 0 -800 116 650 400 -33 -75 200 0 -20 437 -400 250 0 -34 1000 166 40 33 149 0 333 139 -200 166 93 0 0 29 0 400 1000 101 800 1000 1000 600 143 270 200 200 800 133 0 325 0 -250 -70 295 362 312 312 -45 0 0 142 0 0 500 433 504 0 -100 500 -62 -93 0 0 0 -191 -200 200 0 492 40 976
0 1000 0 500 0 0 552 1000 571 565 0 645 500 600 200 0 900 600 653 530 0 600 500 500 0 800 500 750 700 500 366 900 0 625 550 400 300 0 569 300 166 727 762 500 66 733 246 438 166 349 0 0 545 1000 425 300 433 750 1000 300 550 418 694 300 400 750 266 0 366 0 422 391 578 725 224 750 740 0 0 267 0 0 500 633 511 0 350 475 560 313 0 0 0 750 450 750 0 567 528 500
#LCFC 2018-08-18
287 100 0 0 0 0 0 0 0 114 700 312 312 512 0 512 287 333 366 900 400 200 150 500 312 312 0 512 0 0 0 -383 -100 0 162 0 0 0 312 312 0 287 0 -200 -100 600 0 512 512 512 0 512 0 0 0 287 0 200 100 -200 0 0 -400 100 312 136 6 -33 0 0 0 -100 0 1000 0 0 0 0 0 0 500 0 100 0 6 -50 0 200 0 -100 0 66 800 212 0 50 99 -37 0 -66
710 900 0 0 0 0 0 0 0 375 500 618 618 584 0 584 710 833 461 875 625 200 400 500 618 618 0 584 0 0 0 483 200 0 616 0 0 100 618 618 0 710 0 550 200 1000 250 584 584 584 0 584 0 0 0 710 0 433 300 400 0 0 600 300 618 500 331 66 66 500 0 200 0 900 0 0 0 0 0 0 500 250 200 0 331 400 0 900 0 200 0 466 1000 687 0 233 300 258 0 133
#wwfc 2018-08-18
800 500 233 0 0 0 -83 200 625 550 0 488 0 520 224 0 0 0 -125 0 0 -300 328 0 0 -300 300 -37 100 166 -250 0 0 0 399 -83 0 200 0 162 0 0 24 -107 -100 0 -444 433 111 -250 466 0 0 342 0 197 241 252 65 -81 100 380 0 -150 -100 302 0 0 25 0 328 0 0 95 -75 500 -208 0 0 0 0 -87 -200 0 -200 -100 0 0 0 0 0 0 0 0 -200 52 0 800 0 0
750 600 559 0 0 0 416 539 500 687 0 333 0 1000 475 0 0 0 494 0 0 400 441 0 0 400 400 283 200 666 466 0 0 0 366 83 0 900 0 616 0 0 494 717 200 1000 700 616 222 250 366 0 0 517 500 423 458 404 749 368 300 477 0 399 200 818 0 0 275 0 633 0 0 483 350 600 433 0 0 0 0 425 400 0 400 200 0 0 0 0 0 0 0 0 300 732 0 400 0 0
#COYS 2018-08-18
0 187 0 277 0 0 0 0 1000 250 200 0 512 136 0 -300 0 166 500 -103 0 1000 -100 0 100 0 -90 -400 49 49 16 0 666 0 0 0 1000 0 512 500 136 0 0 0 250 0 350 333 0 266 66 0 266 0 311 150 380 141 -750 62 0 0 0 0 0 183 733 1000 0 0 66 500 125 0 500 0 400 800 0 0 0 -214 -7 -125 -200 0 512 0 416 225 0 0 206 529 0 305 208 0 900 900
0 649 0 722 312 0 0 1000 1000 200 400 0 584 454 0 700 0 708 500 387 0 750 300 355 400 1000 644 550 450 437 466 0 650 0 0 0 300 0 584 200 454 0 0 0 900 100 550 833 0 500 383 0 558 0 497 266 600 426 750 339 0 0 666 0 0 533 766 300 0 500 233 600 675 0 500 0 550 400 291 0 100 627 411 258 100 0 584 0 450 700 0 50 424 579 0 616 666 0 350 700
#FFC 2018-08-18
446 -500 0 0 -100 300 0 -100 0 0 166 500 500 500 0 0 0 400 175 99 -300 400 0 341 0 0 300 300 250 118 232 0 0 520 0 -100 500 -145 625 0 166 250 199 150 -400 -100 0 -200 240 -155 -200 -100 0 0 0 200 200 0 400 0 400 200 0 0 700 200 0 0 0 118 0 0 0 350 250 25 -68 -166 0 80 700 75 0 800 -75 229 49 -75 1000 0 0 500 0 37 0 255 250 0 -87 136
708 600 0 0 200 750 0 200 0 0 708 500 500 500 0 0 0 700 894 950 600 625 0 500 0 0 750 750 200 343 461 0 0 666 0 200 500 500 866 0 666 800 300 400 400 200 0 250 613 288 400 200 0 0 1000 400 550 0 1000 0 587 500 0 0 600 400 1000 0 0 300 0 0 0 550 333 708 837 766 0 469 600 350 0 750 150 596 933 200 1000 0 0 833 0 325 0 555 400 0 384 454
#WHUFC 2018-08-18
0 309 0 309 -231 0 0 0 0 0 0 -250 0 136 -240 0 0 0 0 284 150 0 500 309 62 309 350 -100 500 0 0 116 136 267 225 800 284 136 0 309 0 150 206 309 0 -125 0 0 255 136 0 -200 136 68 136 0 309 -200 300 -231 0 136 -100 0 -240 0 250 0 -100 -150 0 42 0 309 309 136 309 0 500 0 800 396 525 309 309 0 700 0 -312 0 0 175 200 309 312 0 -100 -75 -152 500
0 538 0 538 700 0 0 0 0 0 0 1000 0 454 425 0 0 0 0 575 612 0 425 538 395 538 650 200 500 0 0 483 500 555 450 400 575 500 0 538 0 700 700 538 100 375 0 0 625 500 500 250 500 250 454 0 538 400 300 700 0 454 200 0 425 0 500 0 200 800 0 467 0 538 538 454 538 0 500 0 750 658 541 538 538 0 233 0 400 0 0 275 200 538 333 0 50 200 400 500
#AFCB 2018-08-18
0 0 0 0 -250 136 500 500 0 136 0 437 199 50 0 -100 178 0 800 50 33 0 0 350 321 0 -100 0 0 -50 -100 -121 200 -100 -100 0 0 600 0 188 0 0 -25 0 228 -233 166 0 -216 0 -500 0 0 468 800 -16 0 0 146 0 0 -500 0 -66 500 0 0 0 804 909 0 400 0 -10 0 136 0 0 -200 416 0 400 16 0 125 476 0 250 0 0 0 -1000 0 0 -300 200 0 -781 0 -13
0 0 0 0 1000 454 1000 500 0 500 0 583 300 1000 500 200 410 0 400 450 194 0 0 550 583 0 200 0 0 383 200 417 400 200 200 0 0 900 0 593 0 0 200 0 445 333 833 0 558 0 1000 0 0 427 750 279 0 0 415 0 0 1000 0 133 666 0 0 0 690 780 0 900 0 451 0 500 0 0 100 475 0 675 866 0 188 474 150 333 0 0 0 666 0 0 650 400 0 400 390 593
#cardiffcity 2018-08-18
1000 0 250 200 170 0 515 0 0 277 -100 205 833 0 0 -100 99 -100 -100 0 0 0 200 50 812 0 0 550 625 250 400 328 0 -312 0 0 -66 -155 0 142 -125 -155 0 274 0 -50 136 -155 250 333 39 600 200 0 0 0 0 0 0 800 0 625 275 0 0 166 245 250 0 0 100 0 99 250 250 250 0 0 50 -83 1000 247 100 243 0 243 600 0 75 -187 250 -6 0 0 0 0 0 400 -187 450
300 750 387 300 454 0 666 0 0 455 200 483 333 0 0 200 300 200 200 0 0 0 700 650 525 0 100 550 500 850 900 378 0 233 0 0 666 288 0 267 375 288 0 436 0 150 454 288 250 488 520 750 575 0 0 0 0 0 0 750 0 900 425 100 0 320 466 450 0 0 559 0 533 450 450 450 0 0 100 83 750 445 400 502 0 502 900 0 226 500 550 533 0 0 0 100 0 450 500 450
#NUFC 2018-08-18
0 -200 134 287 0 200 0 0 0 50 312 976 -12 -200 0 650 -400 0 0 283 500 0 -12 194 0 250 312 312 0 250 -12 0 0 -160 0 0 0 600 500 250 68 75 0 500 134 500 550 380 0 513 0 287 -12 0 0 0 250 0 -166 0 0 50 -100 0 0 100 117 303 62 0 0 0 -66 166 62 -66 0 0 -100 -125 0 -12 -600 -266 250 151 0 0 0 400 283 -161 0 312 0 -200 -250 700 500 483
0 400 813 710 0 1000 0 0 0 191 618 800 237 400 0 625 600 0 100 450 266 0 237 833 1000 500 618 618 0 250 237 0 0 180 500 0 0 900 694 750 227 241 0 888 813 888 575 750 0 647 100 710 237 0 0 50 1000 0 166 0 0 191 400 0 0 375 558 785 375 0 0 0 433 199 350 433 0 1000 200 375 1000 237 800 966 750 630 0 0 0 800 400 650 0 473 0 200 500 600 500 483
#AFC 2018-08-12
33 0 0 0 -50 0 0 0 0 0 136 100 0 0 166 -500 -75 212 -400 449 0 0 259 -1 0 0 -18 25 487 487 0 50 0 0 0 0 350 709 0 0 0 0 400 289 0 350 0 0 0 0 0 500 0 0 0 300 -25 0 200 0 0 0 0 0 0 0 0 0 0 0 0 -62 100 136 99 0 -131 104 136 400 136 500 0 0 0 0 0 289 0 -133 100 116 0 600 0 0 -97 500 -52 800
616 0 562 0 400 0 0 0 0 0 500 288 0 0 333 600 366 651 1000 500 0 0 760 212 0 0 477 224 750 750 0 550 500 0 0 0 700 615 650 0 100 0 517 640 0 700 666 0 0 0 0 900 0 100 0 500 500 0 900 0 0 0 0 0 0 0 0 550 0 0 0 687 200 454 800 100 427 520 454 900 500 600 0 0 0 0 0 640 0 0 262 383 0 900 0 0 187 1000 158 1000
#MCFC 2018-08-12
400 400 289 0 289 166 400 214 -312 0 0 289 400 400 136 500 -48 0 0 400 212 400 400 781 500 268 487 487 0 0 0 400 289 250 417 100 0 400 400 0 0 -508 0 -16 400 0 0 400 0 0 104 0 268 -750 0 400 400 0 289 0 250 -200 100 289 150 220 800 400 0 250 0 0 387 0 0 500 562 0 400 0 0 268 -33 0 250 136 0 -520 0 -600 289 333 0 417 -500 0 50 400 0 400
800 800 640 0 640 566 800 428 100 100 0 640 800 800 500 500 472 0 0 800 651 800 800 1000 500 627 750 750 0 100 0 517 640 250 580 200 0 800 800 33 0 250 0 500 800 0 0 750 0 0 520 0 627 900 0 800 800 0 640 0 550 800 262 640 400 350 400 800 0 200 0 0 616 0 0 525 650 0 800 0 100 627 399 0 300 454 0 666 0 800 640 666 0 580 1000 0 191 800 0 800
#LFC 2018-08-12
0 380 0 0 1000 375 0 0 445 178 0 406 400 357 371 0 0 400 500 0 0 0 0 0 0 0 500 136 178 100 400 166 0 125 166 274 800 50 0 0 0 200 0 -400 400 82 0 800 0 136 0 0 0 208 0 0 0 1000 1000 125 600 400 712 0 350 141 150 400 136 0 -33 0 -197 0 0 0 337 0 0 400 0 700 800 0 212 476 -300 0 400 400 34 600 -141 0 0 0 0 285 189 0
66 477 0 0 300 550 0 0 518 751 0 375 800 571 650 0 0 800 500 0 0 0 0 0 0 0 500 454 751 150 800 566 0 400 366 300 400 483 0 0 0 300 0 600 800 466 0 400 0 454 0 0 0 333 0 0 0 400 400 925 900 800 450 0 333 698 700 800 500 0 373 500 533 0 0 0 687 0 0 800 0 700 750 0 651 535 700 0 800 800 125 900 533 400 100 0 0 535 342 0
#WHUFC 2018-08-12
500 0 500 500 136 0 136 0 -49 0 0 0 0 781 0 0 108 0 0 0 0 400 400 0 0 233 700 256 0 0 0 0 78 0 0 -187 0 0 0 0 322 0 550 -781 100 136 625 0 368 309 136 0 0 0 0 104 100 309 -400 0 0 0 0 383 66 309 0 -1000 0 0 -150 -291 400 0 0 0 309 275 244 0 309 0 400 0 0 0 136 309 408 0 0 -208 0 136 766 200 136 309 368 350
500 0 750 500 500 0 500 0 650 0 0 0 0 500 0 1000 833 0 0 100 0 900 900 0 0 200 600 481 0 0 0 0 311 0 0 500 1000 0 1000 1000 644 0 625 1000 300 500 400 0 700 538 500 0 0 0 0 520 150 538 400 0 500 0 0 411 219 538 100 1000 250 0 483 541 900 0 0 0 538 794 484 0 538 0 1000 0 0 0 454 538 541 0 0 1000 0 500 799 450 454 538 700 550
#SaintsFC 2018-08-12
800 96 0 136 0 -124 -166 0 500 -800 0 216 0 0 0 500 100 0 202 400 800 14 700 187 700 350 -175 500 0 0 500 0 300 900 825 283 0 495 0 300 1000 650 312 300 300 125 123 475 800 390 0 800 1000 0 0 0 0 0 399 0 250 399 -150 -136 0 173 112 120 175 0 0 0 80 0 50 500 700 0 0 0 0 475 550 324 0 71 100 -62 0 78 0 -125 366 136 600 691 0 152 125 200
400 468 0 500 0 525 383 0 600 900 0 277 0 0 0 600 300 0 480 900 400 629 600 375 600 350 375 536 0 91 250 0 466 750 1000 583 0 666 0 700 1000 875 333 700 700 1000 484 616 1000 200 0 1000 800 0 0 0 688 100 266 0 312 800 350 436 0 295 525 180 475 100 0 0 444 1000 450 600 600 0 0 0 0 800 800 525 0 361 100 400 0 350 0 300 333 500 1000 566 0 508 400 416
#Clarets 2018-08-12
136 400 0 0 400 525 0 400 0 400 233 500 425 350 250 0 400 0 0 400 0 0 0 136 400 0 166 0 0 50 333 -400 -400 -100 83 0 400 0 0 -50 136 0 -100 800 0 0 16 0 0 0 0 520 700 111 500 0 0 0 0 300 400 0 700 0 112 0 0 250 400 400 0 200 0 212 400 -50 0 633 400 0 136 300 400 400 200 -115 0 -155 136 0 500 0 16 175 400 0 0 -200 133 0
500 900 0 0 500 366 0 900 0 900 500 400 775 550 200 0 900 0 0 900 375 1000 0 454 900 0 211 0 0 50 322 400 400 233 111 0 900 0 0 550 454 0 200 1000 0 0 244 0 0 0 0 386 600 266 500 50 0 0 0 200 900 0 550 0 266 0 0 333 900 900 0 300 0 624 900 300 0 616 900 0 500 200 900 900 500 559 0 288 500 250 888 0 244 466 900 333 0 400 327 0
#wwfc 2018-08-11
100 0 0 0 0 0 -500 -400 0 0 400 700 50 187 200 781 0 500 0 240 359 281 550 0 199 400 437 250 0 400 272 0 0 0 800 418 500 -54 562 185 71 -66 -250 0 700 268 267 314 0 500 183 540 0 0 150 0 0 800 0 0 340 519 433 500 0 0 0 0 0 -100 209 285 0 0 0 0 0 -400 136 0 100 0 180 65 71 500 0 83 150 -49 136 228 0 568 42 -475 0 523 483 0
400 0 0 0 0 0 875 400 0 0 400 600 500 625 419 600 0 875 0 320 656 975 612 550 666 500 875 250 1000 450 475 0 0 1000 400 486 500 308 850 579 308 266 250 0 600 429 750 395 0 1000 646 657 0 0 431 100 0 1000 0 0 540 605 500 750 0 0 0 0 0 300 538 535 0 0 0 0 1000 800 454 0 0 66 459 458 642 500 0 833 250 440 454 457 0 377 611 700 0 716 541 0
#EFC 2018-08-11
750 150 500 750 300 0 115 250 0 1000 -175 99 0 150 62 0 0 0 0 0 0 200 0 -85 305 0 250 800 0 -12 -400 500 500 650 333 0 0 -84 100 0 0 0 0 178 650 153 0 0 -15 47 165 437 166 139 0 783 172 149 166 18 -50 0 166 166 47 306 -150 0 178 350 312 0 700 0 0 47 0 50 0 47 49 193 0 0 62 225 0 -322 0 0 399 150 0 246 -200 0 0 0 0 0
825 600 525 875 566 0 245 333 0 300 950 800 0 669 500 0 0 0 0 0 0 675 0 406 566 0 700 750 0 0 400 625 625 750 666 0 0 420 400 0 0 0 0 751 750 454 0 0 188 670 675 625 666 493 0 833 367 622 666 277 700 0 666 666 670 562 300 0 751 300 651 0 600 0 0 670 0 150 0 670 450 393 0 0 600 750 0 472 0 0 850 516 0 488 800 0 0 0 0 0
#AFCB 2018-08-11
1000 279 116 0 445 0 0 -400 416 0 0 18 248 0 445 -15 0 500 566 -241 -90 322 0 0 0 500 445 125 700 0 500 -875 0 362 0 0 550 445 340 450 0 1000 433 250 45 0 0 0 -400 0 0 0 200 0 0 0 0 0 550 158 0 300 0 136 100 445 600 399 700 0 50 70 1000 0 0 77 -66 0 0 -187 0 445 -99 -49 250 -212 700 700 700 0 -125 475 200 700 0 108 1000 0 0 136
600 440 616 0 551 0 0 400 444 0 0 277 596 0 551 188 1000 500 633 391 677 344 0 0 500 500 551 166 600 0 500 1000 0 656 0 0 550 551 700 700 0 300 1000 750 700 0 0 0 400 0 0 0 200 0 0 0 0 0 750 372 0 300 0 454 400 551 250 519 900 0 533 494 300 0 0 463 488 0 0 500 0 551 500 800 283 600 650 600 600 0 375 762 600 600 228 338 500 0 0 454
#cardiffcity 2018-08-11
0 0 0 0 -15 62 500 -150 283 558 150 0 0 357 425 0 -300 0 285 0 136 456 22 375 50 200 -233 500 700 550 169 325 378 0 0 0 0 0 900 125 300 1000 0 0 1000 478 -56 800 140 0 93 83 257 0 500 500 0 1000 0 0 -155 350 125 125 500 0 800 750 283 125 425 539 -350 400 0 0 -150 400 0 -250 -125 33 0 417 -500 350 281 200 0 0 558 0 0 433 0 200 0 200 -77 0
250 0 0 0 188 312 500 450 633 750 600 0 0 371 508 0 600 0 546 0 454 537 855 100 533 300 566 900 650 900 347 650 650 0 0 0 100 0 950 400 497 825 33 0 300 684 400 900 625 0 268 700 457 0 283 1000 0 900 0 0 288 628 400 400 500 0 900 825 633 400 668 620 600 1000 0 0 450 900 0 500 600 350 0 657 1000 500 596 300 0 0 750 0 0 833 500 200 0 300 344 0
#FFC 2018-08-11
300 359 700 0 0 1000 300 0 0 0 0 0 500 0 0 -400 566 850 -62 0 0 0 -38 200 178 0 0 0 0 0 0 0 0 0 0 0 0 0 0 0 0 0 100 0 0 0 0 0 0 0 0 125 0 291 800 178 178 -15 0 56 0 0 0 0 83 -500 0 0 345 0 500 200 0 0 0 0 0 0 250 375 0 0 0 375 0 0 900 1000 0 0 -99 0 500 0 0 0 -133 170 172 0
366 692 600 0 0 300 366 0 0 0 0 0 600 0 0 400 655 1000 400 0 0 0 173 200 335 0 0 0 0 0 0 0 0 0 0 0 0 0 0 0 0 0 400 0 0 0 0 0 0 0 66 375 0 950 900 335 335 188 0 449 0 0 0 0 833 1000 0 300 709 0 655 900 0 0 0 250 250 250 700 416 0 250 250 750 0 0 1000 300 0 0 399 0 1000 0 100 100 900 454 394 0
#CPFC 2018-08-11
-166 0 0 0 0 700 0 0 0 0 0 0 0 -400 0 0 800 0 0 0 0 0 500 0 600 170 0 268 166 -133 333 5 -200 247 27 0 0 0 303 437 0 0 0 500 100 66 83 1000 175 350 250 0 733 0 0 0 0 0 750 0 -275 -33 73 0 0 -22 800 0 188 0 0 0 0 -416 500 186 0 133 0 170 200 0 136 659 0 0 50 500 418 0 333 -156 375 -200 417 -200 -200 187 -155 800
333 0 0 0 0 600 0 0 0 0 0 0 0 400 0 0 900 0 133 416 0 0 750 0 633 619 0 431 333 900 516 296 800 544 500 0 0 0 405 452 0 500 0 183 1000 244 125 900 666 644 525 1000 766 0 0 0 0 0 750 0 644 711 366 600 0 455 1000 0 590 0 0 0 0 700 323 501 0 729 0 454 500 550 454 659 0 66 533 700 527 0 600 100 750 400 850 400 400 687 288 900
#HTAFC 2018-08-11
0 0 0 0 0 -400 388 0 296 0 200 523 0 0 0 0 290 0 0 0 0 500 199 800 175 437 0 55 200 577 0 300 187 700 -200 0 0 450 100 600 0 -87 0 0 700 366 495 675 400 700 -270 0 0 550 700 0 234 766 0 50 0 633 239 500 0 450 0 -250 158 625 0 318 248 1000 -300 0 -44 566 350 -125 0 200 584 0 250 333 125 250 275 0 100 -300 0 100 0 0 169 0 500 168
0 0 0 0 0 400 833 0 582 66 250 626 0 0 0 0 269 750 1000 0 1000 500 300 400 316 550 125 422 200 661 0 575 631 600 600 0 500 866 250 383 0 380 0 0 700 684 498 750 375 600 395 0 0 600 800 0 444 566 0 533 0 366 583 1000 400 500 100 725 266 612 0 325 514 300 400 0 388 566 700 375 0 600 688 0 625 833 300 283 675 0 100 600 0 600 0 300 655 0 600 527
#CFC 2018-08-11
283 300 150 700 270 0 250 800 602 0 1000 375 170 0 300 -416 -166 445 268 -49 650 0 0 0 0 0 0 0 0 0 0 0 0 0 0 0 0 0 0 0 700 0 0 0 -200 0 -400 200 216 650 139 0 0 0 200 270 0 0 187 11 390 178 550 0 0 0 200 178 445 200 -15 47 136 75 -50 47 -41 275 6 0 1000 500 0 800 850 178 200 310 500 0 0 450 0 47 781 0 445 -56 0 200
549 366 581 600 443 0 500 750 820 0 300 750 454 0 366 1000 433 551 627 450 600 0 0 0 0 0 0 0 0 0 0 0 0 0 0 0 0 0 0 0 700 0 0 0 300 0 400 700 250 625 439 0 0 0 300 380 0 0 375 740 500 751 800 0 0 0 300 751 551 300 188 670 454 325 700 670 400 625 350 0 1000 500 0 400 1000 751 500 712 533 0 0 900 0 670 500 0 551 501 0 300
#WatfordFC 2018-08-11
0 225 0 0 0 0 -83 200 343 400 -100 216 -250 300 133 0 237 525 68 -114 0 68 350 0 0 0 333 -99 -103 288 -400 0 0 290 0 0 -400 0 0 -250 266 -140 29 415 -433 0 0 700 0 0 0 263 -266 0 500 160 0 -128 0 0 0 65 -129 -356 0 0 500 0 800 500 50 -600 50 500 0 327 26 50 -99 100 700 0 253 0 0 300 0 0 0 0 0 0 1000 400 10 0 0 0 0 0
0 350 0 533 0 0 799 200 468 400 100 666 888 500 366 0 875 625 539 294 0 260 800 0 0 0 416 500 424 507 400 0 0 417 0 0 700 0 0 1000 433 663 336 520 488 0 0 600 0 0 0 327 622 0 500 539 0 423 0 0 0 458 433 510 750 0 183 0 400 500 225 800 533 183 0 594 340 525 500 400 700 0 717 700 0 500 100 250 0 300 0 0 300 362 393 0 0 0 0 0
#BHAFC 2018-08-11
250 327 0 0 0 -400 -350 0 100 0 178 -15 120 181 -150 0 1000 500 0 178 772 391 0 -50 0 0 -55 136 -312 950 500 178 133 0 136 0 0 178 0 0 37 0 590 287 237 0 178 350 500 128 -200 0 433 461 500 0 0 0 -500 128 350 83 0 287 292 0 182 0 200 0 250 214 180 100 375 0 0 250 178 0 240 250 250 250 250 0 128 -200 50 0 -400 327 399 0 183 0 200 0 400 566
250 710 0 0 0 400 850 0 1000 0 751 188 633 313 300 0 950 500 0 751 799 541 0 250 0 0 97 454 687 650 522 751 575 0 454 50 1000 751 0 0 750 0 634 710 651 0 751 550 1000 595 675 0 549 572 1000 500 0 0 1000 595 550 500 50 710 622 0 880 0 500 50 550 500 459 250 750 500 0 250 751 0 674 250 250 250 250 0 595 100 533 0 800 594 1000 100 550 0 900 0 700 833
#NUFC 2018-08-11
285 1000 180 -31 700 262 250 400 -1000 -500 600 0 0 0 0 0 100 976 -400 50 0 0 -625 0 1000 0 0 300 178 -15 47 0 -41 0 103 -53 0 0 0 45 47 -266 500 0 0 250 33 0 -82 -11 0 65 74 178 0 -500 416 0 500 0 0 -49 47 -77 0 0 0 -125 0 47 -125 216 222 -300 200 0 0 -500 0 87 -333 0 66 500 66 0 400 -625 -243 466 0 -625 -200 0 -40 175 781 0 149 -175
535 900 713 343 600 300 428 375 1000 500 1000 0 0 0 0 0 400 800 400 450 0 0 500 125 750 0 0 475 751 188 670 0 458 0 273 650 0 0 0 184 670 399 900 0 0 300 166 0 303 608 0 554 275 751 0 1000 716 0 500 0 0 700 670 394 0 0 0 597 0 670 476 466 388 400 900 0 0 1000 0 800 377 0 533 600 286 500 487 1000 400 300 0 1000 300 0 431 449 500 0 575 550
#COYS 2018-08-11
133 700 200 -416 212 -278 148 0 500 250 23 0 1000 445 80 150 0 0 0 0 781 212 1000 92 -100 200 0 195 700 166 134 0 700 100 83 250 0 445 -700 0 127 166 8 400 0 0 -225 145 -333 909 0 336 800 133 0 350 250 0 -133 316 40 0 -333 0 6 1000 -37 350 1000 83 400 445 800 268 229 180 250 433 541 136 190 367 0 500 0 146 142 0 600 711 178 200 -150 266 700 -100 366 251 17 312
166 799 200 666 350 638 384 0 600 250 204 0 300 551 516 199 0 0 0 0 500 618 1000 675 900 300 0 300 600 355 372 0 850 366 116 200 0 551 900 100 431 450 727 500 0 0 616 488 1000 780 0 410 750 366 0 650 333 0 166 450 676 0 455 0 598 900 401 350 1000 208 825 551 1000 477 456 340 333 966 266 454 493 513 0 500 0 515 580 0 950 655 285 900 471 633 600 450 666 575 507 505
#MUFC 2018-08-10
250 0 0 0 -75 295 136 222 -175 33 157 500 0 300 166 -111 0 -400 268 -75 300 -38 0 0 -50 65 0 0 0 400 0 -199 -155 50 -262 142 500 100 49 66 0 437 25 295 0 44 0 -200 0 200 0 0 0 800 300 266 0 0 50 295 600 300 178 0 1000 0 0 50 -316 -98 0 591 3 0 -333 0 -80 0 0 500 0 0 0 800 0 0 -50 333 433 -143 0 0 0 0 -166 163 0 433 0 -750
300 0 0 0 403 404 454 322 666 66 347 800 0 500 233 444 0 600 627 50 408 147 100 0 483 677 0 0 0 400 0 893 288 1000 450 578 500 200 650 666 0 337 312 404 0 577 0 400 0 200 0 0 1000 1000 500 133 0 0 191 404 950 500 751 0 300 0 0 191 300 376 0 608 394 0 633 0 480 0 0 700 0 0 0 900 0 0 400 141 633 375 0 524 0 0 66 379 0 833 0 1000
#LCFC 2018-08-10
1000 500 -166 0 600 112 0 0 108 500 0 -199 0 -125 150 0 0 0 100 0 0 0 0 466 0 700 0 0 491 0 0 200 312 250 0 114 0 199 0 0 550 650 318 0 800 800 0 127 1000 0 260 0 116 0 500 0 0 136 68 0 0 375 0 0 400 -69 0 300 0 75 0 318 72 312 0 -166 500 0 0 0 0 266 0 357 500 0 250 25 -600 500 390 0 229 0 284 400 250 500 400 800
1000 500 1000 0 1000 784 0 0 650 833 0 399 0 875 350 0 0 0 200 0 0 0 0 466 0 600 0 0 643 0 0 100 200 250 0 321 0 294 1000 0 750 825 477 0 700 750 0 435 1000 0 639 500 411 0 150 0 0 454 277 0 0 516 300 0 900 570 0 700 0 775 0 527 488 712 0 66 533 500 0 0 250 700 0 571 750 0 750 563 1000 500 250 0 350 0 550 600 275 500 1000 750
#Clarets 2018-05-13
125 400 0 0 0 0 0 0 0 136 0 400 0 625 136 0 0 0 450 0 0 250 0 400 558 -600 0 0 465 178 0 105 400 0 0 200 0 0 0 0 0 50 0 625 0 -200 0 272 625 566 0 -400 136 425 0 0 0 0 300 0 -325 0 500 0 625 525 0 136 136 -400 418 433 0 900 0 136 0 625 0 800 0 0 0 625 0 0 500 343 -200 0 0 800 0 900 50 250 0 400 0 0
166 800 0 0 0 0 100 0 0 454 0 800 0 900 454 1000 0 0 450 1000 0 750 0 200 533 1000 0 0 433 534 0 436 800 50 0 100 0 0 1000 0 0 500 0 900 0 0 0 427 900 833 0 400 500 725 0 0 100 0 0 0 512 0 500 0 900 666 0 472 454 400 577 833 0 566 0 500 0 900 0 900 0 0 0 900 0 0 616 462 50 0 0 1000 0 900 649 450 0 900 500 0
#AFCB 2018-05-13
-150 500 200 125 0 200 0 550 -133 0 285 400 -500 0 0 500 800 250 0 312 0 550 0 375 -364 0 0 500 450 0 0 0 16 550 0 800 100 0 0 399 0 422 0 412 181 500 0 -200 -145 0 316 450 0 0 0 433 -12 0 0 0 0 0 0 0 0 0 0 -41 -200 0 0 216 500 200 0 160 64 -43 250 116 700 0 0 0 -256 350 50 -200 0 0 0 500 108 150 200 -59 -41 0 -256 0
550 800 100 125 0 500 0 825 571 0 535 800 900 0 533 1000 750 300 0 562 0 200 0 437 541 0 1000 500 600 0 0 0 533 200 0 750 200 0 0 400 0 777 0 550 434 625 0 100 770 0 633 400 100 0 0 466 287 0 0 0 0 1000 0 0 0 0 0 591 233 66 0 425 1000 200 100 539 471 350 750 750 600 0 0 750 368 550 450 700 100 0 0 875 475 700 700 506 591 0 368 0
#CPFC 2018-05-13
0 563 175 0 -200 0 500 0 0 0 563 350 1000 0 0 357 400 0 0 800 0 0 0 458 250 0 0 0 0 0 170 0 -166 0 0 0 200 625 0 0 0 0 0 0 0 318 0 11 0 0 125 850 -250 350 62 82 -100 -65 0 0 600 0 0 0 0 8 0 136 80 500 -300 568 0 0 0 0 0 0 0 0 0 0 0 0 0 214 0 700 1000 800 0 0 250 0 -250 0 700 0 875 250
1000 1000 820 0 322 0 500 33 0 0 1000 550 300 0 0 535 900 650 0 750 0 0 66 591 900 0 0 533 0 0 561 0 155 0 0 0 644 600 1000 0 0 0 0 0 0 477 0 138 0 300 575 800 750 550 522 573 600 232 125 0 1000 0 125 125 0 133 125 454 303 600 650 377 1000 0 0 0 0 0 0 0 0 0 0 0 0 571 0 600 700 750 0 0 333 0 666 1000 600 0 600 500
#WBA 2018-05-13
333 183 0 0 350 133 0 166 350 0 166 -166 300 0 500 0 0 0 0 0 0 0 0 183 350 500 0 0 0 250 -500 250 0 300 -699 175 0 -375 -375 -375 -383 -100 231 -275 0 285 0 0 0 0 -100 125 0 500 0 82 0 0 0 0 -600 -100 -100 200 0 500 400 -100 0 333 0 250 250 412 80 0 0 500 99 0 250 0 300 0 -4 437 0 500 0 0 -600 100 99 0 0 700 300 -6 0 0
666 391 62 0 550 475 100 408 550 1000 916 395 766 0 500 0 0 0 0 0 0 533 0 391 550 500 0 0 0 283 1000 750 0 0 666 325 0 875 875 875 716 300 843 400 0 535 0 0 0 0 250 575 0 500 0 573 0 0 0 0 800 150 150 400 0 888 400 600 0 333 0 375 375 400 303 0 0 600 750 0 500 0 700 0 808 350 0 500 0 700 800 100 396 0 0 600 449 318 0 0
#HTAFC 2018-05-13
-150 0 0 0 0 0 0 750 -125 282 187 0 0 200 400 -155 300 0 178 74 0 116 450 0 0 350 0 0 0 0 0 0 237 200 146 83 500 0 357 187 -87 500 302 566 0 0 400 1000 362 0 -79 0 200 583 0 0 0 87 0 1000 0 96 350 0 0 0 900 130 137 100 0 357 0 0 200 243 0 -100 700 -156 250 500 -200 0 260 100 -77 800 0 250 -300 700 0 232 600 -200 300 -150 0 366
449 0 0 0 0 0 0 1000 550 596 191 66 0 650 408 288 100 0 535 850 0 616 700 0 0 300 0 0 0 0 0 0 425 200 313 519 1000 0 571 437 212 650 550 566 0 0 580 300 358 0 480 300 300 350 500 500 0 558 0 1000 1000 378 850 0 0 0 1000 1000 975 900 0 571 0 0 799 785 62 222 600 494 750 900 400 0 679 383 144 750 0 300 400 900 0 785 1000 400 100 500 0 541
#AFC 2018-05-13
-500 0 -291 0 162 0 350 235 0 500 3 500 0 0 0 0 -250 0 282 0 -97 187 0 127 0 -1000 399 0 0 0 0 50 1000 0 52 50 0 0 0 0 433 0 455 -99 -133 233 0 0 0 0 0 250 0 500 250 -99 -28 450 0 0 83 0 0 900 250 500 151 500 0 -375 0 0 250 0 0 0 0 137 0 0 0 49 500 0 -93 0 0 200 500 0 0 0 0 166 0 277 0 0 136 300
1000 0 541 0 419 0 550 300 300 433 450 888 0 0 0 0 649 0 596 0 187 191 0 550 0 1000 511 1000 0 0 650 150 300 0 290 233 766 533 1000 0 408 0 477 566 233 366 0 0 0 0 1000 350 0 1000 333 600 574 375 0 0 583 0 0 900 750 1000 473 500 0 325 0 0 333 0 0 100 0 500 0 0 0 800 888 100 250 0 0 200 600 0 0 0 0 500 0 555 0 0 454 450
#LFC 2018-05-13
284 0 0 284 0 0 0 300 0 -291 0 0 0 0 0 450 0 0 500 100 300 0 0 221 500 0 625 400 0 500 -166 0 0 0 800 175 0 -250 100 285 0 0 0 250 127 167 400 600 -200 68 0 82 66 0 675 0 26 100 0 -62 0 0 375 0 700 0 400 0 -714 0 0 700 0 392 0 0 -325 224 575 0 0 347 100 250 0 0 0 550 -333 16 0 33 100 0 0 0 -56 0 -33 0
513 583 0 513 0 0 33 500 0 541 0 0 0 0 0 900 0 0 750 400 500 0 1000 571 500 0 900 700 0 500 799 0 0 0 400 650 0 822 1000 535 0 0 0 650 420 424 950 500 800 283 0 584 366 500 775 0 329 500 0 325 0 0 600 0 600 0 500 0 857 0 0 900 600 517 0 500 449 366 650 0 0 519 400 408 0 0 0 750 666 933 0 725 400 0 0 0 461 0 694 0
#BHAFC 2018-05-13
78 0 100 400 0 -200 0 433 0 0 300 125 200 0 0 0 625 0 400 1000 600 -166 0 -200 216 375 200 400 0 0 41 0 400 0 0 0 133 136 250 47 0 0 0 0 350 0 0 0 0 700 540 625 381 0 0 68 292 0 500 175 0 0 0 500 10 433 -38 169 -500 -200 0 800 41 -133 50 1000 0 240 500 133 183 458 0 0 473 0 400 -400 0 0 470 168 0 375 0 160 500 260 380 305
600 0 150 800 0 300 0 525 0 0 0 200 644 0 0 66 500 0 400 750 950 799 500 233 500 812 200 375 750 0 408 125 500 0 1000 0 799 500 500 431 0 0 0 0 300 0 500 0 0 600 620 900 633 0 100 227 642 500 900 275 500 0 0 500 593 533 522 410 900 300 550 750 66 488 200 300 0 410 500 799 750 666 0 0 535 0 560 400 0 66 710 327 0 500 0 539 847 505 478 336
#MUFC 2018-05-13
0 0 625 0 -291 0 0 136 0 500 250 33 0 0 0 0 1000 0 0 14 500 166 0 450 0 45 281 0 375 400 206 50 66 700 0 0 0 0 0 530 625 0 0 0 0 433 111 49 0 50 343 125 1000 256 170 136 68 195 0 136 625 450 0 0 0 342 0 -35 362 0 0 600 350 250 395 550 33 -143 500 0 0 45 625 625 500 625 0 -114 0 199 250 0 1000 0 316 450 -111 0 0 0
0 0 900 0 541 0 0 454 0 750 500 866 0 0 0 0 1000 0 100 207 600 466 0 814 0 184 600 66 600 500 425 300 316 950 0 0 0 0 0 770 500 0 0 0 416 799 694 850 0 100 600 550 875 316 454 454 227 425 0 454 900 875 0 66 0 667 0 107 650 0 0 900 431 250 483 612 883 420 600 1000 0 151 900 900 600 900 0 498 0 366 450 0 300 0 233 750 214 0 0 0
#WatfordFC 2018-05-13
0 444 150 750 250 342 199 298 383 0 24 0 0 0 0 0 -125 100 250 0 68 386 -300 1000 -200 0 0 0 812 0 6 0 100 357 -200 0 0 357 600 100 -625 -1000 0 0 500 0 250 100 250 0 0 238 100 450 500 287 166 68 386 500 875 252 6 250 166 0 -220 0 0 -500 500 0 0 725 0 0 205 0 0 292 0 0 300 0 350 350 0 -200 350 900 333 0 900 0 113 160 41 500 0 812
0 777 300 875 750 667 266 457 449 0 216 0 0 0 0 0 375 200 750 0 568 418 600 300 500 0 0 0 875 0 590 0 600 585 800 0 0 571 575 600 400 1000 683 0 587 0 950 200 750 500 0 412 200 350 600 722 395 568 418 500 600 404 590 950 395 0 254 0 0 1000 266 0 0 875 0 0 855 0 0 478 0 33 500 0 550 550 0 700 650 875 294 0 875 1000 380 539 250 900 66 775
#NUFC 2018-05-13
0 533 800 1 0 0 -400 0 200 0 166 -600 -33 625 0 250 0 0 0 0 500 -400 400 -200 -200 600 200 437 0 0 0 0 0 0 -41 333 333 6 600 302 0 433 700 -200 0 399 160 273 200 0 375 375 625 -271 -75 -133 0 200 200 0 500 0 0 33 -50 285 100 77 0 666 666 350 -166 533 500 -165 200 695 200 0 450 437 0 1000 1000 0 500 500 0 0 0 0 800 116 850 -150 257 322 0 500
0 433 400 609 0 0 462 0 678 0 283 900 660 666 0 75 0 1000 0 0 500 600 800 700 700 1000 300 750 0 125 125 125 1000 66 125 1000 1000 393 466 518 0 466 666 233 0 629 660 356 100 0 900 900 900 497 1000 197 0 300 300 0 500 0 533 502 850 535 400 555 0 766 766 450 833 566 500 488 300 550 100 0 375 625 0 1000 1000 0 650 650 0 0 0 0 550 406 900 525 385 519 0 1000
#CFC 2018-05-13
0 136 136 136 533 0 0 0 0 0 0 800 -155 0 0 -164 -450 416 0 250 625 0 800 0 0 0 0 0 437 0 0 0 563 0 0 -150 0 0 250 0 0 0 0 -250 500 125 300 -194 0 0 0 600 0 0 357 -125 0 -365 0 0 0 400 0 200 80 0 600 -31 0 0 0 0 0 125 450 200 500 0 0 0 80 416 37 0 0 0 136 1000 0 900 168 0 0 0 250 0 0 510 -500 0
0 454 454 454 433 0 125 750 0 0 0 400 288 0 0 435 633 549 0 450 666 0 1000 0 0 0 0 0 750 0 50 50 1000 0 0 400 0 0 750 0 0 1000 437 300 533 225 744 580 0 0 0 900 0 0 571 375 1000 663 1000 0 0 600 0 300 770 533 900 627 1000 0 0 0 0 500 631 300 500 0 0 0 770 583 658 0 0 500 454 750 0 900 377 0 0 0 450 0 0 503 900 0
#SaintsFC 2018-05-13
400 375 266 -300 0 166 0 136 0 0 0 316 350 0 -281 50 290 100 375 -325 0 0 0 217 -175 0 500 -116 500 27 1000 0 600 -200 0 0 543 265 433 0 196 1000 -400 0 0 0 84 600 -50 250 -250 100 100 308 0 242 366 133 0 400 400 400 -700 -200 0 400 100 0 1000 0 800 500 300 -293 -107 333 1000 199 0 450 152 0 159 481 -51 0 0 33 0 400 136 -12 329 0 -234 0 394 16 500 -100
250 466 300 600 0 666 0 500 33 50 0 633 550 0 799 600 462 600 625 670 0 0 0 500 950 0 500 700 500 472 1000 0 900 233 0 0 400 618 566 0 508 1000 400 0 0 0 646 1000 400 750 233 300 150 775 1000 559 700 497 0 250 250 250 1000 400 500 250 139 0 1000 0 1000 500 450 649 571 566 400 500 0 575 255 0 738 976 583 549 0 155 500 225 500 370 617 847 500 0 551 391 500 487
#MCFC 2018-05-13
625 0 -55 0 -155 250 281 487 136 409 0 433 -55 -55 0 409 0 -300 136 0 0 0 0 0 0 0 1000 0 0 200 0 0 468 0 0 0 0 300 275 0 392 0 409 0 -187 0 250 350 75 500 800 -500 0 0 800 0 0 0 700 0 250 0 0 350 500 500 0 250 345 450 -400 400 0 0 0 400 600 0 0 1000 600 0 0 193 1000 0 500 0 0 0 66 136 0 409 300 0 0 -121 250 0
888 0 88 0 288 450 600 700 454 514 33 633 88 88 500 514 0 700 500 0 0 50 0 0 0 0 300 1000 0 100 533 0 602 250 1000 0 0 550 300 0 517 0 514 0 500 0 450 700 666 150 400 500 0 62 1000 0 0 0 875 0 450 0 0 750 600 500 0 333 451 700 649 500 0 0 0 575 600 0 0 300 900 0 0 277 1000 0 500 0 0 0 333 454 0 514 200 0 0 784 450 0
#Swans 2018-05-13
0 0 -200 -62 0 0 0 56 400 156 350 43 0 350 550 0 0 250 900 0 -100 -133 0 0 0 -600 549 136 200 0 0 0 0 0 250 112 148 226 0 150 199 0 0 -133 416 402 0 250 506 399 666 0 0 200 0 133 0 100 0 400 500 0 250 233 -93 0 0 250 243 0 0 0 242 608 600 83 0 361 0 -200 68 0 0 25 0 500 0 350 0 0 -200 -350 410 0 500 375 554 0 1000 0
0 0 100 191 0 0 0 590 800 750 650 450 166 950 295 0 0 150 350 0 83 133 550 66 0 900 633 454 300 0 0 0 0 0 250 218 483 417 0 700 333 0 0 488 275 498 0 1000 438 433 466 0 0 200 0 799 1000 475 125 400 500 0 250 466 750 0 516 300 637 0 0 0 379 682 900 777 0 557 0 262 250 0 0 825 0 212 0 550 0 0 700 600 546 1000 500 1000 575 0 1000 0
#SCFC 2018-05-13
-550 625 0 0 495 800 71 400 500 800 0 800 139 800 0 0 625 500 0 0 0 -600 0 200 200 50 0 0 250 -250 0 0 1000 250 -251 0 0 300 0 200 0 0 0 0 500 200 700 0 -61 0 0 -155 0 0 0 0 0 0 0 0 -200 0 542 0 0 0 0 0 -200 -250 0 -400 30 -155 0 0 0 0 449 600 -500 -155 0 0 24 -250 -155 136 0 -155 -200 75 0 0 -100 -100 0 0 0 0
300 725 0 0 670 750 633 800 150 750 0 750 360 750 533 0 725 750 0 0 0 900 0 200 300 100 0 0 250 888 0 0 300 333 596 1000 0 308 0 644 83 0 1000 0 500 200 600 0 331 0 0 288 0 0 0 0 0 0 0 0 400 0 467 0 0 0 0 0 700 233 0 400 419 288 0 0 0 0 400 700 1000 288 0 485 696 233 288 454 0 288 700 450 0 66 400 400 0 0 0 0
#COYS 2018-05-13
241 337 333 349 0 625 800 412 0 0 433 -666 800 0 0 -24 0 136 0 200 -287 -388 0 0 68 402 0 625 433 0 0 418 300 -125 -18 0 -71 0 0 0 0 0 0 66 0 -75 0 0 133 250 0 0 -400 -24 250 -82 222 6 361 0 0 0 0 1000 419 0 800 350 0 285 0 -12 0 -500 250 0 0 0 -50 0 243 1000 0 250 6 0 159 133 600 600 766 0 342 166 587 0 0 0 0 0
516 480 399 514 0 666 400 550 0 0 533 1000 750 0 0 529 0 454 0 550 484 833 0 0 227 490 0 500 541 0 0 527 900 366 650 0 214 0 0 0 0 0 66 97 0 366 0 0 216 200 0 0 400 558 333 420 700 258 511 0 0 62 0 300 700 0 750 350 0 535 0 279 0 1000 333 0 0 750 600 100 825 750 0 250 422 450 453 500 900 575 750 0 467 405 950 0 500 0 0 0
#LCFC 2018-05-13
-164 250 250 0 500 437 250 350 333 0 0 512 136 136 0 0 0 0 0 100 0 0 -500 250 -406 900 0 166 49 0 333 0 250 0 500 0 0 0 0 -24 0 325 -123 0 0 500 142 250 0 547 0 0 0 0 500 -127 -33 0 -500 0 0 0 0 93 49 0 333 0 500 250 17 375 0 150 100 600 0 625 -150 -300 200 -166 0 0 0 0 -500 0 136 0 -350 136 0 0 0 0 473 850 0 0
435 250 553 500 500 750 553 379 629 100 0 684 454 454 533 0 0 0 0 300 0 0 562 553 944 900 362 583 450 100 1000 0 553 0 900 0 0 0 0 725 66 390 373 0 0 500 267 553 100 733 0 0 0 0 750 633 233 0 600 0 0 0 0 402 300 0 833 0 900 333 497 700 0 400 300 900 0 366 497 600 200 250 0 0 0 0 1000 0 454 100 500 454 0 125 0 0 567 1000 0 0
#WHUFC 2018-05-13
-49 0 0 -16 -133 0 0 0 75 0 116 710 175 -200 50 136 136 362 0 0 0 0 -75 199 350 0 100 0 -1000 0 0 0 0 500 200 191 0 2 0 -125 0 -200 -150 399 399 173 0 600 47 255 333 0 -333 0 0 0 0 199 800 100 278 16 0 0 366 0 0 0 0 0 83 0 0 -500 0 0 0 100 300 0 0 0 0 0 -400 396 0 0 0 0 0 -400 0 -49 250 222 108 199 572 0
341 0 0 655 488 0 0 0 233 33 516 666 216 300 150 500 500 966 0 549 550 533 458 355 650 0 300 0 1000 0 0 0 0 600 300 166 0 608 0 500 1000 550 783 766 533 202 0 900 371 222 566 355 1000 0 0 0 0 355 750 400 351 533 0 0 799 0 0 0 0 66 199 66 0 1000 0 0 0 383 687 0 0 0 0 0 400 576 0 0 0 0 0 400 0 600 283 466 283 355 700 0
#EFC 2018-05-13
136 0 0 100 0 -200 37 0 0 0 125 0 0 71 169 -133 0 0 0 0 0 0 0 -200 0 0 199 0 0 0 0 0 0 0 0 136 0 0 -133 0 0 -600 284 700 0 125 -200 0 50 0 0 0 0 466 0 700 -200 162 375 0 0 0 250 0 0 0 0 175 0 0 250 200 -200 0 0 1000 0 66 184 68 300 0 136 0 350 214 226 0 0 200 0 566 -13 0 0 111 0 -100 -133 0
454 0 0 50 0 233 325 0 0 0 650 562 0 409 180 488 0 0 0 0 0 0 0 300 66 0 266 0 0 0 0 0 0 0 125 500 0 0 799 0 100 900 593 600 0 125 233 0 200 0 0 0 0 683 0 600 233 568 525 0 0 0 750 0 0 0 0 750 0 0 750 200 262 0 0 1000 533 477 343 250 562 0 454 66 300 642 434 0 0 588 0 566 139 0 1000 388 0 400 188 0
#WHUFC 2018-05-10
0 0 0 0 0 0 37 162 0 111 343 300 50 0 100 543 95 250 287 0 0 0 445 1000 0 31 0 136 -306 0 568 331 0 562 300 225 335 270 350 -187 246 0 0 -500 312 168 136 136 374 136 0 125 0 166 -250 200 -155 1000 500 0 33 0 0 0 0 400 0 0 0 0 0 1000 500 0 0 500 500 0 0 437 62 50 175 0 -133 0 0 99 0 105 200 0 300 0 400 68 179 600 68 0
0 0 0 0 0 0 325 366 0 744 450 441 150 0 241 662 345 500 700 0 0 0 454 1000 0 250 0 500 625 0 750 575 0 562 521 200 500 416 550 500 517 0 0 400 433 450 500 500 545 500 50 316 0 166 250 500 288 1000 500 500 66 0 0 0 0 200 0 0 0 0 0 1000 500 0 0 888 525 0 0 750 287 50 575 0 566 0 100 950 0 866 483 55 799 0 600 227 330 900 352 0
#MUFC 2018-05-10
0 748 66 300 500 562 0 -50 178 0 0 386 -700 -35 761 0 0 0 0 0 0 0 218 1000 0 24 233 -133 -200 400 0 -1000 0 212 0 400 0 -400 500 24 0 700 -83 150 228 37 -100 200 0 -33 500 -441 300 125 200 0 400 500 0 0 0 0 700 100 24 -38 0 83 -177 141 0 -68 0 0 500 -94 250 41 0 0 0 -177 500 250 0 292 0 0 0 24 500 125 375 200 -177 -312 350 416 250 0
0 725 33 450 600 450 0 483 289 0 0 559 700 133 845 1000 0 0 0 0 0 0 187 1000 1000 366 800 355 362 200 100 1000 0 318 0 440 0 400 500 366 0 400 216 399 364 325 100 600 0 500 500 612 775 666 300 0 443 500 1000 0 0 0 600 300 366 579 0 188 722 533 0 575 0 0 700 643 333 588 0 0 0 722 700 333 0 557 1000 0 0 366 600 666 575 700 722 400 650 533 250 0
#MCFC 2018-05-09
0 800 0 800 0 0 0 500 0 0 -500 0 500 0 976 350 0 500 0 0 -375 -400 -33 400 -600 0 0 0 345 0 136 400 200 0 78 0 0 0 0 0 0 0 0 0 349 0 316 100 -400 0 -375 550 -375 0 700 266 0 0 -200 0 0 100 0 0 400 1000 307 0 0 6 0 800 0 116 0 0 0 233 0 0 400 400 0 0 500 -400 0 0 0 0 0 375 0 0 166 -51 0 0 0 0
0 400 0 400 0 0 0 800 0 0 1000 0 1000 0 500 650 0 500 0 0 399 400 508 900 900 0 0 400 718 0 454 700 570 0 645 0 0 0 0 0 0 550 0 0 666 0 650 1000 400 0 399 1000 399 0 900 480 600 0 700 0 0 1000 0 0 500 1000 314 0 0 700 0 1000 0 233 0 0 0 366 0 0 900 600 0 0 500 700 0 0 0 0 0 750 0 0 833 96 0 0 0 0
#BHAFC 2018-05-09
94 500 0 566 0 0 976 0 0 0 0 300 375 400 0 112 800 -87 900 0 -37 750 700 0 0 0 500 0 500 0 87 400 325 -24 258 0 0 0 625 0 0 399 250 566 774 500 500 625 0 0 0 0 328 -200 388 0 224 0 50 500 0 400 500 266 0 191 0 0 0 433 391 0 450 400 0 0 727 -104 375 66 375 0 350 500 -114 187 0 -274 0 0 250 250 -800 0 0 500 0 400 -150 0
819 500 0 833 0 0 600 0 0 0 0 200 525 875 0 250 750 737 525 0 512 750 600 0 0 0 1000 0 1000 0 387 1000 666 533 355 0 0 0 600 0 0 533 100 666 750 700 500 900 0 0 0 0 442 400 650 0 216 0 100 500 0 400 500 361 0 483 0 0 0 300 700 0 230 900 0 0 784 237 500 399 775 0 800 766 262 725 0 429 0 0 425 1000 1000 66 0 1000 0 700 500 0
#COYS 2018-05-09
0 0 491 250 136 0 224 -249 75 -100 416 600 200 225 700 25 0 1000 0 0 214 -155 0 0 100 0 0 -100 0 250 0 24 20 412 0 0 0 0 200 142 -250 0 950 -200 -89 200 105 545 0 20 136 0 500 100 258 0 0 -16 541 250 250 0 0 0 0 0 382 223 -277 0 412 275 257 -22 729 0 400 166 50 412 0 0 600 0 291 139 112 0 0 0 245 0 267 0 875 0 -166 500 0 0
100 0 600 500 454 0 287 641 449 400 666 1000 300 362 600 425 0 300 0 0 557 288 0 0 350 0 0 900 0 250 0 575 509 512 0 0 0 0 200 267 888 125 650 200 392 950 229 491 0 66 454 0 483 100 354 0 0 350 733 150 735 0 0 0 1000 44 450 361 494 0 550 452 603 472 733 0 233 283 500 550 0 178 1000 0 833 549 675 0 66 0 651 0 642 0 1000 0 166 500 125 0
#NUFC 2018-05-09
-199 178 -400 366 75 500 100 0 113 0 488 434 0 0 600 0 976 250 0 0 0 113 412 0 425 0 102 0 0 0 250 0 0 0 0 0 0 500 500 0 0 200 0 0 450 0 0 -50 375 0 0 0 -49 500 275 0 1000 0 116 0 200 200 480 187 0 0 166 -83 800 200 -49 37 500 800 0 -125 450 250 250 -25 170 0 0 650 -155 0 500 300 0 200 0 200 200 0 0 -187 100 800 700 0
600 335 550 533 300 1000 0 0 772 0 822 477 1000 0 1000 0 800 150 0 0 0 772 550 100 775 1000 572 0 0 0 750 0 0 0 0 100 1000 600 400 600 0 100 66 1000 375 0 0 750 525 0 0 0 800 700 441 0 300 0 233 0 200 100 470 437 0 0 833 216 400 300 783 287 600 750 0 375 704 300 250 200 500 0 0 650 288 0 1000 100 0 100 0 100 100 0 0 500 400 750 700 125
#CFC 2018-05-09
625 625 0 0 0 350 -50 0 200 0 -24 0 220 0 0 0 0 0 0 0 0 0 0 0 0 0 0 0 0 0 0 0 0 0 0 0 0 0 200 68 125 0 0 0 0 0 0 0 0 0 0 0 0 0 0 0 0 0 0 0 0 0 0 500 0 0 0 0 0 0 0 0 0 0 0 0 0 0 0 0 0 0 0 0 0 0 0 0 0 0 0 0 0 0 0 0 0 0 0 0
900 888 0 0 0 400 200 300 500 0 675 0 350 0 0 0 0 0 0 0 0 0 0 0 0 0 0 0 0 0 0 0 0 0 0 0 0 0 1000 227 175 0 0 0 0 0 0 0 0 0 0 0 0 0 0 0 0 0 0 0 0 0 0 500 0 0 0 0 0 0 0 0 0 0 0 0 0 0 0 0 0 0 0 0 0 0 0 0 0 0 0 0 0 0 0 0 0 0 0 0
#HTAFC 2018-05-09
500 650 0 0 72 316 500 -325 0 0 0 0 200 -416 0 0 -100 0 0 0 100 228 500 -166 0 1000 0 738 416 233 112 326 0 500 -99 100 0 1000 66 120 180 0 250 302 0 300 600 337 500 0 -160 0 24 1000 500 125 -133 0 0 0 0 -155 0 500 1000 0 0 0 0 0 0 800 500 575 340 1000 0 97 233 63 0 0 0 0 -311 0 -400 0 187 0 0 11 -200 0 500 643 0 0 0 441
500 450 0 0 427 1000 500 100 0 0 0 0 500 689 0 0 533 0 100 112 400 311 1000 166 0 1000 614 566 566 366 550 427 0 500 595 1000 0 300 250 520 227 0 500 573 0 316 550 562 500 0 384 0 279 300 1000 666 488 0 1000 0 0 288 0 900 750 0 0 166 0 1000 0 750 500 529 659 1000 0 419 366 483 0 0 76 0 733 0 400 0 287 0 0 615 200 0 500 587 0 0 400 466
#LCFC 2018-05-09
0 0 0 0 0 0 468 0 196 -49 0 0 1000 500 0 350 0 577 0 0 -81 0 -450 0 0 0 500 0 0 500 387 0 -133 278 433 0 0 0 433 0 33 -50 33 100 92 0 -400 120 0 0 0 0 733 -125 -100 0 0 -62 0 600 -799 0 800 205 0 0 0 -266 0 350 500 0 0 -400 0 412 0 -500 100 0 0 93 200 212 0 400 0 300 0 0 600 0 0 0 -48 -200 0 0 0 1000
0 0 0 100 0 0 602 0 421 650 100 0 300 500 0 525 0 744 0 0 281 0 500 0 0 400 475 0 0 372 450 0 222 607 566 0 0 0 566 0 433 150 533 1000 413 0 600 520 0 0 0 0 650 625 400 0 0 350 125 1000 900 0 400 774 125 500 0 516 0 550 900 0 0 600 0 550 500 555 600 0 0 500 300 559 0 900 0 900 0 0 1000 0 0 0 650 425 0 0 0 1000
#AFC 2018-05-09
0 352 68 0 800 400 0 0 255 33 49 -250 0 0 359 0 450 577 -75 0 150 200 0 0 251 24 900 0 449 250 0 0 316 466 0 0 0 0 0 166 -292 0 250 215 215 0 0 0 -600 0 0 0 0 45 0 233 0 500 -50 127 195 0 190 0 87 220 350 75 -200 0 0 68 0 166 250 0 -171 0 0 0 -150 -200 0 0 358 425 390 0 0 0 66 250 0 400 0 -1000 227 0 -50 0
0 950 477 0 750 400 0 0 622 199 709 888 0 0 513 0 616 711 300 0 833 200 0 0 464 366 900 0 400 250 0 0 716 500 0 0 0 0 0 500 510 0 250 375 375 0 0 1000 900 0 0 0 0 207 0 366 0 900 200 242 650 0 713 0 662 329 650 534 50 0 100 227 0 833 944 0 577 0 0 0 233 100 1000 0 383 850 450 0 0 0 696 650 0 900 0 1000 545 0 400 0
#Swans 2018-05-08
300 -400 675 68 -250 -909 0 -134 -400 -200 0 1000 0 500 0 0 -121 433 0 500 -400 -400 0 -400 -42 0 -515 0 133 0 0 0 250 14 0 -182 0 0 0 625 -155 81 0 0 800 0 0 0 -201 0 0 0 0 400 1000 -100 -398 450 -257 0 -400 0 -300 -291 -200 -400 0 0 -400 0 253 -24 -238 -155 -25 400 250 0 -524 200 0 687 0 250 0 -163 0 0 100 170 227 -750 -312 250 -600 68 49 -87 0 -50
100 400 750 227 300 866 0 418 400 700 0 300 0 888 0 0 177 725 0 1000 400 400 0 400 690 0 644 0 466 0 0 0 800 614 550 770 0 0 0 500 288 486 100 500 750 0 0 0 524 0 0 0 0 350 750 300 520 600 878 0 400 0 400 541 250 400 0 750 400 0 395 301 650 288 250 375 250 0 816 300 0 600 0 250 0 347 0 0 750 500 545 1000 344 450 1000 227 450 707 0 350
#SaintsFC 2018-05-08
625 50 318 33 -400 -600 0 -155 450 0 100 0 250 -370 -400 0 433 62 0 -200 500 0 336 0 0 0 0 0 0 -400 0 0 0 0 161 0 -400 0 0 -400 -400 -395 500 0 333 178 -515 600 1000 250 0 -1000 200 -150 0 0 0 0 0 -325 0 -400 14 0 0 300 -127 0 377 133 0 0 -325 0 0 100 222 250 0 0 -155 -99 0 214 333 0 237 433 0 400 199 0 -400 -25 142 500 0 0 800 350
900 450 540 633 400 800 100 288 655 0 825 0 500 678 400 0 799 200 100 700 888 0 478 100 0 0 0 0 0 400 100 100 100 100 434 142 400 0 0 400 400 460 800 1000 333 785 644 700 300 850 0 1000 200 350 0 100 100 100 0 475 0 400 614 0 0 100 427 0 555 383 0 1000 566 0 0 200 594 275 0 0 288 480 1000 348 629 0 662 833 500 900 466 0 400 450 767 666 0 0 400 350
#AFC 2018-05-06
0 0 0 1000 0 0 -400 500 625 0 0 281 0 976 0 400 0 0 0 266 0 262 600 400 412 200 0 400 0 50 136 500 233 976 110 200 800 150 268 225 0 -160 68 0 400 150 0 0 233 0 0 -77 0 -200 -250 0 -50 0 0 0 0 0 0 0 0 0 0 0 0 0 0 0 0 0 0 0 0 0 0 0 0 0 0 0 0 0 0 0 0 0 25 0 0 0 0 166 0 0 0 0
0 0 0 1000 0 0 400 500 900 0 0 600 0 900 1000 800 62 0 0 166 333 529 1000 1000 550 500 0 800 0 250 454 500 366 800 640 200 1000 875 727 425 0 193 727 0 900 925 0 1000 366 0 0 644 0 200 500 0 150 0 0 0 0 0 0 0 0 0 0 0 0 0 0 0 0 0 0 0 0 0 0 0 0 0 0 0 0 0 0 0 0 0 500 0 0 0 0 666 0 0 0 0
#Clarets 2018-05-06
400 0 0 0 0 0 0 0 0 150 0 0 400 0 0 156 0 0 625 415 -325 -200 125 175 0 200 437 0 350 0 -200 326 0 0 0 -125 0 250 0 -50 -200 -50 0 0 625 266 500 0 400 0 0 0 0 0 0 0 625 500 450 33 0 245 -83 625 -400 227 500 0 0 0 0 500 0 0 450 0 333 625 625 225 500 462 0 400 278 83 926 333 0 0 50 0 466 0 800 -41 0 300 0 400
800 0 0 0 0 0 0 0 0 450 0 1000 200 0 0 400 0 0 900 406 1000 233 250 275 0 200 750 1000 350 0 100 483 0 0 0 375 0 333 0 250 200 400 0 0 900 488 750 0 800 0 0 0 0 0 0 0 700 500 700 391 0 518 866 700 600 545 500 0 0 0 0 500 0 66 1000 0 666 900 700 450 500 300 0 800 535 145 1000 833 0 0 500 250 500 0 400 458 0 100 0 700
#CFC 2018-05-06
0 0 227 541 400 0 0 600 0 0 0 200 0 0 -340 0 600 -400 0 0 -100 200 0 800 200 0 0 0 0 0 0 0 600 400 0 0 500 800 83 400 500 500 525 68 -60 333 400 -500 0 170 401 0 100 100 100 100 0 100 0 500 -160 -150 0 0 -77 0 741 539 193 0 250 700 0 0 0 0 500 334 295 0 0 0 0 0 0 0 0 0 0 0 0 0 0 0 0 0 0 0 0 0
0 0 545 850 900 0 0 300 0 0 0 500 0 0 641 100 300 400 0 1000 375 450 0 1000 450 0 0 0 0 50 0 0 300 800 0 0 500 1000 300 700 600 500 625 727 600 833 400 900 1000 300 563 0 400 400 400 400 0 400 0 500 193 356 0 0 644 0 516 675 277 0 312 600 0 0 0 0 500 634 380 0 0 0 0 0 0 0 0 0 0 0 0 0 0 0 0 0 0 0 0 0
#LFC 2018-05-06
-800 0 425 -300 0 0 0 0 300 1000 600 0 0 0 136 0 800 0 -125 500 -160 0 0 0 500 233 0 0 261 500 600 -600 0 -650 650 0 -175 0 0 133 300 0 412 0 200 55 0 49 260 9 200 0 -16 0 214 200 0 424 535 200 0 0 120 850 600 500 232 0 500 -250 169 0 49 475 500 166 -379 166 0 0 568 0 500 428 0 -100 0 -275 0 -500 -66 50 0 350 0 0 350 -109 359 0
1000 0 475 600 0 0 0 0 0 300 300 0 0 0 454 750 1000 0 391 500 593 0 0 0 1000 333 0 0 350 500 659 800 0 700 750 0 175 0 0 546 200 0 550 0 300 465 100 450 520 361 900 0 500 0 571 400 62 490 857 500 0 0 619 1000 300 500 500 0 727 678 510 0 502 725 500 866 750 333 0 0 377 0 475 511 0 200 1000 700 0 500 466 700 833 650 0 0 300 645 188 0
#MCFC 2018-05-06
0 0 600 0 0 0 0 187 0 0 187 129 275 0 250 -100 -51 600 0 137 425 -250 0 200 0 380 0 -150 0 0 600 0 500 0 0 350 257 500 500 625 0 350 0 425 0 206 400 600 69 -160 420 550 0 0 400 333 0 -349 550 0 500 0 0 100 0 0 0 0 0 7 0 437 75 500 50 0 0 0 0 0 700 150 433 600 0 500 250 0 200 -780 37 125 0 0 0 136 250 0 0 325
0 500 300 0 0 0 0 408 100 0 416 383 500 0 450 50 129 300 0 500 769 800 0 100 100 677 0 391 244 0 300 0 800 0 1000 462 623 500 600 900 0 500 0 725 0 200 900 1000 766 193 400 650 0 0 1000 500 0 333 700 0 300 0 0 133 0 0 0 0 0 371 0 650 516 500 191 0 0 0 0 0 600 787 527 300 0 400 450 0 200 1000 287 400 0 0 0 454 450 0 0 450
#HTAFC 2018-05-06
436 0 0 0 0 250 0 500 130 -154 14 0 937 0 -160 0 450 0 0 0 0 0 139 0 625 300 83 0 160 0 250 700 400 600 0 390 -50 0 -400 0 800 0 -266 0 0 -400 583 0 300 800 -61 200 -66 0 0 0 -166 0 200 250 0 150 -140 -194 0 0 875 0 350 200 200 0 0 0 0 0 83 172 0 200 -100 -500 0 0 0 0 200 0 0 0 355 -66 62 100 0 566 -600 0 0 283
711 0 0 0 125 900 1000 800 363 397 229 0 800 0 193 0 500 0 0 0 0 500 200 0 600 750 191 0 325 0 333 900 233 1000 0 483 244 0 400 0 400 0 483 0 0 400 733 0 483 750 447 900 222 0 0 0 66 0 500 575 0 350 420 288 0 500 600 0 550 200 500 0 0 0 250 0 522 644 66 500 200 400 0 0 0 0 900 166 0 66 805 166 354 600 0 375 750 0 0 683
#EFC 2018-05-05
68 0 0 300 -233 136 0 500 136 0 0 136 0 400 250 400 275 233 0 500 0 -16 0 285 -4 -62 500 0 301 250 0 0 -600 0 0 400 68 136 0 -158 0 466 0 -87 300 0 0 400 199 0 525 0 500 0 500 333 0 250 284 164 0 0 0 400 100 550 -116 0 100 0 0 0 500 0 0 0 250 250 0 0 0 -700 0 136 0 0 425 -300 800 0 0 400 600 164 250 136 136 -66 136 250
227 0 0 516 461 454 0 800 454 0 0 454 0 700 450 800 477 366 500 250 0 135 0 535 441 455 900 357 434 333 0 0 700 0 0 450 750 454 0 474 0 400 0 266 440 1000 0 900 250 1000 366 1000 500 1000 500 466 766 333 593 477 0 500 0 262 400 950 708 0 100 750 0 0 500 0 0 0 800 312 400 0 0 1000 0 454 0 0 381 700 400 1000 0 800 966 477 333 454 454 677 454 333
#SaintsFC 2018-05-05
-65 0 0 0 12 250 -289 0 0 0 0 400 0 0 500 0 800 -62 500 199 300 -49 0 0 -200 -114 0 0 12 400 0 -34 415 -150 66 78 0 0 100 0 0 300 133 0 0 400 0 -199 0 -600 0 50 0 -700 0 -158 0 124 800 166 0 0 0 0 0 400 0 0 100 266 0 0 0 0 0 199 0 83 550 0 320 400 0 0 900 600 0 381 0 390 -175 333 900 0 900 0 0 0 0 0
713 0 0 0 594 250 377 0 0 0 0 800 0 0 250 0 400 455 900 799 100 450 0 0 233 438 0 0 587 450 0 595 660 400 594 191 0 0 353 0 0 500 400 0 0 900 0 350 1000 900 0 200 0 1000 0 150 0 286 400 790 0 1000 0 0 100 250 0 0 200 341 0 0 0 0 0 799 0 316 650 0 433 400 0 0 700 1000 0 596 0 333 439 533 700 0 700 0 0 0 0 0
