#MUFC 2017-04-30
218 218 400 0 0 500 500 0 250 -166 0 0 0 0 433 536 0 0 0 300 0 0 50 0 0 0 0 -155 366 400 0 0 0 500 -200 500 0 -75 0 300 0 107 -150 0 633 0 500 0 0 0 500 0 -500 0 0 500 0 0 0 -250 0 0 550 -133 0 136 100 0 0 0 0 0 0 0 -600 318 500 0 0 0 0 0 200 333 416 450 193 0 333 20 0 350 0 166 0 250 136 136 136 136
477 477 1000 0 0 833 866 0 450 66 0 0 0 0 833 460 0 0 0 750 66 0 50 0 0 0 0 288 461 800 125 1000 0 800 200 600 125 608 0 0 0 445 183 0 716 0 1000 0 0 33 500 0 1000 125 0 500 0 0 0 750 0 0 650 355 0 454 700 0 0 250 0 0 0 0 700 643 833 0 0 125 0 0 300 449 233 750 602 0 449 916 0 650 0 333 0 333 454 454 454 454
#Swans 2017-04-30
66 266 100 0 -250 0 0 0 0 0 0 0 0 0 500 0 500 -35 0 0 -1000 850 66 0 0 -750 -750 312 -750 -750 -750 -750 -750 -750 0 -750 1000 0 0 0 -187 100 0 900 -750 0 0 0 0 0 0 328 200 500 700 0 0 0 0 0 0 0 0 0 0 0 0 400 0 0 0 0 0 0 0 0 0 0 100 0 0 0 0 -699 -155 0 0 0 266 0 0 0 0 -200 0 187 300 333 550 -325
733 516 0 0 1000 0 0 0 0 0 0 0 0 0 500 0 500 571 0 0 1000 1000 433 1000 0 1000 1000 500 1000 1000 1000 1000 1000 1000 0 1000 300 300 0 0 691 200 0 525 1000 0 0 0 0 0 0 442 500 500 500 0 0 0 0 0 0 0 0 0 0 0 0 400 0 0 0 0 0 0 0 0 0 0 350 0 0 0 0 666 288 0 0 0 516 1000 0 0 0 233 0 275 650 700 775 449
#CPFC 2017-04-29
0 0 0 0 0 0 0 0 136 0 0 0 -50 400 0 -50 400 0 -50 400 0 0 0 49 650 0 0 0 -200 0 0 0 0 0 0 150 -166 800 0 0 0 0 500 0 -8 50 241 100 500 136 136 136 136 0 0 0 250 0 0 0 200 266 0 0 0 0 500 -31 333 72 -462 200 -166 0 0 0 0 0 -100 100 42 0 0 0 178 0 136 900 900 100 900 183 0 0 -75 429 0 400 0 0
0 1000 0 0 0 1000 0 0 454 0 0 0 171 500 0 171 500 0 171 500 0 125 0 275 450 0 0 0 400 0 0 0 0 0 0 50 166 750 100 0 0 0 900 0 466 150 529 400 900 454 454 454 454 0 0 0 500 0 0 0 200 455 0 0 0 0 600 427 197 344 637 200 633 0 500 0 0 0 400 50 504 0 0 0 285 0 454 900 900 183 900 500 0 0 625 525 0 1000 0 0
#Clarets 2017-04-29
0 0 0 700 0 500 -200 200 0 0 0 0 0 0 0 0 0 0 -200 -200 -200 -155 -200 700 500 500 625 500 1000 0 170 0 0 0 0 500 250 300 0 0 0 0 -300 700 125 125 0 600 550 0 350 -200 -200 0 160 0 250 0 0 0 0 0 -400 0 0 0 625 0 0 0 500 350 0 0 0 0 500 136 136 700 0 0 175 0 0 0 261 -133 -133 250 900 0 700 -200 0 0 0 250 500 0
0 0 0 600 750 900 700 600 0 0 0 0 0 0 0 0 0 0 700 700 700 288 700 600 500 600 900 500 300 0 500 0 0 0 0 500 450 900 0 0 0 0 400 600 666 1000 0 800 600 0 550 700 800 0 539 0 450 0 0 0 0 0 600 0 0 0 900 0 0 0 500 550 0 0 0 0 500 454 454 600 0 0 266 0 0 0 433 133 133 250 900 0 600 100 0 0 0 500 500 0
#SaintsFC 2017-04-29
0 0 400 136 400 0 0 0 0 -400 0 0 0 625 0 -125 0 0 -291 585 781 0 136 1000 125 450 0 200 0 800 266 542 0 0 0 0 0 500 459 175 1000 -83 550 -300 500 0 0 0 0 1000 0 0 0 0 312 0 0 0 0 0 0 350 500 500 -303 0 350 0 200 -227 0 95 0 1000 400 0 100 500 0 0 125 0 0 350 0 0 0 1000 0 0 -250 0 600 400 0 -100 131 0 0 0
0 0 500 454 400 0 0 0 500 400 0 250 0 600 0 375 0 0 541 750 500 0 454 1000 200 844 0 250 1000 400 366 647 0 0 0 0 0 600 622 275 400 211 700 450 800 0 66 66 66 950 1000 0 0 0 283 0 0 0 0 0 0 550 500 500 288 0 550 100 650 344 0 178 0 300 600 0 900 500 0 0 133 0 0 600 0 0 0 750 0 0 200 0 647 500 0 400 293 0 0 0
#hcafc 2017-04-29
0 0 -333 800 0 0 275 -150 0 0 136 0 0 450 0 -222 -58 800 237 0 0 -577 -400 1000 0 500 400 0 -150 -100 0 200 312 500 800 0 125 -100 0 0 100 0 -97 43 136 0 0 400 0 0 177 0 0 0 325 0 83 0 -700 0 -111 600 0 0 210 312 175 0 650 250 0 0 0 800 328 416 400 -150 133 0 500 333 0 0 0 0 136 500 145 0 0 210 0 700 -194 -50 0 83 625 0
0 0 1000 750 0 0 300 400 0 0 500 0 0 844 0 657 408 400 600 0 750 644 400 390 0 750 800 0 300 266 0 300 283 600 900 0 187 100 0 0 133 0 299 227 454 0 0 375 0 0 288 100 0 0 600 0 300 0 1000 0 384 1000 0 0 852 950 580 0 450 500 0 0 0 900 461 708 400 500 333 0 500 666 0 125 0 0 500 888 304 0 62 852 0 600 916 200 0 300 500 0
#SCFC 2017-04-29
0 0 0 0 0 0 0 0 0 0 -500 0 0 0 0 200 200 -50 200 0 200 0 0 0 200 337 0 0 0 0 0 -400 0 0 0 0 0 75 -300 0 500 200 -349 0 0 400 -300 0 0 0 0 0 400 0 0 0 11 11 0 0 0 0 0 0 11 0 200 0 650 0 0 0 0 0 -500 285 0 0 0 0 145 0 0 0 0 100 600 0 800 0 -250 -250 0 0 0 0 0 200 300 -250
0 0 0 0 0 100 0 0 0 0 500 0 0 0 0 500 500 400 500 0 500 0 0 0 500 250 100 0 0 0 0 600 0 0 0 0 0 600 400 0 833 500 833 0 0 400 400 0 0 0 0 0 900 66 0 100 355 355 0 0 0 0 0 0 355 500 583 0 700 0 0 0 0 0 500 535 0 125 0 0 166 0 0 0 0 200 900 0 750 0 500 500 0 0 0 0 125 391 0 500
#WHUFC 2017-04-29
-233 0 0 0 0 0 43 0 -250 -250 0 49 0 0 0 0 400 0 866 0 0 0 0 0 0 0 0 50 500 500 500 500 400 0 250 500 500 0 0 400 266 500 500 500 -500 62 -477 183 0 170 500 0 0 0 0 0 645 0 0 0 -49 0 0 0 0 100 0 0 0 0 0 0 0 0 0 200 100 0 0 0 0 0 400 0 -300 0 500 0 175 0 0 -675 0 0 100 0 0 250 0 0
325 0 0 0 0 0 950 0 250 250 0 275 1000 0 0 0 400 0 916 0 0 100 0 0 0 0 0 150 675 675 500 500 400 0 500 500 500 1000 0 700 533 500 833 500 400 200 644 350 0 500 650 76 0 0 0 1000 531 0 500 500 500 0 0 0 100 200 1000 0 0 0 0 0 0 0 0 500 200 0 0 0 0 0 800 0 400 0 500 0 175 0 0 575 0 0 550 0 100 500 0 0
#SAFC 2017-04-29
0 0 0 250 200 0 0 -349 0 400 0 0 49 -500 0 0 0 0 566 0 0 0 0 -50 100 50 0 -375 0 200 433 -166 750 0 0 -533 400 0 369 0 0 136 0 400 0 700 0 -155 0 266 0 0 400 -155 0 0 0 312 375 -133 1000 -250 0 0 0 0 0 166 50 181 -500 0 400 -218 -191 170 100 250 0 0 0 0 -125 0 0 200 167 0 79 -71 0 0 50 -400 0 0 -381 400 0 100
300 0 0 762 200 0 0 333 0 400 0 0 275 1000 100 0 0 0 783 100 0 0 66 305 383 150 0 400 0 900 450 166 819 0 0 900 875 0 622 0 0 454 1000 800 0 850 0 288 0 516 0 1000 600 288 0 0 0 333 775 583 200 800 0 0 250 0 0 566 133 396 533 0 900 596 587 454 233 300 0 0 0 0 375 0 0 399 442 0 395 678 100 0 250 400 0 0 643 750 0 383
#AFCB 2017-04-29
0 0 -233 0 0 0 0 0 130 1000 750 0 0 0 250 -153 16 0 0 0 0 0 250 0 50 -400 0 300 0 0 700 0 400 0 -200 0 0 0 0 0 -500 0 0 0 500 335 0 0 -400 0 -145 0 -50 0 0 0 0 200 0 218 600 0 0 0 600 0 0 200 0 141 0 -25 0 0 0 58 0 0 0 400 0 0 0 0 200 500 800 800 0 0 0 -212 0 0 0 600 0 550 0 250
0 0 325 0 0 125 0 0 163 1000 750 0 100 0 625 452 351 0 100 0 0 0 200 0 150 400 0 450 0 0 850 0 233 0 0 0 0 0 0 0 400 0 0 0 900 477 0 0 400 0 770 0 244 0 0 0 0 399 0 327 625 100 0 0 600 0 0 200 0 450 0 477 0 0 0 450 1000 0 0 800 0 0 0 500 375 600 400 750 0 0 0 537 0 0 0 950 0 500 100 500
#WBA 2017-04-29
0 900 900 900 900 900 900 500 0 0 0 0 0 0 -200 0 0 0 0 0 400 400 400 400 400 400 0 0 0 50 0 0 750 -250 0 0 200 800 0 0 266 0 136 333 0 0 -200 0 -700 0 0 0 650 -13 0 285 0 0 0 0 0 0 0 0 46 -800 50 0 0 800 -500 -500 500 125 0 0 500 400 0 0 0 318 500 700 0 0 350 0 0 400 400 400 400 400 400 350 837 0 401 0
0 600 600 600 600 600 600 600 0 0 0 0 0 0 300 0 0 500 500 0 800 800 800 800 800 800 0 0 0 500 0 0 675 888 0 0 500 400 0 0 466 0 500 666 0 0 250 0 700 0 0 0 800 386 0 535 0 0 0 0 0 0 0 0 300 900 350 0 0 400 300 300 500 250 100 0 900 1000 0 0 0 477 600 600 0 0 650 0 0 800 800 800 800 800 800 550 825 0 571 0
#LCFC 2017-04-29
0 0 0 0 0 0 0 0 0 0 0 0 0 0 0 0 200 0 0 0 0 0 316 0 200 0 0 0 0 0 0 483 112 0 433 0 0 -750 533 0 -550 433 0 0 -175 0 0 0 0 0 0 -400 400 136 0 0 0 0 0 0 -781 542 0 300 -200 -178 0 0 0 0 450 416 -277 -144 0 0 0 0 285 0 0 0 0 0 100 175 0 0 0 0 0 766 412 0 0 0 0 -234 0 400
0 0 0 0 0 0 0 0 0 0 125 0 0 0 0 0 200 0 0 0 0 0 716 125 312 0 0 0 100 0 0 866 266 0 833 0 0 750 666 0 650 833 0 0 566 0 0 0 0 0 0 800 600 454 0 0 0 0 0 0 600 467 0 100 433 285 0 0 0 0 650 833 344 608 0 0 0 0 535 0 0 100 0 0 900 350 0 0 125 500 0 549 550 0 0 0 0 500 66 800
#MCFC 2017-04-27
0 136 136 136 136 136 136 136 136 136 136 136 136 0 400 400 400 400 400 400 400 400 400 400 400 400 400 1000 1000 1000 1000 1000 1000 0 136 136 136 136 136 136 400 400 400 400 400 400 400 400 400 400 400 400 400 400 0 412 400 400 400 400 400 400 400 400 400 400 0 218 218 218 218 218 218 400 400 400 400 400 400 400 400 400 400 400 136 136 136 136 136 400 400 400 400 400 400 136 400 400 400 400
0 454 454 454 454 454 454 454 454 454 454 454 454 0 850 850 850 850 850 850 850 850 850 850 850 850 850 300 300 300 300 300 300 0 454 454 454 454 454 454 850 850 850 850 850 850 850 850 850 850 850 850 850 850 0 550 850 850 850 850 850 850 850 850 850 850 0 477 477 477 477 477 477 850 850 850 850 850 850 850 850 850 850 850 454 454 454 454 454 800 800 800 800 800 800 454 850 850 850 850
#MUFC 2017-04-27
136 0 136 136 136 136 136 0 316 400 400 400 400 400 400 400 400 400 400 400 400 400 150 1000 1000 1000 1000 1000 1000 0 250 136 136 136 136 136 136 0 -500 169 0 0 350 400 400 400 400 400 400 400 400 400 400 800 400 400 400 400 600 -750 800 200 424 400 400 400 1000 0 400 400 400 400 400 400 -125 400 100 312 0 0 250 0 50 0 0 0 136 200 350 218 250 218 218 800 218 199 218 218 0 0
454 0 454 454 454 454 454 0 400 850 850 850 850 850 850 850 850 850 850 850 850 850 600 300 300 300 300 300 300 100 500 454 454 454 454 454 454 0 1000 497 0 100 650 850 850 850 850 850 850 850 850 850 850 200 850 850 850 850 950 750 400 500 679 850 850 850 300 0 850 850 850 850 850 850 375 850 400 500 0 0 312 0 50 0 0 0 454 200 950 477 616 477 477 200 477 327 477 477 0 0
#CPFC 2017-04-26
0 0 0 0 136 -87 0 0 0 0 650 0 400 100 200 1000 0 0 0 0 200 100 -200 -200 0 0 -257 -200 0 0 300 366 1000 500 533 0 400 0 0 0 0 0 50 0 -3 500 500 0 0 0 600 633 0 0 0 -400 500 0 0 250 -125 28 400 342 0 0 0 0 0 0 -437 0 207 250 0 -333 133 236 0 0 500 -100 399 0 0 0 0 0 0 650 400 0 0 -38 0 0 0 -312 -312 136
0 0 0 0 454 440 0 100 125 0 450 0 1000 383 400 300 100 0 0 0 500 900 233 233 0 0 767 233 0 0 340 833 300 250 433 0 900 0 0 0 0 500 50 0 608 1000 900 500 0 0 750 799 0 250 0 400 600 66 0 250 175 445 300 667 0 0 0 0 66 0 550 0 566 750 0 1000 333 555 0 0 500 500 433 0 0 0 0 0 0 637 800 0 0 334 0 0 0 687 687 500
#COYS 2017-04-26
500 0 500 0 99 0 400 300 0 800 0 256 300 283 -62 0 0 0 800 50 0 0 0 0 0 300 400 0 125 168 0 -49 227 250 356 250 412 0 1000 0 300 0 0 0 0 0 0 0 0 0 100 441 200 -400 -500 0 500 900 0 0 0 800 0 0 0 0 -450 500 0 50 0 0 0 1000 111 -395 -24 0 0 0 312 166 0 375 616 0 150 208 -550 33 0 -6 0 0 0 0 50 0 0 300
600 0 500 0 388 0 800 575 0 750 0 543 575 333 187 100 500 0 1000 233 0 100 0 0 0 250 800 0 550 277 0 650 600 800 575 300 550 0 400 0 200 0 0 0 125 0 0 0 0 0 400 704 200 700 400 0 600 1000 0 0 0 400 0 0 0 0 1000 900 0 325 0 0 0 300 347 300 225 0 66 0 300 333 0 500 335 0 425 739 950 700 0 500 0 0 0 0 691 0 0 300
#AFC 2017-04-26
800 0 400 400 400 400 400 400 400 400 400 400 400 400 -600 0 136 0 0 -400 500 0 0 200 0 0 0 0 0 0 0 218 0 0 0 0 400 400 400 400 400 0 400 400 400 400 400 400 400 0 136 100 0 125 0 0 625 0 0 -600 -183 200 0 0 500 0 0 0 152 0 0 500 0 500 0 200 41 333 -155 0 0 500 0 200 400 400 400 400 400 400 400 400 400 400 0 366 300 0 0 0
400 0 800 800 800 800 800 800 800 800 800 800 800 800 900 0 500 0 100 400 500 0 0 300 0 500 0 0 0 0 0 277 0 0 0 0 800 800 800 800 800 0 800 800 800 800 800 800 800 0 454 0 0 750 0 0 900 0 0 900 175 200 0 1000 500 0 0 0 519 0 125 500 0 1000 100 200 66 666 288 0 1000 500 0 350 800 800 800 800 800 800 800 800 800 800 516 633 0 1000 0 0
#LCFC 2017-04-26
220 400 400 400 400 400 400 400 400 400 400 400 400 0 0 0 0 0 0 0 1000 0 0 0 400 400 400 400 400 400 400 400 400 400 400 400 0 0 0 0 0 0 0 1000 0 316 0 200 250 0 800 0 0 0 400 400 400 400 400 400 400 400 400 400 0 433 0 200 50 200 0 -181 200 433 136 166 350 400 400 400 400 400 400 400 400 400 400 400 0 0 0 0 -500 0 433 400 0 1000 700 0
457 800 800 800 800 800 800 800 800 800 800 800 800 0 0 0 0 0 0 0 300 0 125 0 800 800 800 800 800 800 800 800 800 800 800 800 0 0 0 0 0 0 0 300 0 716 125 312 333 0 750 100 0 0 800 800 800 800 800 800 800 800 800 800 0 833 0 300 350 300 0 377 300 833 454 433 550 800 800 800 800 800 800 800 800 800 800 800 0 0 55 500 700 0 783 600 0 1000 1000 0
#boro 2017-04-26
0 190 -107 0 0 0 0 -100 0 0 0 0 500 -375 -500 -400 400 0 400 31 -250 125 0 0 0 500 83 -354 -400 -200 0 0 200 0 100 62 0 0 -400 0 0 0 500 -800 107 -250 -300 -227 200 400 300 0 450 -100 -71 0 507 -318 -133 -166 383 0 650 0 125 300 100 -99 0 0 -33 -350 266 500 700 1000 -400 166 600 0 0 0 0 0 650 100 1000 500 800 -66 0 0 -188 0 0 0 0 0 500 -175
0 357 517 125 0 700 83 83 0 0 0 0 500 650 1000 1000 500 0 800 350 500 287 0 0 0 1000 175 585 400 100 0 0 200 0 200 175 0 0 400 0 0 450 500 900 214 500 600 644 200 700 350 0 894 400 214 0 589 458 799 716 616 0 650 0 141 525 900 600 0 0 516 400 833 266 600 300 850 333 550 0 0 0 0 0 450 383 300 266 400 366 0 0 155 0 0 0 0 0 500 450
#SAFC 2017-04-26
400 200 -150 0 0 566 -17 100 0 195 250 0 86 166 33 0 0 0 433 99 168 350 0 0 0 200 0 285 0 -625 400 -24 0 937 -250 400 600 0 -66 0 71 -48 0 -374 24 0 0 -50 -155 0 1000 83 -185 172 0 0 0 300 0 0 0 0 0 0 200 0 0 125 0 -156 200 0 0 -155 0 300 0 -200 40 250 0 0 -155 -400 300 0 -200 400 0 0 600 -155 0 200 318 500 0 0 500 400
500 400 200 0 0 666 173 100 0 483 494 0 272 333 300 0 0 0 300 66 357 133 0 100 0 600 0 535 0 1000 900 225 100 800 500 500 925 0 88 0 738 501 0 480 550 0 200 400 288 100 500 111 562 444 0 0 0 340 1000 66 0 0 0 0 900 0 66 400 0 843 500 500 0 288 0 400 1000 300 260 500 0 0 288 600 100 0 850 500 0 0 1000 288 0 250 477 500 0 0 600 800
#CFC 2017-04-25
-400 333 0 0 0 0 0 0 500 200 0 0 550 162 0 0 0 1000 800 500 0 0 -50 312 500 412 100 0 500 0 0 0 276 0 0 0 300 -100 0 -100 533 0 0 650 0 -433 0 0 0 500 0 0 0 0 0 800 300 0 322 0 0 -100 800 200 0 300 0 322 0 -500 0 -250 525 800 0 0 700 800 0 625 0 0 166 0 0 200 462 111 800 0 0 800 0 0 300 0 0 0 0 0
950 916 0 0 0 0 0 300 500 300 0 0 825 612 0 0 0 300 750 750 0 0 400 537 500 825 50 0 750 0 0 0 621 0 0 0 200 200 0 200 716 0 0 900 0 600 0 750 0 750 0 0 0 0 0 750 200 0 344 125 0 200 400 450 0 200 0 344 0 400 0 450 750 1000 1000 0 600 400 0 950 0 600 1000 0 1000 300 350 688 400 0 0 400 0 0 100 0 0 0 0 0
#SaintsFC 2017-04-25
500 200 625 500 0 0 350 -500 0 0 0 10 200 1000 -33 0 0 0 291 200 524 700 500 0 -400 500 0 0 0 355 475 0 -204 500 250 0 0 -43 0 0 0 -99 0 0 -700 0 436 0 500 0 0 0 0 0 0 500 0 -500 0 0 0 0 266 100 0 0 125 600 -399 750 0 0 0 500 500 0 0 353 -62 0 200 200 136 250 0 250 -300 500 0 0 -299 0 1000 0 0 0 0 0 0 350
500 100 888 150 1000 0 750 1000 0 0 0 635 1000 1000 300 0 0 0 558 100 672 600 1000 0 400 500 0 0 0 255 800 0 263 500 250 0 0 350 0 0 0 333 500 0 1000 0 683 0 500 0 909 0 750 0 0 500 66 900 0 0 66 0 466 300 0 0 500 1000 533 900 0 0 550 625 1000 500 0 554 750 0 400 400 454 250 0 100 325 500 0 0 611 0 300 0 100 0 0 0 0 550
#LFC 2017-04-23
0 412 0 0 0 125 0 0 0 400 0 0 400 0 0 0 0 0 136 400 136 136 400 268 400 400 400 136 400 136 400 136 136 136 136 136 500 900 900 900 900 900 900 136 136 295 0 575 0 100 50 500 900 0 0 900 900 900 900 0 900 0 0 136 1000 136 1000 136 1000 136 1000 0 136 136 136 -50 1000 1000 136 900 136 900 268 136 375 136 136 0 136 0 400 400 400 0 900 400 900 900 400 900
0 550 700 0 0 250 66 66 66 800 66 0 550 66 66 0 0 0 454 800 454 454 800 627 800 800 800 454 800 454 800 454 454 454 454 454 850 600 600 600 600 600 600 454 454 709 0 750 0 0 50 500 600 0 0 600 600 600 600 0 600 0 0 454 300 454 300 454 300 454 300 0 454 454 454 150 300 300 454 600 454 600 627 454 666 454 454 0 454 0 800 800 800 0 600 800 600 600 800 600
#CPFC 2017-04-23
200 0 0 0 0 1000 1000 1000 1000 1000 1000 0 136 0 0 0 0 0 0 0 0 0 0 0 0 0 0 -125 0 0 0 -400 0 0 0 0 0 0 0 0 450 450 450 100 450 -199 0 0 0 0 400 0 157 0 0 0 468 0 500 0 285 0 0 450 136 136 0 0 136 0 0 0 0 0 0 112 0 -100 149 150 500 141 0 0 0 100 0 -500 0 283 200 0 0 0 135 0 0 -50 512 0
425 0 0 0 0 300 300 300 300 300 300 0 454 0 0 0 0 0 125 0 0 0 0 0 0 0 0 437 0 0 0 400 0 0 0 0 100 0 0 0 575 575 575 100 575 650 0 0 0 0 400 0 785 0 0 0 602 0 600 0 535 0 0 575 500 500 0 0 500 0 0 0 0 0 0 284 250 200 500 450 500 800 0 0 0 400 0 500 0 444 200 0 100 100 505 0 0 850 768 0
#Clarets 2017-04-23
0 400 400 0 100 0 0 700 0 0 0 0 0 0 0 136 200 0 0 0 487 136 0 0 0 0 0 0 0 0 0 0 0 0 0 0 500 0 0 0 412 0 1000 400 0 0 50 0 0 0 0 100 -100 0 300 -500 250 0 357 0 0 800 0 0 0 0 250 0 300 1000 1000 0 0 0 0 0 0 0 312 0 0 625 -600 0 0 0 0 0 0 144 180 0 0 50 0 0 0 625 0 0
0 400 800 0 437 100 0 600 0 0 0 0 0 0 0 454 300 0 125 0 975 500 125 0 125 0 0 0 0 0 0 0 125 125 0 0 500 0 0 0 550 0 750 400 0 0 100 0 0 0 0 400 200 0 500 1000 250 0 571 0 0 750 0 0 0 0 450 0 900 300 300 0 0 1000 100 0 1000 100 550 0 0 900 700 0 0 0 0 0 0 600 372 1000 0 100 0 0 0 900 0 0
#MUFC 2017-04-23
-62 0 0 -166 350 0 0 0 0 0 800 0 800 400 0 169 0 0 0 800 800 0 800 250 800 0 0 0 -100 131 -150 75 500 400 0 400 268 400 400 400 136 400 136 400 136 136 136 136 0 0 500 900 900 900 900 900 900 136 399 -124 136 0 -525 0 0 0 0 0 0 0 50 0 0 -200 -178 900 0 0 900 0 900 900 550 0 900 900 250 566 0 33 136 1000 136 1000 136 -200 1000 136 1000 136
600 1000 0 533 550 0 0 0 66 66 400 66 400 800 66 536 66 0 66 400 400 0 400 450 400 1000 0 0 766 508 150 894 900 800 0 800 627 800 800 800 454 800 454 800 454 454 454 454 0 0 850 600 600 600 600 600 600 454 166 500 454 0 700 0 0 0 0 0 0 0 50 0 1000 233 285 600 0 0 600 0 600 600 500 0 600 600 950 566 0 566 454 300 454 300 454 800 300 454 300 454
#AFCB 2017-04-22
0 0 0 0 400 0 0 0 0 0 0 250 0 0 0 0 287 0 0 300 -41 75 0 0 0 441 250 -200 0 -50 0 0 500 0 800 0 0 0 0 800 0 400 250 0 0 0 391 400 0 550 0 -99 0 250 180 49 0 -200 300 0 -291 1000 1000 587 0 0 399 250 0 0 0 0 0 0 500 0 0 -400 0 175 0 0 -13 250 -625 400 500 0 0 0 0 0 312 375 0 0 -500 0 666 0
0 0 125 0 800 0 100 0 0 0 0 250 0 0 0 0 475 0 0 100 450 400 0 0 0 608 500 200 0 400 0 0 500 100 400 0 0 0 0 400 0 800 500 0 0 0 643 800 0 500 100 700 0 750 420 450 0 700 166 0 541 1000 300 450 0 0 350 500 0 0 100 0 1000 0 500 0 0 400 0 400 0 0 625 1000 400 800 500 0 0 0 0 0 333 500 0 0 1000 0 600 0
#boro 2017-04-22
0 1000 1000 1000 1000 1000 1000 0 0 400 0 0 1000 1000 1000 1000 1000 1000 250 0 900 900 900 900 900 900 0 0 1000 1000 1000 1000 1000 1000 0 1000 0 0 -250 0 100 0 0 1000 1000 1000 1000 1000 1000 0 0 0 500 437 0 200 400 -333 1000 1000 1000 1000 1000 1000 0 0 1000 1000 1000 1000 1000 1000 178 0 216 0 0 0 0 500 625 0 -33 250 0 0 0 1000 0 400 1000 1000 1000 1000 1000 1000 -200 0 -400 0
0 300 300 300 300 300 300 0 0 800 0 0 300 300 300 300 300 300 200 0 600 600 600 600 600 600 0 0 300 300 300 300 300 300 0 1000 0 1000 395 0 233 0 0 300 300 300 300 300 300 0 1000 0 600 650 0 300 800 666 300 300 300 300 300 300 0 66 300 300 300 300 300 300 285 0 300 0 0 0 0 500 750 0 166 750 0 100 0 300 0 800 300 300 300 300 300 300 400 0 1000 100
#hcafc 2017-04-22
750 68 0 0 0 0 260 0 0 -291 -549 0 200 0 800 162 0 700 0 0 0 -275 700 500 -312 0 0 -100 400 0 0 1000 200 0 0 800 0 -78 643 0 500 83 909 400 700 34 -100 -77 233 250 150 0 0 0 261 433 100 550 190 250 0 0 625 0 800 750 277 0 0 291 537 0 24 93 136 0 -281 0 0 0 0 0 0 0 -200 0 0 -450 700 0 0 400 -62 0 136 -525 136 136 -600 250
950 227 0 0 0 0 260 0 1000 541 533 0 200 500 400 543 0 350 0 0 0 400 500 900 437 0 0 100 800 0 0 300 462 100 0 750 0 646 825 600 1000 111 780 800 800 600 100 144 733 333 300 0 0 0 511 833 100 700 469 333 0 0 500 0 400 1000 722 0 0 458 675 0 625 506 500 0 627 0 0 0 0 0 0 1000 300 0 0 800 600 0 0 750 187 0 454 944 454 454 800 333
#WatfordFC 2017-04-22
400 0 0 0 500 136 136 107 400 0 133 587 400 0 0 0 400 450 100 0 0 100 0 0 -400 150 136 100 68 0 193 -200 -88 0 218 800 -33 0 204 0 18 250 165 -87 0 250 136 136 312 250 136 218 136 45 0 800 300 211 -287 -56 24 800 136 468 312 500 0 0 0 -62 0 0 0 500 250 250 -100 0 204 -33 -781 -216 -500 0 -33 204 0 204 -33 0 0 0 0 0 0 700 -312 -258 0 136
800 0 0 0 888 454 454 285 800 0 1000 625 600 0 0 0 375 625 575 0 0 400 0 0 400 575 500 250 283 0 416 200 589 0 500 1000 716 0 432 0 450 444 662 666 0 333 500 500 333 444 500 500 500 166 0 1000 500 517 500 500 666 1000 500 625 700 500 0 0 100 350 0 0 500 500 250 250 100 0 432 716 400 833 500 0 716 432 0 432 716 0 0 125 100 0 0 500 437 700 125 454
#Swans 2017-04-22
0 0 383 0 0 0 0 0 0 0 0 0 214 0 250 1000 300 400 400 -155 0 0 0 350 85 0 0 -150 0 250 0 0 0 0 0 0 0 0 0 500 0 0 0 0 0 0 0 0 -291 -100 800 250 -150 0 -150 0 -133 500 0 0 600 0 450 0 0 0 -77 0 0 0 -150 0 -100 0 -155 300 -150 500 133 250 0 0 0 -200 0 -100 0 0 0 0 183 -400 0 0 0 0 -400 -100 83 0
0 0 411 0 0 0 0 0 0 0 0 0 428 0 300 600 250 900 900 288 1000 1000 0 650 750 0 0 250 0 500 0 0 0 0 0 0 0 0 0 900 0 0 0 0 0 0 0 0 625 500 750 500 350 0 400 0 133 600 0 0 1000 0 750 0 0 0 144 0 0 0 400 0 100 800 288 100 400 600 600 500 0 0 0 50 0 400 0 0 0 0 444 400 0 0 0 0 400 500 199 0
#SCFC 2017-04-22
0 418 400 0 0 500 0 531 0 0 0 0 0 300 0 -125 400 0 0 500 -24 0 -700 400 0 170 400 0 0 0 0 500 0 0 0 500 300 400 0 0 0 0 400 0 300 0 0 0 100 100 0 170 500 -155 0 400 0 1000 -150 0 400 0 -100 750 0 -155 -155 100 0 -150 0 -100 250 500 -155 200 0 -400 133 166 0 0 1000 380 0 -155 -155 0 0 -400 0 0 500 0 0 170 0 400 300 -194
0 527 400 0 0 650 0 697 0 0 0 0 0 200 0 200 900 0 0 650 725 0 800 400 0 500 500 0 0 0 0 650 0 0 0 650 200 400 0 0 0 0 400 0 200 0 0 0 400 400 0 500 900 288 0 400 0 300 400 0 500 0 100 777 0 288 288 1000 0 400 0 100 333 900 288 500 0 400 600 666 0 0 1000 380 500 288 288 0 0 400 0 0 650 0 0 500 0 600 200 288
#WHUFC 2017-04-22
136 136 136 136 136 0 0 136 136 136 136 136 136 136 0 418 136 136 136 136 0 170 0 136 0 136 136 0 0 0 0 0 0 416 50 0 0 500 500 200 0 200 136 0 136 0 0 0 -714 -200 0 0 0 227 400 450 136 136 136 0 -17 136 261 0 500 0 0 136 0 435 0 0 0 781 0 0 0 136 136 136 0 0 0 0 0 250 0 0 136 136 136 0 136 136 0 44 0 0 136 136
454 454 454 454 454 0 0 454 454 454 454 454 454 454 0 527 454 454 454 454 0 500 0 454 0 454 454 0 0 100 0 0 0 800 450 0 0 500 500 200 0 500 454 0 454 0 0 0 857 50 0 0 100 545 800 450 454 454 454 0 484 500 527 500 400 0 0 454 0 527 0 0 0 900 0 0 0 454 454 454 1000 1000 1000 1000 0 333 0 0 454 454 454 100 454 454 0 473 0 250 454 454
#EFC 2017-04-22
0 0 0 268 0 0 1000 1000 1000 1000 1000 1000 0 0 0 0 0 0 0 268 268 0 0 136 268 0 100 400 0 0 0 0 0 0 268 0 466 136 0 0 0 0 0 0 0 0 0 0 0 0 0 0 0 0 0 136 136 136 0 170 0 0 400 0 0 0 0 136 400 0 0 0 136 266 136 400 400 400 400 400 400 1000 1000 1000 1000 1000 1000 0 0 0 0 0 0 0 0 0 0 0 0 0
0 0 0 627 0 0 300 300 300 300 300 300 0 0 0 0 0 0 0 627 627 0 0 454 627 0 0 800 0 0 0 0 0 0 627 0 549 454 0 0 0 0 0 0 0 0 0 0 0 0 0 0 0 0 0 454 454 454 125 500 500 0 800 0 0 0 0 454 800 0 0 0 454 583 454 800 800 800 800 800 800 300 300 300 300 300 300 0 0 0 100 0 0 100 100 0 100 0 0 0
#boro 2017-04-17
0 285 0 400 250 0 0 0 0 0 59 0 0 0 0 333 0 0 0 0 295 0 0 0 0 0 -168 0 0 0 0 268 0 0 0 0 0 0 0 153 0 0 0 0 0 -500 300 0 0 0 0 0 0 241 0 0 500 0 0 400 0 -155 75 514 0 0 0 0 0 0 0 800 0 333 0 750 312 300 -166 0 800 -500 -7 0 200 0 0 285 800 350 285 -83 0 97 250 0 0 0 0 800
100 535 0 400 550 0 0 0 0 0 351 0 0 0 0 433 0 0 0 0 478 0 0 0 0 0 531 0 0 0 0 427 0 0 0 0 0 0 0 366 0 0 0 0 0 900 200 0 0 0 0 0 100 291 0 0 500 0 0 200 100 288 291 389 0 0 0 0 0 0 0 400 0 333 0 500 250 200 500 0 400 400 467 0 500 0 0 535 400 350 535 83 0 522 250 0 0 0 0 750
#AFC 2017-04-17
-700 0 -350 136 500 -249 0 0 200 0 0 0 -400 0 250 200 145 0 0 0 0 0 100 0 0 -500 0 83 -166 200 0 0 -150 0 100 -468 227
800 100 600 454 500 583 0 0 500 0 0 0 600 0 1000 200 549 0 0 0 0 0 400 0 0 1000 0 666 166 300 0 0 700 0 100 750 601
#MUFC 2017-04-16
0 0 1000 0 1000 0 1000 0 1000 0 1000 268 1000 0 0 400 400 400 400 400 400 278 433 700 1000 1000 400 0 0 0 0 0 0 1000 1000 1000 1000 350 0 0 0 800 268 0 268 0 500 300 400 400 400 400 400 400 800 400 400 400 136 268 0 0 0 0 50 400 400 400 400 400 400 200 400 400 400 400 400 400 400 0 0 0 0 125 0 0 0 0 0 0 50 0 192 0 0 200 1000 1000 0 0
0 0 300 0 300 0 300 0 300 0 300 627 300 0 0 800 800 800 800 800 800 547 833 600 300 300 800 66 66 66 66 66 66 300 300 300 300 350 500 0 0 400 627 0 627 0 600 200 800 800 800 800 800 800 400 800 800 800 454 627 0 0 66 0 50 800 800 800 800 800 800 100 800 800 800 800 800 800 800 0 0 0 0 450 0 0 0 0 0 0 100 0 367 0 0 100 300 300 0 0
#CFC 2017-04-16
0 268 0 0 0 -71 375 0 0 0 175 136 0 400 0 268 268 400 400 400 0 400 400 400 400 400 400 0 268 -125 0 -71 375 0 0 175 0 0 0 0 0 0 0 0 0 400 400 500 400 400 400 400 400 400 400 400 400 400 400 400 400 800 0 0 192 0 800 0 0 400 400 400 400 400 400 99 400 400 400 400 268 0 800 0 0 1000 1000 1000 1000 1000 0 1000 -400 0 0 800 800 200 350 800
300 627 0 0 0 142 750 0 0 0 441 454 0 800 0 627 627 800 800 800 0 800 800 800 800 800 800 0 627 500 0 142 750 0 0 441 0 0 0 0 0 0 0 0 0 250 250 900 800 800 800 800 800 800 800 800 800 800 800 800 800 400 0 0 367 0 400 0 0 800 800 800 800 800 800 375 800 800 800 800 627 0 400 0 0 300 300 300 300 300 1000 300 400 0 0 400 400 200 350 700
#WBA 2017-04-16
1000 1000 1000 1000 1000 1000 136 400 800 1000 1000 1000 1000 1000 1000 400 400 400 400 400 400 800 800 900 400 -400 0 1000 1000 1000 1000 1000 1000 1000 1000 0 136 400 400 400 400 400 400 200 100 1000 900 900 900 900 900 900 900 900 900 900 287 200 900 900 900 900 900 900 1000 1000 1000 1000 1000 1000 1000 1000 1000 1000 1000 400 400 400 400 400 400 1000 625 400 800 400 400 0 136 0 0 0 0 268 268 268 268 268 268 200
300 300 300 300 300 300 454 800 400 300 300 300 300 300 300 800 800 800 800 800 800 400 400 600 800 600 0 300 300 300 300 300 300 300 300 0 454 800 800 800 800 800 800 900 200 300 600 600 600 600 600 600 600 600 600 600 637 400 600 600 600 600 600 600 300 300 300 300 300 300 300 300 300 300 300 800 800 800 800 800 800 300 900 400 1000 800 800 0 454 0 0 0 0 627 627 627 627 627 627 400
#LFC 2017-04-16
0 0 625 0 0 0 0 1000 0 0 1000 0 1000 0 1000 0 136 1000 268 1000 0 345 -375 0 0 -429 400 400 400 400 0 0 0 0 0 0 0 136 400 400 0 0 0 0 500 0 500 0 0 0 0 0 113 400 0 0 -400 0 0 0 0 0 0 0 0 0 -400 0 0 642 0 350 0 0 0 0 800 268 0 136 268 -16 0 0 0 0 -500 0 -71 0 800 0 0 0 0 0 0 136 268 0
0 0 900 0 0 0 0 300 0 0 300 0 300 0 300 0 454 300 627 300 0 484 400 0 1000 666 800 800 800 800 0 0 0 0 0 0 0 454 800 800 0 0 0 0 500 0 500 0 0 0 0 1000 522 800 66 66 400 66 66 66 0 66 0 600 0 0 400 0 0 682 0 400 0 0 0 0 400 627 0 454 627 608 0 0 0 0 1000 0 214 0 400 0 0 0 0 0 0 454 627 0
#SaintsFC 2017-04-15
0 0 0 0 250 -500 0 -83 -400 100 281 250 0 100 0 150 0 0 0 0 0 700 -75 350 100 0 350 600 0 0 0 0 0 0 0 0 -50 33 312 0 600 250 443 400 600 -50 1000 -145 285 300 300 156 -25 0 -250 0 308 0 400 0 300 0 0 -50 400 0 0 -83 -400 0 -100 700 0 0 0 -75 136 0 500 0 0 0 0 1000 0 -400 0 0 0 0 400 0 416 0 -400 0 500 0 -400 300
0 0 0 0 616 600 250 83 400 150 425 300 0 200 0 300 0 0 0 0 0 400 475 550 400 0 550 950 0 0 0 1000 0 0 0 100 100 366 200 0 950 333 412 450 1000 100 1000 270 535 350 350 1000 475 0 500 0 533 0 800 0 500 0 0 150 450 0 0 333 600 0 88 600 0 0 0 475 454 0 500 0 0 0 0 1000 0 600 100 100 0 0 450 1000 500 0 400 0 650 0 600 500
#MCFC 2017-04-15
0 0 0 0 0 0 0 600 0 0 218 166 0 0 0 0 0 0 125 0 800 0 0 0 1000 0 800 0 0 0 300 500 254 14 0 0 0 0 100 0 0 645 0 -600 -600 100 400 0 0 0 0 0 0 125 0 0 0 0 0 0 0 0 0 0 0 556 -150 100 0 700 0 0 -75 231 0 350 0 0 656 412 0 0 0 233 500 -83 233 200 0 350 0 800 0 800 0 0 0 700 0 0
66 66 66 66 66 66 0 900 0 66 277 666 0 0 0 0 0 0 1000 0 750 0 0 0 1000 0 1000 0 0 0 400 500 370 418 300 300 0 300 0 0 0 784 0 700 700 200 400 100 0 0 0 0 0 472 0 0 0 250 0 0 0 0 0 0 0 625 250 400 0 400 0 0 475 500 0 550 0 0 275 550 0 0 0 600 500 208 633 100 0 550 0 1000 0 1000 0 0 0 550 0 0
#CPFC 2017-04-15
136 0 0 0 0 0 0 250 0 909 286 0 400 0 0 0 0 285 0 0 0 0 -250 0 0 0 0 0 0 0 0 200 0 266 0 0 0 136 250 0 0 -33 500 0 200 0 700 0 0 -49 0 -262 0 500 0 100 0 0 0 0 -150 258 0 800 0 0 200 0 0 500 0 0 0 0 0 0 0 250 -116 25 233 -500 400 400 0 0 0 400 0 0 0 200 285 0 -250 0 136 0 0 0
454 0 0 0 0 0 0 450 1000 780 380 125 800 0 0 0 0 535 0 0 700 1000 550 0 0 125 0 125 0 125 0 650 0 666 100 0 0 454 483 1000 0 850 500 0 100 0 600 0 100 950 0 387 500 900 0 400 0 0 0 0 200 702 0 400 0 0 100 0 0 900 0 0 0 0 0 0 0 250 566 675 366 1000 1000 1000 0 0 0 400 0 0 0 900 535 0 100 0 500 0 0 0
#LCFC 2017-04-15
0 0 106 136 0 0 0 0 0 100 0 0 0 0 0 0 0 62 800 655 0 400 0 0 0 0 0 0 0 -200 0 0 0 0 0 0 0 0 100 500 433 0 0 -56 316 200 0 0 0 250 0 0 0 0 0 0 0 0 550 433 0 212 0 0 0 0 0 83 0 0 -150 -600 433 0 800 -37 0 160 0 100 -350 164 0 -125 164 900 -200 49 0 0 -25 100 0 164 0 -270 0 100 433 200
0 0 600 454 0 0 0 0 0 900 0 0 0 0 0 0 0 75 1000 790 125 800 0 0 0 0 0 0 0 200 0 0 0 0 0 0 0 0 100 1000 633 0 0 594 716 312 125 0 0 150 0 100 0 0 0 0 0 0 950 833 0 318 0 0 0 0 0 555 0 235 200 900 833 0 750 458 0 253 0 200 600 271 0 125 271 650 200 250 0 0 200 900 0 271 0 670 0 500 583 100
#EFC 2017-04-15
0 0 0 0 218 0 0 100 400 700 -400 0 0 0 0 0 0 0 200 0 0 0 0 0 1000 0 0 400 0 0 0 0 0 31 136 136 16 1000 0 1000 0 1000 0 1000 0 322 -500 0 136 0 0 0 0 0 0 300 0 0 250 400 800 -500 0 0 0 0 0 250 500 600 200 0 433 0 299 513 0 -107 -402 0 0 0 0 100 0 375 0 250 0 0 0 -99 250 0 0 0 0 0 -500 -156
0 0 0 0 277 0 0 0 800 600 600 0 0 0 0 0 0 125 200 0 0 0 0 0 300 0 0 800 333 333 0 0 0 416 454 454 274 300 0 300 0 300 0 300 0 344 900 0 454 0 100 0 0 0 0 341 0 0 483 800 825 900 0 0 0 0 0 200 900 733 100 300 316 0 449 647 100 845 807 0 0 0 0 400 0 516 0 300 0 0 100 250 500 0 0 0 0 0 1000 643
#Clarets 2017-04-15
0 700 700 0 0 0 0 400 0 350 0 350 250 100 200 200 1000 0 0 100 0 0 0 625 0 85 0 100 0 0 0 400 400 0 600 0 600 0 625 400 1000 318 0 175 0 750 0 0 0 0 300 0 -450 900 0 712 0 0 0 712 0 0 0 0 0 0 625 0 0 500 50 800 0 0 0 0 0 0 500 0 0 0 100 500 0 250 0 0 0 700 625 -50 0 400 0 -50 0 0 0 0
0 600 600 0 0 0 0 400 125 650 0 650 625 400 200 200 300 0 0 400 0 0 0 900 0 250 0 400 0 0 0 800 800 0 900 0 900 0 900 800 300 500 0 266 0 875 0 0 0 0 500 0 700 600 0 450 0 533 0 450 0 0 0 0 0 0 900 0 0 500 100 1000 0 0 0 0 0 0 900 0 0 0 0 500 0 1000 1000 0 0 600 900 400 0 800 0 400 0 0 0 0
#SCFC 2017-04-15
0 0 0 0 0 0 500 0 0 0 260 0 0 318 0 0 65 -250 318 -150 0 0 0 0 0 0 0 0 -500 0 -400 0 -200 -50 -75 0 -288 0 0 150 0 -32 0 -125 136 0 62 0 0 318 0 -500 0 0 0 0 0 -500 0 135 0 0 -200 62 0 0 0 0 0 0 0 0 0 0 750 650 -25 150 800 -200 0 0 0 0 0 0 0 0 -25 0 0 0 0 0 0 0 0 0 0 0
0 0 0 0 0 0 500 0 100 0 390 0 0 477 0 0 774 500 700 700 0 0 0 1000 333 0 0 0 1000 0 900 100 700 100 766 0 400 0 0 0 0 567 0 175 454 1000 500 0 0 700 0 700 0 0 1000 0 0 400 0 427 0 0 400 500 0 0 0 0 0 0 0 0 0 0 1000 625 200 450 400 400 500 0 0 0 0 0 0 100 200 0 0 125 0 0 0 0 0 0 0 0
#hcafc 2017-04-15
-250 0 0 0 318 -112 0 -29 0 0 0 600 -500 0 0 890 319 550 0 0 500 0 0 0 285 0 0 400 780 0 0 0 -200 266 800 -100 -49 0 0 0 50 -600 0 0 0 800 125 0 0 0 800 -62 560 0 0 250 312 700 0 0 0 700 1000 0 -400 0 400 116 250 -50 -800 -100 -200 133 266 0 300 0 0 700 -400 49 136 0 32 136 250 -1000 0 0 1000 0 0 337 -400 0 100 0 0 0
888 0 0 0 477 222 1000 485 0 0 0 916 1000 0 1000 594 545 1000 125 0 733 0 0 0 535 0 0 500 1000 0 0 0 200 500 575 0 733 0 0 1000 150 1000 0 0 1000 400 247 0 0 0 750 625 950 0 0 625 283 950 0 649 1000 566 1000 0 900 0 400 183 450 200 900 400 200 333 500 0 387 0 0 600 400 700 500 0 309 500 300 1000 0 0 300 100 0 644 400 0 200 0 0 0
#SAFC 2017-04-15
150 -224 0 0 0 0 0 54 0 0 0 0 0 0 0 0 -154 0 0 109 0 0 0 0 0 1000 0 0 68 350 0 0 0 0 400 83 0 0 0 -277 -375 400 -699 0 0 -66 0 -500 0 0 1000 0 0 0 0 0 0 0 0 -166 0 0 0 500 250 250 525 525 100 500 0 0 -49 400 0 -100 0 0 -166 -56 0 250 -750 0 400 800 500 375 375 0 0 -83 0 0 550 200 100 0 500 0
666 500 0 0 0 0 0 383 0 100 0 0 0 0 0 50 233 0 0 350 0 0 0 0 0 300 0 0 250 50 1000 0 500 0 800 455 0 0 0 500 475 900 666 0 0 633 0 1000 0 0 300 0 0 1000 1000 0 0 100 0 433 125 0 0 600 250 1000 366 366 550 1000 0 0 550 800 500 400 0 0 166 500 0 375 1000 0 800 750 500 500 500 500 0 83 0 0 700 950 100 100 500 0
#WHUFC 2017-04-15
0 0 0 -583 16 317 317 119 0 300 0 -333 -600 0 0 0 -781 200 500 0 0 0 267 400 500 -200 -277 0 0 550 0 0 0 0 0 0 200 0 0 0 0 0 0 0 0 0 800 278 0 500 1000 0 0 0 0 0 0 0 400 0 200 0 700 700 500 0 0 0 0 0 0 0 0 200 0 0 -75 0 0 333 333 0 0 0 0 466 0 -200 -750 -750 250 0 0 -699 0 0 0 -300 0 0
0 0 0 750 566 542 542 433 0 600 0 750 400 0 100 0 1000 450 1000 0 0 0 588 800 694 100 500 0 0 800 0 0 0 0 0 0 100 1000 0 0 0 0 0 100 0 0 750 351 0 500 1000 0 0 0 0 0 0 0 800 0 100 0 600 600 500 0 0 0 0 0 0 0 750 950 100 0 199 0 100 650 650 0 333 0 0 466 0 50 950 950 300 0 0 666 0 0 0 500 0 0
#WatfordFC 2017-04-15
400 0 0 400 0 0 0 0 0 0 0 0 200 -200 0 0 0 295 0 800 0 0 0 0 0 0 0 0 0 441 0 0 104 0 0 0 0 -400 0 0 0 0 0 1000 200 0 0 0 0 250 0 125 333 0 0 0 0 0 0 0 232 -400 0 -400 0 0 0 0 500 416 0 233 250 0 1000 0 0 0 0 0 0 50 0 100 400 133 0 -75 233 -22 100 400 0 0 0 -1000 1000 1000 -166 400
800 0 0 800 0 0 0 0 0 0 0 0 200 100 0 0 0 645 0 1000 0 0 0 0 0 0 0 0 0 399 0 0 437 0 0 0 0 600 0 0 0 0 0 300 300 0 0 0 0 850 0 633 500 0 0 0 0 0 0 500 371 400 0 400 0 0 0 0 500 500 0 566 625 0 1000 0 0 0 0 0 0 233 0 400 800 300 0 250 566 274 400 400 0 0 0 1000 300 300 166 733
#Swans 2017-04-15
-175 -57 700 0 0 -77 0 76 0 0 -300 0 0 142 0 0 0 0 0 0 500 325 500 1000 0 575 0 350 366 136 218 0 0 0 -699 0 0 0 0 0 800 0 0 0 0 209 -219 0 -200 300 1000 19 0 0 0 211 400 0 300 0 0 -100 0 0 0 199 0 -100 333 0 -300 0 0 0 500 0 781 0 0 400 0 0 450 0 0 318 -400 233 0 0 0 0 136 0 136 136 0 0 500 400
233 580 600 0 0 339 0 391 0 1000 350 0 0 267 0 0 1000 0 0 0 300 350 600 1000 0 600 0 550 700 500 150 0 0 0 666 100 0 0 300 0 1000 0 0 0 0 313 727 0 50 750 1000 329 0 0 0 566 1000 0 750 66 0 400 0 0 0 433 0 400 616 1000 350 0 0 0 500 0 500 0 0 400 0 0 575 0 0 700 699 566 0 0 0 0 500 0 500 500 0 0 500 700
#COYS 2017-04-15
1000 0 0 0 333 0 0 400 0 0 0 0 0 0 800 400 0 208 50 -150 0 -50 100 0 300 -207 50 0 0 250 -200 -300 450 -333 0 0 0 333 -25 0 0 0 0 0 0 1000 115 0 0 350 200 -500 0 0 0 0 -200 0 0 1000 0 0 0 208 0 0 322 0 0 0 0 274 0 -125 0 0 0 0 550 0 0 -400 0 0 350 0 0 500 0 0 300 0 288 0 0 0 0 0 200 350
300 0 0 0 666 0 0 800 0 0 0 0 0 0 750 800 0 399 200 650 0 400 383 0 488 601 200 0 0 533 100 799 450 666 0 0 1000 358 400 500 0 0 0 0 0 400 750 0 0 650 300 1000 0 0 0 0 700 0 0 1000 0 0 0 483 0 0 344 0 125 0 0 250 0 375 0 0 0 0 925 0 0 400 0 0 400 0 0 500 0 0 100 0 444 0 0 0 0 0 200 300
#AFCB 2017-04-15
0 0 0 0 0 525 0 0 0 0 0 250 0 41 0 0 -400 -1000 0 500 0 3 550 0 0 0 0 0 0 0 0 0 75 0 500 0 0 0 549 0 475 0 400 0 187 0 0 0 135 0 0 -100 250 0 133 0 106 450 0 550 0 0 400 0 0 0 300 0 600 0 0 0 0 136 312 0 550 0 100 350 0 -125 0 700 400 300 0 0 0 129 312 375 0 0 0 0 0 0 0 0
0 0 0 125 0 450 0 100 0 0 0 312 0 250 0 0 400 1000 0 1000 0 517 850 0 0 0 0 0 125 0 100 0 200 0 500 0 0 0 716 0 712 0 800 0 649 0 0 0 427 0 0 100 500 0 400 0 346 400 0 500 100 300 900 0 0 100 166 0 800 0 0 0 100 454 250 0 550 0 150 350 50 375 0 700 800 200 0 0 0 762 333 500 0 0 0 0 0 0 0 0
#CPFC 2017-04-10
0 0 -77 0 136 0 0 0 0 0 0 0 -100 0 0 0 0 0 0 0 -500 0 0 0 250 0 0 0 0 50 750 200 0 0 0 -100 0 0 0 0 0 0 0 0 0 0 0 0 0 0 0 0 0 0 0 0 0 0 0 0 116 100 0 100 800 0 -300 -155 -100 -850 -850 -850 -200 -176 20 250 750 291 0 0 0 0 0 0 0 0 0 0 0 0 400 800 1000 0 0 0 0 -308 0 0
0 0 644 0 454 0 0 0 0 0 0 0 600 125 0 0 0 0 0 0 500 0 0 66 487 250 0 0 100 350 800 200 100 0 0 200 66 0 0 0 0 0 0 0 0 0 0 0 0 0 0 0 0 0 0 0 0 0 0 0 883 700 0 450 400 0 400 288 1000 600 600 600 800 618 654 487 500 708 0 0 0 0 0 0 0 0 0 0 0 0 233 750 750 0 0 0 108 458 0 0
#AFC 2017-04-10
190 0 -800 500 100 0 0 136 0 -233 0 500 136 0 0 0 0 300 0 349 0 0 625 0 0 625 0 425 49 0 0 250 0 0 0 0 416 500 136 500 0 0 0 0 0 500 250 695 0 68 150 0 100 0 0 0 0 136 0 0 0 0 0 0 0 0 233 0 0 900 0 650 0 -500 350 0 0 0 0 318 136 136 0 0 -243 100 0 0 500 -1000 500 0 -104 399 0 0 300 0 500 0
690 0 900 550 500 0 0 454 0 533 0 500 454 0 125 0 0 0 0 855 0 0 500 0 0 900 0 950 399 125 0 300 0 125 0 0 500 550 454 1000 125 0 0 0 0 550 750 316 125 227 350 125 1000 0 0 0 0 454 0 0 0 0 0 500 0 0 366 0 0 500 0 750 0 900 650 0 0 0 125 477 454 454 0 0 288 200 0 0 600 1000 500 0 295 799 0 0 200 0 500 0
#EFC 2017-04-09
375 0 175 0 136 136 0 0 100 400 0 268 0 136 268 400 400 136 400 400 400 400 268 200 200 200 200 0 268 500 400 400 400 400 400 400 225 0 400 0 136 400 0 0 -400 0 -750 0 0 -400 -400 0 0 -750 -750 0 -400 0 -750 0 0 0 0 0 0 500 500 100 100 100 100 0 500 100 100 0 500 100 100 333 200 0 0 400 268 136 268 0 0 400 0 0 0 350 0 0 0 1000 1000 1000
524 500 475 0 454 454 0 0 0 800 0 627 0 454 627 800 800 454 800 800 800 800 627 500 500 500 500 125 627 233 800 800 800 800 800 800 475 0 800 0 454 800 0 0 400 0 850 0 0 400 400 0 0 850 850 0 400 0 850 100 0 0 62 0 0 833 833 400 400 400 400 0 833 400 400 0 833 400 400 566 100 0 0 800 627 454 627 0 0 800 0 0 0 300 500 0 100 300 300 300
#LCFC 2017-04-09
136 0 0 0 0 0 0 0 0 0 0 400 136 136 -250 0 0 0 0 0 0 0 0 0 0 0 0 0 0 136 -400 400 400 136 400 400 400 400 136 136 136 0 0 49 400 400 400 400 400 400 0 0 0 0 0 0 0 0 0 0 316 0 200 750 0 0 0 350 100 0 0 0 0 0 0 0 0 195 400 433 350 400 -50 350 433 350 312 250 400 1000 0 214 0 -625 395 0 0 0 0 0
454 0 0 0 0 0 0 0 0 0 0 800 454 454 500 0 0 0 0 0 0 0 0 0 0 0 0 0 0 454 400 800 800 454 800 800 800 800 454 454 454 0 125 512 800 800 800 800 800 800 0 0 0 0 0 0 0 0 0 0 716 125 312 500 100 0 0 425 550 0 0 0 0 0 0 0 0 501 800 833 650 800 83 650 833 650 300 250 800 300 0 500 0 1000 645 0 0 0 0 0
#SAFC 2017-04-09
0 250 0 150 0 0 0 0 710 0 0 350 0 266 0 0 800 0 0 150 500 266 -250 -115 0 0 -99 625 0 112 -125 0 0 -227 -375 -1000 416 -155 -155 0 0 0 0 0 0 100 12 1000 116 0 0 -600 200 0 -600 0 -1000 0 0 -166 0 0 0 0 -699 200 0 0 0 312 0 0 0 -125 600 150 0 -227 233 0 320 0 0 0 0 0 -375 500 0 0 266 95 -125 0 0 0 0 0 31 -244
0 449 0 566 0 0 0 0 1000 0 0 300 0 500 100 0 400 0 0 400 600 600 650 396 0 0 449 600 0 712 300 0 0 244 750 1000 500 288 288 0 0 0 125 0 0 400 200 300 566 500 0 900 400 0 900 0 1000 0 0 133 0 0 0 0 666 200 0 0 0 475 0 0 0 125 550 133 0 244 366 0 533 0 0 0 0 0 750 500 188 100 583 211 125 500 0 0 0 0 250 727
#MUFC 2017-04-09
0 0 300 0 175 0 400 900 900 900 900 900 900 0 400 200 400 0 250 136 -1000 136 156 0 591 0 50 -175 0 -93 250 500 250 0 250 0 -212 0 -50 0 268 400 400 400 400 500 400 400 0 136 0 -142 0 900 268 900 0 0 0 900 -500 900 0 0 400 900 900 0 268 900 0 0 0 0 0 0 0 0 0 0 433 -127 0 478 268 418 149 418 0 333 133 218 218 0 900 218 900 900 218 900
0 500 450 0 475 0 800 600 600 600 600 600 600 0 800 400 800 0 300 454 1000 454 550 0 608 0 50 550 0 250 300 600 200 0 300 0 300 0 483 0 627 800 800 800 800 600 800 800 0 454 0 535 0 600 627 600 0 0 0 600 900 600 0 0 800 600 600 0 627 900 0 0 0 0 0 0 125 0 0 0 522 500 0 451 627 677 500 677 0 449 400 477 477 0 600 477 600 600 477 600
#AFCB 2017-04-08
0 0 0 0 0 0 0 0 350 0 0 0 0 0 41 -125 0 0 0 300 0 -384 600 0 1000 0 0 0 0 0 0 0 866 500 0 100 333 0 0 250 0 0 0 0 0 0 0 0 0 100 283 -600 349 -600 0 -155 0 0 0 200 0 333 400 -400 250 200 -155 0 0 0 200 0 416 175 550 0 0 800 300 0 -714 0 0 1000 0 0 0 100 0 200 -112 0 -400 -400 136 -400 -57 0 0 0
0 0 0 0 0 125 0 0 750 100 0 0 0 0 250 375 0 0 125 900 0 769 1000 0 1000 0 0 0 0 0 0 0 600 1000 0 600 666 66 0 483 0 0 0 0 0 0 0 0 100 300 500 1000 716 1000 0 288 0 0 0 900 0 483 800 600 250 483 288 0 0 0 200 0 666 775 500 100 0 1000 166 0 857 750 66 300 0 100 0 900 0 575 380 0 400 400 454 400 617 0 0 100
#CFC 2017-04-08
-50 300 500 0 0 0 0 400 0 0 136 136 0 -600 1000 1000 1000 1000 1000 1000 136 0 -500 0 0 0 0 0 0 0 268 250 0 0 0 0 0 0 0 0 0 200 268 500 500 0 250 0 0 0 0 0 0 0 0 0 0 0 0 0 650 650 500 400 -256 0 268 0 0 650 0 0 0 0 0 0 350 0 0 0 0 250 500 0 0 0 0 0 0 -300 -100 0 500 -100 -216 0 0 0 -750 0
400 750 833 0 0 0 0 800 0 0 454 454 100 1000 300 300 300 300 300 300 454 0 700 0 0 0 0 0 0 0 627 450 0 0 0 500 0 125 0 0 0 300 627 500 500 0 500 0 0 0 0 0 0 0 0 0 0 0 0 0 900 950 562 900 775 0 627 0 0 950 0 0 0 0 0 0 650 0 0 0 0 512 562 0 0 0 0 0 0 500 100 0 833 100 833 100 0 0 850 0
#MCFC 2017-04-08
-1000 136 0 250 900 900 900 900 0 900 900 400 136 136 400 136 268 -600 1000 1000 136 1000 1000 1000 1000 136 0 0 100 166 900 900 900 900 900 900 900 500 600 400 400 218 400 400 400 400 0 0 0 0 268 0 0 0 500 900 900 268 268 900 268 268 268 268 375 136 136 218 0 0 0 0 0 500 1000 0 400 268 0 0 400 0 400 0 268 0 0 556 0 218 218 218 218 218 218 0 0 0 1000 -100
1000 454 0 300 600 600 600 600 0 600 600 800 454 454 800 454 627 1000 300 300 454 300 300 300 300 454 0 0 250 533 600 600 600 600 600 600 600 600 200 800 800 477 800 800 800 800 0 0 0 0 627 0 0 0 425 600 600 627 627 600 627 627 627 627 800 454 454 477 0 0 0 0 0 500 300 0 800 627 0 0 700 0 800 0 627 0 0 477 0 477 477 477 477 477 477 0 0 0 300 100
#hcafc 2017-04-08
0 0 0 0 0 500 0 400 0 500 0 0 378 304 0 136 0 0 0 0 0 -66 250 0 0 0 -250 -200 500 0 0 0 -33 433 243 -400 0 406 0 0 0 937 0 136 104 0 -62 -50 0 600 50 1000 500 400 500 625 0 136 0 -250 0 0 0 150 175 0 100 0 -100 0 0 500 250 0 0 900 -133 0 16 0 -155 166 1000 0 0 0 229 510 400 0 -74 1000 500 400 0 600 350 0 0 250
0 0 0 0 0 900 0 650 1000 500 0 1000 507 690 0 500 0 0 0 688 0 341 283 0 0 0 450 233 600 0 0 0 799 433 250 400 0 569 0 0 0 750 0 454 250 0 687 400 0 799 150 1000 500 133 900 900 0 454 62 533 0 155 0 333 275 0 100 0 1000 0 0 1000 333 0 0 900 188 0 144 62 288 666 300 0 0 0 393 466 800 0 700 600 500 400 0 1000 400 0 1000 150
#boro 2017-04-08
276 0 0 0 400 0 166 0 400 0 -525 800 0 100 0 0 0 0 0 0 0 -300 -155 332 0 -300 100 233 0 0 0 0 250 566 37 0 0 -125 700 -125 0 166 -155 0 500 170 -155 0 100 400 -200 208 0 -166 0 200 143 250 0 0 47 250 172 0 0 200 -125 1000 510 400 500 800 0 0 136 0 350 0 400 0 0 488 0 0 400 0 -327 400 0 0 312 0 0 1000 0 -175 166 0 -366 800
188 0 0 0 800 0 211 0 800 0 700 400 0 150 0 0 66 0 0 0 0 400 288 520 1000 700 400 255 0 66 0 0 500 566 287 55 100 375 600 375 0 333 288 0 500 454 288 0 150 400 725 541 0 166 0 300 506 100 0 0 311 100 394 1000 0 208 799 300 466 800 500 750 0 0 472 916 400 0 700 0 0 400 0 0 400 0 394 800 0 0 333 0 0 750 0 550 833 0 522 400
#Clarets 2017-04-08
0 -187 -187 0 0 0 0 227 500 400 -300 0 0 0 0 0 900 400 625 800 -57 0 500 166 400 0 0 250 500 100 85 0 0 166 0 0 0 0 0 0 0 0 0 625 0 100 500 700 625 0 0 600 800 0 500 136 700 600 625 700 0 0 0 0 0 0 133 500 0 0 0 450 0 200 0 0 136 0 1000 1000 0 0 133 0 0 433 350 0 0 0 0 0 0 0 0 170 0 0 0 0
0 500 500 0 0 0 0 545 500 400 600 0 0 0 0 0 1000 400 900 400 617 0 500 833 900 0 0 333 500 400 250 0 0 333 0 0 0 0 0 0 0 0 0 500 0 383 500 549 900 0 0 650 400 0 1000 454 600 641 900 600 0 0 0 0 0 0 300 750 0 0 0 250 0 200 0 1000 454 1000 300 300 0 0 383 0 750 833 550 0 0 0 0 0 0 0 0 500 0 0 0 0
#SCFC 2017-04-08
700 0 0 800 0 0 0 0 -312 250 -500 200 -291 0 175 0 0 0 0 0 0 0 0 0 0 25 0 85 0 0 400 1000 0 0 0 625 -155 0 0 0 0 0 0 100 0 0 0 -100 400 0 85 85 0 0 0 0 0 0 350 750 0 500 136 0 0 0 0 0 0 0 178 0 0 0 0 0 0 -291 0 0 0 0 500 -291 0 0 0 0 0 0 0 0 600 0 0 0 0 0 0 0
600 0 0 900 0 0 0 0 687 494 500 500 541 0 825 0 0 0 0 0 0 0 0 0 0 558 0 250 0 1000 800 750 0 0 0 600 288 0 0 0 0 0 0 100 0 0 0 200 200 0 250 250 0 600 0 0 0 100 675 900 0 500 500 0 0 0 0 0 1000 100 818 0 0 500 0 500 0 541 0 0 0 0 500 541 0 0 0 0 0 0 0 0 900 0 0 0 125 0 100 100
#LFC 2017-04-08
-400 136 0 900 900 900 900 900 900 0 0 0 0 0 0 0 400 0 136 136 400 136 268 -125 1000 399 -600 1000 1000 136 1000 1000 1000 1000 136 -540 0 0 0 0 0 83 450 0 100 50 1000 900 900 900 400 900 400 400 900 400 900 400 400 900 0 0 500 400 400 400 218 400 400 400 400 300 0 0 0 0 0 268 -125 0 0 0 500 0 900 0 900 0 400 400 0 0 400 0 -1000 400 0 400 0 0
400 454 0 600 600 600 600 600 600 0 0 0 0 0 0 0 800 0 454 454 800 454 627 375 750 422 1000 300 300 454 300 300 300 300 454 762 0 0 0 0 0 130 575 0 0 50 900 600 600 600 800 600 800 800 600 800 600 800 800 600 125 0 500 800 800 800 477 800 800 800 800 450 0 0 0 0 0 627 375 0 0 0 600 0 600 0 600 0 800 800 0 0 800 0 1000 800 0 800 0 0
#WBA 2017-04-08
900 900 900 900 900 900 400 136 136 400 1000 1000 1000 1000 1000 1000 136 0 900 900 900 0 900 900 900 900 400 400 400 400 400 400 -166 800 900 900 900 0 400 0 0 -71 0 500 0 0 136 400 0 68 200 136 800 0 400 400 400 400 400 400 400 400 0 900 400 -77 136 900 0 0 -166 400 400 400 400 400 400 400 400 400 400 400 0 900 900 900 900 900 900 136 900 900 0 0 900 900 900 900 900 900
600 600 600 600 600 600 800 454 454 800 300 300 300 300 300 300 454 0 600 600 600 0 600 600 600 600 800 800 800 800 800 800 433 900 600 600 600 0 800 0 500 214 0 500 0 0 454 800 0 727 400 454 750 0 450 800 800 800 800 800 800 900 100 600 800 144 454 600 0 0 433 800 800 800 800 800 800 800 800 800 800 800 0 600 600 600 600 600 600 454 600 600 0 750 600 600 600 600 600 600
#SaintsFC 2017-04-08
-125 0 -50 375 0 0 0 0 540 390 0 625 -400 0 -125 0 0 0 0 0 533 0 625 600 400 500 -312 0 0 -16 -400 0 0 400 -400 625 750 0 0 0 500 250 0 0 -100 0 0 0 0 0 0 0 0 0 0 662 628 0 0 0 0 0 -400 0 800 0 50 200 0 0 0 66 625 500 800 200 0 100 136 400 0 625 0 0 208 -166 136 -250 0 0 0 600 0 1000 500 0 600 0 0 0
283 0 400 750 0 0 0 0 710 200 0 800 700 0 400 0 0 0 0 0 733 0 800 800 450 400 250 0 0 633 600 0 0 900 400 800 625 0 0 0 500 600 0 0 100 0 0 0 0 0 0 0 0 0 0 550 845 0 0 0 0 0 400 250 750 0 550 300 0 0 1000 300 800 1000 400 280 300 133 454 700 0 800 0 0 250 500 454 250 0 1000 0 400 0 1000 500 0 687 0 1000 0
#WHUFC 2017-04-08
136 136 136 0 0 -275 -600 0 0 0 0 136 136 0 0 0 0 0 0 0 0 0 0 0 0 0 -1000 500 0 0 100 148 136 0 0 0 -400 0 0 0 -27 0 0 0 -100 99 0 0 600 0 -100 62 0 136 0 0 250 -16 99 0 0 0 0 0 -155 0 625 285 -400 0 0 100 -400 0 155 0 -107 0 600 400 250 0 0 0 400 0 0 0 0 0 99 0 -250 0 604 0 0 0 0 0
454 454 454 0 0 425 800 0 0 0 0 454 454 0 0 0 0 0 0 0 0 0 0 0 100 0 1000 500 0 0 400 497 500 0 0 625 400 0 0 0 344 0 0 0 462 650 0 0 700 0 1000 50 0 454 0 0 500 544 650 0 0 0 0 625 288 0 900 535 400 0 0 350 600 0 475 633 678 0 550 375 250 0 100 0 400 0 100 0 0 0 650 0 288 0 433 0 0 0 0 0
#Swans 2017-04-08
0 0 350 170 0 100 0 600 0 136 0 0 0 0 0 700 0 0 0 0 0 0 0 0 0 325 266 0 556 0 166 250 136 0 500 0 0 0 0 0 412 0 500 510 100 700 -150 0 0 -500 250 0 0 625 500 0 0 0 0 0 200 -303 250 2 0 100 0 450 0 -107 0 0 100 350 350 0 400 400 0 0 0 600 0 700 0 0 0 0 0 0 0 312 0 0 0 0 0 0 0 0
0 0 399 529 0 100 0 1000 0 500 0 0 0 0 0 600 0 0 0 1000 0 0 0 0 0 500 683 0 676 0 833 250 500 0 1000 0 0 0 0 1000 618 0 1000 750 150 600 350 0 0 650 300 0 0 900 900 0 125 0 0 0 300 288 283 580 562 650 0 616 0 262 0 0 900 400 550 0 600 900 0 0 0 900 700 600 0 0 0 0 0 0 0 333 650 0 125 0 0 0 0 0
#COYS 2017-04-08
500 0 316 400 0 0 375 0 400 0 781 0 500 166 0 0 0 0 387 0 250 0 500 99 366 166 -16 0 0 0 600 400 333 400 450 1000 350 0 0 0 -16 0 0 -199 0 100 0 500 192 0 0 0 0 0 500 0 -1000 0 0 250 -499 450 533 500 -50 -250 1000 488 0 800 0 1000 500 -291 0 800 325 800 600 350 0 250 0 500 0 0 200 0 0 0 200 0 62 0 0 800 95 49 0 0
888 0 399 550 0 66 604 0 800 0 500 0 475 188 0 0 0 0 554 0 449 0 558 488 505 833 233 0 0 0 900 800 666 900 750 600 516 0 0 66 733 0 0 829 0 200 0 500 767 0 0 0 0 0 500 0 1000 0 0 400 533 500 522 750 400 233 1000 900 533 1000 0 300 500 541 1000 750 524 750 600 900 0 200 0 500 0 666 200 0 0 0 900 0 700 0 0 750 367 500 0 0
#WatfordFC 2017-04-08
477 400 274 400 0 0 0 518 0 0 0 0 0 0 0 375 137 0 142 0 1000 491 0 0 400 -133 0 266 0 0 66 387 0 0 0 0 0 -400 0 0 0 -400 0 0 433 0 0 0 250 0 0 518 0 -800 0 0 0 0 518 133 800 0 0 0 500 0 0 500 200 0 0 400 150 68 -349 0 0 0 -400 0 750 33 0 -400 0 0 375 -400 0 0 0 0 0 300 0 278 0 0 800 700
600 800 650 800 0 0 1000 677 533 0 0 0 0 0 0 700 387 0 267 0 1000 741 0 0 1000 250 0 177 0 178 300 750 0 0 0 0 0 400 0 0 0 400 0 0 733 0 0 1000 383 0 0 677 1000 900 0 0 0 0 677 300 650 66 0 500 500 0 0 450 100 0 1000 633 275 227 583 0 0 0 400 0 675 66 0 400 0 0 750 400 0 0 0 0 0 377 650 385 0 0 1000 600
#CFC 2017-04-05
400 0 0 136 0 0 600 0 0 0 -187 200 500 0 268 0 268 0 136 250 0 0 0 0 268 350 333 800 0 0 0 0 0 300 -155 600 200 0 0 0 650 268 325 0 0 -250 166 566 -250 0 250 0 0 0 0 -600 -6 0 200 500 0 0 0 -262 0 0 0 -249 0 500 0 800 0 -400 0 0 0 0 0 0 0 0 200 0 200 0 0 0 0 0 0 1000 0 0 400 268 0 -262 700 0
800 0 0 454 0 0 900 0 0 0 500 100 750 0 627 0 627 500 454 875 125 0 0 0 627 300 666 750 0 150 0 0 0 900 288 700 300 750 0 0 900 627 566 0 0 400 486 616 250 125 500 0 100 0 125 1000 500 0 300 500 0 0 0 387 0 0 0 550 0 500 0 400 100 400 0 0 100 0 0 0 0 0 100 0 100 0 0 0 0 0 0 300 0 0 800 627 0 387 775 0
#MCFC 2017-04-05
250 136 136 136 136 136 136 136 900 900 900 900 900 900 0 400 900 400 900 0 268 136 218 0 136 136 0 0 250 0 900 900 900 900 900 900 268 1000 136 136 900 900 900 900 900 900 136 136 136 136 136 268 268 900 268 268 268 268 218 218 136 0 218 400 -200 268 125 0 0 136 600 0 -200 268 400 0 700 1000 136 900 900 900 900 900 900 0 900 900 166 137 0 218 218 218 218 218 218 0 0 0
550 454 454 454 454 454 454 454 600 600 600 600 600 600 1000 800 600 800 600 0 627 454 477 0 454 454 0 0 250 0 600 600 600 600 600 600 627 300 454 454 600 600 600 600 600 600 454 454 454 454 454 627 627 600 627 627 627 627 477 477 454 0 477 800 50 627 525 0 0 454 950 0 50 627 800 0 750 350 454 600 600 600 600 600 600 0 600 600 666 611 1000 477 477 477 477 477 477 1000 0 100
#LFC 2017-04-05
136 -60 -53 333 900 900 900 900 600 0 900 900 0 0 80 0 0 -53 0 0 0 400 0 0 0 0 0 143 781 400 400 400 400 900 400 900 268 136 218 0 400 390 0 500 400 400 400 400 400 400 0 136 0 0 136 0 261 200 0 0 0 400 99 0 50 0 100 -50 0 458 0 0 0 0 0 0 0 0 68 -140 900 900 900 -486 900 900 900 -187 500 -462 400 0 0 0 268 0 0 0 0 500
454 585 250 333 600 600 600 600 550 0 600 600 500 0 269 0 0 250 0 0 0 800 0 0 0 0 0 543 500 800 800 800 800 600 800 600 627 454 477 0 800 250 0 850 800 800 800 800 800 800 0 454 0 250 454 0 345 300 0 0 0 900 350 0 50 0 0 400 0 500 0 0 0 100 0 0 0 0 727 950 600 600 600 833 600 600 600 950 1000 562 800 0 0 0 627 0 0 0 0 600
#AFCB 2017-04-05
0 0 0 0 0 0 0 0 0 -75 136 0 -400 -1000 0 406 0 -111 0 0 0 -25 0 0 0 250 0 0 0 -150 -400 0 0 142 0 0 0 170 616 0 0 -500 250 285 0 -400 -300 0 0 0 0 0 0 100 400 0 0 0 0 0 0 125 250 500 0 550 0 0 0 0 0 136 -75 300 0 0 0 0 0 0 0 0 400 0 0 0 50 362 125 300 750 -625 -125 185 0 -66 0 0 333 -200
0 0 125 400 0 0 100 0 0 466 500 0 400 1000 0 483 0 214 0 0 0 700 0 0 0 250 0 0 0 750 400 0 0 767 0 0 0 500 566 100 0 600 362 535 0 400 400 0 0 0 0 0 0 1000 800 400 0 0 0 0 0 166 500 600 0 500 100 1000 125 0 0 454 450 166 0 0 100 0 0 0 0 0 400 0 100 0 100 750 300 800 400 1000 375 414 300 566 0 0 799 100
#AFC 2017-04-05
0 218 0 136 500 -233 0 0 250 0 678 218 218 218 625 0 0 0 800 0 0 350 325 0 -250 166 -250 250 0 0 0 -600 166 136 0 0 0 0 0 0 285 55 0 0 0 250 0 0 218 218 218 218 218 218 0 0 0 0 500 0 500 200 799 0 0 500 0 0 218 218 218 218 218 218 0
0 477 0 454 475 1000 125 0 500 100 767 477 477 477 750 0 0 250 750 0 0 358 566 0 400 486 250 500 500 0 0 1000 333 454 0 0 0 0 0 0 535 194 0 0 100 100 0 0 477 477 477 477 477 477 0 0 0 0 500 100 500 100 700 0 125 250 0 0 477 477 477 477 477 477 0
#WHUFC 2017-04-05
136 136 184 136 0 225 0 136 0 250 0 0 0 0 0 -600 -600 0 0 0 0 0 142 0 500 200 214 122 333 100 0 500 -400 750 700 100 0 136 0 136 0 0 375 -350 0 0 0 600 0 500 250 0 0 56 0 0 0 -500 246 300 0 0 0 136 0 0 0 0 0 0 0 124 600 0 366 0 -600 -600 0 0 0 700 136 136 136 0 136 136 136 136 136 136 0 333 200 712 200 0 500 400
454 454 324 454 0 266 0 454 0 250 125 0 100 0 0 900 900 400 0 0 0 0 267 250 500 100 496 477 833 100 333 650 700 950 700 1000 0 454 0 454 0 0 875 683 0 0 0 900 0 500 333 0 0 166 0 0 400 1000 517 633 100 0 0 454 100 0 0 0 0 0 0 700 770 125 683 0 900 900 0 0 0 1000 454 454 454 100 454 454 454 454 454 454 0 666 750 600 200 0 500 533
#hcafc 2017-04-05
0 0 -111 200 0 100 700 0 -300 0 0 0 500 0 0 600 0 0 100 0 0 88 0 250 800 0 0 100 -500 0 600 0 0 275 0 712 0 0 583 -133 -416 0 0 550 0 100 750 500 400 620 300 350 -350 1000 0 437 33 0 583 0 0 -90 -400 -400 0 0 0 0 0 400 0 214 -200 0 99 0 300 0 500 800 0 233 0 100 0 0 0 0 100 700 250 500 500 136 0 0 500 500 0 537
0 0 541 250 500 1000 600 0 600 0 0 625 750 0 0 450 0 0 400 0 0 472 0 750 750 0 0 100 1000 0 450 0 0 300 100 675 0 0 477 166 500 0 0 950 0 50 400 500 500 433 450 550 549 300 0 500 633 0 477 0 1000 630 400 400 0 0 0 0 0 500 0 428 0 0 399 0 312 0 900 400 0 366 0 100 0 0 0 0 300 600 750 500 900 500 0 500 833 1000 0 666
#boro 2017-04-05
0 625 390 0 0 0 0 0 62 0 -333 0 0 625 350 0 0 0 250 0 0 0 154 0 0 400 875 100 300 0 0 0 -199 0 0 0 0 0 -500 0 250 500 274 0 -300 0 312 0 0 0 350 300 500 0 300 0 0 -1000 0 0 -333 0 175 -400 0 0 0 0 0 800 0 125 100 0 100 700 0 0 68 400 200 0 0 400 800 100 0 200 250 100 100 0 800 193 170 0 100 100 0 100
0 500 0 0 0 0 0 0 375 0 1000 0 0 900 691 0 0 0 300 0 0 0 456 0 0 800 600 500 750 0 0 0 466 0 0 0 0 0 500 0 450 500 550 0 650 0 333 0 0 0 550 650 500 0 900 0 0 1000 0 0 666 125 266 400 0 0 0 0 0 400 500 199 300 0 100 600 0 0 227 400 900 0 0 800 900 0 0 350 300 0 0 0 400 400 500 0 0 0 0 0
#SaintsFC 2017-04-05
700 136 400 291 0 0 -650 1000 0 399 -99 295 0 0 0 -95 1000 199 0 0 433 0 0 0 0 0 0 0 350 0 760 0 0 0 100 0 800 -400 -108 0 -300 66 0 0 0 -41 136 250 0 325 561 0 0 0 -400 0 0 0 0 0 100 0 312 0 216 -500 -500 0 0 650 -300 250 0 89 0 0 0 0 100 -100 0 100 160 0 0 350 0 100 0 -441 800 0 0 0 250 0 0 0 400 0
600 454 400 477 0 0 950 1000 0 566 875 684 562 0 0 320 300 616 750 0 455 0 1000 0 0 0 0 0 550 100 783 0 0 0 100 0 1000 400 516 0 400 322 0 0 0 97 454 675 0 350 811 0 0 0 400 0 0 0 0 0 400 0 283 0 416 500 500 0 0 750 600 250 0 232 400 0 0 0 200 400 0 200 539 0 0 544 0 200 0 491 900 100 0 0 277 0 0 0 900 0
#CPFC 2017-04-05
0 0 0 0 0 0 0 0 700 0 0 0 0 0 0 136 0 0 0 0 142 0 0 734 0 0 0 0 0 400 0 0 0 0 0 500 0 0 300 546 0 0 0 0 300 266 0 0 -200 0 200 475 0 500 0 0 0 0 0 0 0 0 0 -312 0 600 1000 399 0 850 0 0 250 350 0 0 0 0 450 0 0 0 0 0 33 566 0 500 0 0 0 -388 400 236 525 0 0 0 45 0
0 0 0 0 0 0 0 0 600 0 0 0 0 0 0 454 125 0 0 0 267 0 0 550 0 0 0 0 0 400 0 0 100 0 0 449 100 0 100 650 0 0 0 1000 350 466 0 0 716 0 366 600 0 900 0 0 0 0 0 0 0 0 0 687 0 1000 300 450 0 1000 0 0 500 300 0 1000 0 0 287 0 0 0 0 0 688 460 0 375 0 0 0 833 400 422 475 0 0 0 379 0
#Swans 2017-04-05
0 0 0 0 0 850 0 0 200 400 222 0 -100 0 518 0 850 400 0 195 0 -500 0 -500 0 130 500 -100 -250 0 166 -200 0 0 0 0 0 -437 0 0 0 0 0 0 700 400 0 -15 0 700 350 -400 0 -500 0 136 0 0 136 250 136 0 0 -208 0 0 0 0 0 0 295 0 0 0 136 -250 0 800 118 0 0 0 0 0 0 150 -416 181 500 0 350 300 -69 170 0 0 144 0 0 0
0 0 0 0 0 1000 0 0 275 800 611 1000 400 0 750 100 1000 800 0 400 0 500 0 500 0 390 900 50 650 0 666 200 0 0 0 0 0 383 0 0 0 0 0 0 700 650 0 352 0 700 550 400 0 500 0 500 0 0 500 750 454 0 0 433 0 0 0 125 0 0 511 0 0 0 454 500 0 400 475 0 0 0 0 0 0 800 500 396 833 0 800 650 88 350 0 0 355 0 0 100
#COYS 2017-04-05
0 0 250 416 400 0 0 -250 233 233 100 200 366 700 700 520 0 -400 399 350 0 0 400 500 250 0 0 366 0 0 0 246 -400 -400 0 399 0 166 0 -500 0 0 0 250 357 0 0 -155 314 0 -21 450 250 416 0 578 0 0 0 0 0 700 0 199 0 222 0 0 300 0 0 0 300 0 0 625 813 297 -150 0 0 24 625 500 -400 0 0 0 250 0 0 279 837 600 0 0 -100 350 0 0
0 0 337 216 800 0 0 400 362 366 100 200 533 600 600 800 0 700 537 300 0 0 800 500 333 0 0 700 0 0 0 512 400 600 0 633 0 333 0 600 0 0 0 100 571 0 0 288 262 0 475 750 333 750 0 635 0 0 1000 0 0 900 0 461 0 388 500 0 433 0 0 0 508 0 0 500 583 475 750 0 0 700 500 525 600 0 0 0 533 0 0 325 950 1000 0 0 350 400 0 0
#MUFC 2017-04-04
300 0 700 0 0 79 268 900 900 900 900 900 900 400 400 400 400 500 400 400 -700 0 0 225 -625 400 157 88 268 0 0 0 0 0 0 100 100 218 -25 55 0 268 -12 49 -166 136 0 130 900 900 900 900 900 175 136 900 0 625 268 0 100 0 100 -300 250 0 1000 0 50 0 136 0 406 291 -166 333 -50 400 400 400 400 400 400 100 412 112 0 900 0 900 900 900 900 900 100 0 -50 100 0 -737
450 0 600 0 0 291 627 600 600 600 600 600 600 800 800 800 800 500 800 800 200 0 0 525 900 800 785 690 627 0 0 0 0 0 0 0 0 477 200 716 0 627 0 512 250 454 0 520 600 600 600 600 600 400 454 600 0 800 627 0 0 0 0 272 300 0 900 0 50 0 454 0 675 558 333 666 400 800 800 800 800 800 800 400 550 284 0 600 0 600 600 600 600 600 0 0 483 300 0 700
#EFC 2017-04-04
268 0 0 268 100 100 268 -400 0 136 268 100 100 0 100 400 0 100 268 0 0 0 0 400 0 400 0 136 187 285 33 -240 0 0 0 250 -500 0 450 325 136 -500 0 0 0 -50 200 0 -500 -200 136 136 136 136 400 136 136 136 136 800 -571 -375 -750 0 800 268 0 0 0 0 0 0 268 0 0 0 800 100 800 400 0 268 136 268 0 -187 0 31 0 650 -500 0 0 75 -571 800 -99 666 552 350
627 0 0 627 0 0 627 400 0 454 627 0 0 0 0 800 0 0 627 0 125 500 0 800 0 800 0 454 444 535 799 288 0 0 0 500 1000 1000 825 666 454 1000 100 0 0 400 250 0 1000 650 454 454 454 454 800 454 454 454 454 1000 767 666 850 0 400 627 0 357 0 100 0 1000 627 0 0 0 900 900 900 800 0 627 454 627 0 500 0 381 0 450 300 0 0 350 660 400 583 533 633 450
#Clarets 2017-04-04
0 0 0 1000 -50 -50 0 0 500 0 625 -400 0 0 0 0 0 0 250 500 0 -500 0 0 450 450 0 -1000 0 0 0 0 0 0 0 100 0 -200 0 0 -400 800 800 800 0 800 136 708 337 800 0 800 800 800 500 0 650 0 0 -233 250 0 1000 350 0 681 200 0 136 0 0 136 0 0 -175 0 136 0 0 0 0 0 610 352 0 170 0 0 0 136 0 0 0 0 0 0 0 0 0 0
66 66 0 300 400 400 0 100 833 0 900 400 0 0 0 600 0 0 500 500 0 900 0 0 400 400 0 1000 0 0 1000 0 0 0 0 400 100 350 0 0 600 400 400 400 0 400 454 500 387 400 0 400 400 400 750 0 450 0 0 547 283 1000 300 550 0 700 200 0 500 0 0 500 0 0 358 0 500 0 0 0 0 0 500 438 0 500 0 0 0 500 0 0 0 0 0 0 66 0 0 0
#SCFC 2017-04-04
800 -1000 -500 0 -500 0 0 0 0 0 0 -1000 0 0 0 -400 0 0 0 216 -1000 -500 -1000 0 -500 0 0 -500 68 0 0 0 0 -1000 0 0 625 0 140 209 -390 0 0 375 900 0 0 166 136 -100 0 500 0 0 0 0 0 0 0 500 0 0 -1000 466 0 200 0 200 193 0 -500 0 125 0 -250 -200 400 -500 466 -200 200 -400 0 500 0 -400 0 -12 0 -66 0 0 0 0 99 -1000 -500 625 1000 -194
700 1000 400 0 1000 0 0 0 0 0 0 1000 0 0 0 400 0 0 0 518 1000 1000 1000 0 900 0 0 1000 727 0 0 0 0 1000 0 0 600 0 413 515 500 314 0 644 1000 0 0 733 500 400 0 500 0 0 0 0 0 0 0 500 0 0 1000 616 0 233 0 200 327 0 1000 0 300 0 888 400 650 1000 633 500 200 600 0 750 0 600 0 575 0 425 0 0 0 0 376 1000 900 500 300 288
#LCFC 2017-04-04
400 400 400 400 400 400 0 0 0 0 0 0 0 400 400 400 400 400 400 0 0 136 136 136 0 400 86 0 250 0 136 0 136 0 0 136 0 400 400 400 400 400 400 316 0 200 0 94 136 800 0 0 0 24 0 0 0 0 0 0 0 136 0 0 0 400 433 0 375 0 0 828 0 433 0 0 0 0 0 0 0 1000 -262 136 0 0 0 400 0 600 0 433 0 1000 50 0 0 136 -166 41
800 800 800 800 800 800 0 0 0 0 0 0 0 800 800 800 800 800 800 0 0 454 454 454 125 800 713 0 750 0 454 0 454 0 0 454 0 800 800 800 800 800 800 716 125 312 0 466 454 1000 100 0 0 775 0 0 0 0 0 0 0 454 0 0 0 800 833 0 100 0 0 850 0 833 0 0 0 0 0 0 0 300 339 454 0 0 0 600 0 900 0 616 0 300 100 0 0 454 266 236
#SAFC 2017-04-04
0 0 -437 -400 -800 0 700 0 -99 0 0 0 0 -252 0 500 0 0 700 0 237 0 0 0 0 -50 175 0 -500 0 700 -155 0 -99 0 -200 0 0 800 -38 0 -900 -300 0 250 0 0 136 0 0 0 0 0 0 250 0 0 800 200 0 0 1000 0 0 0 0 0 0 0 0 562 -263 -150 -100 100 0 0 0 500 -433 0 0 0 -100 -250 0 166 0 0 100 0 0 0 0 333 0 0 0 200 0
0 0 812 400 800 0 600 0 549 0 100 0 0 388 0 500 0 0 700 0 687 150 0 0 0 244 875 100 200 0 900 288 0 950 0 800 550 750 1000 467 500 1000 400 0 594 0 0 454 0 0 0 0 0 0 1000 0 0 400 600 0 0 1000 0 0 0 0 0 0 0 0 694 555 399 1000 287 0 300 0 1000 316 0 0 0 900 500 0 333 0 0 420 0 0 0 100 166 0 0 0 850 0
#WatfordFC 2017-04-04
400 0 400 136 0 136 0 0 0 200 0 250 250 -28 300 0 0 0 700 0 0 0 0 -699 0 300 500 0 0 1000 0 1000 0 278 0 -250 0 0 136 0 0 0 0 136 136 136 0 483 0 500 0 324 0 0 0 500 1000 -50 116 83 800 100 366 0 0 0 0 -699 136 0 136 136 0 366 466 0 280 0 308 450 0 350 136 100 800 83 0 400 449 136 0 136 0 136 0 -125 136 136 466 0
800 0 800 454 0 454 0 0 0 100 0 333 750 171 0 0 0 0 700 0 0 0 100 666 0 500 500 0 0 300 0 300 0 351 76 700 0 0 454 0 0 0 0 454 454 454 0 750 0 500 0 500 0 0 0 500 1000 400 250 83 400 400 366 125 0 0 0 666 454 0 454 454 0 700 799 0 500 0 516 566 0 550 454 400 400 666 1000 800 400 454 1000 454 100 454 0 625 454 454 799 0
#WBA 2017-04-04
900 900 900 900 900 900 400 400 400 400 400 400 -700 400 1000 1000 1000 1000 1000 1000 100 100 0 900 900 900 900 900 900 100 0 100 0 500 900 900 900 900 900 900 100 400 400 400 400 400 400 900 1000 900 1000 1000 1000 900 1000 1000 400 0 900 333 0 136 500 0 400 400 400 400 400 400 0 900 900 200 0 0 0 400 400 136 900 0 -250 0 -66 0 0 900 136 160 900 0 0 200 0 900 0 700 1000 900
600 600 600 600 600 600 800 800 800 800 800 800 200 800 300 300 300 300 300 300 0 0 0 600 600 600 600 600 600 0 0 0 500 783 600 600 600 600 600 600 0 800 800 800 800 800 800 600 300 600 300 300 300 600 300 300 800 0 600 833 0 454 500 0 800 800 800 800 800 800 0 600 600 500 0 0 0 800 800 454 600 0 500 0 133 0 0 600 454 539 600 0 0 400 0 600 0 600 300 600
#AFC 2017-04-02
500 100 0 0 550 0 0 136 0 500 250 0 0 218 218 218 218 218 218 0 200 0 0 -155 0 0 136 0 0 100 49 0 171 0 0
1000 100 100 0 850 0 0 454 0 500 1000 500 0 477 477 477 477 477 477 0 400 0 0 288 100 0 454 0 0 800 450 1000 647 0 0
#MCFC 2017-04-02
500 900 900 900 900 900 800 800 800 400 800 800 0 0 0 400 0 268 800 800 800 800 800 800 268 268 268 268 268 268 268 268 268 136 268 268 268 136 800 0 800 800 800 800 800 0 250 -500 800 800 800 800 800 800 800 800 800 800 800 900 900 218 900 218 218 900 218 900 900 218 218 500 0 268 0 0 0 0 0 900 0 900 900 0 0 800 200 400 268 0 0 0 0 0 268 268 268 268 268 800
500 600 600 600 600 600 400 400 400 800 400 400 500 0 0 800 0 627 400 400 400 400 400 400 627 627 627 627 627 627 627 627 627 454 627 627 627 454 400 0 400 400 400 400 400 0 1000 700 400 400 400 400 400 400 400 400 400 400 400 600 600 477 600 477 477 600 477 600 600 477 477 500 0 627 0 0 0 0 0 600 0 600 600 0 0 400 500 800 627 0 0 0 0 0 627 627 627 627 627 400
#Swans 2017-04-02
-400 0 0 136 -133 166 -291 0 100 0 0 0 -250 0 0 160 94 0 -500 0 -291 0 416 650 0 136 233 0 0 0 275 0 380 0 0 0 136 250 -400 0 0 200 -291 0 0 0 0 375 400 0 0 -225 0 566 0 0 0 0 0 0 0 650 0 0 0 400 1000 0 0 160 0 0 375 160 0 133 0 800 66 300 500 0 50 0 0 0 275 650 1000 0 0 -450 0 0 400 0 0 0 -350 400
400 1000 0 454 166 333 541 0 800 0 0 0 1000 0 0 539 242 0 1000 0 541 0 500 550 0 454 633 0 100 0 525 0 539 0 633 0 500 500 400 0 0 300 541 0 0 0 0 1000 700 0 1000 475 0 733 0 0 0 0 0 100 0 600 0 0 0 450 300 0 0 539 0 0 562 539 0 888 0 700 333 410 500 0 250 0 0 0 525 600 300 0 0 400 0 0 900 0 0 0 400 650
#boro 2017-04-02
100 0 0 0 281 0 0 0 375 0 0 0 0 0 0 300 300 0 0 0 0 -143 104 0 510 575 800 136 99 900 0 -400 0 0 0 104 500 0 0 0 0 142 0 0 0 0 900 0 750 800 375 0 0 300 0 0 0 0 0 0 0 800 406 68 0 66 99 0 0 0 0 800 0 0 200 0 1000 0 0 500 0 0 265 0 283 0 200 400 542 -25 0 100 125 0 100 250 300 0 0 0
100 357 50 0 625 0 0 0 200 0 66 0 0 0 0 650 650 0 125 0 0 518 520 0 616 897 400 500 366 1000 250 400 0 0 250 570 500 0 0 0 0 767 0 0 0 0 525 0 700 400 750 0 0 700 0 0 50 0 0 0 0 750 616 277 0 333 700 0 0 0 0 750 166 0 200 0 300 0 0 500 0 0 475 66 366 0 650 900 467 500 400 300 325 0 575 450 650 0 0 0
#SaintsFC 2017-04-01
0 0 -50 0 -225 699 250 0 250 -300 0 78 -200 700 0 -500 300 0 0 -500 0 0 0 74 0 516 -500 -500 200 250 0 0 0 0 0 0 0 200 0 0 0 0 193 -582 350 0 0 500 -500 0 0 200 0 -104 0 162 0 -350 187 0 0 0 0 0 500 285 800 100 250 0 600 0 1000 0 0 625 -350 229 133 0 0 0 0 800 0 0 0 0 0 0 -400 136 0 0 0 400 533 0 0 400
0 0 400 0 550 829 250 0 350 900 0 335 50 600 0 500 352 0 0 500 0 0 0 487 0 866 500 500 500 500 0 0 0 0 0 0 0 588 0 0 0 0 475 770 350 66 0 900 1000 0 0 100 0 233 0 575 0 600 487 0 0 0 300 0 850 535 1000 400 500 0 250 0 400 0 0 600 600 625 750 0 0 0 0 400 0 0 0 0 0 0 400 500 400 50 0 800 383 100 0 900
#AFCB 2017-04-01
0 0 0 0 0 0 0 0 0 0 0 0 516 0 0 0 -69 -500 0 0 0 0 0 -104 500 375 0 0 516 0 500 700 187 250 0 0 0 -400 350 200 0 0 0 -166 0 -400 0 0 0 0 0 0 0 400 0 0 625 0 0 0 400 -400 0 0 550 0 0 0 0 300 0 0 223 0 250 0 150 0 0 -500 0 0 0 700 0 0 0 0 245 400 0 0 175 0 0 0 -50 0 0 350
0 0 0 125 0 0 0 0 100 0 0 0 866 0 0 1000 288 1000 0 0 1000 0 0 233 800 500 0 0 600 0 500 600 677 500 0 0 0 400 550 900 100 0 0 308 0 400 0 0 0 0 0 0 0 800 0 0 900 0 0 0 400 400 125 0 500 100 0 66 0 166 0 0 285 0 1000 0 600 0 0 1000 0 0 0 600 66 0 0 100 366 900 0 0 562 0 66 0 400 300 0 550
