#BHAFC 2018-01-01
0 77 600 -500 650 0 375 0 0 0 -83 137 290 0 132 -251 0 370 0 -155 -155 -155 -250 0 0 540 -1000 250 0 0 181 650 270 0 0 250 0 350 0 200 120 500 500 500 500 500 500 500 500 500 500 500 175 251 0 133 7 0 0 199 136 0 99 -75 136 0 0 0 0 0 0 -207 0 0 0 0 0 0 0 0 76 0 512 0 0 0 700 0 375 -155 -155 -155 -155 -155 -155 -155 -155 -155 -155 -155
0 575 1000 600 750 66 500 0 0 0 633 575 679 0 313 329 0 562 66 288 288 288 250 0 0 471 1000 450 0 0 396 750 609 0 533 549 0 950 0 366 243 500 500 500 500 500 500 500 500 500 500 500 575 502 0 600 230 0 0 383 500 0 600 425 454 0 0 0 0 0 0 367 0 0 0 0 0 0 0 0 783 0 737 0 0 0 800 0 100 288 288 288 288 288 288 288 288 288 288 288
#AFCB 2018-01-01
-200 -350 0 0 600 300 5 800 466 -162 0 0 500 7 0 600 66 800 200 0 136 625 125 -97 500 550 0 0 58 0 -80 283 149 625 687 99 0 -625 -77 366 0 0 202 49 150 0 300 875 625 -400 625 625 625 -115 0 -600 0 147 625 800 0 0 800 800 0 482 160 0 433 -178 256 0 0 425 800 0 0 0 0 -1000 400 -17 -250 56 800 0 -187 700 0 -388 0 400 99 262 0 -74 650 62 600 452
649 500 0 0 425 300 850 1000 799 662 0 0 500 323 0 900 399 400 400 0 454 750 587 540 500 350 0 0 591 0 271 449 500 750 550 200 0 1000 144 666 0 0 502 700 350 0 400 800 750 400 750 750 750 500 0 900 0 285 750 400 0 0 750 400 0 546 539 0 416 285 384 0 0 675 400 0 0 0 0 1000 200 535 250 496 400 0 500 1000 0 833 0 550 333 525 1000 424 450 100 933 650
#WBA 2017-12-31
0 0 400 0 -250 0 400 0 0 250 75 0 0 0 800 0 -300 366 -177 0 0 -125 0 0 0 0 50 700 1000 0 500 800 -375 400 400 250 500 -150 0 0 0 800 0 191 75 0 0 0 0 -400 233 0 -400 125 0 0 250 0 68 350 700 500 116 312 -125 75 0 504 0 0 0 350 0 1000 250 136 0 0 -130 0 350 500 0 166 62 0 0 475 375 0 0 0 0 0 0 21 0 250 0 0
0 0 600 0 500 0 800 0 0 750 350 0 0 0 400 0 600 533 333 0 0 366 750 0 0 0 308 850 390 0 500 400 375 500 400 450 500 233 0 0 0 400 0 467 491 0 0 0 0 400 533 0 400 666 0 0 450 0 527 300 200 500 483 333 375 191 0 491 0 100 0 300 0 300 445 500 0 500 473 0 600 500 0 166 354 0 0 637 525 0 0 0 0 0 0 539 0 500 0 0
#AFC 2017-12-31
350 0 0 0 500 -30 0 -200 -400 -25 0 383 350 700 0 -6 468 250 0 0 800 0 125 0 -714 0 0 0 500 0 -714 0 0 400 667 667 667 667 667 667 667 667 750 0 33 33 33 33 375 0 0 224 412 0 0 0 233 -97 625 20 0 0 300 0 -200 500 0 0 0 0 333 0 233 0 0 0 0 -24 134 318 0 212 250 62 0 212 0 -250 0 25 800 61 0 0 1000 500 0 0 -50 -250
550 100 100 0 900 607 0 0 600 800 0 377 550 600 0 450 577 575 0 0 1000 0 1000 0 857 0 0 62 1000 0 857 0 0 900 410 410 410 410 410 410 410 410 750 1000 300 300 300 300 1000 0 0 475 550 1000 1000 0 366 236 900 520 0 0 449 0 399 500 0 333 0 0 500 0 366 0 0 0 0 350 405 527 0 384 450 500 0 384 0 562 0 500 400 322 0 0 1000 316 0 0 383 1000
#CPFC 2017-12-31
0 0 63 800 136 500 500 -100 0 500 0 62 -216 500 0 0 400 400 250 -250 800 -400 -250 0 -250 0 -100 0 0 600 300 0 666 0 150 136 0 0 500 0 0 0 0 -250 0 308 0 0 0 500 0 0 -350 637 637 150 -50 0 0 500 0 -304 0 166 1000 -16 -500 0 -49 0 0 0 100 200 0 0 0 0 0 -77 0 0 400 500 -150 0 0 0 0 1000 177 0 0 0 -327 250 0 -40 -145 0
0 0 314 400 454 500 500 500 0 600 0 200 404 1000 0 0 1000 600 900 562 750 400 366 0 366 0 433 0 0 1000 1000 0 533 0 250 454 0 0 316 0 0 0 0 250 0 641 433 0 0 500 0 0 450 500 500 178 375 0 0 900 0 629 0 302 300 83 400 0 500 0 66 0 600 400 0 0 0 0 0 144 0 0 375 500 800 0 0 100 0 300 408 0 0 0 444 333 0 561 270 66
#MCFC 2017-12-31
18 566 309 0 68 166 300 78 500 0 0 500 500 375 150 500 -109 -500 0 250 0 0 125 0 0 0 0 800 250 -97 68 0 0 0 149 0 0 -500 0 -233 -150 136 0 -155 667 667 667 667 667 667 667 667 -100 0 33 33 33 33 0 0 800
352 787 538 0 727 766 500 348 750 0 0 500 500 500 850 500 718 400 0 575 0 0 944 0 0 0 0 400 250 542 727 0 0 0 521 0 0 400 0 533 950 500 0 288 410 410 410 410 410 410 410 410 450 0 300 300 300 300 0 0 400
#MUFC 2017-12-30
116 0 309 0 542 -155 200 1000 0 0 184 0 800 0 68 -400 800 800 168 133 -125 0 87 125 500 0 178 100 1000 91 125 0 0 -125 0 0 0 591 50 0 0 0 800 625 -50 500 500 0 100 500 0 712 136 0 68 433 200 200 1000 275 -300 400 -350 0 449 800 800 300 205 0 0 0 200 400 -133 366 375 400 233 161 0 0 700 200 200 0 0 0 0 259 700 0 0 0 0 428 150 0 0 62
216 0 538 0 545 288 500 1000 0 0 624 0 750 100 727 600 400 400 277 666 1000 0 333 250 750 0 428 900 300 400 250 100 0 1000 0 0 0 608 350 0 0 0 400 400 483 500 500 0 291 550 0 650 454 0 727 833 300 300 600 335 400 800 500 0 400 400 400 600 436 0 0 0 300 500 500 431 400 900 233 378 0 0 600 500 950 650 0 650 1000 510 700 0 300 0 0 559 150 0 0 529
#SaintsFC 2017-12-30
0 166 250 -37 0 0 -181 0 390 225 0 250 0 200 0 211 0 1000 625 0 66 0 0 562 0 250 100 0 0 -166 24 0 100 0 0 100 0 0 0 625 0 0 400 400 -125 0 28 350 0 333 9 0 250 1000 -50 0 183 -150 0 318 97 -500 0 350 500 0 84 136 0 375 0 100 -71 0 -25 0 122 200 153 187 0 9 250 0 0 166 250 0 0 100 -93 0 1000 107 0 -16 160 0 -700 0
0 566 550 613 0 0 775 0 884 316 355 350 0 500 0 495 0 1000 500 0 533 0 0 550 0 333 200 0 1000 333 591 0 350 0 0 525 0 0 0 500 0 1000 400 400 125 100 568 500 0 666 581 0 500 300 350 562 799 200 0 477 272 875 0 650 900 0 300 454 0 575 0 100 585 0 618 0 700 500 303 583 0 581 500 0 0 875 500 0 0 400 250 0 300 464 0 300 539 1000 1000 0
#AFCB 2017-12-30
0 -200 0 0 0 13 659 700 120 666 75 166 0 200 125 0 0 300 0 0 20 800 666 0 800 350 0 666 0 0 641 22 0 61 500 0 200 666 0 800 500 733 -166 1000 0 33 0 666 0 -42 500 0 125 0 150 200 -400 0 0 0 183 -155 208 318 0 666 0 0 125 0 0 500 212 0 -400 0 0 300 833 666 900 0 0 833 391 0 412 103 -49 833 833 833 900 500 -49 0 0 500 833 500
0 700 0 0 0 735 610 1000 398 566 600 333 0 500 1000 0 0 1000 0 0 520 400 566 0 750 250 0 566 0 0 650 388 0 247 400 0 850 566 1000 900 500 466 166 1000 0 399 0 566 0 239 500 0 100 0 600 200 400 0 0 0 408 288 861 477 0 566 266 0 575 0 0 500 318 0 400 0 0 450 833 566 1000 0 250 833 500 0 950 350 633 833 833 833 1000 1000 250 0 0 1000 833 888
#EFC 2017-12-30
0 400 -50 50 68 189 125 0 0 100 0 99 0 604 -100 125 0 300 468 310 0 0 0 100 68 0 0 136 0 400 0 55 0 0 0 0 357 333 700 129 -66 200 0 100 0 400 -225 200 96 0 0 666 400 0 0 212 800 -107 440 433 781 0 300 375 93 0 350 357 -700 500 500 1000 0 1000 400 400 400 400 400 400 400 400 0 0 0 66 800 352 0 0 0 0 0 -125 100 650 0 11 -25 0
0 500 150 400 727 328 250 100 0 383 0 666 0 566 50 500 0 525 750 530 0 0 0 200 727 0 0 454 0 800 500 609 0 0 0 0 571 366 600 478 66 500 199 400 0 800 275 500 458 0 0 566 460 0 0 300 900 717 1000 483 600 0 541 822 650 500 550 535 1000 600 1000 1000 100 900 800 800 800 800 800 800 800 800 0 0 300 666 1000 700 0 0 0 0 0 366 300 450 0 563 200 1000
#CFC 2017-12-30
0 0 309 1000 0 0 0 68 24 0 866 0 141 -90 250 -600 0 0 700 0 0 0 12 0 199 0 68 0 0 0 400 55 0 200 250 0 800 0 0 187 0 0 223 0 625 700 250 559 100 0 866 0 1000 266 0 0 0 0 400 0 300 300 200 200 0 0 0 0 150 100 0 0 125 0 0 0 100 0 0 0 -266 400 400 400 400 400 400 400 400 400 0 20 0 0 0 100 0 0 183 800
0 0 538 1000 0 0 0 727 150 0 533 0 666 446 625 949 0 0 600 0 0 0 491 0 233 0 727 0 0 0 800 305 1000 100 450 0 1000 0 0 666 0 125 593 0 500 600 300 650 200 0 533 0 300 250 0 0 0 0 800 366 200 200 200 200 0 0 100 0 425 550 0 0 425 250 0 0 300 0 0 0 300 700 800 800 800 800 800 800 800 800 0 520 125 575 0 319 0 0 488 400
#SCFC 2017-12-30
0 866 0 0 250 0 0 0 262 0 133 0 0 0 0 223 625 0 0 866 0 700 0 33 0 111 0 221 0 166 0 866 0 0 0 136 -214 0 0 0 0 200 223 650 0 0 0 0 0 0 0 462 0 136 125 -133 500 0 0 0 125 104 200 0 866 866 213 419 136 -312 0 650 250 0 0 223 0 0 136 0 0 700 0 866 520 142 0 0 0 160 -150 500 -395 0 25 800 450 0 142 0
0 533 500 0 50 100 0 0 584 0 500 0 0 0 0 593 500 0 0 533 0 600 0 500 0 851 0 383 0 500 0 533 0 0 1000 454 500 0 0 0 0 505 593 600 0 0 0 100 0 0 0 625 0 454 750 333 500 0 0 0 750 333 700 0 533 533 454 535 454 687 0 450 250 0 0 593 0 0 454 0 0 600 0 533 666 267 0 357 0 539 399 150 300 0 175 400 300 0 267 0
#HTAFC 2017-12-30
0 0 -800 0 0 700 -100 0 0 0 0 0 0 0 216 0 256 -277 0 700 0 0 250 433 1000 280 0 300 0 100 -400 0 404 0 0 266 0 750 0 333 0 19 199 1000 0 0 -500 0 466 500 468 325 62 0 280 0 1000 0 0 0 -500 0 625 0 0 0 0 411 -500 0 0 0 0 0 0 0 1000 0 0 225 0 392 575 0 136 0 200 83 100 250 0 375 0 500 183 25 0 0 -166 -400
0 0 900 0 0 600 400 0 0 0 0 0 0 550 666 100 341 494 100 600 0 0 850 833 300 280 0 875 0 1000 400 0 395 0 0 383 0 750 0 566 0 590 347 1000 50 0 700 0 466 500 427 850 650 0 280 500 1000 500 0 0 500 0 750 500 0 0 0 577 400 0 357 0 0 0 0 0 1000 0 0 550 0 517 600 0 500 0 300 650 400 333 0 500 0 500 566 400 0 0 66 400
#Clarets 2017-12-30
0 400 118 0 500 0 154 480 -50 800 716 0 350 0 9 200 0 0 0 0 0 0 -250 0 0 0 -100 0 433 0 0 0 -600 625 0 125 0 300 412 0 0 1000 500 0 0 0 49 0 0 1000 0 0 400 0 0 0 0 0 343 250 233 0 0 -388 0 0 0 0 0 0 0 0 -200 0 50 800 625 800 213 0 0 342 417 650 0 0 0 -300 350 100 1000 0 0 0 0 -400 0 4 650 0
0 233 600 0 600 0 568 470 400 400 866 0 577 0 450 200 0 0 0 0 0 0 250 100 0 0 500 0 733 0 0 0 1000 900 0 575 0 100 550 0 0 300 1000 0 0 0 466 216 0 300 0 0 200 0 0 0 216 0 562 500 433 0 0 833 0 0 0 0 0 0 0 0 200 0 1000 1000 900 1000 310 500 0 667 607 750 0 0 500 200 650 200 1000 0 0 0 500 400 0 700 625 0
#LFC 2017-12-30
286 350 500 0 200 500 0 333 -49 0 200 0 0 0 400 366 -200 350 0 -450 531 0 166 68 250 0 199 186 250 0 0 291 -149 0 -250 112 125 0 0 0 0 0 0 404 750 800 150 0 178 0 600 0 0 -160 0 146 0 0 168 339 620 -141 -400 0 412 25 375 -937 0 0 250 600 500 0 700 -250 -600 0 100 0 0 0 500 400 0 -600 400 -500 0 0 333 0 0 0 0 0 0 250 0 382
503 425 500 0 400 600 1000 416 400 0 300 0 0 0 800 666 733 425 0 1000 547 0 629 727 250 0 233 481 300 0 0 566 666 0 950 258 250 0 0 1000 0 0 0 586 594 700 250 0 767 0 1000 0 0 360 0 363 0 0 477 667 659 716 400 0 550 375 750 800 0 0 262 1000 500 0 799 250 800 100 400 0 0 0 425 400 0 800 516 1000 1000 0 333 0 0 1000 0 0 0 333 0 570
#LCFC 2017-12-30
0 0 0 250 1000 187 -400 0 0 0 1000 250 -200 1000 0 -99 -200 0 136 -131 600 700 199 825 0 350 700 -75 0 0 0 100 0 0 0 0 0 0 1000 300 0 0 500 350 1000 -83 200 700 0 0 0 0 0 0 75 -125 99 -400 1000 0 1000 49 343 250 150 0 1000 0 250 0 -500 0 0 375 118 0 1000 100 0 468 0 -125 0 -375 0 62 -100 800 450 -83 177 500 700 200 39 266 1000 500 700 658
0 0 0 333 300 204 600 0 0 0 300 500 100 300 0 453 100 0 500 427 600 600 550 850 0 650 600 450 0 0 0 1000 0 0 0 0 0 0 300 500 66 0 1000 550 300 258 700 600 0 0 0 0 0 0 366 175 566 400 300 333 300 313 484 250 550 625 300 250 500 0 1000 0 0 100 377 0 1000 100 1000 727 0 562 0 375 0 625 400 400 300 258 550 750 600 700 643 1000 300 425 600 708
#NUFC 2017-12-30
600 83 66 133 0 68 0 175 200 0 250 100 -150 -300 -300 0 0 433 -333 0 0 0 50 0 250 770 200 44 500 0 500 0 0 0 500 68 400 0 0 166 -156 0 0 -300 400 333 0 500 0 -133 -163 -33 0 0 500 -335 -312 322 -500 216 -50 0 100 100 0 -31 600 0 0 0 171 0 500 16 -166 -25 0 -291 650 412 -909 500 366 -150 0 -750 -200 0 700 174 0 500 0 0 0 0 0 0 0 900
1000 477 363 233 0 727 0 339 250 0 625 383 350 400 400 0 533 700 666 0 0 0 700 0 200 544 900 416 1000 0 600 0 0 0 500 727 800 0 0 377 185 0 0 400 450 300 1000 400 1000 233 413 346 0 500 500 590 687 555 700 600 483 1000 512 1000 0 277 600 0 0 100 364 0 500 601 66 775 100 541 625 550 260 500 833 450 0 1000 333 0 600 458 0 500 750 0 0 0 0 0 0 600
#BHAFC 2017-12-30
0 25 366 0 25 400 -625 0 0 -33 0 -750 0 -200 0 0 116 274 12 900 0 0 -250 -200 208 0 0 0 1000 0 100 -104 0 0 0 -250 -175 0 0 566 900 266 0 0 -33 -291 -49 400 449 200 133 625 0 700 392 0 0 -437 0 900 300 208 700 0 -100 392 112 64 250 0 405 0 -35 -100 0 268 0 287 500 0 49 -343 83 500 357 357 -291 800 133 0 -100 200 302 -250 303 104 352 24 800 0
0 150 400 0 150 483 1000 0 0 537 0 650 0 233 0 0 300 681 543 600 250 0 750 475 666 0 0 0 400 0 100 411 0 0 0 750 616 0 0 883 600 283 0 125 866 541 600 400 550 300 466 700 0 600 517 0 0 866 100 600 600 800 600 0 600 517 573 414 500 0 770 0 607 600 0 327 0 350 1000 0 600 750 650 600 571 571 541 700 466 0 600 700 547 888 693 520 490 633 1000 0
#WatfordFC 2017-12-30
0 0 900 500 0 0 625 0 -400 339 250 1000 550 345 0 900 17 0 0 0 400 578 0 285 250 -150 400 136 250 0 0 900 192 0 218 500 578 -16 0 68 0 0 61 528 158 -56 50 125 0 139 48 0 0 -200 0 0 199 468 68 0 68 17 -100 500 0 68 -200 0 149 0 -250 136 175 200 0 136 0 25 -800 0 0 -87 -100 68 0 0 0 0 170 0 0 468 -120 0 0 52 700 -250 137 0
0 0 600 750 0 0 500 0 600 517 700 300 750 651 0 600 539 0 0 0 600 734 0 357 333 700 1000 500 200 0 0 600 367 500 277 600 734 450 0 227 0 0 247 714 666 352 300 575 0 340 539 0 0 100 1000 125 308 672 227 0 227 539 600 600 0 227 200 0 518 0 250 454 275 500 0 454 0 250 900 66 0 451 600 227 0 0 0 0 454 0 0 500 313 0 0 430 600 250 387 250
#Swans 2017-12-30
-36 0 0 175 92 0 262 0 900 0 150 0 0 94 83 250 442 -5 0 0 136 0 136 800 0 0 850 0 483 362 188 0 95 225 0 0 600 0 0 0 0 -125 0 900 0 136 0 0 206 0 416 0 -15 0 800 0 -500 477 237 0 270 -155 0 136 -750 400 358 0 400 108 -250 500 194 212 705 136 0 -29 800 -133 500 0 -83 633 366 166 -200 312 224 104 40 -300 0 -160 331 362 500 0 375 850
472 0 0 616 517 0 584 0 600 0 300 0 0 563 199 333 717 580 0 0 454 0 454 400 0 0 1000 0 888 601 622 0 184 266 0 0 1000 0 0 0 0 375 0 600 0 454 0 0 536 25 566 0 238 0 400 0 1000 808 521 0 770 288 0 454 800 900 625 0 525 650 888 500 233 518 640 454 0 279 750 333 500 0 583 366 500 333 200 775 500 333 285 400 0 631 400 601 1000 0 1000 1000
#CPFC 2017-12-28
250 0 -93 250 0 137 62 0 1000 0 100 0 0 137 33 200 0 -800 308 133 800 100 0 137 -126 0 240 -593 0 -250 255 250 137 255 0 313 300 0 312 0 0 350 25 -699 0 250 250 250 250 0 900 0 466 62 0 137 800 0 0 0 -161 0 875 200 250 0 0 0 160 0 0 0 466 1000 0 -233 137 350 155 127 700 800 500 -327 -166 0 383 562 300 500 800 0 0 -14 0 0 0 0 250 137
750 562 500 500 0 577 1000 0 1000 95 0 199 25 577 522 900 0 800 611 600 1000 383 0 577 643 0 293 750 0 250 833 275 577 360 0 722 500 0 700 0 0 511 342 666 66 450 450 450 750 0 1000 0 666 1000 66 577 900 0 0 0 266 0 600 233 333 0 0 0 360 0 0 33 600 750 750 666 577 691 118 322 600 400 500 444 533 0 277 875 700 500 750 0 0 323 500 0 0 0 500 577
#AFC 2017-12-28
-500 -77 182 0 700 137 62 650 0 133 0 0 0 0 85 0 0 137 0 0 0 25 0 0 0 149 0 113 800 0 0 399 0 0 0 135 152 450 0 0 117 233 400 0 55 137 200 0 188 -600 0 400 350 0 0 0 -229 1000 0 350 3 475 0 0 0 0 800 200 137 0 250 0 0 0 500 0 0 0 0 153 0 280 0 250 358 -166 126 466 800 800 312 250 0 75 0 0 170 0 0 0
500 644 644 0 600 577 1000 625 0 600 0 1000 0 0 250 0 0 577 0 0 0 575 1000 0 1000 625 0 772 400 0 0 500 0 0 0 363 490 708 66 0 387 366 500 0 481 577 200 0 377 1000 0 500 550 0 66 300 333 1000 0 550 350 570 0 0 0 0 575 260 577 0 383 0 0 0 500 0 0 0 0 555 0 530 0 325 539 522 411 633 400 400 416 375 0 600 0 0 454 0 0 0
#NUFC 2017-12-27
-150 0 400 450 136 1000 468 -297 558 -86 0 0 0 0 313 500 53 1000 -86 625 375 178 0 0 0 300 250 33 33 33 33 0 0 24 0 470 0 0 468 800 1000 500 1000 -1000 237 0 0 250 0 291 400 650 312 0 800 0 0 625 500 156 250 285 -49 0 -400 0 400 805 500 433 0 0 0 0 0 375 800 0 600 -200 0 200 133 416 0 0 0 250 500 0 25 -250 0 0 468 -400 100 0 0 0
312 0 400 650 454 300 450 408 633 472 0 0 0 0 616 833 600 300 472 600 500 335 0 0 0 100 250 300 300 300 300 0 0 725 0 375 100 0 727 400 300 500 300 1000 512 0 0 250 0 416 633 750 787 125 400 0 100 500 525 466 275 535 750 100 400 0 800 750 1000 733 0 400 0 0 0 944 400 0 900 200 0 200 200 302 0 0 0 200 500 650 400 250 0 0 727 400 400 0 0 0
#MCFC 2017-12-27
360 133 0 129 425 0 0 0 0 0 0 -291 0 0 500 24 0 0 0 0 0 0 0 0 0 -86 0 600 0 0 0 0 33 33 33 33 0 -96 125 0 0 200 0 0 500 133 0 0 0 -70 0 225 0 0 0 500 200 200 0 500 0 0 -133 0 988 285 0 0 0 200 375 93 0 0 0 -50 0 0 450 0 66 0 0 0 0 0 0 -325 800 0 700 0 0 0 0 -300 700 625 0 139
400 500 0 391 762 0 0 0 0 0 0 541 0 0 500 500 0 1000 0 0 0 0 0 0 0 472 0 1000 1000 0 0 0 300 300 300 300 0 662 550 0 0 200 0 0 500 650 0 0 0 374 0 416 0 0 0 750 300 300 0 1000 0 0 533 0 750 535 0 0 750 450 500 593 0 0 66 300 0 0 650 0 650 0 0 0 0 0 0 700 400 0 600 0 0 0 0 450 700 500 0 566
#LFC 2017-12-26
0 66 178 0 0 0 0 500 -51 49 0 -218 200 -343 -233 300 -154 300 0 150 800 666 437 1000 -187 250 136 1000 200 200 0 0 175 500 0 0 0 800 450 350 -76 0 0 700 468 187 554 0 357 0 0 0 500 300 0 375 0 0 0 166 550 568 0 0 0 0 0 0 0 0 305 -400 1000 500 357 400 0 0 0 0 0 800 100 375 350 0 0 700 0 625 1000 0 0 0 -316 400 0 357 0 141
0 533 335 0 0 0 0 500 506 400 0 251 500 611 399 100 652 200 0 600 1000 1000 300 1000 500 300 454 400 500 500 0 0 183 500 0 0 0 750 775 500 357 0 500 600 600 50 540 0 571 0 0 0 800 400 0 550 0 0 0 333 650 427 0 0 0 0 0 1000 0 0 510 400 300 950 571 800 0 0 0 0 0 1000 400 875 400 0 0 600 1000 900 300 0 100 0 300 575 0 571 0 656
#Swans 2017-12-26
0 500 0 800 0 300 0 0 0 250 0 0 0 600 800 0 0 546 0 350 0 468 0 0 0 0 0 0 600 500 -166 0 0 199 0 0 285 0 100 500 0 0 0 400 -100 0 600 200 0 0 -200 50 500 0 0 -100 -100 -100 -99 0 138 -200 -131 587 0 250 0 -375 -375 -375 600 208 0 0 0 625 0 0 100 0 0 0 0 -199 0 562 0 0 0 0 850 0 0 800 0 500 350 0 0 0
0 1000 0 400 0 650 0 0 0 333 0 0 0 266 1000 0 0 650 0 650 0 727 0 0 0 0 500 0 266 475 66 66 0 322 0 0 535 0 150 900 0 0 0 900 133 0 266 400 0 0 200 800 500 0 0 400 400 400 366 0 622 200 527 875 500 750 0 600 600 600 266 333 500 0 0 888 0 0 1000 0 0 0 500 750 0 684 0 0 0 0 875 0 0 400 0 500 350 0 0 0
#AFCB 2017-12-26
0 300 -400 1000 0 2 399 0 0 650 0 383 -300 1000 0 0 0 1000 0 0 -125 312 0 1000 650 0 0 0 0 0 500 1000 375 125 160 1000 625 0 285 40 -90 195 0 195 0 0 0 0 52 1000 -216 -121 250 0 0 -12 0 0 0 0 0 0 0 250 0 -64 -500 0 0 700 0 0 700 -400 0 -500 0 8 293 1000 -266 500 0 400 143 55 100 -100 143 -48 0 99 0 291 0 156 -93 0 86 20
0 200 600 300 0 885 466 0 0 1000 0 583 300 300 0 1000 0 300 0 0 583 300 0 300 450 0 0 0 0 0 533 300 400 600 477 300 900 1000 535 160 517 645 0 645 0 0 0 0 590 300 316 490 250 500 0 700 0 0 0 0 0 0 600 450 0 350 500 0 0 700 66 750 700 400 0 500 0 449 684 300 250 350 0 900 466 477 566 441 631 356 0 450 0 325 0 302 250 0 369 500
#WHUFC 2017-12-26
700 300 0 675 200 1000 -400 309 309 309 309 309 309 309 309 0 0 0 0 0 400 1000 333 0 0 0 0 0 311 1000 200 0 400 -125 0 -16 0 600 0 200 0 0 0 1000 0 200 1000 0 500 1000 -400 0 200 0 0 0 0 0 -300 420 75 300 0 0 0 0 357 -50 -99 0 -300 1000 199 650 0 500 0 0 150 0 0 250 0 0 200 88 0 800 0 -50 200 0 0 0 0 350 68 0 0 0
875 200 0 758 400 300 600 538 538 538 538 538 538 538 538 0 0 100 0 0 250 300 233 0 0 0 0 400 488 300 300 500 600 375 0 395 0 600 0 200 0 0 0 300 0 100 300 0 500 300 700 0 400 0 0 0 0 0 900 610 950 500 0 0 0 0 730 800 850 0 900 300 333 650 0 500 0 0 150 0 0 250 0 0 400 672 0 400 0 800 100 0 0 0 0 550 500 0 0 0
#CFC 2017-12-26
0 0 0 0 0 0 300 283 0 0 0 500 0 0 -200 0 0 0 0 0 558 0 0 0 466 0 568 200 0 -100 0 700 300 600 425 233 0 -100 700 0 600 425 0 0 233 -140 750 268 750 0 1000 0 350 285 400 -175 0 309 309 309 309 309 309 309 309 573 850 0 250 95 0 800 0 0 450 500 500 400 700 0 0 0 366 200 100 100 1000 250 441 0 -200 366 -625 0 0 0 0 517 1000 166
0 0 0 0 0 0 200 533 0 0 0 600 0 0 100 1000 0 650 0 0 571 0 0 766 516 0 427 500 0 674 0 750 750 700 592 716 0 674 750 0 700 592 0 0 716 705 750 627 675 0 1000 0 650 535 1000 550 0 538 538 538 538 538 538 538 538 581 900 0 300 549 0 750 0 0 450 212 550 400 900 100 0 0 700 400 200 200 1000 350 479 0 100 483 900 0 0 0 0 507 300 442
#BHAFC 2017-12-26
300 0 800 -250 0 -200 0 0 -228 0 0 278 0 365 400 -400 500 825 1000 125 125 450 125 125 125 125 125 125 125 -200 125 125 650 0 750 0 0 -125 -500 1000 0 0 0 0 0 -343 118 118 118 118 118 118 118 118 20 -200 281 125 -383 375 0 950 -333 0 0 0 0 0 -1000 500 0 50 -350 0 0 45 45 -200 200 0 0 50 241 446 247 419 0 700 -250 -200 0 500 -16 0 0 -400 250 0 0 0
200 0 1000 944 0 100 1000 0 380 0 0 651 0 476 700 400 600 1000 1000 725 725 825 725 725 725 725 725 725 725 100 725 725 450 0 875 0 0 444 900 1000 0 0 0 0 0 406 227 227 227 227 227 227 227 227 273 100 412 725 583 200 0 650 1000 0 0 0 0 0 1000 562 0 100 650 0 100 399 399 100 200 0 0 450 433 571 620 723 0 600 888 600 0 500 433 0 0 400 494 0 0 0
#HTAFC 2017-12-26
0 300 -66 0 142 0 600 0 0 800 -1000 -75 0 0 0 -125 -75 0 1000 650 290 0 0 0 -49 100 100 800 158 0 211 0 175 0 0 420 250 0 0 0 0 594 -400 0 -41 -800 -344 0 -600 -150 0 216 0 0 0 400 -100 450 -266 0 1000 0 700 0 0 366 0 45 -500 0 0 716 -155 0 330 0 0 0 0 200 733 375 375 366 0 375 0 0 0 0 375 0 375 290 0 375 318 0 0 -141
0 200 650 0 267 0 700 500 0 1000 1000 600 0 0 0 1000 581 0 300 450 410 0 0 0 750 1000 1000 1000 415 0 347 0 475 0 66 655 625 0 0 0 600 725 600 0 291 1000 555 0 766 800 0 377 0 0 0 500 525 762 466 0 300 0 600 0 0 700 0 483 800 357 0 808 288 0 520 0 300 0 650 300 533 1000 1000 500 0 1000 0 0 0 0 1000 0 1000 839 0 1000 427 0 0 469
#SCFC 2017-12-26
300 0 0 0 0 296 0 600 0 0 50 0 187 0 1000 650 50 50 0 1000 500 0 0 400 400 400 0 0 0 400 250 500 1000 0 0 250 200 250 0 0 500 135 0 -100 0 250 0 -271 500 200 0 0 500 0 0 399 500 500 500 0 0 450 0 0 0 200 0 100 350 33 0 0 0 0 0 0 0 250 0 400 0 550 0 250 0 333 0 450 0 625 775 0 0 250 250 250 250 0 366 625
200 0 0 0 0 558 0 766 0 0 600 0 500 0 300 450 372 600 66 400 500 0 0 233 700 700 0 0 0 700 525 500 300 0 0 600 400 333 0 0 500 400 0 133 0 312 0 350 500 400 0 0 500 0 0 650 500 500 500 0 0 400 0 0 0 500 0 1000 550 333 0 0 0 0 62 0 0 333 0 233 0 812 0 333 0 400 0 400 0 799 700 0 0 333 333 333 333 0 816 799
#MUFC 2017-12-26
0 400 -900 400 178 0 0 0 0 750 350 700 0 0 214 0 450 -233 400 300 0 1000 800 1000 0 0 0 0 300 0 0 0 100 175 0 501 357 700 357 0 0 0 360 166 0 0 68 0 233 250 687 0 568 250 -400 250 166 200 0 0 0 57 274 0 50 1000 41 300 0 650 712 -259 500 1000 -33 0 0 0 -200 268 -25 0 0 0 -800 625 0 0 -100 390 50 0 0 -333 100 300 0 333 0 0
500 500 700 375 335 0 0 0 0 400 600 600 0 0 428 0 750 544 450 200 0 1000 750 1000 0 0 0 0 500 0 0 0 400 183 0 534 571 600 571 0 0 0 350 541 0 0 227 0 850 250 600 0 427 1000 600 300 333 500 0 0 0 306 650 0 399 1000 99 750 0 700 650 713 600 300 655 0 0 0 800 627 200 0 0 0 900 900 0 0 400 300 100 0 0 500 900 500 0 666 0 0
#Clarets 2017-12-26
0 0 0 0 0 128 0 250 0 0 0 0 383 0 0 0 200 0 -166 200 625 0 0 -600 0 0 0 400 360 0 0 0 625 0 0 0 400 0 1000 100 0 850 0 0 0 0 0 0 0 400 0 550 650 0 100 0 900 375 500 0 0 0 266 800 800 800 100 0 500 383 416 337 0 800 0 800 800 0 0 -600 0 0 0 400 1000 1000 0 0 0 0 350 0 -137 0 0 136 0 216 0 533
0 100 100 0 0 450 0 450 0 0 0 0 316 0 0 0 400 0 99 400 900 0 0 700 0 0 0 900 559 0 0 0 900 0 0 0 1000 0 300 400 0 500 0 0 0 0 0 0 0 200 0 944 450 0 1000 0 900 875 500 0 0 0 633 400 400 400 1000 0 500 316 500 387 0 400 0 400 400 0 0 1000 0 0 1000 1000 300 300 0 1000 0 0 550 0 662 0 0 500 0 469 0 500
#WatfordFC 2017-12-26
-400 -500 0 -500 500 470 -625 466 0 325 136 500 206 500 556 300 0 0 19 1000 0 0 0 470 446 100 -500 0 133 -200 -25 0 0 433 470 300 166 -155 700 0 16 74 800 0 300 0 0 -437 0 625 0 0 375 125 0 470 800 -225 -200 0 200 572 -33 125 0 0 -99 0 0 100 109 -275 -66 125 875 125 266 125 0 662 125 0 0 0 0 -93 0 0 0 13 0 400 0 800 0 0 0 0 -150 350
600 1000 0 1000 500 677 700 652 0 595 454 888 700 1000 750 100 0 0 580 1000 0 0 0 677 571 360 900 0 375 700 550 0 100 700 677 466 666 355 700 350 311 600 1000 0 0 0 0 650 0 900 100 0 375 333 0 677 750 391 600 0 400 718 455 900 0 0 950 100 0 900 275 650 466 900 600 900 566 900 0 641 900 1000 0 0 0 283 500 0 0 350 0 1000 0 750 0 0 0 0 233 512
#LCFC 2017-12-26
0 0 0 100 18 300 0 568 470 0 0 0 0 573 0 183 0 650 0 0 -133 300 390 500 278 116 0 0 200 0 74 25 517 166 166 0 470 0 150 -50 0 -300 0 412 0 1000 0 333 1000 307 199 0 166 625 0 470 100 200 83 200 0 0 568 300 0 0 0 0 0 0 0 0 0 399 170 -300 0 253 277 357 0 100 200 0 125 470 136 0 100 -375 0 0 0 600 200 0 5 0 500 166
0 0 0 133 683 200 0 427 677 0 0 0 0 581 0 466 0 450 0 0 566 650 584 500 547 541 0 0 900 0 300 141 507 199 199 0 677 0 475 375 0 399 0 550 0 400 66 833 400 618 361 0 714 641 100 677 150 300 694 300 0 0 427 255 0 0 0 0 0 0 0 0 0 422 454 600 0 635 544 571 0 100 200 0 333 677 454 0 150 375 0 0 0 650 300 100 219 0 500 666
#WBA 2017-12-26
625 214 333 0 0 900 0 0 133 -330 0 -400 -400 416 0 0 166 0 0 -175 100 285 -400 136 0 -45 375 0 375 277 -450 108 875 176 500 0 77 800 -200 100 500 500 0 0 250 -25 0 250 166 0 -25 0 0 449 750 416 0 0 0 0 0 200 500 0 0 450 -200 0 600 0 750 0 0 416 0 683 0 0 0 402 -194 0 0 240 0 0 0 0 0 0 0 -200 0 -98 0 0 0 25 -577 232
600 271 666 0 0 675 0 0 666 283 1000 600 600 500 0 0 166 0 0 550 700 535 450 454 0 275 300 0 416 408 800 200 600 664 900 0 661 400 200 700 396 600 0 0 312 200 0 312 383 100 475 0 0 450 449 500 550 0 0 0 0 400 600 0 0 550 200 0 550 0 644 0 0 500 0 577 0 0 0 610 288 0 0 697 0 0 0 0 0 0 0 399 0 518 0 0 0 472 644 416
#EFC 2017-12-26
0 0 0 -218 -72 300 0 666 0 0 0 800 428 50 0 549 246 0 416 700 0 0 450 250 0 700 437 0 0 0 -75 212 0 750 0 400 0 -500 0 0 100 0 0 0 0 333 0 0 0 0 137 0 250 500 0 -166 0 0 0 416 0 0 0 500 500 0 500 0 0 500 500 0 900 400 0 -800 0 0 24 0 425 -100 0 200 0 0 78 217 0 416 0 0 400 0 0 400 0 0 333 0
0 0 0 251 435 200 0 1000 0 0 0 1000 535 100 0 683 377 0 500 600 0 0 750 333 0 600 687 700 0 600 725 562 0 750 0 425 0 1000 0 0 150 0 1000 0 0 233 0 0 0 0 433 0 312 500 0 466 0 0 0 500 0 100 0 875 875 0 875 0 0 875 875 0 700 500 0 900 0 100 697 0 1000 100 0 400 0 0 533 670 100 500 500 100 400 0 0 500 0 0 463 0
#COYS 2017-12-26
0 0 500 500 0 0 380 0 645 357 361 0 0 0 0 0 0 600 300 600 0 500 279 318 100 0 0 0 0 0 200 0 0 0 0 333 800 500 0 625 0 0 136 300 0 1000 0 0 1000 0 0 0 399 176 0 0 311 400 800 800 700 0 250 0 0 0 0 0 0 600 700 500 0 0 62 0 -800 0 600 100 0 0 800 0 1000 800 350 -937 0 300 400 0 100 0 0 0 0 44 700 687
0 0 950 500 0 500 470 0 933 571 266 0 0 0 0 0 0 650 562 500 0 500 625 727 150 0 0 0 0 0 300 0 0 0 0 500 750 833 0 600 0 0 454 300 0 1000 0 0 1000 0 0 0 230 362 0 0 415 500 1000 1000 600 0 333 0 0 0 450 0 0 1000 600 500 0 0 1000 0 1000 0 750 666 0 0 1000 0 1000 1000 350 900 500 500 275 0 150 0 0 0 0 337 550 440
#SaintsFC 2017-12-26
0 0 116 718 0 500 0 0 0 316 300 0 0 300 800 0 266 166 333 250 0 450 0 116 159 390 -800 500 0 0 0 500 -118 -937 0 357 0 200 442 150 -120 -800 600 -50 550 192 0 200 0 0 -700 338 325 142 0 595 0 0 -400 0 0 62 500 0 -50 0 0 0 333 -400 0 0 0 0 500 0 -1000 0 368 808 -800 42 0 200 0 0 0 175 0 -800 0 200 0 0 0 0 -400 -178 0 -800
0 0 527 616 0 500 0 0 0 569 633 0 0 350 750 0 566 533 666 250 0 316 0 394 651 586 1000 500 0 1000 0 666 696 900 0 571 0 533 738 650 459 1000 383 400 700 667 0 500 0 0 1000 650 675 317 0 678 0 0 400 0 0 500 500 0 400 0 0 0 233 466 0 0 0 0 500 0 800 0 415 633 1000 266 0 200 1000 600 0 275 0 1000 0 200 0 0 0 0 400 285 0 1000
#LCFC 2017-12-23
124 0 0 196 136 250 500 203 333 0 0 0 203 0 0 0 0 -400 0 0 0 0 0 -253 0 322 0 203 247 0 -425 0 0 1000 0 0 247 300 1000 625 0 1000 0 203 0 570 416 250 -400 0 0 0 375 0 0 0 0 136 -293 800 300 0 468 0 800 0 203 500 0 500 0 -300 300 0 208 0 500 228 0 100 0 500 269 228 -375 1000 1000 0 0 203 0 0 300 0 269 269 0 0 109 625
380 0 0 283 454 333 900 377 466 0 300 0 377 0 0 0 0 450 0 0 250 0 0 658 0 519 0 377 577 0 800 0 0 1000 0 0 577 400 300 912 0 750 0 377 0 750 333 333 700 0 0 0 375 0 0 0 0 454 550 750 650 0 677 100 750 0 377 500 0 900 0 600 100 0 250 0 900 485 0 100 125 541 507 485 375 300 400 0 0 377 0 0 100 0 507 507 0 0 338 500
#MUFC 2017-12-23
75 381 700 0 0 500 -233 0 -81 100 0 909 527 -400 266 0 25 0 0 -874 242 175 166 591 275 -150 -187 0 250 0 712 100 0 500 1000 -714 0 100 0 233 233 233 233 233 233 233 233 333 0 400 -200 0 0 0 0 800 136 0 0 0 0 218 0 136 136 0 250 1000 0 199 325 325 325 325 0 0 0 0 800 0 203 0 33 33 33 33 26 0 575 800 0 0 0 0 0 0 16 0 0 800
475 500 700 0 1000 500 283 0 235 100 0 780 590 1000 155 0 350 0 0 666 317 650 408 608 465 333 400 0 425 0 650 100 0 500 700 857 600 100 0 333 333 333 333 333 333 333 333 833 125 800 516 100 0 0 0 750 454 0 0 0 0 590 0 454 454 0 450 1000 0 729 525 525 525 525 0 0 0 0 750 0 377 0 300 300 300 300 490 0 400 750 66 0 0 0 125 100 133 0 0 400
#Clarets 2017-12-23
500 -175 -500 0 0 0 -333 0 0 0 0 -600 0 1000 0 0 -400 0 0 700 -50 0 -975 -750 0 625 -800 0 -800 0 0 0 -90 200 0 -262 -166 0 500 100 412 0 0 125 0 0 0 0 0 0 50 175 0 -400 0 0 0 0 -400 0 -24 479 0 200 0 0 136 500 0 -291 500 0 500 0 0 100 0 610 500 625 0 0 0 600 -41 0 0 0 -400 400 136 227 0 0 0 200 200 0 0 0
500 272 1000 0 0 0 833 0 0 0 0 700 0 400 0 0 400 0 0 600 0 0 975 750 0 900 1000 0 1000 0 0 0 502 200 0 500 166 0 500 383 550 0 0 141 0 0 0 0 0 650 100 275 0 400 0 0 0 0 400 0 800 383 0 400 0 0 500 500 0 541 500 0 500 0 0 200 0 630 300 900 0 0 400 900 122 422 0 0 400 1000 454 545 0 0 0 150 400 0 0 100
#COYS 2017-12-23
0 0 0 400 425 1000 -400 -1000 0 0 -600 0 350 0 0 0 0 136 0 0 800 0 566 -400 0 199 0 1000 700 350 0 833 76 166 700 766 0 0 -500 0 625 0 0 50 0 0 -300 0 0 -200 0 800 250 -350 431 0 0 0 0 0 0 833 100 0 0 247 209 -400 0 0 0 433 -331 0 -83 -83 0 0 0 0 -200 0 -500 210 400 0 318 800 500 0 0 300 300 400 -175 0 0 250 0 0
0 0 0 900 550 1000 600 1000 0 0 800 0 550 0 0 0 0 454 0 0 700 0 766 400 0 588 0 300 1000 449 0 400 390 333 600 516 0 0 1000 0 1000 1000 0 0 0 0 400 250 0 500 0 1000 944 750 581 0 0 0 0 0 0 400 200 0 0 370 663 700 0 0 0 750 677 0 83 83 0 0 0 0 300 0 1000 580 1000 0 727 750 500 0 0 350 650 1000 725 0 0 250 125 0
#BHAFC 2017-12-23
0 -312 -100 -151 100 206 500 50 0 0 0 0 0 0 0 0 0 0 1000 0 0 500 136 0 -125 0 500 0 0 0 62 150 -200 58 -33 -106 -49 0 -1000 500 -24 -1 -80 83 0 116 0 350 100 500 -2 0 -100 0 0 0 0 0 0 0 0 0 0 0 0 0 200 500 -100 19 62 0 -100 -500 -49 -49 -125 0 -49 216 -200 600 0 0 -200 500 -100 -150 0 -125 0 400 400 500 -500 0 484 500 75 266
0 625 200 762 1000 337 150 150 0 0 0 0 0 0 0 0 0 0 1000 0 0 150 454 0 569 0 150 0 0 0 625 450 250 350 499 760 500 0 1000 150 366 233 160 394 100 350 0 300 100 500 538 500 200 0 0 0 0 0 0 0 0 0 0 0 0 0 400 150 250 260 625 0 250 500 500 500 375 66 500 400 250 550 0 0 350 150 250 700 0 375 0 1000 1000 500 500 0 600 150 1000 283
#WatfordFC 2017-12-23
235 136 166 166 375 500 0 206 0 -155 0 0 0 1000 500 0 62 0 125 0 163 0 139 160 -100 68 0 0 339 500 0 0 229 0 0 0 0 -155 0 0 0 500 -155 -109 0 0 0 500 500 175 0 0 0 258 70 350 350 -99 -100 0 0 500 0 500 100 500 0 0 418 150 277 0 -166 500 0 150 0 -100 0 0 0 500 133 -100 0 0 0 -83 -216 0 150 500 -100 0 0 0 433 -500 300 633
508 454 666 666 750 150 0 400 1000 288 0 0 0 750 150 0 188 0 375 0 333 0 240 470 225 427 0 0 480 150 0 0 417 0 0 0 0 288 0 1000 1000 500 288 326 500 0 0 900 150 275 0 0 0 674 504 774 300 222 225 0 0 500 0 500 100 900 0 1000 527 266 600 0 500 150 0 266 0 250 0 0 0 500 799 250 0 0 0 416 538 0 470 150 250 0 38 0 450 700 750 583
#MCFC 2017-12-23
75 468 100 0 0 700 0 1000 0 200 -150 0 100 0 500 200 0 100 233 233 233 233 233 233 233 233 0 -18 400 0 100 0 0 0 0 0 300 0 325 325 325 325 33 33 33 33 800 0 0 0 0 0 325 0 800 0 0 16 0 0 -216 900 800 0 400 0 0 233 -246 0 0 550 75 400 1000 500 800 -243 0 0 0 600 0 600 650 350 1000 350 0 0 0 0 -500 166 196 -425 0 575 666 0
475 327 100 0 0 800 0 1000 0 255 333 0 100 0 500 250 0 100 333 333 333 333 333 333 333 333 0 329 800 0 900 0 0 0 0 0 350 0 525 525 525 525 300 300 300 300 750 66 0 0 1000 0 325 0 400 0 0 133 0 66 216 1000 750 0 900 0 0 366 450 0 0 375 350 1000 750 200 750 288 0 0 0 900 0 900 875 366 1000 277 0 0 0 0 1000 700 534 800 0 662 733 0
#AFCB 2017-12-23
-500 0 0 0 500 233 0 0 0 625 0 0 427 0 73 0 0 -500 0 0 0 0 0 0 0 1000 0 0 -45 700 0 200 800 0 -266 -133 0 350 -33 -200 500 0 33 500 500 0 0 0 49 0 0 0 0 266 260 0 -250 0 0 0 1000 266 106 100 500 250 0 0 156 0 0 0 255 0 666 484 0 700 0 0 0 200 0 250 333 250 -80 400 116 0 0 -230 106 0 0 0 0 0 625 -300
400 100 0 0 500 400 0 0 0 1000 0 0 350 0 188 0 0 400 0 0 0 0 0 0 0 300 0 0 370 600 0 300 750 500 466 199 0 450 433 100 500 0 429 625 625 0 0 283 450 0 0 0 533 300 552 0 250 0 0 1000 300 300 475 650 750 350 0 0 199 0 0 0 372 0 455 600 0 600 0 0 0 350 66 316 533 450 459 825 678 0 0 313 350 0 0 0 0 0 900 400
#SaintsFC 2017-12-23
100 211 -166 600 45 132 483 0 0 -93 500 -33 -400 233 0 0 -93 0 0 0 300 416 -89 500 0 0 0 233 136 0 0 0 500 1000 191 0 0 -750 357 -150 600 0 33 343 -16 0 0 0 0 0 0 600 500 0 0 0 225 0 -400 0 0 0 250 290 125 400 0 400 446 -166 0 368 350 800 100 100 225 473 -83 0 277 431 0 0 0 225 -100 225 449 225 0 -160 1000 250 0 500 0 -50 0 0
350 495 433 762 550 429 477 0 0 300 500 233 400 316 0 0 250 100 0 0 0 500 214 900 125 0 0 444 454 0 0 0 500 1000 666 0 0 900 571 600 900 0 633 516 358 33 0 66 66 66 0 900 900 0 0 0 450 0 400 0 0 0 250 375 187 400 0 400 535 433 0 552 550 400 1000 300 450 785 216 0 477 354 0 533 0 450 300 450 350 450 0 619 300 333 0 500 0 383 0 0
#HTAFC 2017-12-23
-200 0 0 800 -199 132 0 0 -25 0 1000 200 0 -400 233 0 0 0 0 178 500 -22 295 350 0 500 507 357 600 600 0 0 600 33 0 600 500 0 295 0 0 0 0 -208 600 0 0 0 0 309 0 0 -400 600 0 290 0 0 0 158 0 0 0 0 431 0 0 300 136 0 225 -191 0 0 4 0 -700 0 0 0 150 0 433 418 0 0 0 0 500 0 0 0 0 250 350 300 366 0 0 100
200 0 0 750 322 429 0 0 437 0 1000 300 0 400 316 0 0 0 0 534 900 522 845 483 0 500 625 571 1000 900 0 1000 900 66 0 900 900 0 678 0 0 0 0 750 1000 0 0 0 0 613 0 0 400 900 66 375 0 0 0 262 0 0 0 0 354 0 1000 100 500 0 600 275 1000 0 459 0 1000 0 0 0 225 0 833 527 0 0 0 0 600 0 100 0 0 200 550 650 585 0 0 400
#SCFC 2017-12-23
0 633 0 0 0 0 0 0 0 250 0 625 0 0 900 487 0 0 0 0 -200 -200 0 900 0 700 0 155 170 900 0 200 342 0 0 10 250 -400 0 531 850 0 0 -1000 0 800 -500 400 0 0 -400 0 0 0 -100 0 342 0 0 0 0 600 0 0 0 170 0 0 0 0 -400 0 0 0 0 -400 0 0 0 0 0 350 568 -400 -400 0 350 125 62 0 0 100 0 0 -12 -500 900 650 225 0
0 750 0 0 0 0 0 0 0 200 0 900 0 0 1000 575 0 0 0 0 400 400 0 1000 0 600 0 577 500 1000 0 200 315 0 0 285 850 400 0 700 700 0 0 900 0 1000 1000 600 0 0 400 0 0 0 400 0 315 0 0 0 0 825 0 0 0 500 0 0 0 0 400 0 0 0 0 400 0 0 0 0 0 300 377 400 400 0 300 125 368 0 0 200 0 0 356 299 875 450 550 0
#WBA 2017-12-23
600 100 136 430 0 -781 0 0 425 0 0 0 0 412 0 -125 -166 0 0 -80 100 0 0 400 400 400 500 83 -1000 285 175 0 0 0 333 0 0 0 0 0 0 354 544 0 200 342 0 0 0 0 0 0 200 0 350 0 0 0 0 0 0 170 -104 300 250 250 0 250 0 366 0 266 400 0 0 800 0 187 -133 0 -400 366 0 0 187 0 0 -1000 -1000 0 0 0 0 233 -155 200 0 0 0 524
900 450 454 625 0 400 0 0 687 50 0 0 0 825 0 125 500 0 0 559 650 0 0 400 400 400 500 350 1000 535 275 0 0 0 666 0 0 0 0 0 0 770 787 0 200 315 0 0 0 0 0 0 443 0 550 0 0 0 0 0 0 454 549 700 500 500 0 500 0 533 0 633 800 0 0 400 0 216 600 0 700 575 0 0 216 0 0 900 900 0 500 0 0 533 288 200 0 0 0 575
#Swans 2017-12-23
0 0 0 283 0 0 0 0 0 0 0 0 0 0 500 0 375 0 0 -200 -200 -100 100 214 0 0 136 0 50 0 350 0 0 500 200 0 0 62 0 0 0 0 0 0 -100 26 242 0 -177 262 0 250 150 0 334 408 -199 259 0 247 -88 500 0 750 0 0 50 0 0 0 0 0 -100 295 0 -62 0 0 0 50 -100 -50 -100 0 500 0 450 0 -62 500 0 0 700 250 0 213 0 0 700 0
0 0 0 666 0 0 0 0 0 0 0 0 1000 0 687 0 700 0 0 250 250 100 100 500 0 0 454 1000 125 0 511 0 0 600 200 0 0 500 0 1000 0 0 0 0 527 327 317 100 194 587 0 1000 875 0 601 433 750 463 0 405 130 350 0 594 0 0 200 0 0 0 0 0 1000 521 0 509 0 0 0 125 400 200 400 0 150 0 450 0 509 500 0 0 600 500 0 454 0 0 583 0
#CPFC 2017-12-23
300 0 0 0 0 -75 -25 0 0 0 0 0 0 0 700 125 0 1000 0 200 0 -33 200 200 125 1000 0 1000 0 375 0 -600 -200 116 175 175 175 0 0 0 250 0 445 300 0 0 0 150 0 -500 0 0 416 0 -714 0 -337 0 242 0 0 0 0 0 0 33 200 -345 349 700 0 0 0 0 0 0 500 0 300 200 0 0 0 800 0 250 0 300 -1000 250 0 0 0 0 0 0 300 -24 0 0
100 375 0 0 0 50 33 0 0 0 0 0 0 0 800 416 0 400 0 100 100 233 100 450 400 300 0 400 0 750 0 833 700 216 200 200 200 0 0 0 550 0 568 200 0 0 0 233 50 900 0 125 433 0 857 0 650 0 317 0 0 0 0 0 0 466 250 470 666 600 0 0 0 0 0 0 350 0 200 900 0 0 0 1000 0 450 0 850 1000 687 0 0 0 0 0 0 500 366 0 0
#WHUFC 2017-12-23
0 0 0 500 0 0 0 0 0 0 0 -147 0 0 350 33 33 33 33 166 -33 0 0 395 0 325 350 100 50 1000 250 0 0 375 0 500 300 500 -150 246 0 0 700 -133 0 0 600 0 0 0 0 800 200 -50 0 0 -150 0 0 0 0 0 250 0 750 0 0 0 399 150 145 0 0 -33 400 750 0 0 0 588 0 136 400 0 -50 199 -250 0 625 766 225 0 -155 0 0 0 -100 0 0 100
0 0 1000 500 0 0 0 0 0 0 1000 658 0 0 583 300 300 300 300 166 233 83 100 395 0 574 550 300 700 400 333 0 0 350 0 650 325 583 750 517 1000 0 600 433 0 0 900 0 0 0 0 750 300 400 0 0 700 1000 0 0 0 0 611 0 944 0 0 0 366 250 600 0 0 233 900 900 0 0 0 550 0 454 200 0 400 300 650 0 900 633 450 0 288 0 0 0 400 0 0 594
#NUFC 2017-12-23
0 125 550 625 406 0 500 0 0 0 0 400 500 0 -175 -535 0 0 -27 50 0 500 412 304 0 0 0 -175 0 0 33 33 33 33 -200 500 333 365 16 260 0 -49 0 0 0 0 433 650 0 1000 -77 0 0 310 350 0 100 0 0 0 0 400 0 350 0 0 216 0 166 0 -250 0 500 75 233 0 0 1000 0 0 -77 0 135 0 -500 -500 0 -25 600 0 0 399 700 0 0 0 0 0 0 0
0 750 950 616 549 0 500 0 0 0 0 800 1000 0 550 607 100 0 644 125 0 500 600 447 33 0 0 550 0 0 300 300 300 300 100 500 450 499 633 666 0 675 0 0 0 0 416 762 0 390 194 0 0 590 550 41 100 0 0 0 0 800 1000 550 0 100 416 0 355 0 1000 0 625 800 366 0 0 1000 0 0 144 0 355 0 1000 450 0 333 1000 0 0 133 600 0 0 0 0 0 0 0
#EFC 2017-12-23
300 0 0 0 49 0 0 0 0 400 357 0 200 0 33 33 33 33 0 0 0 0 0 0 1000 800 800 0 0 357 428 0 0 0 0 0 0 0 12 0 250 0 0 0 0 0 0 0 -268 0 428 0 700 500 0 250 500 800 0 383 0 -166 0 0 500 800 0 500 0 500 0 500 1000 0 22 250 0 136 -100 0 137 500 0 0 0 50 300 0 580 250 0 0 0 500 0 50 0 0 100 100
100 0 0 0 600 0 100 0 0 550 571 100 500 0 300 300 300 300 0 0 0 0 0 0 900 750 900 0 0 571 535 100 0 0 0 100 0 0 500 0 250 0 0 0 0 0 0 0 429 100 535 0 600 500 100 333 750 750 0 566 100 166 0 0 500 1000 0 500 0 500 0 500 1000 0 244 333 0 454 0 0 450 500 0 0 0 100 916 0 770 333 0 0 333 500 100 150 100 0 100 100
#CFC 2017-12-23
75 -71 500 625 500 0 0 0 909 0 0 136 0 0 0 0 333 -625 583 0 1000 0 0 781 0 750 0 68 633 1000 200 136 325 325 325 325 0 0 0 357 800 0 750 33 33 33 33 -300 0 0 0 333 -262 0 0 -300 825 100 0 0 0 0 0 0 800 0 0 0 0 0 0 0 0 0 625 625 0 100 625 100 100 -400 500 0 0 0 1000 100 0 0 0 0 0 500 0 500 -800 0 500 0
475 214 1000 900 1000 0 0 0 780 100 0 454 0 0 0 0 466 1000 700 0 300 0 0 600 0 400 0 350 758 300 300 500 525 525 525 525 0 0 0 571 1000 0 750 300 300 300 300 600 100 0 66 466 500 0 0 450 1000 400 0 0 0 0 0 0 900 0 0 0 0 0 500 500 0 0 900 900 0 100 900 400 100 400 500 0 0 0 300 400 0 0 1000 0 0 500 0 750 900 0 900 0
#AFC 2017-12-22
0 0 -100 0 0 250 0 91 0 0 0 500 0 0 175 0 1000 333 0 0 1000 1000 444 0 0 233 233 233 233 233 233 233 233 600 0 0 0 0 0 175 339 0 199 0 0 250 333 250 0 -200 500 136 400 0 0 -50 136 0 -750 0 0 350 0 400 0 0 0 0 -66 0 500 250 0 0 0 -300 433 500 0 0 0 625 0 0 0 0 0 120 0 0 0 0 0 0 0 250 -119 400 0 0
0 0 350 0 100 250 0 525 0 0 0 600 0 0 725 100 300 666 0 0 300 300 722 1000 0 333 333 333 333 333 333 333 333 900 0 0 0 0 0 449 415 0 766 0 1000 333 99 400 0 0 491 454 400 0 0 250 454 0 1000 0 0 550 0 700 0 95 0 0 166 0 500 333 0 0 0 400 833 500 1000 0 0 500 0 0 0 0 0 616 0 0 0 0 0 0 1000 250 600 200 0 0
#LFC 2017-12-22
0 200 -250 0 0 500 125 100 250 500 375 500 285 -97 250 0 300 1000 1000 -125 355 0 0 200 233 0 0 -293 150 50 0 0 0 200 1000 45 0 0 0 0 0 0 0 0 -100 -200 -200 -200 800 -200 -200 -200 -200 -200 0 60 200 466 0 233 233 233 233 233 233 233 233 199 750 100 468 800 0 -185 0 500 200 0 350 285 1000 1000 355 1000 1000 1000 556 1000 0 0 0 83 0 0 0 -49 556 250 0 199
0 500 1000 0 0 600 250 1000 800 500 975 300 535 180 283 0 450 400 400 1000 271 0 0 500 564 250 0 573 812 162 0 0 0 464 300 484 0 0 0 125 0 0 0 0 500 200 200 200 1000 200 200 200 200 200 66 700 500 700 0 333 333 333 333 333 333 333 333 633 950 250 750 900 0 318 0 600 500 0 300 535 400 400 271 400 400 400 366 400 0 0 0 711 0 0 0 429 366 400 0 633
#EFC 2017-12-18
500 400 400 500 0 -175 49 567 500 500 0 -799 250 -400 -799 0 100 0 500 0 583 0 158 -212 -200 -1000 750 0 0 0 200 200 0 0 500 400 0 250 -66 0 250 0 0 0 0 0 22 0 468 578 100 0 0 0 250 0 0 -1000 -300 0 468 500 633 361 600 0 -500 -75 -200 441 -33 68 500 116 0 -95 450 -155 0 0 450 0 183 128 58 136 136 500 -104 136 500 136 166 24 0 0 0 233 368 125
150 500 304 750 1000 175 450 601 150 750 1000 1000 500 400 1000 0 150 0 150 0 316 0 593 400 800 800 400 0 0 0 100 200 0 0 750 800 0 450 199 0 300 0 0 0 1000 1000 560 0 602 625 383 0 0 0 333 0 0 800 400 0 450 750 600 345 1000 0 1000 449 100 575 666 668 600 216 0 233 950 288 0 0 550 0 266 517 408 454 454 875 466 454 875 454 466 300 0 0 0 366 375 250
#Swans 2017-12-18
750 318 -600 0 -600 -400 -362 0 0 0 200 250 -699 300 -750 -750 0 0 -139 500 -291 0 450 361 600 -155 0 0 50 -362 -362 136 -486 187 400 0 -138 300 -400 -66 -140 383 0 0 1000 0 0 0 -400 399 976 -155 -27 50 -27 440 -355 0 0 50 0 700 300 0 -200 0 0 -262 136 0 0 0 0 0 0 0 134 100 -199 0 0 0 -50 416 0 0 500 0 0 0 285 0 0 0 -252 0 400 -129 0 0
900 477 1000 0 1000 400 600 0 0 0 500 300 666 650 1000 1000 0 0 679 1000 500 0 750 588 950 288 0 0 150 600 600 454 833 487 900 0 372 650 400 966 331 805 500 0 300 0 0 0 400 616 600 288 294 100 294 508 833 0 500 100 0 600 650 0 100 0 1000 387 500 0 0 0 0 300 538 0 263 400 750 0 0 0 0 666 0 0 1000 0 0 0 535 0 0 0 764 1000 450 711 0 0
#AFCB 2017-12-17
-291 0 0 0 250 0 0 -400 -180 416 0 0 0 -291 625 100 0 0 0 0 0 24 0 0 0 0 0 136 400 250 -194 0 0 0 425 0 0 0 400 0 0 0 0 0 -200 375 0 0 500 -299 -291 136 0 0 0 0 625 400 0 750 0 0 0 0 425 150 49 0 0 0 400 -291 0 0 100 0 0 0 -200 0 500 0 -400 277 -300 0 0 333 333 133 0 -80 -80 150 650 -125 1000 -12 0 441
541 0 0 0 333 1000 500 400 360 500 0 0 0 541 900 500 0 0 0 0 0 312 0 0 0 0 0 454 500 1000 288 0 0 0 675 0 0 0 500 0 0 0 0 0 200 675 0 0 500 483 541 500 1000 0 0 0 900 383 0 500 0 0 0 0 675 133 450 0 0 0 400 541 0 100 550 0 1000 0 200 0 500 0 400 755 400 69 0 1000 1000 400 0 173 173 649 450 375 1000 590 0 756
#LFC 2017-12-17
300 0 0 625 167 293 277 0 0 0 0 366 50 200 428 600 0 0 -400 0 483 100 350 -142 318 -800 412 233 1000 500 500 -49 0 67 0 0 0 0 0 0 -77 -250 0 0 87 0 0 0 0 0 -400 500 0 0 800 0 66 0 0 0 0 800 0 0 400 0 0 -400 0 0 0 1000 0 0 250 183 1000 0 0 0 700 0 0 500 200 0 700 0 136 1000 0 0 120 0 0 0 525 300 0 0
485 0 0 900 430 705 574 0 0 0 0 487 191 500 535 900 0 0 600 0 366 400 650 535 700 900 550 366 400 250 150 750 0 150 0 0 0 0 0 0 755 200 0 0 262 0 0 0 1000 0 600 150 0 0 400 0 533 0 0 0 0 400 0 1000 450 0 0 600 0 0 1000 300 333 0 250 443 300 0 0 0 600 0 0 900 300 0 600 0 454 400 0 0 293 0 0 0 366 100 0 125
#WBA 2017-12-17
0 0 0 465 333 136 0 0 0 500 -62 -155 0 250 600 0 250 28 0 700 200 500 200 0 0 425 250 0 500 0 -500 0 350 0 450 162 0 468 1000 -93 0 237 0 0 0 0 0 0 490 0 0 -50 -50 0 -400 324 0 333 0 0 0 -155 93 452 0 0 -100 -133 0 -155 700 0 0 100 0 0 0 -1000 350 1000 0 350 0 300 300 500 1000 550 0 -400 -400 -400 -155 300 0 0 483 1000 0 0
0 0 0 584 666 500 0 66 0 500 362 288 0 333 266 1000 400 395 100 600 200 750 200 0 0 525 400 0 900 0 1000 0 550 0 375 350 0 427 1000 533 0 512 0 0 0 0 1000 0 650 0 0 200 200 0 400 500 50 666 0 0 0 288 575 647 0 0 400 188 0 288 600 550 0 200 0 0 100 900 550 300 0 1000 0 650 650 500 300 750 0 700 700 700 288 100 0 50 683 1000 0 0
#MUFC 2017-12-17
200 0 200 200 -12 0 400 0 400 0 0 583 0 318 150 125 320 350 -500 1000 0 200 388 123 400 0 0 0 0 0 600 0 400 408 200 139 0 850 -157 166 0 0 0 387 -245 136 -216 0 0 0 -157 200 -800 307 0 400 0 0 0 0 250 0 -699 0 0 100 200 0 200 212 83 0 0 0 290 0 285 100 0 0 500 500 0 0 0 0 166 0 0 0 0 0 66 -400 400 177 100 0 0 0
550 0 550 550 0 575 650 0 550 0 750 283 0 500 362 241 708 425 700 300 0 550 466 707 650 0 0 0 0 0 900 0 650 575 550 460 0 1000 717 400 0 0 0 850 355 500 833 0 0 0 717 300 900 375 0 1000 0 0 0 95 500 0 666 66 0 200 400 0 550 373 125 0 0 0 663 0 535 0 0 0 300 300 0 0 0 0 166 0 0 0 0 0 533 700 200 564 200 0 0 0
#MCFC 2017-12-16
-125 0 400 500 0 0 500 250 0 500 300 0 300 500 0 334 1000 500 0 0 0 0 237 136 0 350 0 500 0 0 875 0 500 0 275 400 0 0 0 500 0 500 500 400 450 0 0 0 0 500 0 0 0 450 0 275 183 -600 203 0 0 400 412 550 350 0 0 0 0 350 0 54 0 0 -31 700 700 213 0 0 0 550 0 0 500 0 -18 0 0 150 500 800 -699 99 -8 0 0 0 0 0
375 0 900 500 0 0 500 750 0 500 575 0 500 500 0 538 1000 500 0 0 0 500 544 454 0 400 1000 600 0 66 800 0 500 0 354 900 0 0 0 700 0 500 500 900 483 0 0 0 0 500 0 0 0 483 0 875 766 500 457 0 0 900 550 700 427 0 0 0 0 450 0 862 500 0 400 1000 550 454 0 0 0 850 0 0 1000 0 781 0 0 875 600 750 666 850 425 0 0 0 0 0
#COYS 2017-12-16
0 550 0 500 0 0 0 250 800 100 0 -500 200 0 500 500 625 0 0 0 0 0 600 800 0 0 600 0 0 350 500 68 -25 287 0 0 0 41 1000 237 500 500 0 500 200 0 -155 0 0 0 -199 0 0 0 500 333 850 0 -500 0 170 -500 0 0 431 136 466 0 66 -620 328 700 0 0 0 0 500 0 -400 0 250 0 394 90 309 0 0 0 650 333 700 33 0 900 666 350 0 0 600 214
0 800 0 888 0 0 0 450 700 650 0 900 500 0 500 500 900 0 0 0 0 0 650 575 0 0 950 0 0 600 600 346 666 525 0 0 0 383 400 745 450 450 0 450 500 0 288 0 0 0 600 0 0 0 600 666 650 0 1000 0 454 1000 0 0 531 500 700 0 422 688 747 600 0 0 66 0 700 0 1000 0 250 0 550 410 678 0 1000 0 650 666 550 400 1000 1000 1000 300 0 0 950 362
#SCFC 2017-12-16
0 781 0 500 -100 -200 0 0 -500 0 0 100 700 0 0 0 0 0 0 0 0 0 0 0 0 0 0 0 0 213 700 192 199 487 -155 -66 -500 85 235 400 0 400 0 100 0 162 0 0 0 0 400 0 400 633 400 0 163 160 600 0 199 85 400 -155 -155 0 0 0 0 500 0 -155 -155 -200 -155 -155 -155 250 33 139 0 0 850 0 0 400 0 350 0 0 0 375 0 166 480 480 -400 0 0 480
0 888 0 500 550 700 0 0 1000 0 0 100 600 0 0 500 500 0 0 0 0 0 0 0 0 0 0 0 0 454 600 482 566 750 288 500 533 750 535 1000 0 1000 0 100 0 350 0 0 0 0 1000 0 1000 433 1000 0 424 539 1000 100 566 750 1000 288 288 0 0 0 0 500 0 288 288 350 288 288 288 371 333 466 0 0 900 0 0 1000 0 550 0 300 0 675 0 916 645 645 400 0 100 645
#WHUFC 2017-12-16
285 471 -155 433 0 0 0 0 -500 800 0 0 0 -125 42 0 0 0 1000 0 0 0 0 212 200 -500 0 -50 500 0 0 0 0 0 399 -125 0 0 195 0 350 400 0 0 0 350 -40 0 0 0 0 -291 0 0 500 0 73 800 0 0 166 300 0 350 75 600 -230 1000 350 400 250 0 266 0 172 500 0 68 0 0 550 0 0 0 350 0 800 0 799 0 0 0 350 0 166 500 136 -141 275 -291
535 696 288 733 342 0 0 0 1000 1000 0 0 100 375 467 0 0 0 1000 0 0 0 0 500 200 1000 0 300 900 0 0 0 0 0 533 375 0 0 538 0 900 900 0 0 0 550 226 0 0 0 0 541 0 0 500 100 658 1000 0 0 633 650 0 550 500 900 402 300 550 633 500 0 583 0 666 900 0 227 0 0 700 0 0 0 550 0 400 0 733 0 0 0 475 357 333 900 454 208 679 541
#AFC 2017-12-16
0 -399 0 700 362 200 200 0 0 0 0 0 0 0 0 0 250 0 0 0 471 0 170 0 0 200 62 0 625 0 0 0 0 -262 100 150 0 500 0 0 0 0 0 0 500 0 0 0 -316 0 800 -97 0 0 166 -400 800 325 0 0 0 0 875 166 -166 0 500 -200 0 250 0 -400 350 0 0 0 0 400 1000 550 312 0 213 0 0 -450 0 550 0 0 -400 550 0 0 100 33 0 1000 800 0
0 1000 0 600 750 500 900 0 0 0 0 500 0 0 0 1000 300 678 0 1000 350 450 454 0 0 100 500 0 1000 0 0 0 0 487 250 250 0 583 0 0 0 0 0 399 500 0 0 399 638 0 900 187 0 0 833 600 1000 875 0 0 0 0 600 333 833 0 500 50 0 300 0 900 450 0 0 0 0 1000 800 775 518 0 454 0 0 650 0 650 0 0 600 774 0 0 400 366 0 300 400 0
#NUFC 2017-12-16
233 -60 318 16 211 0 350 213 0 47 400 0 25 -200 -566 142 200 0 200 0 204 0 250 133 250 0 168 0 0 0 0 -200 0 0 -400 0 0 0 0 225 225 0 -154 875 -169 550 0 0 -483 200 0 0 0 199 199 0 0 253 500 266 0 -40 0 -277 0 110 68 500 400 150 -300 0 0 350 0 178 100 0 -147 -1000 800 0 0 -600 -107 8 0 0 -25 333 200 412 366 78 800 66 -156 -100 -155 0
696 432 491 400 517 1000 500 731 0 344 800 0 675 800 399 301 100 0 100 0 457 0 283 592 750 0 575 1000 0 0 0 700 0 0 600 0 0 0 0 416 416 0 600 600 650 750 62 0 666 100 0 66 0 433 333 500 0 466 1000 502 0 363 0 344 66 725 227 500 500 596 550 0 0 300 0 335 383 100 587 900 400 0 750 800 601 383 0 0 475 833 900 550 566 867 400 399 100 500 288 0
#BHAFC 2017-12-16
-155 49 100 0 -31 0 0 0 0 0 0 -107 350 0 -600 500 0 250 283 0 0 0 0 49 0 700 -100 0 0 0 0 0 0 0 0 500 133 0 0 0 0 0 0 800 0 -333 0 233 0 0 400 0 0 154 200 166 0 0 -100 0 0 -100 -300 0 0 -150 0 -225 -166 1000 200 200 -233 0 -200 0 200 200 -200 200 200 200 0 433 650 0 200 -400 -197 200 200 200 200 650 500 650 0 275 -662 -24
288 450 400 0 402 50 0 0 0 125 0 467 550 83 700 500 0 333 383 0 0 0 0 596 0 600 200 0 500 500 500 500 500 500 0 500 500 500 500 500 500 500 0 1000 0 366 0 716 66 0 516 0 0 438 625 462 0 0 200 0 0 200 400 0 0 200 0 575 66 300 100 100 233 0 800 700 100 100 233 100 100 100 0 533 750 0 100 600 519 100 100 100 100 750 500 750 0 300 583 533
#Clarets 2017-12-16
0 0 0 0 0 -100 0 0 0 0 -333 0 0 666 0 0 100 0 300 1000 0 625 100 170 650 0 479 191 262 800 333 -400 750 50 122 0 0 0 0 0 0 0 100 -350 0 0 0 500 568 0 500 0 0 500 0 0 0 0 0 0 68 800 0 250 0 0 0 0 100 -375 0 500 479 0 0 191 0 700 1000 341 0 31 0 566 412 136 0 0 45 308 0 0 133 250 0 0 8 700 0 0
100 0 0 0 0 750 0 0 66 0 366 0 0 1000 0 0 900 0 200 400 0 900 700 500 650 0 791 258 462 400 450 600 400 650 443 0 0 0 0 0 0 0 400 100 0 0 0 500 427 0 500 0 0 875 0 0 0 0 66 500 227 1000 100 687 0 0 0 0 350 625 0 600 791 0 0 258 0 700 1000 333 0 600 0 833 550 454 0 0 166 466 0 0 583 450 0 0 402 600 0 0
#CFC 2017-12-16
0 0 -125 437 -2 0 -500 0 0 300 0 -500 0 -500 0 0 -500 0 0 466 0 334 533 0 0 0 100 0 0 0 -500 0 0 0 0 0 136 0 133 590 590 585 590 590 0 0 800 0 100 0 0 0 0 0 0 20 0 212 0 500 0 333 0 516 0 0 -500 0 0 0 0 0 0 500 0 -500 0 0 0 0 500 250 450 -145 0 0 0 600 500 0 0 0 0 -500 0 0 0 0 0 0
0 0 375 337 827 0 666 0 0 650 0 666 0 900 0 500 900 0 0 700 0 538 633 0 0 0 300 0 500 0 666 0 0 0 125 0 454 0 266 650 650 750 650 650 0 0 1000 0 300 0 0 0 0 0 500 205 0 470 0 600 0 500 0 558 0 0 666 0 0 0 0 0 0 500 0 666 0 0 0 0 888 250 425 491 0 0 0 1000 500 0 0 0 0 666 0 0 0 0 0 0
#SaintsFC 2017-12-16
446 335 354 -33 0 50 708 0 -100 0 266 99 0 425 0 133 -700 120 368 516 200 0 0 0 300 -62 137 195 -62 -937 0 166 375 0 0 500 1000 194 106 249 0 366 150 150 250 0 100 -800 0 -66 0 0 0 0 150 0 0 50 0 162 285 0 0 312 50 0 0 0 300 -150 -11 0 1000 0 250 136 425 0 0 100 0 0 0 -166 0 500 -21 99 0 0 0 0 0 399 0 70 0 0 500 0
535 570 510 450 0 533 466 0 200 0 355 466 0 675 0 366 1000 293 627 700 450 0 0 62 325 300 399 300 687 800 0 366 631 0 0 888 400 777 431 350 0 565 483 650 333 0 483 900 0 255 0 0 0 0 281 0 100 200 0 350 535 0 611 575 700 0 0 0 800 233 666 0 600 0 900 500 666 500 0 400 0 0 0 966 0 183 300 350 0 0 0 0 0 500 0 777 0 100 500 0
#WatfordFC 2017-12-16
0 0 -500 0 0 0 0 800 0 433 0 199 0 0 0 50 0 300 0 0 0 0 -300 0 0 0 -300 369 0 0 -125 300 0 0 0 0 68 433 -300 0 0 0 0 212 0 0 0 0 -200 250 0 34 357 500 -71 0 0 0 0 196 750 0 0 0 0 0 0 0 0 100 0 0 0 0 300 0 100 233 100 125 -1000 272 0 0 -375 0 0 0 0 433 0 0 0 0 0 168 0 800 500 1000
0 0 900 0 0 0 0 750 0 833 0 383 0 0 0 550 0 500 0 0 0 0 600 0 0 0 600 773 0 0 375 200 0 0 0 0 260 566 800 0 1000 750 0 412 500 0 0 0 500 300 0 363 750 888 142 0 0 0 0 313 400 0 0 0 0 0 0 0 750 200 125 125 0 0 650 0 400 566 400 291 1000 644 66 66 591 66 0 0 0 600 333 0 66 400 100 400 66 1000 775 300
#HTAFC 2017-12-16
0 0 0 0 380 0 400 265 0 237 0 0 136 -800 0 108 0 -58 100 -250 136 52 0 200 500 136 208 0 0 0 300 0 183 0 178 0 136 0 136 -400 0 0 0 400 136 -75 0 369 178 0 0 19 0 368 650 0 0 -166 0 0 0 -166 0 0 0 0 -400 -400 305 0 0 0 -200 0 -400 212 0 -400 377 1000 0 0 0 0 399 350 -400 0 250 0 0 -400 0 100 0 0 0 800 750 0
0 0 0 0 661 0 200 775 0 800 0 100 454 800 0 558 0 300 600 400 454 576 0 300 500 454 500 0 0 0 500 0 216 0 784 0 454 0 454 400 0 0 0 900 500 466 0 773 784 0 0 308 0 700 725 0 0 166 0 0 0 166 0 0 0 0 400 600 355 0 0 0 266 0 400 412 0 400 833 750 0 0 0 0 766 700 600 0 500 0 1000 600 0 200 0 0 0 750 950 33
#LCFC 2017-12-16
0 0 350 0 0 713 200 0 100 0 750 150 400 600 -100 0 241 800 950 0 312 0 0 500 0 300 -100 500 0 -100 0 83 0 346 0 0 0 183 136 0 0 0 0 150 136 0 136 311 0 136 0 0 505 0 750 -400 0 700 425 0 0 178 266 0 162 0 169 -375 0 800 -600 0 0 166 -150 0 204 -250 -220 0 -150 500 62 0 -150 -200 -346 250 500 700 425 700 0 33 800 296 0 700 900 -250
0 0 650 0 0 797 200 0 300 0 1000 237 375 900 200 0 600 400 875 0 375 0 0 500 0 100 200 500 0 200 0 300 0 539 0 0 0 650 500 0 500 0 0 483 500 0 500 516 0 500 0 0 395 500 950 400 0 900 625 0 0 584 200 0 350 0 480 433 0 750 800 0 0 318 233 0 608 937 720 0 99 183 500 0 600 350 744 600 500 600 566 700 0 400 1000 696 0 600 575 200
#CPFC 2017-12-16
300 0 60 500 500 500 0 335 16 0 0 200 0 200 200 0 -116 0 0 0 0 500 0 0 0 500 500 500 0 -600 0 0 433 187 -163 0 83 0 625 -500 1000 0 -400 0 -200 -400 -400 0 0 0 76 0 178 0 0 0 0 50 0 33 75 0 250 0 0 124 0 500 0 -125 64 0 366 0 0 0 0 62 300 0 0 1000 66 125 533 -625 0 250 400 318 0 -166 0 0 0 0 800 0 0 252
483 0 413 500 500 500 0 700 683 0 0 100 0 100 100 0 533 0 0 125 0 888 0 0 0 500 500 700 0 700 0 50 833 553 226 0 433 0 500 1000 750 0 600 0 300 600 600 0 100 0 623 0 584 0 300 0 0 550 0 255 215 0 500 0 0 500 0 550 0 450 521 0 533 0 150 0 0 500 503 0 0 1000 742 250 666 400 0 500 900 325 0 66 0 0 0 0 400 0 0 574
#LFC 2017-12-13
500 357 500 0 0 0 0 700 0 0 1000 0 0 -600 0 95 142 500 0 80 0 0 0 0 0 -500 433 333 0 1000 0 0 0 250 150 0 0 1000 201 500 583 800 -199 140 0 412 0 0 0 500 0 300 -42 0 0 0 0 0 0 49 100 100 1000 0 0 0 1000 350 0 166 342 200 0 200 200 0 0 -166 0 136 200 0 1000 400 550 0 199 0 50 1000 -24 0 0 1000 0 0 1000 355 556 1000
550 523 900 0 0 125 0 600 0 0 300 0 0 800 0 245 461 500 0 583 0 0 0 0 0 1000 833 1000 0 300 0 0 0 1000 500 0 0 300 761 500 650 750 600 455 0 550 0 0 0 475 0 500 528 0 0 0 1000 66 0 650 650 650 1000 0 0 0 300 400 0 283 517 300 0 300 300 0 0 355 0 454 300 0 1000 875 900 33 266 0 725 1000 799 0 0 400 0 0 400 271 366 400
#WBA 2017-12-13
0 900 0 0 0 500 -52 350 900 900 0 0 0 0 0 0 -600 -1000 0 49 125 0 0 0 34 0 0 283 0 -225 358 0 216 -200 -400 0 250 0 900 0 -200 0 0 800 333 900 1000 0 500 0 542 0 0 0 -166 400 900 0 49 0 168 -150 -400 0 -500 0 136 -400 0 29 0 200 400 240 0 0 0 0 0 0 500 0 416 0 0 0 0 500 0 -400 0 0 335 166 83 133 500 875 -331 0
0 400 0 0 0 888 327 725 400 400 0 0 0 0 0 1000 900 1000 0 575 250 0 100 0 225 0 0 391 0 175 425 0 466 300 400 0 250 0 400 0 200 0 0 1000 666 400 300 0 600 100 642 0 0 0 66 400 400 0 575 0 237 266 400 0 400 1000 454 400 0 467 0 488 375 439 0 0 0 0 0 0 625 0 483 0 0 0 0 500 0 400 0 0 342 133 411 333 625 600 727 0
#MUFC 2017-12-13
0 0 -133 87 11 625 0 0 350 100 -300 0 -149 125 233 0 0 0 0 100 0 0 0 0 0 171 0 400 525 -139 0 22 -92 500 616 1000 -500 800 0 0 0 -233 0 -400 400 700 0 500 0 0 125 -316 0 500 0 -600 -199 0 -368 0 0 1000 -800 380 0 -566 800 0 375 600 -225 0 0 350 0 68 0 -100 0 500 0 0 10 0 63 63 0 0 -150 0 0 500 500 500 500 -250 -125 375 0 0
0 0 833 187 322 900 0 0 550 200 600 0 466 200 645 0 0 0 0 722 333 0 0 175 0 437 0 470 575 680 0 537 490 1000 916 900 900 400 0 0 0 450 0 400 450 650 0 475 0 0 175 569 0 600 100 800 650 0 750 0 0 300 800 380 0 933 1000 0 600 800 550 0 0 350 0 375 0 300 0 500 0 0 736 0 618 618 0 0 900 0 800 500 500 500 500 400 550 675 0 0
#AFCB 2017-12-13
125 400 0 0 -500 100 0 700 0 0 0 400 0 -104 0 0 -27 -75 300 200 -62 500 0 400 0 462 400 0 400 -327 650 650 136 -75 -12 400 0 33 33 0 -400 287 0 350 0 33 341 500 166 5 700 33 0 -350 0 224 500 0 -350 200 11 -400 214 337 329 266 0 21 333 0 -233 266 0 0 -400 0 -277 200 -16 -159 66 0 -400 250 -400 500 0 500 500 0 0 0 0 187 149 0 0 -500 0 -500
200 450 0 0 1000 200 0 600 0 0 0 450 0 451 0 0 294 275 266 300 750 500 0 450 0 650 650 0 800 644 625 700 454 800 410 666 0 300 177 0 700 787 0 300 0 177 516 500 333 755 850 177 66 550 0 650 500 0 550 500 433 400 500 550 556 850 0 539 333 0 627 850 0 0 400 0 344 500 500 138 366 0 400 900 400 1000 0 900 900 0 0 350 0 429 500 0 0 900 66 900
#COYS 2017-12-13
275 800 675 400 0 166 0 0 16 0 0 0 566 0 625 0 0 0 -256 -100 0 1000 0 -49 0 0 0 0 227 0 356 0 345 0 0 250 200 357 400 0 0 490 -256 0 136 0 0 136 0 0 0 0 200 0 0 500 0 0 -300 0 0 400 -312 0 136 600 150 184 0 0 0 0 350 0 0 0 0 1000 0 250 350 200 0 0 0 0 0 -66 600 250 161 68 0 0 55 800 -200 400 0 0
774 750 825 800 0 666 0 0 400 0 0 0 783 0 900 0 0 0 500 300 0 750 0 866 0 0 0 1000 545 0 725 0 762 0 0 200 900 571 950 0 1000 400 500 0 454 0 0 454 0 133 0 0 200 0 0 833 0 0 950 0 0 900 400 0 454 900 750 488 0 0 0 0 350 0 0 0 0 1000 0 375 300 100 125 0 0 0 0 133 950 750 155 227 0 0 666 750 400 545 0 0
#BHAFC 2017-12-13
0 100 337 0 0 250 0 0 0 200 0 500 500 0 0 162 800 800 0 -357 0 0 416 0 0 -75 200 -400 716 0 0 650 0 0 376 136 -33 0 0 900 203 0 -111 800 -400 800 233 400 1000 0 11 41 350 450 -100 0 -100 0 0 136 0 -300 -500 -125 0 0 0 0 0 0 0 0 0 0 160 -400 600 800 0 400 562 500 0 800 500 0 -33 0 525 -156 130 0 139 200 250 166 600 33 130 400
500 150 575 0 0 450 0 0 0 200 1000 750 500 0 0 339 400 400 0 428 83 0 833 0 0 275 200 400 883 750 0 700 0 0 608 454 466 250 0 700 233 66 111 1000 400 1000 288 1000 300 0 355 321 550 750 200 0 200 0 0 454 0 1000 900 375 0 0 0 0 0 0 0 0 0 0 413 400 1000 1000 0 550 700 500 0 1000 500 0 466 66 700 618 130 0 592 500 300 211 799 962 390 200
#WHUFC 2017-12-13
100 0 0 0 0 0 0 500 0 0 0 0 0 0 50 0 163 0 -31 0 0 0 -66 0 633 357 111 1000 400 136 550 0 100 0 0 0 -250 344 0 -400 0 0 403 800 0 0 -125 400 357 -250 -250 300 0 0 1000 0 0 0 0 0 -200 650 600 750 -400 433 0 0 -155 -155 -155 0 0 500 227 0 500 100 0 -500 0 0 0 500 0 0 -66 255 0 700 0 0 0 0 0 450 0 -99 -400 500
100 0 0 0 0 66 0 500 0 0 0 0 0 0 350 150 863 0 400 100 0 0 222 100 650 571 461 1000 900 454 200 0 275 0 0 0 700 550 100 400 0 0 435 900 0 66 375 700 535 700 700 200 300 0 300 100 0 0 0 100 233 450 900 450 400 416 0 0 288 288 288 0 0 875 545 0 625 312 0 1000 0 0 0 500 0 0 533 602 0 850 0 0 0 0 0 750 0 583 400 625
#AFC 2017-12-13
0 100 136 87 712 625 250 -400 0 0 0 0 68 0 375 0 0 0 375 0 166 -99 0 68 -300 666 0 0 0 -15 633 0 0 462 120 -2 266 0 0 0 0 1000 -200 0 400 0 200 500 700 0 1000 0 0 333 412 -200 0 100 0 0 0 0 0 1000 0 0 0 0 0 0 0 0 0 34 -300 0 0 375 0 0 433 -388 366 0 0 0 0 0 -48 166 0 337 0 0 625 0 0 466 0 0
0 550 454 287 625 925 200 600 0 0 950 0 260 66 611 0 0 0 611 0 333 825 0 260 399 666 112 0 0 260 600 0 0 475 288 519 250 0 0 500 0 1000 50 0 489 0 200 500 600 0 300 0 0 666 350 400 0 283 0 0 0 0 66 1000 0 0 0 0 0 0 0 0 0 225 400 0 0 611 0 0 833 833 388 0 0 0 0 0 551 833 0 562 125 0 500 0 390 900 0 125
#NUFC 2017-12-13
77 0 -222 -40 0 475 -400 0 0 200 134 0 0 433 0 600 0 -50 0 0 0 0 -81 100 200 0 0 0 0 0 333 0 0 0 0 0 0 0 0 0 -150 212 -175 -37 500 1000 375 150 0 400 0 0 1000 0 357 0 441 0 0 466 191 125 200 66 0 0 0 0 399 0 -250 0 -83 666 -83 200 650 136 0 0 666 136 300 133 3 0 200 68 0 466 0 -200 200 200 200 133 273 0 700 -200
288 0 411 325 0 800 400 0 0 300 451 0 0 416 0 900 0 675 0 0 0 0 527 0 300 0 0 0 0 0 99 0 0 400 0 0 0 0 450 0 491 425 216 166 700 1000 425 404 0 375 0 0 1000 0 571 0 700 0 0 733 454 250 300 799 0 0 66 0 533 0 375 0 216 666 216 500 300 500 0 0 766 454 100 383 325 0 300 277 0 733 0 200 300 300 300 383 423 0 950 425
#EFC 2017-12-13
0 0 0 375 0 225 -275 0 0 0 0 500 0 -900 0 -100 0 1000 200 600 162 123 0 600 0 0 0 0 0 0 0 0 0 0 0 0 0 250 1000 625 -125 250 250 100 0 200 0 0 -700 400 100 0 191 0 356 0 100 100 0 -200 568 0 0 0 541 1000 -600 -600 0 0 1000 350 0 0 136 136 136 500 250 500 0 383 1000 0 0 216 -350 -850 300 968 -155 0 -66 1000 1 0 410 0 0 0
0 0 0 500 0 355 674 0 0 0 0 900 0 1000 0 950 500 750 300 900 475 386 0 900 500 0 0 0 0 0 0 600 1000 0 0 0 0 250 750 600 375 300 500 150 100 200 0 0 1000 700 320 0 454 0 249 100 350 100 0 500 400 0 300 50 733 1000 900 900 0 0 650 650 0 0 454 454 454 500 500 500 100 583 750 0 0 416 150 1000 500 950 288 100 388 1000 422 0 616 0 0 0
#SaintsFC 2017-12-13
400 -700 750 0 -400 250 531 0 283 0 0 0 600 0 199 533 -400 362 0 0 187 -400 250 0 0 0 0 0 0 0 0 0 200 0 0 500 500 191 153 1000 1000 206 -200 0 300 0 0 0 0 0 0 0 337 283 0 0 0 750 416 136 350 1000 133 326 -291 500 212 900 -65 -8 0 200 -500 350 -200 254 0 700 250 0 0 0 -600 136 0 0 0 250 200 -32 -200 0 -500 -500 -500 -500 400 0 0 0
400 1000 750 750 400 316 656 0 444 0 0 0 550 0 266 399 400 500 0 0 216 400 1000 0 0 1000 0 0 0 0 0 0 350 300 0 500 500 418 454 300 300 916 400 1000 316 0 0 0 0 0 0 0 396 691 0 0 0 1000 500 500 587 300 766 347 541 875 262 1000 244 567 0 200 900 550 100 770 0 600 900 0 0 0 700 454 0 0 0 333 383 313 700 0 500 500 500 500 500 1000 0 0
#LCFC 2017-12-13
318 -500 -400 0 -700 250 0 -300 0 -81 375 -133 0 0 0 0 0 0 0 -166 800 -225 212 191 75 0 -300 800 -650 -183 0 0 0 0 -291 800 0 0 0 800 -400 268 -208 -500 800 0 252 -63 0 0 850 39 0 141 133 1000 175 0 111 100 41 708 800 85 0 0 0 100 250 0 -32 379 400 252 400 800 0 0 0 0 400 500 500 1000 0 350 0 0 362 -100 266 700 350 500 0 281 350 -500 0 0
500 1000 700 0 1000 400 750 600 0 527 1000 233 0 0 0 400 0 0 0 333 400 950 441 454 608 0 350 1000 1000 966 0 0 0 0 541 400 0 0 0 400 400 735 791 1000 400 1000 445 580 0 0 500 820 0 283 766 750 216 0 222 200 583 669 1000 450 0 0 0 100 250 0 313 441 400 445 800 400 100 0 1000 0 750 500 500 300 0 350 0 0 650 1000 533 600 550 1000 0 450 550 400 0 0
#Swans 2017-12-13
0 0 0 500 550 -155 350 0 250 400 0 -300 333 -500 0 0 0 500 550 0 0 -133 0 0 125 850 629 -250 -243 -1000 0 500 0 250 550 0 125 0 0 0 0 0 0 634 0 0 0 200 200 0 800 0 450 0 500 -400 0 450 500 0 -100 0 400 0 500 0 0 0 0 0 211 -100 0 0 0 0 500 0 0 0 -250 0 800 0 136 136 0 0 160 0 400 0 -450 0 0 0 350 0 0 400
0 0 0 500 550 288 350 0 250 400 0 400 833 1000 0 0 0 500 550 0 0 133 0 0 625 1000 550 200 650 1000 0 500 0 250 550 0 475 0 0 0 1000 0 0 650 0 0 0 400 400 33 400 0 1000 0 1000 1000 0 1000 500 0 666 0 900 0 625 0 0 0 0 0 411 400 0 0 0 0 500 0 0 0 700 0 900 0 500 500 0 0 539 0 800 0 700 0 0 0 550 0 0 1000
#MCFC 2017-12-13
200 0 0 250 0 233 100 0 0 0 0 -300 0 666 0 0 -400 500 0 500 -100 -250 100 0 500 103 0 -133 550 -150 375 0 136 425 -57 500 250 -300 0 0 200 136 0 200 250 0 0 0 33 0 -166 98 0 625 0 0 183 800 937 -155 -781 500 600 0 0 200 500 250 1000 150 500 19 0 0 -155 800 1000 0 59 100 -155 0 1000 800 600 200 500 0 -300 79 0 285 0 634 251 278 0 442 0 -250
500 0 0 444 500 645 722 0 0 0 0 100 0 916 0 0 400 475 0 500 500 250 200 0 600 466 0 833 550 900 675 0 454 725 271 500 450 475 0 0 200 454 0 200 408 0 0 0 66 0 500 219 0 900 0 0 466 400 1000 288 1000 475 800 0 0 300 500 450 1000 150 500 559 175 0 288 400 300 0 482 200 288 0 300 400 1000 900 888 1000 400 763 0 535 0 700 577 208 0 742 0 750
#CPFC 2017-12-12
0 -400 0 -133 300 0 300 -155 0 216 1000 800 0 0 83 0 116 0 0 0 0 0 100 -71 0 0 0 0 0 0 133 0 250 0 -600 -250 -62 350 0 0 -444 500 0 0 -128 0 0 1000 650 0 0 0 67 -750 0 0 0 0 -500 0 0 500 0 -500 100 0 399 0 0 399 0 0 -444 166 900 120 300 87 0 0 0 0 0 0 0 0 271 133 -487 333 519 0 285 -170 0 -875 0 -145 0 0
0 550 0 181 900 0 900 288 0 283 300 1000 0 0 450 0 336 0 0 0 0 0 100 811 0 0 0 0 0 0 233 0 400 0 700 150 645 450 0 0 722 1000 0 0 726 100 0 300 450 0 0 0 340 800 0 0 0 0 1000 0 0 500 0 1000 425 0 400 0 0 716 0 0 722 333 1000 580 750 588 0 0 0 112 0 0 0 0 328 233 487 433 500 0 650 315 0 1000 0 320 0 0
#WatfordFC 2017-12-12
0 0 233 277 -131 0 0 133 0 0 175 0 100 0 1000 0 1000 500 200 397 0 400 0 0 0 0 -27 133 166 0 -450 462 600 0 0 0 250 192 0 0 800 650 -75 0 0 0 50 416 2 0 400 500 250 0 0 250 0 -75 -75 0 -11 266 0 -400 0 350 -100 75 -388 0 -1000 278 200 0 -68 -38 0 -388 88 100 266 0 100 700 500 233 0 781 -600 233 0 -600 100 -250 250 357 -125 0 1000 400
0 0 316 666 200 0 0 233 0 0 375 0 400 0 300 0 300 500 350 555 0 525 0 0 1000 0 336 233 500 300 650 300 900 300 0 0 350 459 0 0 900 650 50 0 0 0 350 500 200 0 700 900 450 0 0 450 0 50 50 0 426 233 500 812 0 912 475 475 833 0 1000 600 500 0 584 602 0 833 427 400 333 0 400 816 400 366 0 500 700 566 0 700 400 250 350 292 1000 333 1000 1000
#HTAFC 2017-12-12
-18 -12 0 0 -249 -200 0 -50 300 208 500 -625 500 0 0 0 175 -182 250 625 0 -300 300 178 800 104 50 0 500 500 -700 0 -340 0 0 0 700 252 0 1000 800 190 341 0 1000 0 -99 -781 0 312 250 300 -25 0 178 44 1000 0 500 500 49 300 100 516 136 0 158 122 79 250 -400 402 0 1000 0 118 -43 0 0 100 0 0 0 0 0 250 750 178 575 -200 191 0 300 0 800 0 600 329 -200 133
537 674 0 0 433 800 0 200 600 833 500 1000 500 100 0 0 950 690 300 900 0 625 600 285 400 776 429 0 600 600 600 0 565 0 0 0 600 516 0 900 900 700 634 0 700 0 583 1000 0 375 740 650 550 0 285 473 900 0 500 500 393 600 383 620 500 0 791 603 413 312 400 300 0 300 0 363 350 0 0 633 0 0 0 0 0 312 500 267 861 400 475 0 580 0 400 0 1000 666 400 185
#CFC 2017-12-12
200 0 0 0 0 200 100 0 0 0 0 0 0 -8 0 310 0 257 300 300 154 0 0 0 0 -400 0 100 0 0 0 0 0 -200 -600 -600 500 500 0 0 0 0 0 0 0 0 500 0 0 0 0 166 -500 -83 0 0 0 0 -83 0 166 800 0 300 -100 0 0 0 0 0 521 0 0 0 -400 0 0 0 0 0 200 0 0 0 0 500 0 0 0 0 0 0 0 0 -27 0 0 0 316 0
200 0 0 0 0 200 400 0 0 0 0 0 0 758 0 246 0 664 900 900 576 0 500 0 0 400 0 400 0 0 0 0 0 0 1000 1000 500 500 0 0 0 0 0 0 0 0 500 500 0 0 0 333 1000 750 0 0 0 0 750 0 333 400 0 600 462 1000 0 0 0 0 671 0 0 0 400 0 0 0 0 0 450 0 0 0 0 500 0 0 66 0 0 0 0 0 377 0 0 0 350 0
#Clarets 2017-12-12
233 145 0 145 175 1000 800 800 0 250 375 -1000 0 0 0 550 800 0 0 625 0 550 -175 191 100 400 800 0 0 0 0 0 0 375 400 500 0 0 300 0 0 0 200 0 400 0 -200 0 400 250 0 1000 1000 -250 0 800 0 0 0 700 0 800 -200 0 250 350 -16 -166 0 0 0 0 -44 800 166 -200 0 0 0 136 136 250 136 136 136 136 136 0 -200 290 170 136 0 -50 -50 -50 -50 0 -50 -50
316 541 0 541 341 300 400 400 0 500 725 1000 0 0 0 600 400 0 0 900 0 600 591 258 400 250 1000 0 0 0 0 125 0 200 375 500 0 0 225 0 0 0 200 0 900 0 400 0 200 1000 1000 300 300 250 0 400 0 0 0 600 0 400 500 1000 375 550 583 166 0 0 0 0 355 400 833 300 0 0 0 500 500 333 500 500 500 500 500 0 300 433 500 500 0 400 400 400 400 0 400 400
#SCFC 2017-12-12
976 0 0 0 0 0 0 562 -62 0 0 0 0 0 0 0 75 366 0 562 0 0 1000 167 0 -875 -131 0 -250 0 -699 0 -875 -875 0 0 150 -150 -114 725 0 0 0 800 0 0 0 0 0 0 -350 -700 0 0 0 0 0 -100 66 500 123 800 0 0 600 -145 -125 0 33 -283 0 136 -250 -400 -700 0 -350 0 -675 -264 -250 0 0 0 0 -266 400 0 500 136 216 0 0 0 -55 -500 0 -250 240 0
500 100 0 0 0 100 100 600 187 100 0 0 0 0 0 700 400 566 0 600 0 1000 1000 286 0 1000 712 0 583 0 666 0 1000 1000 0 0 466 350 749 700 0 0 0 400 0 0 0 0 0 0 900 900 0 0 0 0 0 250 166 500 319 400 0 0 900 304 506 0 633 658 0 500 250 700 200 0 900 0 950 608 800 0 0 0 0 266 600 0 666 500 266 0 0 0 55 900 0 250 313 0
