#LFC 2016-05-11
500 0 0 0 0 0 125 0 0 335 0 0 800 136 0 -16 0 200 255 0 0 0 0 200 0 500 0 0 1000 0 0 0 0 0 0 0 0 350 0 0 0 429 0 0 0 0 0 -250 0 0 0 0 366 136 0 -229 0 0 0 -714 0 0 318 212 0 46 0 0 0 500 0 0 500 0 262 212 0 0 31 275 -281 136 68 159 0 0 199 0 0 0 0 500 0 -250 -15 45 418 0 0 0
1000 0 0 0 0 0 416 0 0 627 0 0 400 454 0 166 0 700 602 95 0 0 0 850 0 600 0 0 600 0 0 0 0 0 0 0 0 550 0 1000 0 412 0 550 0 0 0 593 0 0 0 0 946 454 0 313 0 0 0 857 0 0 527 400 0 613 0 0 0 600 500 0 500 0 275 400 125 125 227 750 560 454 277 488 0 0 566 0 649 0 0 500 0 250 554 270 527 0 0 125
#CFC 2016-05-11
0 -1000 0 -400 0 400 0 -375 0 0 1000 278 0 0 0 0 0 0 0 0 0 250 0 0 0 0 100 0 200 0 0 0 0 -133 500 0 0 0 0 0 -65 -133 -75 9 0 0 0 250 -200 99 600 0 0 0 83 0 250 266 -65 9 0 0 0 0 -100 0 250 -62 -433 99 0 -100 250 0 -200 0 366 -266 450 500 0 0 0 0 278 0 -200 0 500 278 0 -200 0 500 0 0 0 0 213 0
125 1000 0 400 0 408 0 750 0 0 1000 351 1000 0 0 0 0 0 0 0 0 333 0 0 0 0 200 0 300 0 0 0 0 488 500 0 0 0 0 0 538 488 275 301 0 1000 0 500 262 700 1000 0 0 0 500 0 500 366 538 301 0 1000 0 0 350 0 500 312 766 700 0 500 750 0 262 0 629 799 225 600 0 0 0 0 351 0 700 0 600 351 0 700 0 1000 0 0 0 66 454 1000
#ncfc 2016-05-11
390 0 0 25 250 -125 0 0 0 -202 600 0 0 0 0 500 0 0 -14 0 0 -150 1000 0 0 100 0 0 193 -155 0 0 0 0 -155 1000 100 0 0 0 0 200 0 0 500 0 0 0 395 0 0 403 0 0 0 1000 350 0 0 1000 0 78 -99 156 0 0 0 141 0 0 -50 500 0 0 500 0 312 0 1000 -333 0 75 0 0 100 0 -462 -75 0 0 136 0 200 -250 0 0 0 125 0 0
335 0 0 225 500 125 0 100 0 394 550 100 0 0 0 500 0 0 415 0 1000 449 350 0 100 600 0 0 725 288 0 0 0 0 288 1000 100 0 0 0 0 350 0 0 500 0 0 100 522 0 83 460 0 0 0 300 650 0 0 1000 0 488 475 375 0 0 0 350 0 66 400 500 0 0 500 100 318 0 300 1000 0 750 0 0 300 0 350 775 0 0 454 0 200 312 0 0 0 327 0 0
#WatfordFC 2016-05-11
0 0 400 136 700 1000 -83 0 -400 900 0 0 399 0 0 0 0 0 700 0 0 0 900 1000 600 0 150 -750 0 0 250 -349 49 250 12 100 0 0 -166 0 0 150 0 600 -33 0 0 0 0 150 200 0 24 0 0 500 400 0 0 0 0 0 500 0 400 500 0 0 0 119 400 0 0 -600 68 700 0 136 -600 0 0 -400 1000 -77 83 125 0 0 0 0 1000 250 100 0 0 125 1000 400 0 0
0 0 800 454 566 350 83 0 400 1000 0 66 633 0 0 0 0 0 600 0 0 0 350 300 1000 0 649 800 0 300 333 583 550 250 418 100 0 0 333 0 0 649 0 900 133 0 0 0 0 649 900 0 625 0 0 500 600 0 0 0 0 0 900 0 600 900 0 0 0 190 600 0 0 700 227 833 100 454 1000 0 0 700 900 244 111 100 0 100 0 0 300 500 100 0 0 100 300 1000 0 0
#SAFC 2016-05-11
0 1000 0 200 0 0 909 909 0 0 909 909 0 909 0 0 0 150 83 500 800 0 0 0 0 -400 0 0 0 0 800 116 350 16 0 0 166 0 0 0 0 0 0 -155 112 0 350 350 350 0 450 450 450 450 170 250 0 500 600 107 0 0 -400 0 100 0 800 500 0 900 -185 0 0 200 0 0 0 0 900 450 500 500 160 216 200 -312 147 0 0 0 136 0 0 0 100 0 100 112 -500 0
0 750 0 300 0 0 780 780 100 0 780 780 0 780 100 100 250 483 666 600 750 0 0 0 0 400 0 0 0 0 400 316 350 616 500 0 500 0 100 0 100 100 100 288 251 0 800 800 800 0 400 400 400 400 454 200 0 600 900 598 0 0 400 0 150 0 900 750 0 1000 251 0 0 250 0 0 0 100 950 450 625 833 539 477 300 1000 650 0 0 0 454 0 0 0 150 0 150 251 400 0
#EFC 2016-05-11
0 400 0 0 800 0 0 0 400 0 0 300 136 500 0 0 -75 0 -874 0 0 0 0 -150 200 500 662 100 175 -150 81 0 0 -175 0 125 -125 266 0 208 228 216 80 500 0 0 -266 0 400 -200 0 500 0 0 900 0 166 -66 0 500 300 800 0 650 -57 0 0 0 0 0 -400 0 -477 250 550 468 800 200 0 100 0 137 0 136 45 -125 0 0 0 0 0 0 0 0 -400 -400 -400 -400 500 450
0 800 0 1000 1000 0 0 0 1000 0 1000 600 454 500 0 0 475 0 666 0 100 0 0 400 450 500 637 400 279 400 229 0 0 650 0 166 750 400 500 333 334 466 520 800 0 0 433 0 600 399 0 800 0 0 1000 0 833 433 0 500 500 400 0 625 567 0 0 0 0 0 775 0 594 300 950 450 400 300 0 250 0 345 0 454 584 750 0 0 0 0 0 0 0 0 400 400 400 400 600 500
#WHUFC 2016-05-10
333 100 0 355 333 200 1000 300 0 16 -25 0 -250 136 0 0 0 500 0 0 125 0 0 400 136 200 0 0 0 0 200 0 0 0 0 208 -50 0 0 0 -200 0 0 0 800 0 416 0 0 0 66 136 0 0 250 875 200 0 600 -66 -500 166 300 162 0 600 133 122 0 0 0 0 0 200 -229 0 0 0 0 400 -500 0 600 500 392 -166 0 -250 0 500 500 0 187 0 136 100 500 0 62 244
500 100 0 799 500 900 300 400 0 533 250 0 500 454 0 0 0 600 0 0 1000 0 0 500 454 500 0 0 0 0 500 0 0 500 0 361 850 0 0 0 350 0 0 0 200 0 750 0 0 0 725 454 0 0 200 900 500 0 900 222 1000 333 200 775 0 900 233 400 0 0 0 0 0 300 472 0 0 0 0 800 1000 0 900 888 517 777 0 700 0 750 600 100 562 0 454 700 500 0 500 482
#MUFC 2016-05-10
0 200 375 781 0 300 0 640 0 0 0 -156 433 0 175 -116 49 -62 -166 190 200 0 100 0 200 450 0 -355 400 0 0 0 0 -400 666 0 -49 -381 262 -66 0 0 0 0 -349 0 400 0 -208 625 0 393 286 350 -208 0 375 -1000 -1000 0 500 100 112 -116 212 0 -50 50 -375 247 800 0 -456 0 800 0 0 950 533 0 0 -233 800 0 800 0 0 0 187 500 500 500 0 0 -400 0 464 0 250 0
0 300 466 625 0 200 200 694 0 0 0 343 633 308 600 516 550 462 633 650 500 0 383 0 500 750 0 566 600 0 1000 0 0 400 199 0 944 729 387 416 0 0 0 0 533 0 200 0 216 900 0 566 488 650 155 0 350 1000 900 0 600 391 562 516 737 533 450 716 400 525 400 0 625 0 400 0 0 700 383 1000 0 633 400 0 400 0 0 0 211 750 900 900 0 0 850 0 607 0 333 0
#LFC 2016-05-08
-312 0 0 0 0 0 166 0 357 500 300 -250 0 0 0 0 800 800 800 500 800 0 500 500 0 0 0 500 -81 1000 800 0 357 800 350 -187 0 80 300 0 200 475 250 400 387 200 500 -13 -399 200 0 357 0 0 27 -399 0 0 400 1000 -230 0 100 0 0 100 625 -187 400 357 500 -399 100 199 312 -699 0 0 0 400 0 250 0 0 0 0 400 100 -200 800 0 250 800 399 0 800 200 68 250 250
687 0 0 0 0 0 166 1000 571 500 800 1000 125 0 250 0 900 900 900 650 750 0 600 500 0 0 0 600 729 1000 1000 0 571 400 300 500 0 303 0 0 350 566 675 1000 537 950 500 624 1000 400 0 571 0 0 502 1000 125 500 1000 300 647 125 400 0 0 400 600 500 1000 571 500 1000 900 333 250 666 1000 0 0 1000 66 250 0 100 125 125 1000 650 100 750 0 250 1000 496 0 1000 950 277 250 250
#WatfordFC 2016-05-08
0 0 0 0 0 0 200 0 0 0 0 -106 0 0 0 0 375 0 166 -50 250 0 0 136 375 0 0 -400 0 375 0 0 468 -200 300 468 558 679 0 0 0 0 0 0 187 500 0 300 0 700 0 700 200 375 0 375 0 127 0 -166 0 -468 0 0 0 100 100 69 49 375 0 0 0 0 0 400 0 0 0 0 0 375 800 0 200 -291 800 375 0 0 800 375 -400 0 0 0 0 200 0 -400
0 0 0 62 0 0 200 62 0 0 0 166 0 0 0 0 500 0 666 400 200 100 0 500 500 0 0 400 0 500 0 0 100 400 500 677 571 485 0 0 0 0 1000 0 437 900 0 100 0 700 0 900 733 500 0 500 100 568 0 333 0 600 100 0 0 100 900 535 450 0 0 0 0 0 0 700 0 500 0 125 0 500 400 0 200 541 400 500 125 0 400 500 400 0 0 125 0 500 0 400
#MCFC 2016-05-08
0 491 0 0 275 700 -333 0 -400 120 0 -25 -62 285 500 0 -200 -200 0 0 0 446 0 0 0 0 0 -200 0 17 -449 650 168 -449 0 0 0 500 0 500 150 0 0 0 -700 -50 -50 625 100 100 266 0 0 0 -250 0 0 0 0 -100 500 100 400 0 700 500 500 500 500 350 800 100 0 -50 0 0 0 -700 -700 0 0 200 800 500 -100 0 -400 0 0 0 200 312 125 800 700 0 400 -449 0 200
0 785 0 0 975 600 666 0 400 800 0 650 62 535 500 0 50 700 0 0 0 571 0 1000 0 0 62 700 0 641 425 750 477 425 0 0 0 500 0 500 950 1000 0 0 800 250 250 900 400 400 916 0 0 100 233 0 0 0 0 300 500 400 1000 0 550 500 500 500 500 666 400 400 0 150 0 0 0 800 800 0 500 300 750 500 300 0 650 0 500 0 562 437 166 400 600 0 600 425 100 100
#AFC 2016-05-08
0 -252 0 0 49 1000 0 1000 0 1000 -400 0 -127 0 -50 0 0 0 0 0 0 0 -124 250 450 -157 400 -408 450 0 0 0 0 0 0 0 0 0 300 -62 -600 0 300 0 0 100 -200 0 0 0 -600 0 0 0 -750 200 500 -600 0 0 500 25 0 -155 500 0 -200 350 0 0 136 -300 -700 0 700 200 200 0 0 0 -266 -15 283 -712 0 68 0 0 -550 100 0 0 400 156 500 0 0 0 0 0
0 444 0 0 450 300 0 300 0 300 400 0 244 0 250 0 100 0 125 0 125 0 525 312 700 667 800 300 400 500 0 100 1000 0 100 0 62 0 0 687 900 0 500 0 0 400 400 0 0 0 900 0 0 0 900 300 500 900 0 0 900 150 0 288 500 0 200 650 1000 0 500 450 200 0 600 200 200 0 0 500 488 388 799 800 0 477 0 0 650 200 0 0 1000 700 500 500 0 0 0 125
#COYS 2016-05-08
0 108 250 500 0 400 0 250 800 283 0 0 500 0 -300 0 0 0 0 0 0 -400 -156 0 0 -500 0 0 400 0 0 1000 0 400 0 0 -200 600 0 0 0 800 0 0 0 0 137 0 0 350 0 0 0 0 0 0 0 -375 0 0 0 200 -375 400 350 0 357 304 0 0 700 100 136 425 0 0 0 0 0 -33 0 1000 0 0 0 0 750 0 0 -477 0 33 500 0 0 0 200 0 500 500
0 433 625 1000 0 625 0 750 400 383 0 0 900 0 225 0 0 0 0 0 0 800 375 0 0 1000 0 0 408 0 0 300 0 400 0 0 300 800 0 0 0 400 1000 0 500 0 516 0 0 650 0 0 0 0 0 0 0 408 0 0 0 200 408 483 350 0 571 450 0 0 200 600 500 566 0 0 0 0 0 566 1000 300 0 0 0 0 400 0 600 770 0 66 433 125 0 0 300 0 600 500
#SaintsFC 2016-05-08
0 -800 0 0 -291 0 0 0 750 750 750 750 1000 0 250 125 416 -450 90 500 80 0 0 0 400 25 474 322 0 0 0 400 -1000 800 0 0 0 -800 62 0 0 0 0 0 0 625 45 0 0 400 1000 656 25 400 500 25 333 0 0 25 0 -700 500 0 800 0 0 0 0 0 0 0 -66 0 0 0 0 -166 400 395 0 0 0 0 175 324 399 0 0 0 0 324 0 0 136 333 -400 136 0 100
125 200 0 0 541 0 0 666 400 400 400 400 1000 250 333 875 833 500 351 625 394 0 0 0 350 400 750 644 0 0 0 1000 1000 400 0 0 0 800 500 0 0 0 0 0 0 750 526 0 0 350 1000 666 400 400 600 400 1000 0 0 400 0 1000 900 0 900 0 0 0 0 0 0 0 305 33 66 66 66 333 366 275 0 500 0 0 225 437 533 0 0 0 0 400 0 0 500 833 400 500 0 1000
#LCFC 2016-05-07
0 125 0 0 0 0 1000 200 0 0 0 426 0 0 0 170 0 0 0 0 0 0 0 250 0 0 100 136 0 0 0 568 136 400 136 200 700 78 -500 0 500 500 500 0 0 100 0 200 0 0 0 0 0 0 0 0 -71 -400 212 0 350 500 0 0 0 0 357 400 333 0 0 0 -89 0 218 800 125 -500 250 500 -166 400 216 600 -375 281 0 -31 245 0 1000 500 0 0 0 -16 774 -300 0 200
0 250 0 0 0 0 1000 100 0 0 0 655 0 0 1000 454 0 0 0 0 0 0 0 250 0 0 0 454 0 0 0 527 454 800 454 100 600 784 1000 0 500 400 500 0 0 250 0 100 0 0 0 0 0 0 66 0 214 400 524 0 1000 500 0 0 0 0 571 800 666 0 0 0 214 0 477 750 1000 750 100 750 500 800 500 600 375 429 0 437 509 0 400 833 0 1000 0 383 400 400 0 100
#EFC 2016-05-07
0 -200 0 0 0 0 0 0 0 0 0 0 335 500 0 0 500 0 300 -100 100 100 0 -283 0 250 0 0 600 0 0 0 500 133 -200 0 -125 -253 -158 0 100 0 87 0 337 0 300 300 -200 0 0 0 0 0 0 -200 -179 0 500 0 250 150 600 0 0 -500 62 149 0 250 -100 -322 800 0 125 0 0 0 100 500 183 136 136 136 500 500 500 0 0 0 136 500 0 -49 0 167 -100 100 0 0
0 0 0 0 0 0 0 0 0 0 0 0 650 750 0 0 500 0 575 600 0 0 0 566 0 250 0 0 900 0 0 0 696 600 700 0 175 838 650 0 0 0 475 0 525 0 566 666 633 0 0 0 0 0 0 600 500 1000 1000 66 750 650 1000 0 1000 1000 487 750 500 333 1000 500 400 0 450 0 0 0 1000 500 635 500 500 500 500 500 500 300 300 300 500 500 300 700 0 710 250 0 0 0
#AVFC 2016-05-07
0 0 200 0 0 0 0 0 0 875 0 0 0 0 199 500 500 700 0 0 0 -125 0 -100 0 0 0 250 0 -108 0 68 0 700 0 327 577 577 800 0 0 0 -187 0 0 0 0 0 0 0 0 0 0 0 0 0 0 250 -166 0 0 400 50 625 0 0 -103 -303 0 213 500 0 537 -150 0 0 0 850 0 0 0 0 0 0 -250 0 0 500 0 0 0 0 0 175 0 850 0 0 0 0
0 0 300 0 0 0 0 0 0 600 0 0 0 0 716 500 500 700 0 0 0 250 0 350 1000 0 0 1000 0 458 0 227 0 600 0 400 533 533 400 0 0 0 625 0 0 100 0 100 0 0 0 0 150 0 0 0 500 750 433 0 0 400 350 500 66 0 725 288 0 454 694 0 583 200 1000 0 0 1000 0 0 0 0 0 0 400 0 0 600 0 0 0 0 0 900 0 450 0 0 0 0
#NUFC 2016-05-07
625 -250 0 -200 -300 66 83 0 0 0 0 0 178 125 650 300 400 390 700 0 -125 0 0 0 0 0 0 100 100 142 -400 0 800 100 0 155 0 -120 0 700 400 0 0 300 0 0 0 0 0 0 0 0 -233 -156 0 66 274 559 -300 200 800 500 500 500 0 0 -250 0 0 650 0 800 0 0 0 650 -416 0 0 0 158 137 0 0 0 200 0 0 -400 -200 875 0 700 0 0 0 0 0 0 0
600 750 0 233 600 322 166 0 0 0 0 0 335 283 850 700 875 250 900 0 250 0 0 0 0 0 0 300 300 767 700 0 400 300 0 694 0 440 100 600 600 0 0 0 0 1000 0 1000 0 0 0 0 650 843 1000 399 525 530 400 200 400 900 900 600 0 0 1000 0 0 644 0 1000 0 0 0 750 666 0 0 0 600 662 0 0 0 900 0 0 400 200 600 0 600 0 0 0 0 0 0 0
#AFCB 2016-05-07
-400 0 454 0 72 136 200 200 0 0 0 0 0 0 250 0 357 0 0 -83 250 0 0 466 0 0 0 233 166 0 -500 -500 0 0 0 -166 0 0 0 250 250 -166 -155 66 500 0 0 -400 200 0 0 333 0 -133 0 400 1000 0 250 0 1000 400 500 0 1000 0 -437 400 0 500 0 0 -350 0 500 1000 0 0 -125 650 400 0 114 -119 142 0 0 0 0 -400 -125 -166 0 0 -1000 0 0 -166 0 700
400 0 845 0 144 454 300 600 1000 0 0 0 0 0 200 775 571 0 0 583 333 0 125 500 0 0 0 222 566 0 550 400 0 400 0 333 0 0 0 500 500 166 288 399 900 0 0 400 500 0 0 355 0 466 0 1000 400 0 1000 0 525 1000 500 0 1000 0 333 1000 0 500 0 0 900 0 600 300 0 0 375 450 800 0 171 527 180 0 0 0 0 400 375 433 0 0 1000 0 0 166 0 600
#WBA 2016-05-07
1000 -400 0 0 0 99 200 500 0 0 136 0 0 0 0 -166 0 136 0 0 800 362 45 0 0 0 0 162 -308 900 0 500 68 800 0 -300 400 0 0 0 0 279 0 0 0 100 0 700 0 0 100 0 166 -166 0 24 200 68 68 -500 0 0 0 0 0 116 0 400 0 350 0 0 375 0 300 0 324 0 0 1000 125 0 350 -194 68 0 500 0 0 -400 -133 200 -250 200 200 237 0 366 0 0
1000 400 0 0 0 300 200 500 0 0 454 0 0 0 0 433 0 500 0 0 1000 566 518 1000 316 0 0 368 766 1000 66 500 277 1000 0 512 233 0 550 0 0 597 0 0 0 400 0 800 0 0 150 0 566 166 0 250 200 277 277 400 0 0 357 0 0 516 0 900 0 550 0 0 800 0 750 0 550 0 0 300 250 0 700 288 277 0 750 1000 0 400 466 428 500 300 300 457 0 479 0 0
#CPFC 2016-05-07
133 0 -131 136 0 0 0 156 199 150 500 99 0 -292 125 0 0 0 600 583 0 578 0 800 1000 500 0 525 0 -155 1000 0 -400 0 -350 0 0 -155 -27 0 0 416 0 0 0 0 0 100 0 0 0 0 0 0 0 0 0 -600 200 279 0 252 357 0 312 0 0 285 0 800 500 0 433 175 0 0 318 99 400 0 0 250 -21 300 0 99 500 0 375 0 0 375 0 0 0 0 0 500 0 0
155 200 427 454 0 0 0 400 833 250 900 333 0 596 500 0 66 500 744 722 0 485 0 575 300 900 0 587 1000 288 1000 0 600 0 800 0 0 288 833 0 0 500 0 1000 0 0 1000 400 0 0 1000 791 0 0 0 0 0 1000 700 573 0 347 571 0 333 300 0 535 0 1000 750 0 733 366 0 0 677 333 750 0 0 500 485 700 0 333 900 0 416 0 0 416 0 1000 50 0 0 500 1000 0
#SCFC 2016-05-07
-131 0 0 0 0 0 0 0 625 350 0 0 0 0 0 0 0 -194 875 0 -550 0 0 0 -100 186 0 0 0 0 0 0 0 0 500 99 200 -100 500 0 0 0 500 -600 0 0 0 0 0 -800 0 0 0 0 0 0 -600 0 -275 0 0 0 0 0 0 0 0 0 0 0 216 425 700 0 -600 400 0 136 0 0 0 0 0 0 0 0 0 0 -300 0 0 0 -200 285 0 0 350 0 -400 0
427 0 0 0 0 0 0 0 888 800 0 0 366 0 66 0 0 288 600 0 350 0 0 0 350 313 0 66 1000 0 0 0 0 0 500 466 200 200 700 0 0 0 500 300 0 0 0 0 1000 900 0 66 0 0 0 0 900 0 300 0 0 0 0 0 0 0 0 0 0 0 283 575 600 0 900 200 0 454 0 0 0 0 0 0 0 0 0 0 600 0 0 0 700 535 0 0 550 0 400 100
#SAFC 2016-05-07
-250 0 -400 400 100 0 0 -400 700 0 250 0 0 -99 -99 175 0 500 233 250 700 700 700 0 200 800 0 0 1000 0 0 136 -49 0 0 0 0 0 0 0 0 0 0 0 0 -76 170 0 500 500 500 0 0 0 0 75 41 0 0 0 -400 -400 0 625 49 0 -400 0 170 0 0 0 800 -166 350 0 136 0 0 0 214 0 -155 0 100 0 0 0 500 0 0 0 0 0 74 74 0 -109 458 0
750 0 400 700 650 0 0 400 600 0 750 0 0 500 500 325 0 150 308 200 600 600 600 0 400 400 0 0 1000 0 0 500 944 0 0 0 0 0 0 0 0 0 0 0 0 269 454 0 500 500 500 0 0 0 0 449 516 0 0 0 400 400 0 900 500 0 400 0 454 0 1000 0 1000 333 650 0 454 0 0 0 571 0 288 1000 1000 0 0 0 600 100 0 0 0 0 325 325 1000 451 477 283
#CFC 2016-05-07
0 0 0 0 0 0 0 0 200 700 0 0 0 0 0 0 0 0 0 0 -400 0 0 0 0 0 0 -699 0 -699 125 295 0 0 500 500 250 0 250 1000 0 0 0 0 0 0 -699 -312 490 478 0 0 -50 500 0 0 0 500 500 800 250 527 0 0 178 558 -312 500 0 250 0 -45 150 0 0 250 0 100 0 250 0 0 399 0 0 0 0 0 700 0 0 0 0 0 0 0 0 0 0 0
0 0 0 0 0 0 0 0 100 600 0 0 0 0 0 0 0 0 500 0 400 0 0 0 0 0 0 666 0 666 400 709 1000 0 600 600 300 325 300 750 0 0 0 0 0 0 666 500 350 742 500 325 250 500 0 0 0 875 1000 400 300 690 0 1000 767 391 500 600 325 300 216 658 649 325 0 300 0 400 325 300 0 0 500 0 0 0 0 0 600 0 0 0 0 100 0 0 0 0 0 0
#WHUFC 2016-05-07
0 0 0 333 0 0 0 0 100 0 136 800 500 0 16 16 0 50 333 500 437 750 166 0 0 0 0 175 0 1000 250 500 1000 50 -150 0 0 1000 1000 170 0 0 0 136 0 136 0 -50 250 0 0 0 -150 0 0 350 0 333 800 0 0 368 0 0 0 0 0 0 0 0 -133 0 0 0 45 0 0 0 0 400 0 0 500 0 -250 1000 0 300 0 136 250 0 0 -400 500 0 154 154 200 0
0 0 0 666 250 0 0 0 100 0 454 400 500 1000 533 533 0 350 666 500 300 900 333 0 125 0 0 600 0 300 200 200 300 700 800 0 0 400 300 400 500 500 0 500 0 500 0 461 312 0 0 0 600 0 0 650 0 366 750 0 500 677 0 0 0 650 1000 0 0 0 372 0 0 0 188 0 0 0 0 304 500 0 750 66 250 1000 0 500 0 454 300 0 550 500 500 0 332 332 100 0
#Swans 2016-05-07
0 0 0 285 0 250 500 700 0 400 0 283 100 750 -16 850 0 0 0 0 0 0 0 -149 -600 100 -750 -750 -750 -750 0 0 0 -750 0 0 0 -750 -750 0 0 -750 -750 -750 -83 0 0 0 -162 -750 0 0 -750 -400 -150 0 0 0 -750 -750 -360 0 -750 0 -750 -166 0 0 0 0 0 -750 -750 0 350 0 -750 0 0 0 0 0 350 -600 50 0 0 0 400 0 0 0 0 0 50 0 113 450 0 0
0 1000 0 535 0 550 150 600 0 600 0 716 100 800 577 1000 0 0 125 0 0 0 0 533 900 133 1000 1000 1000 1000 0 0 66 1000 0 0 66 1000 1000 0 0 1000 1000 1000 533 66 0 0 212 1000 0 0 1000 500 399 0 0 0 1000 1000 643 0 1000 66 1000 333 1000 0 0 0 0 1000 1000 1000 333 0 1000 0 33 0 0 0 650 900 100 0 0 0 800 0 0 0 0 0 100 0 306 837 0 0
#ncfc 2016-05-07
350 -250 -699 0 0 0 0 0 0 500 100 0 0 1000 300 0 900 500 99 0 -125 -155 500 0 -100 0 0 0 0 0 -452 -500 0 500 0 0 0 0 0 200 0 0 500 0 0 0 0 -194 0 130 0 0 0 -76 1000 -375 0 0 0 0 0 -500 0 0 0 -1000 0 136 -113 300 0 0 0 0 0 375 0 49 0 0 0 0 0 0 0 -200 -131 0 50 0 0 0 0 1000 800 300 0 0 375 0
800 750 666 0 1000 0 650 0 0 600 400 0 0 300 566 100 1000 500 950 0 125 288 500 0 25 0 0 0 100 0 700 1000 0 500 0 0 0 0 0 100 0 0 1000 0 0 0 0 288 0 687 0 0 0 269 900 400 0 0 0 125 0 700 0 0 0 1000 0 454 645 900 0 0 0 0 0 500 0 612 0 0 0 0 0 0 0 200 450 0 288 0 0 0 0 1000 750 200 0 0 500 0
#MUFC 2016-05-07
136 0 200 200 0 350 0 533 -375 0 0 0 0 0 -116 90 -166 250 175 -187 0 500 0 625 325 325 390 0 0 55 0 -50 -125 -125 -125 1000 0 0 136 0 50 0 500 0 100 233 0 350 0 0 900 0 0 750 0 0 0 0 0 0 0 0 0 0 0 800 133 -116 24 -50 -116 350 0 0 136 325 0 0 -200 104 125 0 0 0 800 -625 0 175 -799 0 -50 250 0 0 0 -125 0 -800 -500 0
454 0 512 512 66 650 0 533 650 100 0 0 0 0 516 530 633 583 600 537 0 900 125 900 475 700 283 0 0 652 0 150 375 375 375 1000 0 0 454 0 250 100 900 0 100 566 0 462 100 0 650 0 0 400 0 0 0 0 0 0 0 0 0 0 0 400 766 516 550 450 516 750 1000 0 454 700 0 0 50 570 1000 0 0 0 400 950 0 600 1000 0 400 250 0 0 0 375 0 900 1000 0
#CFC 2016-05-02
0 0 28 0 0 0 -50 500 0 343 1000 250 0 0 0 750 700 100 0 0 0 0 0 0 100 600 0 0 0 33 700 0 0 0 0 0 0 0 0 0 0 800 0 0 0 800 850 200 0 0 0 250 433 0 -25 700 0 0 716 0 0 200 0 0 150 250 700 0 250 0 0 -400 1000 0 84 0 250 700 700 322 0 0 0 -300 0 0 0 0 100 0 0 0 0 0 0 136 0 0 0 0
0 1000 619 0 0 66 550 500 0 383 400 500 0 0 0 450 600 512 0 666 0 0 0 0 200 700 0 0 0 461 825 0 0 0 0 666 0 0 666 0 0 400 125 0 0 400 450 400 0 0 0 250 466 0 250 600 0 0 566 0 0 539 0 0 700 333 600 0 200 0 0 400 900 0 566 0 600 600 600 644 0 0 0 400 0 0 0 0 200 0 0 0 100 0 0 454 0 0 0 0
#COYS 2016-05-02
0 0 136 0 0 1000 488 0 0 0 0 -262 312 500 0 0 0 0 0 0 100 -625 50 0 466 -100 -100 33 0 500 500 0 0 266 75 0 800 800 0 250 0 0 0 0 350 0 468 350 0 0 0 -166 -83 0 0 0 0 0 500 800 -200 0 233 0 0 0 0 0 400 500 -100 0 0 0 850 0 0 0 0 400 0 0 430 537 0 -200 0 0 31 0 0 0 0 0 0 0 850 -166 0 0
0 0 454 0 0 750 200 0 0 0 0 700 200 1000 0 0 0 0 0 0 200 400 100 0 399 300 300 461 0 600 600 0 0 500 575 0 1000 750 0 1000 0 0 0 0 650 0 602 650 0 0 0 433 216 0 0 0 0 0 600 700 100 0 308 0 0 0 0 0 800 600 300 0 0 0 1000 0 0 0 0 800 0 0 540 550 0 450 0 0 550 0 0 0 0 0 0 0 1000 433 100 0
#SaintsFC 2016-05-01
500 0 0 0 300 0 0 0 0 500 500 0 375 0 500 800 350 750 0 500 0 225 0 -50 0 500 0 0 0 0 0 0 -700 250 -322 750 0 0 0 0 -400 0 0 0 250 178 -400 1000 0 0 50 200 700 0 0 0 1000 0 0 412 0 0 -291 0 0 0 0 0 250 600 0 500 0 500 0 0 0 425 0 133 350 275 250 200 0 425 0 800 0 100 -150 -200 62 0 0 700 -166 0 0 0
195 0 500 0 525 0 125 125 125 195 195 0 750 0 195 750 800 944 100 195 0 500 0 400 0 900 0 1000 0 0 0 0 1000 200 300 675 0 0 0 0 400 0 0 0 333 785 400 300 66 0 250 900 600 0 0 0 900 0 0 400 0 0 541 0 0 0 0 0 687 900 0 900 0 900 0 0 0 725 0 250 400 468 337 200 0 1000 0 750 0 300 350 500 491 0 0 600 333 0 0 0
#MCFC 2016-05-01
500 136 -66 625 0 0 0 -312 -56 0 400 -312 100 1000 0 0 0 0 0 -250 -400 0 -250 100 200 0 100 224 0 0 600 800 0 49 50 -56 900 0 275 0 -312 0 333 800 -325 -325 -100 700 125 0 0 100 100 0 0 0 400 0 400 0 0 566 800 0 0 -24 0 333 0 200 0 1000 250 0 0 -125 0 0 0 0 0 -325 0 0 -500 125 0 -400 700 0 0 0 0 0 100 250 200 625 400 400
1000 454 166 900 0 0 0 1000 650 0 450 1000 300 300 0 0 0 0 55 250 400 0 1000 150 300 0 383 377 0 0 800 700 1000 700 150 650 400 0 425 0 1000 0 833 400 700 700 350 550 200 0 0 400 50 0 0 0 400 0 900 0 1000 367 400 0 0 650 0 466 0 300 0 1000 500 0 0 500 100 0 0 0 0 1000 0 500 900 750 0 400 900 0 0 0 0 0 275 250 250 1000 500 500
#MUFC 2016-05-01
450 0 250 0 525 0 0 0 450 0 -38 0 0 0 0 450 -183 250 100 541 190 -166 -116 -116 0 541 450 0 0 0 0 0 400 100 0 0 0 541 0 0 0 0 0 125 0 625 0 0 0 0 269 400 375 662 0 0 0 0 0 0 0 0 49 116 -116 -116 125 0 0 66 0 0 300 0 500 0 500 0 -187 0 0 0 0 308 11 0 50 0 0 0 250 0 0 400 0 0 -600 0 0 500
850 0 333 0 366 0 0 0 850 0 72 0 0 0 100 850 583 500 200 833 650 633 516 516 0 833 850 0 0 0 0 0 600 200 333 0 0 833 0 0 0 0 0 200 0 900 0 0 0 0 707 500 925 700 0 0 0 0 0 0 0 0 550 350 516 516 375 500 0 100 0 0 100 0 500 0 583 0 500 0 0 0 0 566 766 0 350 0 0 0 333 0 0 500 0 0 700 0 0 900
#LCFC 2016-05-01
520 0 300 0 400 0 0 0 0 500 875 541 0 0 0 0 0 0 800 300 0 0 0 0 483 0 130 0 200 0 0 0 0 0 0 43 0 0 750 0 675 850 0 0 0 0 136 0 1000 0 0 200 200 0 800 0 541 312 300 300 -400 0 703 0 0 0 233 0 0 0 0 0 500 600 150 0 500 -400 0 0 0 16 0 0 0 0 136 312 350 300 800 0 0 800 0 0 0 1000 0 0
1000 0 0 0 1000 0 0 0 0 1000 800 833 0 0 0 0 0 0 1000 0 0 0 0 0 566 0 561 0 300 0 650 0 100 0 0 318 0 100 400 0 415 500 0 0 0 0 454 0 750 0 0 500 500 0 400 1000 833 401 500 500 400 0 850 0 100 100 266 0 0 0 0 0 900 800 600 0 500 400 0 0 0 433 100 0 0 0 500 750 750 950 400 0 0 400 0 0 1000 600 0 0
#Swans 2016-05-01
-750 500 0 0 0 -388 0 459 0 0 0 0 0 200 100 100 100 100 100 100 100 100 100 100 100 100 100 100 0 333 245 0 800 392 0 0 0 -77 -77 0 0 0 0 0 0 -300 400 0 600 0 0 500 0 -166 0 0 -300 -400 0 0 0 0 0 0 0 0 0 0 0 0 200 0 0 0 0 136 0 0 366 0 0 0 0 0 -500 0 100 0 0 0 0 -600 0 466 0 -100 -200 0 136 -750
850 500 0 0 0 833 0 600 0 0 0 0 125 100 300 300 300 300 300 300 300 300 300 300 300 300 300 300 0 500 250 100 750 517 0 0 0 344 344 0 0 0 0 0 0 625 400 0 900 0 0 650 0 333 0 0 625 400 0 0 0 0 0 0 0 0 0 0 0 0 500 0 0 0 0 500 0 0 700 0 0 0 0 1000 1000 0 300 0 0 0 0 900 0 366 0 100 350 0 454 850
#LFC 2016-05-01
0 -400 0 0 0 0 0 25 -155 -16 0 33 -500 312 0 650 125 250 -66 0 0 0 0 0 500 0 0 0 0 0 50 0 50 -100 192 -100 0 342 -100 400 0 50 -131 74 -100 0 -100 -100 800 800 -169 50 50 0 0 111 0 219 -100 0 50 100 -100 0 0 0 0 -177 0 0 0 0 0 50 175 50 0 875 0 612 0 250 50 0 0 50 50 50 50 0 -250 233 0 -6 0 500 0 0 25 -145
0 433 0 0 0 0 0 100 288 611 0 533 900 250 0 800 500 750 166 0 0 0 0 1000 1000 0 0 0 500 0 200 0 200 200 467 200 0 467 200 600 0 200 125 725 200 0 200 200 900 900 470 200 200 0 0 245 0 660 200 500 200 900 200 0 0 0 0 770 0 0 0 0 0 200 449 200 0 600 600 425 0 650 200 0 0 200 200 200 200 0 700 662 0 125 0 500 0 0 100 270
#AFC 2016-04-30
316 0 0 0 0 0 0 800 33 0 285 400 1000 0 300 0 0 562 0 500 62 0 400 0 0 0 0 0 0 0 0 -200 150 199 400 0 600 0 200 0 375 0 199 400 200 400 0 0 500 550 0 0 800 0 200 0 200 -200 0 0 500 700 0 285 250 0 0 -100 0 0 500 0 0 0 200 200 100 68 1000 0 800 0 362 0 0 0 0 0 800 0 136 250 0 0 450 0 0 0 0 0
233 0 0 0 0 0 0 400 666 0 535 900 300 100 450 0 0 800 0 900 500 0 800 0 0 0 0 0 0 0 0 800 391 400 900 0 1000 0 200 0 750 0 400 900 100 900 0 0 500 950 0 0 400 0 200 0 100 100 0 0 600 600 0 535 333 0 0 100 100 0 900 0 1000 0 200 200 1000 289 300 500 750 0 462 0 0 0 0 0 900 0 454 200 0 0 950 1000 0 0 0 38
#ncfc 2016-04-30
199 500 0 0 0 0 0 0 0 0 0 0 0 800 1000 700 0 136 0 0 0 0 0 350 0 136 0 233 0 0 0 166 0 0 0 0 0 0 0 0 0 0 250 -699 500 0 0 466 -133 0 0 0 0 0 0 0 -275 0 625 0 0 0 500 400 0 -166 0 0 0 1000 100 -200 1000 0 0 0 0 136 0 0 0 0 400 -500 0 650 0 0 0 0 0 0 100 750 0 0 0 0 0 136
322 500 0 0 0 0 0 0 0 0 0 0 0 400 1000 600 0 500 0 0 0 1000 0 550 0 500 1000 433 100 0 0 241 0 0 0 0 0 0 0 0 0 0 500 666 900 0 0 466 466 0 0 500 100 0 0 0 325 0 900 0 0 0 500 800 0 433 0 0 0 1000 783 700 1000 0 0 0 66 454 0 0 0 0 450 700 0 800 0 0 300 633 0 0 800 675 0 0 0 0 0 454
#EFC 2016-04-30
-400 250 0 625 0 0 0 0 0 0 0 -400 0 0 0 0 700 0 0 5 0 0 0 371 0 500 200 283 -100 -250 -75 0 0 0 0 0 200 0 0 0 0 0 -100 0 0 -125 0 -500 0 0 0 -150 0 275 0 -230 0 399 0 -1000 0 250 0 0 250 0 0 -300 146 100 525 0 0 136 -15 0 0 0 0 1000 400 0 136 136 0 333 0 0 0 0 650 -125 500 450 224 0 0 0 -400 0
400 250 0 500 0 0 0 125 0 0 0 700 500 0 0 0 900 0 1000 414 750 0 0 799 0 750 900 549 466 750 262 0 125 125 0 0 500 825 0 0 0 0 500 0 0 375 0 1000 0 0 0 400 0 675 0 647 0 500 0 1000 0 562 125 0 562 0 0 1000 433 1000 625 0 0 454 310 0 0 0 0 600 500 0 500 454 0 500 0 0 0 0 450 375 475 500 241 0 0 0 400 0
#AFCB 2016-04-30
220 0 0 633 0 -291 800 0 762 120 195 300 111 0 0 100 475 0 150 0 0 0 0 0 0 100 -86 150 0 175 -19 0 0 0 -166 136 -75 0 0 100 0 900 0 50 0 0 0 0 0 -150 450 274 -200 0 0 366 0 -100 350 0 0 400 250 33 0 325 0 0 0 0 272 -155 250 450 -349 0 0 500 100 0 0 0 312 375 0 350 0 0 250 83 -75 -600 0 100 1000 0 -75 0 250 0
313 0 0 783 0 541 575 0 850 343 600 0 411 0 0 400 566 0 850 0 0 0 0 0 0 400 531 112 0 716 213 0 0 0 333 454 700 0 100 400 500 875 0 500 0 100 0 0 0 200 625 500 300 0 0 400 0 222 550 0 0 700 300 300 0 681 0 0 0 0 444 288 250 750 333 0 0 800 250 0 0 0 333 500 0 550 0 0 200 733 700 400 0 300 1000 0 700 0 850 66
#NUFC 2016-04-30
136 -200 800 0 0 0 500 700 136 -125 -125 178 375 0 0 107 33 -500 0 500 -50 0 220 -50 136 0 700 350 -500 0 0 500 750 -200 0 0 -200 0 -125 0 0 -155 850 0 1000 -100 800 -270 0 0 800 500 625 800 700 222 400 0 -600 -88 483 -400 0 0 400 625 395 200 0 0 0 500 500 800 0 200 100 250 200 0 250 0 0 500 800 -600 500 0 800 249 0 0 250 0 0 0 0 0 212 49
454 450 750 0 0 0 475 600 454 183 524 335 750 0 0 285 433 1000 0 1000 150 0 513 150 454 0 600 750 700 0 0 833 566 600 125 400 250 0 625 0 0 288 875 0 750 200 400 770 0 0 400 833 600 900 600 588 250 0 1000 611 611 400 0 0 250 600 512 100 0 0 0 833 833 400 0 100 1000 444 250 0 500 0 125 500 700 1000 766 0 1000 525 0 0 200 0 0 0 0 0 318 469
#CPFC 2016-04-30
136 468 0 0 0 0 156 0 0 0 116 0 0 0 0 0 0 136 350 0 214 0 0 0 0 0 -100 400 0 -88 0 400 0 0 -156 1000 250 0 0 -118 625 0 0 0 250 0 800 0 -100 0 0 20 800 0 0 0 265 0 100 454 0 600 0 0 -113 0 0 100 0 0 0 0 100 0 0 -200 0 0 0 0 0 0 0 0 250 0 0 400 0 0 833 0 0 0 0 0 250 0 -166 0
454 602 0 0 0 0 1000 0 0 0 883 0 0 0 1000 1000 50 454 750 0 428 0 250 0 0 0 900 250 0 611 0 250 1000 0 375 300 500 0 1000 325 500 0 0 500 500 0 750 1000 600 0 0 329 400 0 0 0 647 0 200 440 0 508 0 0 580 1000 0 200 0 0 1000 1000 400 0 0 100 1000 0 0 50 0 0 0 0 750 0 1000 900 0 0 883 0 0 66 0 0 333 0 333 0
#SCFC 2016-04-30
0 0 0 0 0 0 0 0 0 0 0 200 0 -400 0 0 0 -250 0 0 0 0 700 -116 700 900 99 0 0 200 0 0 0 800 0 875 0 0 -185 0 0 233 0 0 800 250 0 200 0 0 0 0 0 750 0 0 750 0 0 0 0 100 0 0 0 0 0 500 0 100 0 500 285 500 800 400 0 285 100 0 0 -700 200 0 250 0 0 0 0 0 400 0 0 -116 150 0 0 333 0 0
0 0 0 0 0 650 0 0 0 0 0 400 0 400 0 0 0 550 0 0 0 0 600 388 600 1000 366 0 0 400 0 0 0 400 0 900 0 0 562 0 0 525 0 0 400 1000 0 400 0 0 0 0 0 950 0 0 950 0 0 0 0 200 0 0 0 0 100 500 0 200 0 1000 535 500 400 800 0 535 200 0 0 700 400 0 533 0 0 125 0 0 800 0 0 388 133 0 0 666 0 0
#SAFC 2016-04-30
0 0 136 366 0 0 0 0 0 0 400 1000 0 -125 0 0 800 625 0 400 0 800 0 400 625 62 62 62 -166 0 -400 0 68 0 0 0 0 250 0 0 -250 600 0 425 -62 445 -33 607 750 -150 85 85 85 85 118 85 378 500 85 500 0 0 0 136 0 359 136 250 -1000 -1000 0 0 -100 400 400 159 409 136 0 217 318 425 0 250 73 -400 0 500 0 0 0 250 135 625 -1000 -99 -365 0 0 0
0 0 454 700 650 100 0 650 650 650 500 1000 0 625 0 100 400 600 0 250 0 400 0 250 600 150 150 150 533 0 400 100 227 0 0 0 0 200 0 0 550 900 0 500 500 551 500 400 1000 700 477 477 477 477 377 477 614 500 477 500 300 0 0 454 0 513 454 375 1000 1000 0 0 100 500 500 598 588 454 0 707 477 550 0 333 379 600 0 750 500 0 0 333 677 900 1000 573 713 0 0 0
#WatfordFC 2016-04-30
0 0 0 0 0 400 0 0 400 100 0 200 400 250 0 700 0 136 0 800 550 99 0 0 800 256 -153 66 400 136 0 0 300 0 0 0 0 800 -1000 500 0 0 -50 0 -155 0 0 -281 0 -155 0 0 500 0 0 -250 700 62 227 0 800 -166 0 0 0 0 209 -155 0 0 0 49 -33 0 0 -200 250 0 0 250 0 0 700 0 0 0 500 400 0 0 0 0 0 500 0 0 0 0 500 0
0 0 0 0 0 375 125 0 400 400 100 500 900 800 1000 1000 0 454 0 900 475 233 0 0 1000 308 583 766 375 454 0 0 100 0 0 0 0 1000 1000 900 0 0 400 0 288 0 0 560 0 288 0 0 500 125 0 500 600 293 650 0 1000 333 0 0 500 0 338 288 125 0 0 450 416 0 0 500 500 0 0 416 0 0 600 0 0 0 900 500 0 0 0 0 0 900 125 125 0 0 500 0
#AVFC 2016-04-30
0 0 0 0 -250 0 -100 600 0 0 0 -125 -51 0 0 -83 0 0 0 178 0 0 0 0 -166 0 -1000 -133 -100 285 0 200 0 700 233 0 -285 0 -166 50 -243 1000 0 -625 -250 0 433 800 250 0 416 178 0 0 0 -277 0 0 375 239 0 0 -566 0 0 295 74 600 0 0 0 0 100 200 -31 300 1000 500 0 -699 100 225 -333 0 800 266 700 350 0 0 0 0 0 300 0 200 -183 0 50 100
0 0 0 0 250 1000 400 1000 0 0 0 375 96 0 0 383 0 0 0 818 0 0 0 0 433 0 1000 133 400 535 125 450 0 600 433 0 557 0 433 500 550 1000 0 750 888 1000 366 400 250 0 500 251 0 0 600 494 500 0 944 612 0 1000 783 0 0 300 341 800 0 0 0 0 100 200 629 433 300 888 0 666 383 650 755 0 200 466 600 300 0 100 0 0 0 450 0 300 316 333 500 200
#WBA 2016-04-30
700 0 0 700 350 0 0 500 0 0 0 0 333 500 100 0 0 220 333 -800 -333 100 0 0 0 0 -250 0 0 400 0 0 400 0 0 -400 0 0 0 0 700 44 0 0 0 0 0 0 450 324 324 324 324 324 0 -350 200 0 800 800 0 0 350 400 0 450 700 -400 0 0 0 0 800 -375 -800 -166 0 500 -800 0 800 800 800 162 50 800 0 0 0 -400 333 0 300 0 285 100 80 -249 0 500
650 0 100 650 700 0 0 1000 0 0 0 0 666 500 133 0 0 470 666 900 755 300 0 0 0 0 650 0 0 500 0 0 800 0 1000 400 0 0 0 0 650 655 0 0 400 1000 1000 875 850 518 518 518 518 518 0 100 900 400 750 750 0 0 800 800 100 650 600 550 0 0 0 1000 750 640 1000 177 0 500 1000 0 750 750 750 587 475 750 0 1000 0 550 666 0 366 0 535 400 470 433 0 900
#WHUFC 2016-04-30
200 150 0 0 0 500 0 200 0 0 0 0 0 0 0 0 0 0 0 0 0 0 0 550 0 0 0 0 0 0 500 250 250 250 0 0 250 199 0 -149 0 0 -133 0 0 200 0 -25 100 100 650 0 800 50 0 0 0 -600 -200 200 500 0 0 1000 0 0 0 500 0 500 500 150 0 625 0 800 800 800 0 0 0 0 500 333 0 0 800 0 0 0 0 0 900 -166 0 0 800 350 0 485
200 356 66 0 0 500 0 433 0 0 0 0 0 0 0 650 0 0 0 0 0 0 0 950 0 300 66 0 0 0 500 200 200 200 0 0 300 199 0 833 0 0 466 0 0 500 0 475 650 650 650 0 1000 312 0 0 0 1000 233 250 500 0 0 1000 0 0 0 500 0 500 500 183 0 500 0 400 750 750 0 0 0 100 500 99 100 0 400 0 0 0 0 0 900 333 533 0 400 550 0 450
#COYS 2016-04-25
0 243 9 125 -100 0 350 350 0 0 500 350 350 250 0 500 0 533 0 0 0 0 0 0 0 0 0 0 0 266 0 0 49 0 0 357 0 0 0 0 600 600 500 500 -125 0 0 200 500 0 750 0 150 600 600 400 600 333 -600 450 62 0 0 0 -175 600 600 0 0 0 0 0 0 0 0 0 500 0 953 50 0 316 -25 274 0 0 300 0 266 -100 0 0 1000 333 0 153 -83 550 450 500
0 481 371 400 433 0 650 650 0 0 600 650 650 800 0 600 0 566 0 0 0 0 0 0 0 0 0 0 0 466 0 0 550 0 0 535 0 0 0 0 950 950 1000 1000 460 0 0 300 500 0 500 0 549 250 950 1000 950 266 1000 500 500 0 0 0 550 950 950 0 0 0 0 0 0 0 0 0 500 0 250 250 0 466 450 658 0 0 200 0 454 112 0 500 600 500 0 611 762 887 850 500
#WBA 2016-04-25
-37 0 0 800 200 100 200 -900 0 -50 500 0 -200 -700 0 -400 0 0 0 0 650 0 0 0 0 156 0 333 0 0 0 -445 120 72 500 0 0 0 0 200 625 -400 350 0 -100 0 500 0 -400 1000 -450 0 161 333 900 -1000 0 0 450 312 -300 250 0 33 0 250 0 600 0 300 0 392 0 200 937 0 11 687 0 125 0 0 875 900 -100 -33 -33 -33 49 800 -50 0 -25 0 0 0 -50 0 168 800
395 0 0 400 200 133 200 700 0 400 1000 0 950 800 66 600 0 0 0 0 700 0 0 0 0 0 0 666 0 0 0 1000 600 244 500 0 0 0 1000 1000 700 600 300 0 400 0 550 0 550 300 700 125 454 666 875 1000 0 0 500 1000 400 250 0 322 0 283 525 900 0 950 0 517 0 500 1000 0 188 525 0 166 0 0 600 875 1000 166 166 166 450 750 400 0 233 0 0 0 400 0 354 750
#LCFC 2016-04-24
0 0 215 0 0 0 0 0 0 400 -166 800 0 238 -400 1000 0 0 800 266 0 0 0 0 0 0 139 0 400 0 100 130 700 366 800 316 333 0 0 250 100 0 500 211 542 0 316 800 193 -250 1000 0 0 350 0 193 0 -125 0 0 328 0 -466 166 0 500 0 306 900 0 0 -112 500 -166 0 625 0 0 -49 0 333 625 0 0 0 0 0 500 0 0 611 0 95 0 500 -291 262 0 0 0
0 0 390 0 0 0 0 0 0 700 333 400 0 333 400 300 0 0 400 416 0 1000 100 0 0 0 533 0 900 0 0 1000 600 466 400 377 666 0 100 1000 700 0 750 495 467 0 377 400 350 250 1000 0 0 250 0 350 0 187 0 0 500 0 522 300 66 500 0 625 1000 0 0 137 1000 66 0 575 0 0 700 0 133 750 0 0 0 0 0 500 0 0 621 0 211 0 600 541 262 0 0 0
#Swans 2016-04-24
0 500 0 0 0 800 800 0 0 800 0 0 550 800 375 250 0 136 0 133 0 -200 0 100 800 -16 0 0 0 0 0 0 0 0 -166 -100 136 0 900 0 333 0 266 0 0 0 250 0 250 0 650 0 0 0 0 800 250 200 500 333 0 0 0 0 0 350 0 0 0 0 0 0 0 0 0 0 266 0 0 0 650 0 0 0 0 -375 0 -200 136 605 0 0 200 0 -250 0 0 0 0 0
0 500 0 0 0 1000 900 0 0 400 0 0 774 400 200 200 0 500 0 322 0 200 0 400 400 500 0 100 0 0 0 0 0 0 333 250 500 0 1000 0 500 0 300 0 0 0 333 0 950 0 450 0 0 0 0 750 250 100 800 666 0 0 0 0 0 333 1000 0 0 0 0 0 0 0 0 0 300 0 0 0 450 0 0 0 0 600 0 100 454 490 0 0 100 0 250 0 125 0 0 0
#SAFC 2016-04-24
0 0 0 0 150 500 0 0 0 0 150 150 150 150 0 -250 0 0 500 0 0 0 -100 385 250 0 0 0 400 800 800 0 200 250 322 0 -100 -200 0 0 0 800 0 -400 400 400 -200 0 0 -200 0 0 0 208 70 0 0 0 0 0 0 -666 0 0 78 -166 -166 -166 0 0 0 200 1000 -700 0 0 0 0 0 0 700 -500 0 0 0 0 0 800 -100 133 0 0 0 0 0 0 0 0 175 0
0 0 0 0 550 500 0 0 0 0 550 550 550 550 0 450 0 0 500 0 0 0 450 677 200 0 0 0 449 400 1000 0 200 250 519 0 850 233 0 0 0 400 0 400 500 500 233 0 275 325 0 0 0 500 240 500 0 0 0 0 0 766 100 0 284 333 433 433 1000 0 0 600 400 800 0 0 100 0 0 0 600 1000 0 0 0 0 0 750 450 433 0 0 0 0 100 0 0 0 325 0
#AFC 2016-04-24
0 0 0 0 0 0 0 0 133 0 0 0 -111 0 100 50 50 0 0 0 0 0 0 0 -500 500 100 0 -250 500 100 500 0 0 0 0 0 136 0 136 0 66 100 0 0 0 0 800 0 0 0 0 0 0 0 -155 250 0 625 625 0 0 0 318 325 0 500 500 500 -400 0 -1000 0 111 100 -31 295 0 118 500 0 500 500 0 333 -50 62 0 0 318 0 -62 0 0 0 0 800 100 0 0
0 500 0 0 0 0 1000 0 500 0 1000 0 388 0 0 150 150 100 0 0 0 0 0 0 1000 900 900 0 500 900 900 500 0 0 0 0 0 454 0 500 0 33 900 0 0 0 0 750 0 0 0 0 0 0 0 288 250 0 500 500 0 1000 0 627 475 0 500 500 500 650 0 1000 0 166 900 327 662 0 677 500 0 500 500 0 883 250 395 0 0 477 0 199 0 0 0 0 400 900 0 0
#AVFC 2016-04-23
0 0 0 0 350 133 0 100 -62 0 0 0 0 0 625 0 0 136 0 20 -400 0 0 0 136 0 0 0 -200 0 124 83 0 -175 700 700 9 250 68 0 700 0 0 0 0 0 300 266 400 0 0 0 400 433 216 -133 250 66 -125 0 0 0 0 113 500 -155 0 0 183 0 0 0 0 0 500 68 0 0 0 -150 500 -250 687 0 300 700 0 -31 0 400 -375 -375 468 -312 100 0 0 0 0 0
0 500 0 0 550 727 0 850 312 0 0 0 0 0 1000 950 500 454 0 33 600 0 0 1000 454 0 100 0 100 0 700 166 0 650 900 900 430 375 227 0 600 0 0 0 0 100 350 666 400 0 0 0 400 833 722 666 375 866 400 50 500 0 0 522 750 288 0 0 350 0 1000 0 0 0 900 227 0 0 0 666 900 800 200 0 530 800 0 477 0 600 533 533 675 1000 100 400 0 0 0 0
#SaintsFC 2016-04-23
500 500 500 -400 166 600 0 -875 837 500 200 -875 800 -875 0 0 0 800 0 208 800 0 0 666 437 0 0 150 400 0 -200 0 136 93 0 0 0 800 0 0 0 200 0 0 0 0 0 0 0 500 0 0 500 0 500 500 0 500 200 200 312 -25 500 387 0 200 -145 0 136 0 800 0 200 -166 0 625 0 0 200 500 500 250 0 0 -291 0 800 -1000 0 800 200 0 400 0 0 99 -76 312 350 0
500 500 500 400 500 950 0 1000 675 750 500 1000 400 1000 0 0 0 400 0 616 1000 0 0 566 722 0 0 200 250 100 700 0 454 100 0 0 66 400 0 0 0 100 0 0 0 66 66 66 66 475 0 500 900 0 800 900 0 1000 100 100 507 425 400 600 0 100 270 0 454 0 700 0 200 333 0 500 0 0 200 600 500 333 0 0 541 0 400 1000 0 400 100 0 400 0 0 633 350 333 662 0
#AFCB 2016-04-23
500 -250 -202 0 0 1000 650 133 0 125 100 0 250 0 -400 0 350 400 200 -350 -160 68 68 68 800 0 186 500 0 0 500 400 0 -291 0 -400 1000 164 0 900 0 0 458 136 350 -166 139 0 300 300 0 0 800 250 -208 0 0 -150 37 0 133 -22 600 0 0 312 500 0 0 300 0 0 0 0 500 0 0 0 0 0 650 136 136 85 0 450 266 250 1000 418 800 0 0 418 0 0 1000 0 0 68
750 500 269 0 0 1000 500 233 0 666 400 0 200 66 700 0 300 1000 200 550 351 300 300 300 400 0 322 500 0 0 250 400 0 541 0 400 1000 271 0 350 500 0 550 454 550 333 382 0 750 750 0 50 750 250 442 0 0 800 950 0 783 410 600 0 0 444 500 0 0 475 0 0 0 300 500 0 0 0 0 0 450 454 454 227 0 650 333 444 750 577 400 0 0 577 0 0 400 0 0 289
#CFC 2016-04-23
0 -312 80 0 0 62 62 600 0 0 0 0 0 400 0 0 750 800 0 0 0 0 62 62 62 0 0 0 900 0 0 0 250 0 0 0 200 800 0 0 136 0 0 0 0 0 250 -300 0 0 0 300 333 500 -300 0 0 400 -250 0 0 0 0 50 0 300 0 -999 133 0 0 0 0 400 250 250 0 0 0 0 0 300 0 250 0 95 0 0 0 250 0 0 0 0 0 500 250 250 0 0
100 500 480 0 0 500 500 950 0 0 0 0 0 400 0 0 937 750 0 0 0 0 500 500 500 0 0 0 1000 1000 0 0 500 0 0 0 100 400 0 0 454 0 0 0 0 0 333 600 250 0 0 900 833 525 600 0 0 1000 500 0 0 0 0 56 0 0 0 1000 266 0 0 1000 0 300 500 750 0 0 0 0 0 0 0 250 0 334 0 0 0 250 0 0 0 0 0 833 250 333 0 0
#LFC 2016-04-23
319 100 0 68 0 68 83 0 0 0 0 800 0 0 400 0 500 0 0 0 0 0 0 -100 0 0 0 0 0 0 0 0 0 0 666 0 -312 0 0 0 418 0 255 200 0 -125 666 0 0 0 0 0 0 0 0 0 13 68 0 0 147 0 291 0 0 68 368 200 250 0 0 0 -250 0 -390 -233 136 136 0 -1000 0 -109 0 362 0 -50 0 0 0 0 0 136 0 136 0 0 250 -600 0 225
577 400 0 727 0 227 883 0 0 0 0 750 0 0 500 0 500 0 0 0 125 0 0 300 0 0 0 0 0 0 0 0 0 0 1000 0 400 0 0 0 527 0 644 100 0 694 1000 0 0 0 0 0 0 0 0 0 347 289 0 0 820 0 500 0 0 289 702 300 1000 0 0 0 250 0 580 966 454 454 0 1000 0 451 0 587 0 400 0 0 0 0 0 454 0 454 112 0 750 900 0 425
#NUFC 2016-04-23
0 0 68 45 0 0 0 0 976 0 1000 0 -390 600 166 262 0 0 178 250 400 -400 500 250 162 0 0 0 0 0 328 0 0 1000 0 0 0 0 500 375 0 -400 0 1000 1000 0 0 0 0 0 0 0 0 0 0 0 0 99 0 0 0 0 0 0 0 375 0 0 0 500 0 500 800 0 250 0 0 500 0 -155 500 500 500 -300 0 500 0 -166 800 500 0 0 0 200 0 0 700 333 0 0
0 0 312 484 0 0 0 0 800 0 750 0 580 950 666 400 0 0 335 333 400 400 500 300 325 0 0 1000 0 0 700 95 0 300 0 0 0 0 1000 500 0 400 0 300 1000 0 0 0 0 0 0 1000 1000 0 0 0 0 900 0 0 0 0 0 0 0 666 0 0 0 888 0 183 1000 0 500 0 0 861 0 288 1000 1000 1000 475 500 500 0 750 400 500 0 0 0 500 0 500 600 1000 125 0
#MCFC 2016-04-23
0 800 0 0 0 0 0 625 800 250 1000 -650 125 0 25 437 0 0 0 250 125 0 0 250 500 800 800 -700 300 500 -500 -500 800 -200 800 500 0 500 0 0 700 0 300 0 0 800 500 0 100 0 0 0 0 700 0 316 100 0 500 300 0 250 0 1000 -400 0 0 0 0 -400 0 0 0 0 0 0 -100 0 500 0 -100 1000 0 400 0 0 0 200 237 0 0 500 0 200 -75 0 0 500 375 0
0 400 0 0 50 0 0 900 1000 725 1000 550 216 1000 300 525 0 1000 0 500 250 0 0 950 500 400 400 200 100 500 300 900 400 100 750 500 0 500 0 0 900 0 0 0 1000 400 500 0 300 0 0 0 0 550 0 458 1000 0 500 800 0 333 0 300 600 0 0 0 0 400 0 0 0 0 0 0 250 0 500 0 250 300 0 900 0 1000 750 512 620 0 0 500 400 300 350 0 0 700 750 0
#SCFC 2016-04-23
0 750 0 0 0 0 -400 0 0 0 800 0 0 33 0 500 500 0 0 0 0 0 0 0 -187 0 0 800 -699 0 250 0 0 0 0 0 0 0 -33 -300 0 -187 178 400 0 0 136 0 0 0 0 0 77 -300 200 -200 200 0 -250 0 500 162 0 500 0 0 0 300 -400 0 800 300 0 800 166 400 309 0 0 0 0 -450 450 285 0 0 0 500 0 -293 -293 0 0 77 0 0 1000 250 -293 0
0 750 0 0 0 0 450 0 0 0 750 250 0 405 0 500 500 400 0 0 0 66 100 0 500 0 0 1000 666 66 333 0 0 0 62 0 0 0 274 562 0 850 484 900 0 0 454 0 0 0 0 0 188 400 500 200 200 0 500 0 833 388 0 833 0 0 0 750 400 0 750 750 0 750 166 800 415 0 0 125 0 750 550 535 125 0 0 888 100 450 450 0 0 188 0 0 1000 250 450 0
#AFC 2016-04-21
0 0 500 0 0
0 0 500 100 0
#WBA 2016-04-21
0 0 0 0 0 0 0 50 0 0 -325 333 0 -125 0 100 -99 0 350 0 68 0 1000 -500 0 400 0 500 0 0 900 0 0 0 0 0 0 0 500 0 0 0 333 172 0 416 0 100 216 1000 0 333 0 0 0 50 50 132 0 50 0 0 175 700 199 200 1000 266 25 800 0 -500 0 0 0 800 0 0 0 300 516 1000 -200 566 1000 0 0 0 0 -400 1000 1000 1000 0 0 0 0 0 0 0
0 0 0 0 0 0 0 500 0 0 550 666 0 375 0 350 1000 0 700 0 227 0 1000 1000 0 422 0 633 0 0 525 0 0 0 0 0 0 125 328 1000 0 0 666 394 0 500 0 400 616 900 0 833 0 0 0 500 500 464 0 500 0 0 316 1000 255 100 400 441 750 400 0 1000 0 0 0 1000 0 0 0 350 466 400 200 533 300 66 0 0 0 700 300 300 300 0 0 0 0 0 0 0
#LFC 2016-04-20
0 0 0 500 -400 0 525 450 0 0 0 837 0 0 0 0 0 0 1000 322 0 500 100 100 100 100 100 100 300 700 0 -100 800 0 0 161 250 41 0 0 0 0 350 250 0 0 466 0 200 0 200 -500 400 0 0 200 43 0 0 0 0 0 0 0 225 500 175 0 0 0 0 225 133 225 450 800 0 0 0 1000 0 0 0 666 0 66 0 0 0 375 150 -9 0 206 200 0 0 0 300 412
0 0 0 900 400 0 366 850 66 0 0 825 0 0 0 0 0 0 1000 458 0 500 400 400 400 400 400 400 700 600 0 50 1000 0 0 683 1000 366 0 0 0 0 350 428 0 0 549 0 300 0 200 600 950 0 0 450 850 0 0 0 0 0 0 0 550 500 625 0 0 0 0 425 633 550 850 400 0 0 0 1000 66 0 357 475 0 711 0 0 0 750 550 265 0 327 633 0 0 0 100 500
#EFC 2016-04-20
541 0 0 250 350 0 625 0 625 212 -187 0 0 181 0 800 800 0 0 0 0 -366 -150 0 113 0 0 0 350 0 0 400 0 0 800 0 -145 0 0 0 1000 1000 0 0 0 0 300 0 150 -77 800 -800 0 243 0 500 800 800 800 800 800 800 800 800 0 -900 0 0 0 68 900 -100 0 0 0 0 0 -63 0 0 0 0 0 -166 200 -16 0 0 0 800 0 -100 250 -100 0 325 0 0 0 500
733 0 0 1000 350 0 900 0 888 818 583 0 0 316 0 400 400 0 0 0 0 591 600 0 322 0 0 780 350 0 0 400 500 0 400 0 304 500 0 1000 1000 1000 0 0 0 0 449 100 112 194 400 900 1000 393 0 562 400 400 400 400 400 400 400 400 0 1000 0 100 750 300 666 300 0 0 0 0 0 313 0 0 0 0 1000 166 250 333 0 0 0 400 1000 500 583 500 0 575 0 0 0 750
#MUFC 2016-04-20
0 312 0 300 0 0 0 50 136 0 0 0 0 -500 0 0 0 -187 0 0 0 -1000 -187 337 -187 -187 337 0 -200 0 0 0 1000 100 0 0 0 400 0 133 200 0 0 0 50 268 0 0 800 250 337 150 -50 37 0 400 100 550 0 550 312 0 0 800 875 0 0 0 500 -76 395 0 0 0 0 0 0 0 0 125 0 0 0 583 -400 0 0 0 175 0 0 0 0 66 0 0 0 -600 0 0
0 284 0 0 0 125 0 100 454 0 0 0 0 666 0 0 66 500 0 0 0 1000 537 662 537 537 662 0 350 0 0 1000 1000 200 0 0 0 500 0 166 200 0 0 0 500 627 0 0 400 500 662 475 450 637 0 500 400 750 0 762 200 0 0 400 600 0 0 0 500 269 458 0 0 0 0 0 0 0 0 166 0 0 0 729 600 0 0 540 600 400 0 0 0 83 0 0 0 1000 0 0
#CPFC 2016-04-20
250 800 268 0 800 0 200 1000 300 -33 500 250 375 0 -400 0 0 391 391 391 0 0 250 200 391 391 391 0 166 -266 0 0 0 0 0 0 0 300 300 0 0 300 125 0 0 0 0 0 0 -400 0 0 1000 500 300 300 300 0 49 434 0 -400 625 0 -150 0 1000 100 175 300 0 -3 0 182 225 0 -200 -703 400 0 200 449 0 0 0 0 0 0 0 625 -1000 -100 0 0 0 0 0 700 0 0
333 750 527 0 900 0 200 1000 100 416 900 800 500 0 400 0 0 425 425 425 0 0 200 340 425 425 425 0 666 288 0 0 0 0 0 0 0 350 350 0 0 350 750 0 0 0 0 0 0 400 0 0 300 500 350 350 350 0 887 486 0 400 300 0 400 0 390 400 425 100 0 288 0 357 475 0 200 700 400 799 200 449 0 0 0 0 0 0 0 500 1000 100 0 0 0 100 0 600 0 0
#WHUFC 2016-04-20
0 0 0 -155 0 -500 0 0 200 0 -200 0 -250 500 125 0 0 -500 0 0 800 0 0 0 200 0 125 0 1000 250 250 -200 183 -249 33 0 0 0 900 0 -93 1000 305 0 0 0 0 -250 -400 500 236 0 375 -400 677 0 -400 0 200 0 0 1000 49 -700 0 0 250 350 150 66 0 0 500 1000 1000 1000 0 700 -750 -150 166 0 0 0 800 1000 0 0 0 0 600 0 650 0 0 -500 0 -400 0 -500
66 0 0 288 0 1000 0 0 100 0 800 0 500 500 400 0 0 900 500 0 400 0 0 0 450 0 383 0 750 200 200 800 706 538 733 0 0 0 1000 0 550 300 566 0 0 0 66 250 700 1000 447 0 750 700 733 0 400 0 300 0 0 300 450 700 0 0 250 550 350 133 0 0 500 300 300 300 0 600 750 399 416 0 0 0 750 300 0 125 0 0 550 0 850 0 0 650 0 400 0 900
#WatfordFC 2016-04-20
0 136 0 343 0 0 0 137 0 136 0 500 50 100 -125 216 -250 -227 500 700 0 -187 0 0 100 700 100 100 0 625 0 0 332 500 0 0 0 700 0 0 400 400 0 500 49 0 149 136 0 800 -166 800 24 0 0 500 0 49 875 -700 0 0 0 0 487 0 400 0 -166 0 0 0 0 500 262 0 -700 0 0 166 500 0 0 39 0 -166 250 200 125 300 0 -125 0 -50 500 -50 0 0 300 0
0 500 0 541 0 0 0 533 0 454 0 500 325 250 375 616 458 833 500 600 0 312 0 0 300 700 1000 300 0 300 0 0 500 700 100 0 0 700 0 0 425 250 0 500 450 0 650 454 0 900 333 900 525 0 0 500 0 450 700 200 1000 0 1000 0 825 0 200 0 166 0 0 0 0 500 366 0 200 0 0 333 500 0 0 600 0 166 550 550 750 750 66 375 0 400 500 300 0 0 750 400
#NUFC 2016-04-19
0 800 -200 0 0 -250 0 0 0 800 0 425 -199 1000 400 178 0 345 0 525 700 0 800 400 1000 0 350 0 0 33 135 -80 600 0 0 229 0 -194 0 0 116 0 800 0 800 800 800 0 300 650 83 0 700 0 0 254 700 0 0 0 -83 300 0 0 -200 0 256 800 0 -200 0 0 -175 800 0 0 0 0 250 650 250 1000 1000 750 0 0 0 0 0 400 0 0 700 0 0 -316 700 357 650 -187
0 700 700 0 0 1000 0 0 0 400 0 750 716 750 800 335 0 950 0 366 500 0 400 200 300 0 450 0 0 483 383 480 633 0 0 291 0 450 0 0 425 0 400 0 400 400 400 0 200 783 66 750 666 0 0 470 500 0 0 0 83 562 0 0 600 0 550 700 0 600 0 0 175 400 0 0 0 0 300 450 333 300 300 1000 0 0 0 0 0 350 0 0 600 0 0 410 600 535 700 500
#MCFC 2016-04-19
0 0 0 0 500 250 1000 136 136 625 202 0 1000 0 170 325 0 -50 500 0 500 500 83 500 -291 0 1000 300 0 0 0 300 800 0 1000 625 0 0 0 0 0 1000 0 0 0 0 0 700 0 0 200 333 -1000 625 350 -50 780 0 0 0 0 0 0 0 0 0 -316 0 -200 335 0 0 0 0 0 187 0 166 0 -200 449 0 400 -155 800 -500 -130 400 0 0 357 0 0 0 0 0 0 0 0 433
0 0 0 0 500 633 1000 454 454 900 524 0 750 0 454 933 0 50 500 0 500 500 700 500 541 125 300 277 0 1000 0 277 400 0 300 900 688 0 0 0 0 300 0 0 650 0 0 550 0 0 300 333 1000 600 450 50 1000 0 0 0 0 0 0 0 0 0 300 0 600 477 0 0 0 0 0 250 0 466 0 600 450 1000 350 288 400 900 613 950 125 0 571 0 0 0 0 0 0 0 0 540
#SCFC 2016-04-18
0 1000 0 0 0 850 -161 0 0 68 700 0 250 0 0 0 -500 0 0 0 0 0 500 0 0 0 0 0 0 0 700 -183 -266 210 0 199 0 -77 -266 500 100 0 0 0 0 0 0 0 0 0 -400 -419 0 0 318 0 0 2 200 -125 0 0 0 0 0 -1000 0 0 0 0 1000 0 0 0 0 0 0 0 0 -400 0 -600 0 0 166 0 -1000 0 0 0 700 0 0 1000 600 0 0 475 0 0
0 400 0 0 0 500 227 0 66 427 600 0 623 0 1000 66 1000 0 0 0 300 0 600 0 0 0 0 0 0 0 600 133 433 393 0 333 0 177 433 500 200 0 0 0 0 0 0 0 455 0 400 580 0 0 477 0 0 414 400 333 0 0 0 0 0 1000 0 0 0 0 300 0 0 0 0 0 0 0 0 400 0 800 0 0 666 0 1000 0 0 0 600 0 0 400 700 0 0 425 0 0
#COYS 2016-04-18
866 0 0 0 0 1000 0 500 0 0 0 800 -400 0 49 800 1000 500 0 150 1000 0 0 0 -400 250 0 -400 0 350 -270 0 0 0 0 0 0 0 49 0 -388 533 0 614 0 -400 218 99 0 0 0 0 800 99 0 0 0 0 175 625 0 800 0 1000 0 750 468 0 0 0 375 375 375 1000 0 500 1000 -803 0 350 100 -57 250 0 0 0 333 0 0 250 525 0 -156 236 0 0 -187 0 0 0
600 0 0 0 0 300 0 600 0 0 0 750 400 0 450 400 400 500 0 50 750 0 0 0 400 1000 0 900 0 333 833 0 0 0 0 0 0 500 700 0 833 833 0 296 0 700 325 55 0 0 0 0 750 55 0 0 0 0 325 600 0 1000 0 300 0 550 1000 0 0 0 512 512 512 400 0 500 1000 857 0 800 400 467 312 0 0 0 500 100 0 100 1000 125 250 344 0 0 500 0 0 0
#AFC 2016-04-17
250 0 500 0 0 0 0 450 250 112 0 1000 500 500 0 500 0 0 250 200 0 -45 0 0 -71 0 400 800 0 0 0 -35 0 0 0 0 0 0 136 0 0 1000 -200 0 449 0 -71 500 266 0 0 0 -71 500 128 0 -400 0 49 0 0 -71 250 250 0 250 -400 0 0 250 0 500 0 250 0 -150 500 500 0 0 0 0 0 0 0 0 0 0 0 0 0 136 0 0 -291 0 1000 500 500 -25
625 0 500 0 0 0 1000 750 700 284 0 1000 950 950 0 900 0 0 875 900 0 482 1000 100 142 0 200 400 0 100 0 133 0 0 0 0 100 100 454 0 0 750 400 0 450 0 142 950 399 0 0 250 142 750 575 0 550 0 675 0 0 142 700 700 0 700 700 100 0 700 0 500 0 700 0 950 900 900 0 0 0 0 0 0 0 0 0 0 0 0 1000 454 0 0 541 0 1000 900 900 400
#CPFC 2016-04-17
0 441 450 0 250 0 175 625 800 600 -200 88 -81 0 500 0 0 -400 0 0 0 0 0 0 -400 468 0 250 250 136 0 0 0 0 414 0 0 0 0 0 0 136 0 -316 0 0 625 0 700 375 0 0 0 0 0 0 0 0 0 -100 -33 0 500 0 -156 200 0 0 0 1000 0 -166 0 0 0 99 0 1000 0 0 0 0 0 0 0 0 0 0 0 0 0 0 0 0 0 0 -400 0 0 300
0 766 750 375 200 0 600 500 400 950 262 622 502 0 700 0 0 400 0 0 0 0 0 0 400 727 0 200 200 500 0 0 0 0 696 0 0 0 0 0 366 454 0 516 0 0 300 500 600 475 0 0 0 0 0 0 0 0 0 300 133 0 500 0 375 400 0 0 0 750 100 333 0 0 0 800 0 1000 0 0 0 0 0 0 0 0 0 0 0 0 0 0 0 0 0 0 400 0 0 500
#AFCB 2016-04-17
800 0 -250 0 -75 0 0 276 0 0 0 0 0 437 150 0 250 500 382 625 500 0 0 0 0 0 0 250 -400 0 -400 500 500 0 0 0 -89 0 475 800 0 366 0 0 0 0 -166 0 0 0 250 0 533 0 500 100 0 0 0 0 156 0 400 0 500 250 0 0 0 0 250 0 625 0 500 0 0 31 -50 -131 0 350 500 250 250 0 500 0 0 -72 210 350 250 -400 0 500 0 0 233 0
400 0 500 0 550 0 0 477 0 0 0 0 0 650 300 0 500 400 875 900 500 0 0 0 0 0 0 400 600 500 700 900 150 0 0 0 785 0 700 400 0 566 0 0 0 0 333 0 0 0 250 0 549 0 400 1000 0 0 0 0 400 0 400 0 500 250 0 0 0 0 600 0 500 0 900 0 0 416 400 450 0 550 500 600 250 0 900 0 0 535 377 550 750 400 0 633 0 0 266 0
#LFC 2016-04-17
-257 0 0 0 0 0 1000 0 0 -525 124 200 0 0 0 400 700 800 -111 500 600 0 0 0 125 500 0 0 300 0 0 -149 950 -333 325 900 500 425 350 -250 0 750 500 700 0 0 0 0 350 0 0 -400 500 0 -433 0 0 600 0 0 950 800 0 333 0 183 500 0 0 200 0 0 -350 0 0 216 333 600 48 500 -231 -75 250 0 400 600 0 600 250 0 136 0 875 0 112 0 250 266 0 0
717 0 0 0 0 0 900 0 0 675 575 200 0 0 0 400 1000 700 211 600 900 0 0 0 750 888 0 0 500 1000 1000 750 600 1000 587 900 900 725 550 1000 0 750 900 1000 0 0 0 0 550 0 0 400 600 0 600 0 0 900 0 0 825 400 0 399 0 366 550 0 0 433 0 0 600 0 0 541 399 900 196 750 532 366 500 750 550 900 0 900 250 0 454 0 600 0 284 0 175 133 0 0
#LCFC 2016-04-17
50 250 0 0 400 200 285 200 0 0 0 0 0 58 250 0 375 0 0 -200 -87 62 525 400 0 0 0 800 466 399 0 50 0 500 -400 400 0 0 637 250 0 0 0 525 0 250 418 0 333 1000 315 0 0 0 0 0 0 0 322 0 -147 0 0 525 500 700 0 0 0 266 500 750 0 283 125 0 800 250 268 500 425 462 500 -525 0 0 800 -500 399 -400 650 0 -100 0 0 0 900 700 0 0
700 649 0 0 800 450 535 900 0 0 228 0 0 466 649 0 416 0 0 200 325 479 750 200 500 500 0 750 683 650 0 350 100 500 400 200 0 0 700 649 0 0 0 750 0 649 527 0 388 1000 499 0 0 0 0 0 0 0 344 500 461 0 0 750 399 600 0 0 0 222 750 750 125 516 250 0 700 649 650 875 350 408 500 700 125 0 900 900 400 400 750 0 450 0 0 0 900 600 0 0
#WHUFC 2016-04-17
433 0 0 600 0 0 208 -125 -200 -200 0 0 250 -200 800 287 400 0 -500 1000 650 0 350 0 275 100 100 0 136 0 0 136 250 104 0 0 0 485 0 -200 200 200 500 0 0 0 133 0 0 0 0 0 0 0 -250 49 0 -62 0 0 0 0 -300 0 183 200 0 0 0 0 900 136 0 0 136 -170 0 0 0 0 0 0 0 -155 0 0 0 0 100 0 325 -300 0 0 100 0 0 0 0 575
583 0 0 1000 0 0 333 250 400 400 0 0 650 400 1000 825 900 0 400 300 625 0 650 0 625 650 650 0 500 0 0 454 200 573 0 0 0 602 0 800 900 100 800 0 0 0 177 0 0 0 0 0 0 0 700 650 0 187 0 0 0 0 399 0 683 500 0 0 0 0 1000 454 66 600 454 391 0 0 0 0 0 0 0 288 0 500 0 0 200 0 675 200 0 0 900 0 0 0 0 525
#CFC 2016-04-16
0 0 0 208 0 0 0 -100 274 0 -77 0 781 0 130 0 0 0 300 0 1000 0 0 285 136 -75 700 0 -200 0 0 0 136 0 416 0 416 700 0 0 0 200 0 0 133 -800 0 0 812 250 133 0 733 0 0 133 0 0 750 0 0 -233 -1000 0 300 0 250 800 800 800 0 800 0 0 0 0 0 0 0 0 0 -416 600 0 0 0 0 700 0 0 250 327 0 0 0 0 0 0 0 0
0 0 0 250 0 0 0 600 500 0 269 0 750 0 539 0 0 0 550 0 300 0 0 535 500 366 600 0 350 0 0 0 500 0 500 87 500 600 0 0 0 100 0 0 199 1000 0 0 650 750 199 1000 683 0 0 199 0 100 800 0 0 900 1000 0 100 0 333 1000 1000 1000 0 400 0 0 0 0 500 1000 0 0 0 666 475 1000 0 0 0 600 1000 0 333 644 0 0 0 0 0 0 0 0
#MCFC 2016-04-16
-62 0 0 0 0 400 500 0 0 0 400 0 0 0 0 -150 625 350 174 250 700 350 0 0 0 0 0 1000 0 136 500 0 0 0 0 0 562 0 0 320 0 800 0 250 300 0 -500 0 0 0 0 -874 666 1000 214 0 -194 0 500 700 -400 -200 0 0 0 166 0 433 136 136 0 0 0 0 437 625 250 0 1000 0 -182 0 350 0 800 0 0 0 700 0 0 0 700 100 -500 0 0 0 200 0
687 0 0 0 0 500 650 0 0 500 900 0 66 1000 550 400 900 550 333 100 900 950 0 0 50 0 0 300 0 454 500 0 0 0 0 0 600 0 0 290 1000 750 0 275 800 0 1000 0 0 0 0 666 1000 300 549 0 288 0 1000 900 400 350 0 0 0 833 0 433 500 454 0 0 0 0 450 900 500 0 400 100 520 0 274 0 400 0 1000 1000 600 0 0 0 550 300 1000 0 0 0 100 0
#EFC 2016-04-16
0 0 0 1000 0 0 500 166 0 250 0 -400 -800 0 0 -200 300 0 0 0 400 250 0 0 300 0 16 0 0 -22 -22 -99 500 0 150 0 0 0 0 375 225 325 0 -557 49 -500 250 0 0 0 0 150 750 -155 0 0 750 0 0 125 -575 0 0 400 -200 125 33 333 231 0 0 -100 -100 366 5 650 0 200 -300 650 333 250 -308 -400 0 0 -625 0 0 0 0 212 0 0 0 0 500 550 -83 700
0 400 0 300 0 0 500 333 0 250 0 400 900 0 125 250 800 0 0 0 400 500 0 0 600 0 533 0 0 511 608 433 500 0 100 0 125 0 0 475 300 650 0 728 800 1000 500 125 0 0 0 350 950 288 125 0 1000 0 0 400 800 0 0 600 300 450 633 500 317 66 0 300 250 166 355 900 1000 500 400 750 666 350 433 600 0 250 900 0 0 66 0 359 0 0 0 0 888 550 83 700
#SaintsFC 2016-04-16
100 -875 166 208 208 0 500 0 0 0 0 100 400 1000 500 0 -506 100 400 0 400 100 0 0 0 100 400 100 0 333 850 0 -33 100 0 0 0 0 0 380 500 0 0 0 -70 305 0 700 0 0 1000 -325 -200 533 392 -225 0 250 0 0 -400 700 400 0 0 0 500 -178 200 700 500 141 800 0 0 -212 186 0 0 0 0 1000 0 0 1000 0 300 625 0 136 -200 1000 750 1000 0 0 250 316 650 166
88 1000 333 666 666 0 1000 0 0 0 0 50 400 1000 1000 0 843 50 400 0 900 88 0 0 1000 50 400 0 0 666 950 0 933 88 0 0 0 0 0 467 150 0 0 0 662 879 0 900 0 0 1000 700 800 366 517 366 0 200 0 0 400 600 533 0 1000 0 500 535 400 900 500 388 400 0 0 800 476 0 0 1000 0 1000 0 0 1000 0 100 500 0 454 800 1000 500 1000 0 0 500 729 700 199
#MUFC 2016-04-16
183 -400 0 0 100 0 0 0 0 0 312 37 87 0 190 -50 -62 19 0 0 -462 500 1000 1000 33 0 900 200 -245 500 500 488 0 -246 0 625 0 0 0 175 0 1000 -250 0 199 -100 -187 -24 50 0 0 130 0 0 233 0 268 0 -500 250 800 0 187 0 0 0 0 0 0 0 0 0 0 0 0 0 150 0 0 500 0 300 350 0 -1000 0 0 0 -166 0 0 300 87 1000 49 -187 -166 -116 175 -200
633 400 0 0 200 0 0 0 0 0 1000 637 587 0 650 450 687 640 0 0 637 500 300 300 416 0 700 500 433 500 500 399 0 645 0 900 0 0 0 325 0 1000 333 0 700 550 537 600 750 0 125 688 0 0 566 100 627 0 900 500 400 0 244 0 0 0 0 0 0 0 0 0 0 0 0 0 150 0 0 400 0 800 650 0 1000 1000 0 0 166 0 0 200 587 300 550 537 633 516 600 800
#AVFC 2016-04-16
-300 150 -187 0 0 0 0 0 0 0 0 0 0 357 -239 0 0 500 541 541 364 0 0 0 200 0 250 300 200 750 0 800 0 0 0 -349 -45 83 68 250 400 -274 700 200 -600 200 -125 0 -125 0 0 100 -625 41 0 -62 24 250 466 153 -133 130 -150 -500 0 0 -125 375 500 250 250 0 285 0 0 0 0 0 400 0 400 500 361 66 0 0 0 -875 0 264 487 -400 0 0 0 200 0 500 0 133
399 0 500 0 475 0 66 0 0 475 0 0 0 571 485 262 0 500 833 833 607 0 0 0 200 0 325 450 300 400 0 700 0 66 0 366 720 199 227 500 1000 500 600 200 700 300 375 0 750 0 0 200 1000 250 0 187 475 200 600 454 177 130 700 900 0 0 375 650 900 333 333 0 535 0 0 0 0 0 633 0 400 500 672 666 0 0 0 1000 0 629 500 450 0 0 0 266 0 183 0 408
#NUFC 2016-04-16
0 0 0 0 209 -31 0 218 600 625 0 0 0 190 800 -500 -500 0 0 0 250 -714 0 178 0 0 0 0 -200 0 -500 0 600 0 500 -38 250 357 241 437 0 0 -99 500 0 800 300 0 0 -200 0 -71 -155 500 0 0 0 500 0 0 -155 0 -700 -155 600 400 0 100 550 300 -300 0 -600 333 0 -800 0 399 -51 800 0 -170 0 400 0 200 0 0 200 49 0 0 0 -71 1000 600 399 0 1000 0
66 125 0 0 319 550 0 327 700 600 0 0 0 690 400 900 1000 0 0 0 333 857 0 335 0 100 0 250 450 0 900 0 616 0 600 497 400 535 477 650 0 0 355 400 0 400 200 0 0 100 0 142 288 1000 0 0 0 500 1000 0 288 0 850 288 800 550 0 400 750 200 600 0 800 683 0 800 500 366 96 400 100 630 0 400 0 900 0 0 200 550 0 0 0 142 1000 1000 800 66 400 0
#Swans 2016-04-16
218 0 1000 -62 625 200 -1000 0 400 0 0 0 0 0 0 1000 0 -400 0 0 0 0 0 0 700 0 0 0 250 0 -600 0 0 125 0 0 0 0 0 0 0 375 600 324 0 0 250 0 0 450 136 450 1000 0 0 0 0 0 154 0 136 156 0 250 0 0 0 0 850 68 0 850 150 0 500 0 500 0 0 -166 0 136 300 0 0 1000 0 0 716 0 0 0 0 100 850 0 0 0 0 0
327 0 400 375 500 100 1000 0 900 0 0 0 0 0 750 300 0 400 0 0 0 0 0 0 600 0 0 62 200 0 900 0 0 100 0 0 0 0 0 0 0 500 1000 397 0 0 1000 0 0 1000 500 700 1000 0 0 0 0 0 258 0 500 550 0 411 0 0 0 0 500 727 125 500 525 0 500 0 500 0 0 333 0 500 200 0 0 1000 0 1000 650 0 0 0 0 800 500 0 0 0 0 0
#WBA 2016-04-16
0 0 -100 0 0 0 0 0 0 0 0 0 200 0 0 0 0 448 0 700 -400 0 0 800 0 0 0 33 700 181 0 625 500 275 600 -200 81 71 0 164 136 22 0 -200 0 136 0 0 0 0 0 0 150 333 250 136 136 136 200 -66 0 0 0 0 500 0 -71 0 136 0 136 575 333 100 333 0 0 0 333 500 243 0 200 0 0 0 0 500 0 0 50 0 -200 0 0 200 166 333 0 500
0 0 150 0 0 0 0 0 0 0 0 0 200 0 0 0 66 529 0 800 400 0 0 400 0 0 50 700 600 646 0 1000 500 650 550 700 450 562 0 417 454 175 0 700 0 454 0 0 0 500 0 0 300 666 400 454 454 454 200 466 780 0 0 0 500 0 214 0 454 0 454 950 666 383 833 0 1000 0 316 500 502 100 200 0 0 0 0 500 0 0 500 0 700 100 0 100 333 666 0 900
#WatfordFC 2016-04-16
0 0 700 -91 700 0 250 66 0 625 0 0 -600 0 -400 0 0 700 0 0 266 0 0 0 500 0 312 500 500 0 0 0 0 250 0 250 0 0 0 187 -166 400 443 0 0 0 0 211 0 149 0 0 0 0 0 0 0 0 600 150 0 0 0 0 234 0 0 0 0 0 0 -100 0 0 0 -200 0 0 800 0 250 0 300 -600 0 0 0 0 0 0 250 800 0 0 0 0 0 -200 400 0
0 0 600 341 900 0 200 766 0 300 0 0 1000 0 400 0 0 600 0 0 583 0 0 0 600 0 545 600 500 0 0 0 0 300 0 750 0 0 0 875 333 500 562 125 0 0 600 430 0 725 0 0 125 0 0 0 0 0 900 496 0 125 0 0 875 0 0 0 0 0 1000 900 0 0 0 362 125 125 1000 0 300 0 750 800 125 0 0 0 0 0 1000 400 125 0 0 0 0 200 800 0
#ncfc 2016-04-16
0 -166 350 0 0 0 0 0 0 800 0 0 0 0 0 449 0 500 0 0 -116 0 0 -394 -625 214 99 -50 0 0 -262 325 131 0 200 -699 0 800 325 900 0 0 0 175 -1000 550 0 -383 0 0 0 437 200 0 116 0 0 0 0 -208 900 -33 170 0 0 0 -450 -200 -18 0 0 0 0 0 166 0 0 0 215 350 500 0 0 0 0 150 0 0 0 -800 1000 0 0 150 312 0 0 133 850 0
0 433 825 0 0 0 0 0 0 1000 0 0 0 0 0 400 0 681 0 1000 683 0 0 616 1000 396 700 150 0 0 300 825 456 1000 450 666 0 400 825 700 0 750 0 329 666 900 0 488 0 0 0 650 900 0 616 0 0 0 125 66 900 416 500 0 1000 0 500 250 251 0 100 0 0 0 633 0 0 0 611 800 500 0 0 0 0 0 0 0 0 900 400 0 0 0 333 0 0 333 800 0
#SAFC 2016-04-16
0 250 0 0 0 200 0 250 0 400 0 399 700 0 172 116 0 0 0 162 0 399 0 172 172 0 -12 250 500 0 306 0 0 -400 0 0 100 0 -400 166 -400 136 66 0 165 0 250 211 0 800 0 40 -500 100 800 0 0 0 0 0 0 0 0 0 0 136 136 325 136 0 136 136 136 136 136 0 136 0 600 450 450 249 562 441 0 66 50 450 285 0 0 136 285 285 0 0 550 285 250 -500
0 312 0 0 0 100 0 300 0 550 0 366 600 0 394 616 0 100 100 300 0 366 0 394 394 0 575 200 150 0 600 0 0 400 0 1000 1000 0 400 666 600 454 122 500 410 0 250 517 0 400 0 466 700 1000 400 0 0 0 0 0 0 0 0 0 0 500 500 583 500 0 500 500 500 500 500 400 500 0 550 750 750 500 694 833 0 500 200 750 535 0 0 454 535 535 0 0 800 535 900 700
#CPFC 2016-04-13
500 1000 0 0 0 400 0 -400 166 -600 100 50 0 150 500 0 0 250 250 250 0 0 328 250 -485 0 0 0 375 375 0 0 0 238 0 0 0 0 0 500 600 100 0 0 -400 0 0 437 200 0 0 437 625 200 -800 -133 500 0 0 425 0 650 0 200 200 -166 0 100 458 0 0 50 0 0 0 0 0 437 625 0 0 0 -166 0 0 433 66 0 285 0 0 0 0 0 0 0 550 0 500 100
700 300 0 0 0 700 0 400 666 800 250 500 1000 500 1000 0 0 200 200 200 0 0 495 300 562 0 0 0 433 500 0 0 0 666 0 0 0 0 0 500 1000 750 0 0 400 0 0 550 200 0 1000 550 500 300 1000 333 500 0 0 625 0 450 0 362 200 333 0 300 791 0 0 366 1000 0 0 750 1000 550 500 0 0 0 1000 0 0 733 633 0 535 0 0 0 0 0 0 0 650 0 500 100
#EFC 2016-04-13
0 0 -24 400 -350 200 0 0 100 0 0 175 -155 -33 0 0 0 50 -50 0 0 433 0 0 400 0 -600 0 0 400 0 0 0 0 0 -24 1000 0 333 0 300 100 100 100 0 0 0 0 0 0 0 0 0 300 -400 -350 0 800 50 0 0 100 50 -24 0 0 0 0 354 68 0 318 800 0 419 0 50 -138 100 100 125 0 0 0 0 136 0 -400 100 500 200 418 136 0 0 0 -125 0 1000 0
0 357 450 400 475 200 0 0 400 0 0 325 288 500 0 300 0 266 533 0 0 733 0 0 400 0 1000 0 0 400 0 0 0 0 0 450 1000 0 833 0 200 400 400 400 0 0 0 0 0 0 800 0 0 533 400 600 0 400 200 0 0 300 200 450 0 0 0 0 433 227 0 477 400 700 570 0 200 404 300 300 187 250 0 800 0 500 0 400 300 500 900 527 454 100 0 0 750 0 1000 0
#LFC 2016-04-10
0 0 0 357 0 542 260 0 325 700 0 33 0 0 0 125 0 -119 345 80 0 300 0 0 -125 300 0 0 0 400 200 0 0 -125 250 0 200 166 416 300 0 0 0 -181 875 -497 133 0 0 -200 0 -608 200 200 0 0 0 0 -400 -250 0 -400 -400 -400 -125 300 -400 500 -100 0 0 300 0 525 525 0 -187 650 -187 250 0 100 525 166 0 387 0 0 0 0 0 0 620 -125 300 0 0 -194 0 0
0 1000 0 535 0 617 300 0 325 600 0 1000 0 0 0 375 0 393 950 642 0 500 0 0 375 700 0 0 0 800 500 0 0 375 333 0 500 666 750 700 0 0 0 535 1000 785 300 0 0 50 0 916 500 500 0 0 0 0 400 250 0 400 400 400 375 700 400 600 400 0 0 700 0 366 366 1000 500 1000 500 333 0 200 366 766 0 678 700 0 0 0 0 0 320 375 700 0 0 288 0 0
#SCFC 2016-04-10
0 0 0 0 250 0 -200 0 0 0 300 0 1000 0 0 0 0 41 0 0 400 357 0 0 449 333 244 250 425 0 -400 0 0 462 0 0 0 0 0 0 233 228 233 0 525 500 350 0 0 300 0 0 49 0 -800 0 0 0 0 0 350 0 0 0 0 500 399 600 0 0 0 0 0 -77 1000 0 -6 62 0 0 0 0 300 350 0 233 200 233 -12 0 0 0 0 0 0 0 233 0 -500 0
0 0 0 0 333 0 50 125 0 0 200 0 1000 1000 1000 0 0 313 0 0 400 571 0 0 550 333 355 388 338 0 400 125 0 300 0 0 0 0 0 0 722 485 722 0 366 500 400 0 0 200 0 0 325 0 800 0 0 0 0 0 550 0 0 250 0 1000 466 1000 0 0 0 0 0 194 1000 0 500 500 0 0 0 0 200 450 0 722 500 722 0 0 0 0 0 0 0 0 722 0 700 0
#COYS 2016-04-10
225 199 0 0 0 350 0 0 250 0 0 0 -1000 250 1000 0 66 24 0 0 0 166 0 199 0 0 0 0 450 437 0 0 250 0 0 0 250 0 0 0 310 100 0 1000 0 257 875 0 45 0 500 55 500 300 500 0 0 168 -500 250 0 500 242 -216 -600 0 100 468 0 0 136 366 0 495 0 0 -112 -155 333 0 700 0 250 0 -400 500 318 575 0 203 199 0 0 399 168 0 0 0 304 800
447 591 0 0 0 362 0 0 333 0 0 0 1000 250 300 0 333 562 0 0 0 500 0 233 0 0 0 0 575 1000 0 0 333 0 0 400 437 1000 0 0 530 100 0 300 0 469 600 0 184 0 600 222 600 700 562 0 0 277 500 500 0 700 671 549 1000 0 183 770 0 0 454 799 0 612 0 500 650 288 333 0 600 0 437 0 400 200 477 625 0 611 383 0 0 283 277 0 0 550 447 400
#MUFC 2016-04-10
1000 0 0 0 0 0 0 200 357 0 0 187 500 0 0 199 0 400 200 0 0 625 0 0 591 650 1000 250 1000 -800 22 -400 -450 800 633 -250 346 500 0 0 100 0 0 0 108 500 0 0 268 800 0 0 237 250 0 0 0 0 0 0 0 0 0 0 0 0 0 0 -100 500 166 0 125 0 0 800 136 250 0 0 0 900 0 500 0 0 0 1000 200 0 0 0 0 705 0 0 0 0 0 0
300 0 0 0 0 0 0 300 535 0 0 875 500 0 0 799 0 800 250 0 0 900 0 0 608 909 750 333 1000 900 526 600 533 700 799 333 375 500 0 0 400 0 0 0 433 500 0 0 627 400 0 0 525 333 0 0 0 0 0 0 0 0 0 0 0 0 0 0 400 500 500 0 200 0 0 900 500 100 0 0 0 525 1000 500 0 0 0 1000 300 722 0 0 0 744 0 0 0 0 0 0
#SAFC 2016-04-10
180 0 475 0 0 100 -1000 0 0 0 350 -250 -1000 300 100 0 400 0 0 1000 0 0 0 0 166 500 -62 0 321 0 0 -1000 0 0 0 0 100 -83 -187 0 0 335 0 0 -200 800 1000 0 525 525 400 525 16 0 -33 100 0 0 0 -33 0 -166 100 99 468 0 403 800 0 -500 0 275 100 -166 0 0 375 0 0 850 500 0 0 35 0 0 -400 0 0 0 0 200 0 0 0 0 0 -33 0 0
433 0 466 0 0 1000 1000 0 0 0 550 250 1000 300 1000 400 450 0 0 300 0 0 1000 0 425 500 137 0 478 100 0 900 0 0 0 357 278 633 500 0 0 527 0 0 700 950 1000 0 750 366 450 300 316 0 416 700 0 0 0 416 100 433 700 600 750 0 650 750 0 650 0 450 400 333 0 0 416 0 0 700 500 600 0 450 0 100 400 0 0 0 0 400 0 0 0 0 1000 416 0 0
#LCFC 2016-04-10
0 0 0 0 800 0 0 0 -166 250 -250 625 0 333 0 200 -33 500 0 0 166 0 0 300 500 0 0 375 375 300 649 250 200 377 0 0 0 100 200 1000 0 0 625 800 300 -166 500 0 0 0 625 450 275 300 200 800 0 243 900 0 49 0 0 0 0 0 0 0 0 0 1000 0 0 250 0 0 800 500 -625 1000 800 199 -500 0 0 0 0 0 250 350 650 300 -388 0 900 0 375 500 641 350
0 0 0 1000 750 0 0 0 433 416 1000 500 0 666 0 200 416 500 0 0 500 0 0 100 600 100 100 750 750 300 800 200 400 485 0 0 0 1000 400 300 0 0 500 400 750 300 1000 0 0 0 500 550 450 300 400 400 0 306 900 66 700 0 0 0 0 0 0 0 0 0 300 0 0 250 0 0 400 900 900 1000 400 461 1000 0 66 0 0 0 312 650 575 1000 833 0 875 0 944 500 616 700
