#Swans 2016-01-18
0 450 400 0 125 0 0 349 0 0 300 162 283 0 100 0 100 0 0 136 0 227 100 100 0 75 800 450 0 92 -600 0 -200 0 0 0 0 0 0 516 500 0 -99 0 -200 -300 0 0 0 0 0 0 0 -400 0 -166 0 500 0 0 0 -100 0 0 0 0 0 -49 0 0 225 -99 595 250 0 0 600 0 0 0 -166 0 -166 0 0 0 0 -500 0 0 0 33 0 0 -600 -50 0 0 0 112
0 850 400 0 250 0 0 383 0 0 100 675 577 0 250 0 250 0 0 454 0 550 250 250 0 450 400 500 0 317 1000 0 0 0 0 0 0 0 0 500 550 0 700 0 250 600 0 0 0 0 0 0 0 700 0 433 0 500 0 0 0 900 0 0 0 0 0 950 0 0 450 700 511 600 0 0 550 0 0 0 500 0 333 0 0 0 0 1000 0 0 0 666 0 0 1000 277 0 0 0 451
#WatfordFC 2016-01-18
300 0 0 800 350 0 0 0 0 700 0 0 312 0 0 0 0 0 0 0 0 250 0 0 0 -1000 0 -62 250 0 0 0 0 0 285 0 0 0 500 0 0 0 0 0 250 0 250 0 0 0 0 500 0 700 0 0 250 0 250 100 500 0 0 0 0 0 0 -600 -166 0 0 0 0 0 0 -155 350 0 100 0 0 250 0 -316 0 0 675 0 444 0 0 227 -400 0 227 0 160 500 0 0
500 0 0 400 300 0 0 0 0 600 0 0 250 0 0 0 0 0 0 600 0 500 0 0 0 1000 0 188 333 0 0 100 0 250 535 0 0 0 900 0 0 0 0 0 600 0 315 0 0 0 1000 500 100 600 0 0 300 250 375 1000 900 0 0 0 0 0 0 1000 333 0 0 0 0 0 1000 288 550 0 700 0 0 100 0 300 0 0 475 0 472 0 0 545 450 500 545 0 539 300 0 0
#SCFC 2016-01-17
200 0 400 0 400 0 524 0 524 -100 0 500 -500 0 -400 200 800 625 0 0 -77 0 0 0 200 500 166 0 333 0 267 50 0 500 -71 267 0 68 0 -200 170 0 0 0 625 533 0 333 0 173 0 400 0 0 0 0 -600 0 0 0 0 0 0 37 500 -33 0 700 75 0 0 0 0 0 -200 0 0 400 0 -100 500 -500 0 0 500 0 0 0 400 0 0 150 0 -66 400 300 0 909 0 250
200 0 800 0 800 0 625 0 625 200 0 800 500 0 400 600 700 600 0 0 194 0 0 0 400 200 750 0 333 0 500 500 0 900 544 500 0 227 0 400 454 0 0 0 600 266 0 666 1000 387 0 800 0 0 0 0 900 0 0 0 0 0 0 250 500 566 0 600 175 0 0 0 0 0 700 0 0 400 0 500 500 500 0 0 500 0 0 0 400 0 0 100 0 600 400 900 0 780 700 250
#AFC 2016-01-17
500 0 -600 250 -200 800 0 800 0 0 0 0 400 0 0 400 -125 1000 500 136 0 136 700 136 500 0 0 0 0 500 350 0 500 500 50 0 0 -175 500 500 500 500 450 0 33 0 0 -50 0 0 0 166 0 250 0 0 0 500 0 362 0 0 0 200 400 0 0 0 0 600 0 400 0 500 0 -500 200 0 136 0 500 -150 0 0 0 500 0 0 400 0 0 100 200 0 0 100 350 0 100 199
500 0 900 333 200 900 0 400 0 0 0 0 800 0 812 700 375 900 900 454 0 454 600 454 500 0 0 0 0 500 450 0 500 900 600 66 0 325 500 500 500 500 650 66 66 0 0 400 0 0 0 333 0 333 0 0 0 900 0 462 0 0 0 100 900 0 0 0 0 1000 0 400 0 500 0 400 300 0 454 0 500 250 0 0 0 500 0 0 800 0 0 300 300 0 0 100 550 0 300 488
#LFC 2016-01-17
0 -250 -500 -400 0 0 333 0 0 0 350 0 95 300 0 0 -200 500 0 0 -155 500 -750 -155 -172 487 0 0 0 0 136 400 500 0 0 0 0 0 500 233 500 0 0 0 0 0 0 136 185 0 0 116 160 0 0 0 0 0 0 0 0 -55 0 0 0 1000 0 0 0 200 200 650 1000 224 0 0 -100 285 0 0 116 0 0 610 -300 0 0 0 136 -150 0 0 -50 0 -133 125 0 0 0 0
0 400 400 600 0 0 466 0 0 0 400 0 200 350 0 0 250 500 0 0 288 500 800 288 672 662 0 600 0 125 454 500 850 0 0 0 0 0 1000 688 1000 0 600 0 0 0 0 454 629 0 0 366 500 0 0 0 0 0 0 0 0 355 0 0 0 1000 0 0 0 300 300 900 1000 441 0 0 200 535 0 0 766 0 0 200 466 0 0 0 454 587 0 0 850 0 588 383 0 0 0 0
#MUFC 2016-01-17
136 0 0 -75 0 0 0 0 0 0 0 100 0 0 0 0 0 0 0 95 0 275 0 0 -155 -750 0 -155 -172 -155 0 0 0 0 200 55 0 285 450 0 250 625 0 0 0 -50 -50 -50 -50 -50 0 -50 -50 0 0 227 0 49 -116 300 600 200 0 -200 0 1000 100 -100 0 800 0 0 0 0 227 0 -658 625 0 136 1000 0 0 500 -300 -200 214 39 0 0 1000 0 -390 925 0 500 0 0 0 0
454 0 0 650 0 0 0 0 0 0 0 600 0 0 1000 0 0 0 0 200 0 325 0 0 288 800 0 288 672 288 0 600 0 0 300 161 600 535 300 0 250 900 0 0 0 400 400 400 400 400 0 400 400 0 0 545 0 500 316 562 1000 620 0 800 0 1000 250 200 333 400 0 0 0 0 545 0 650 900 0 454 300 0 0 600 1000 900 642 200 0 0 900 0 594 650 0 500 0 0 0 0
#AVFC 2016-01-16
250 266 0 366 200 136 -100 -1000 0 500 0 0 0 0 0 0 0 0 0 0 333 283 128 0 700 466 0 68 0 250 400 125 -500 304 0 0 160 -700 -300 700 600 -150 -150 600 136 500 112 -214 136 -150 -166 100 -400 400 -150 400 116 0 0 250 275 0 318 350 0 -400 0 800 0 600 0 -75 100 100 300 0 245 -200 343 227 0 0 568 0 412 112 0 55 136 -500 0 318 0 -300 136 136 0 0 1000 666
300 155 0 700 200 454 500 900 0 500 1000 0 0 0 0 0 0 0 0 0 666 311 568 0 600 633 0 250 0 250 800 672 900 566 0 0 380 200 600 875 1000 350 350 1000 454 800 218 357 454 450 733 100 600 1000 399 1000 650 0 0 1000 944 0 477 350 0 400 0 700 0 550 0 366 400 400 650 0 468 700 393 545 0 0 727 0 600 416 0 555 454 500 0 477 0 400 454 454 0 0 300 666
#LCFC 2016-01-16
125 -185 0 0 0 158 111 0 0 0 800 -194 500 200 333 200 200 0 0 -333 200 200 0 0 -699 0 -333 0 166 0 -400 0 0 250 0 0 0 0 0 0 0 68 -400 0 0 0 0 0 0 0 0 0 0 0 0 -700 500 0 800 800 0 500 0 0 300 0 0 0 -75 -237 400 0 0 0 0 225 445 550 0 200 166 800 0 -33 0 200 0 0 -250 550 0 -100 0 200 0 200 0 357 0 0
562 362 0 0 0 533 555 100 0 0 750 288 500 200 833 200 200 0 0 666 200 200 0 0 666 0 666 0 366 0 400 0 0 533 0 0 0 0 0 0 0 250 400 0 100 0 0 0 0 0 0 0 0 0 0 200 800 0 400 400 0 600 0 0 0 0 0 0 800 300 900 0 112 1000 1000 333 560 825 100 649 333 400 0 488 0 500 0 0 250 737 0 33 0 500 0 100 0 571 0 0
#AFCB 2016-01-16
0 0 0 136 0 0 -53 300 0 400 -600 0 -275 0 -200 68 400 99 -500 0 0 250 237 500 0 0 0 0 500 0 875 0 0 0 172 250 -390 0 116 1000 0 -250 0 0 250 0 -1000 0 0 0 0 0 0 0 -250 250 0 -312 0 0 708 0 0 0 450 625 -139 450 0 -37 203 250 0 0 0 355 43 520 -100 0 0 -166 0 600 0 0 241 -500 12 0 60 -83 0 233 0 350 400 0 0 625
0 0 0 454 0 0 348 650 0 700 1000 0 700 0 100 250 600 355 900 0 0 200 570 375 0 0 0 0 500 0 900 0 0 0 394 1000 644 0 850 1000 0 262 0 0 250 1000 1000 0 0 0 0 0 0 0 533 550 0 450 0 0 833 0 0 0 700 762 595 650 0 200 480 500 0 0 0 378 493 530 400 0 0 333 0 900 0 0 288 500 600 0 368 633 0 255 0 300 400 0 0 900
#ncfc 2016-01-16
0 0 -16 0 0 0 200 0 0 0 -250 0 0 0 0 250 33 0 0 0 304 100 0 0 0 -250 0 68 0 0 116 0 0 -156 -200 0 0 -250 0 0 0 300 354 200 375 0 160 -500 -100 0 300 0 0 0 0 0 0 -150 250 0 135 0 516 0 0 0 -333 0 0 0 -400 0 166 0 0 0 437 62 -250 377 212 0 0 -400 0 -300 -390 0 200 0 0 0 0 166 212 0 0 0 0 100
0 0 250 0 0 0 300 0 283 0 500 0 0 0 0 250 133 66 0 0 566 200 0 0 0 400 0 250 0 0 549 125 0 593 300 0 0 500 0 0 0 200 783 500 750 0 539 1000 50 0 450 0 0 0 0 0 0 300 300 0 396 0 766 0 283 0 666 0 0 0 400 0 529 0 0 0 300 375 583 460 625 0 0 400 0 350 454 0 200 0 0 0 0 500 575 0 0 0 0 900
#CFC 2016-01-16
400 1000 0 0 0 0 -116 0 150 0 0 0 0 0 0 -54 0 1000 400 0 0 150 0 0 0 0 200 0 0 -400 800 0 0 0 0 0 0 0 0 125 0 0 -199 0 0 -50 100 0 200 0 0 0 0 0 0 0 0 338 0 0 0 150 0 200 0 400 0 150 0 200 0 400 150 0 200 0 400 50 0 0 600 0 0 400 200 200 0 0 -50 0 0 150 0 0 0 0 800 400 0 0
800 750 0 0 0 0 283 0 875 0 0 0 0 0 0 418 0 300 900 0 0 875 0 0 0 0 300 0 0 400 750 0 0 0 0 0 0 0 0 250 0 0 650 0 0 850 250 0 500 0 0 0 0 0 0 0 0 550 100 0 0 875 0 300 0 800 0 875 0 300 0 800 875 0 300 0 800 875 0 0 700 0 0 375 300 288 0 0 1000 0 0 875 0 0 0 0 700 800 0 0
#EFC 2016-01-16
0 233 0 0 0 800 800 -300 800 0 275 0 800 800 800 0 0 0 0 400 400 400 -599 0 133 400 400 800 -199 800 400 0 0 0 375 70 0 0 0 400 0 0 700 83 -95 500 400 45 0 0 333 274 350 233 0 0 -156 162 0 187 200 375 500 0 -562 146 200 0 0 -300 0 0 0 0 0 -300 150 200 1000 0 300 0 0 0 0 0 357 200 0 566 0 -300 0 -250 0 0 800 -93 700 350
0 400 0 0 0 400 400 400 400 0 462 1000 400 400 400 0 0 0 0 500 500 500 783 0 466 500 500 400 650 400 600 0 0 0 944 491 0 0 0 300 0 0 600 433 466 1000 600 151 1000 0 266 500 741 466 0 0 593 450 0 600 250 944 500 0 575 494 400 0 0 600 0 0 0 0 0 600 875 300 1000 0 561 0 0 0 0 0 535 100 0 341 0 600 0 1000 0 0 400 250 600 950
#MCFC 2016-01-16
0 -200 100 1000 0 45 0 0 200 0 0 500 500 0 0 0 0 359 642 625 0 -178 0 0 318 0 500 350 600 700 200 800 0 0 0 500 0 0 0 0 500 304 0 200 0 416 0 0 0 0 400 500 625 0 500 0 800 0 800 0 0 0 500 650 0 -200 0 487 50 0 50 50 50 50 50 50 50 -62 50 500 0 1000 360 0 0 150 0 0 229 500 0 0 0 800 800 0 500 0 -12 0
666 700 800 750 0 484 0 0 300 500 0 833 833 0 0 0 1000 775 417 900 0 285 0 0 477 0 833 650 900 550 200 575 0 0 0 500 0 0 0 0 833 566 0 200 0 816 0 0 0 0 575 500 900 0 800 0 400 0 400 0 100 0 700 616 0 400 0 617 500 0 500 500 500 500 500 500 500 450 500 800 0 400 702 0 0 300 0 0 383 533 0 0 0 400 400 100 600 1000 950 0
#CPFC 2016-01-16
0 0 0 -100 400 0 0 -1000 -99 -125 -57 400 250 -600 200 0 250 0 0 0 200 187 304 500 518 -150 0 375 250 250 250 112 0 0 0 0 0 0 0 0 0 125 75 0 223 1000 0 500 0 0 187 22 333 775 0 800 -24 0 -49 0 -99 0 0 0 433 800 0 0 -500 0 0 0 900 89 -25 0 400 0 150 0 -500 400 186 399 -166 500 750 454 68 0 700 0 -375 -100 446 -16 0 500 0 0
0 0 50 600 800 0 0 1000 700 225 567 566 300 1000 200 333 100 0 1000 0 200 300 566 800 727 262 0 533 200 200 200 416 0 0 0 0 0 0 0 0 0 50 75 0 285 750 1000 500 0 0 437 422 416 825 0 700 700 0 550 0 588 0 0 0 583 400 0 0 400 400 0 0 650 341 250 300 1000 0 600 0 400 500 693 450 333 644 675 540 477 0 600 0 666 188 571 516 0 900 0 0
#NUFC 2016-01-16
0 1000 400 387 0 0 100 0 0 1 0 0 0 -249 0 0 500 450 225 200 0 0 0 -25 375 500 125 383 308 0 0 350 0 400 433 88 575 0 -100 1000 0 0 308 0 0 0 550 0 0 100 0 166 0 0 0 350 0 -400 -388 -400 0 -200 368 150 -200 0 250 0 0 304 0 0 50 223 666 150 750 0 231 500 -500 400 0 0 0 383 -195 0 600 0 0 0 500 1000 200 100 1000 -200 0 200
66 1000 850 250 0 0 100 0 0 458 0 0 0 466 0 0 500 500 650 200 0 66 0 233 100 500 383 433 541 0 0 362 0 700 500 355 625 0 1000 300 0 0 199 0 0 0 700 0 0 300 0 666 0 0 0 350 0 700 833 400 0 300 727 483 0 0 1000 0 0 566 0 0 350 580 616 300 1000 0 575 900 1000 800 0 500 0 775 410 0 900 0 0 0 800 300 100 483 750 400 0 500
#WHUFC 2016-01-16
0 0 0 0 275 0 0 0 0 125 378 0 0 0 -83 0 274 0 0 500 0 500 200 0 0 0 0 200 22 100 0 0 200 0 0 285 0 300 600 400 250 0 -600 500 0 0 0 0 62 116 500 0 -300 800 -250 666 0 -400 125 0 0 0 300 0 0 0 0 250 0 1000 0 0 0 500 100 0 0 0 -406 0 0 1000 0 0 0 0 0 0 0 1000 1000 284 550 187 100 0 666 352 0 0
0 0 0 0 462 0 0 0 0 199 251 0 0 100 688 1000 500 0 1000 800 0 800 250 0 0 0 0 550 344 400 0 0 300 0 66 535 0 100 850 800 200 0 400 600 0 0 0 0 500 450 500 0 600 400 250 666 0 600 400 0 0 0 100 0 0 0 0 600 0 300 0 0 0 500 400 0 0 750 166 0 0 1000 0 533 0 166 0 0 0 300 300 388 750 437 400 0 666 650 0 0
#SaintsFC 2016-01-16
1000 0 0 622 0 0 0 -599 133 -400 503 500 0 0 266 375 0 0 350 -400 500 0 304 152 0 1000 -250 250 0 0 0 0 216 500 -1000 -100 0 200 0 125 0 0 0 0 0 0 -650 -937 0 0 500 0 0 0 0 0 0 0 0 0 0 0 190 0 -1000 0 0 0 0 -166 0 1000 0 0 0 0 468 333 500 -250 0 175 250 400 124 480 1000 -83 -250 200 0 -233 125 0 0 0 400 900 0 480
750 0 0 600 0 0 0 783 466 400 686 547 0 0 537 224 0 0 300 400 500 0 566 347 0 600 750 200 0 0 0 0 411 500 1000 112 0 200 0 100 0 0 0 1000 0 0 1000 800 0 0 500 0 0 1000 0 0 1000 0 0 1000 0 0 744 0 1000 0 0 0 0 433 0 300 0 1000 0 0 600 500 1000 750 0 275 333 233 475 470 750 641 1000 500 0 533 500 0 0 0 500 700 0 470
#WBA 2016-01-16
0 0 0 0 0 0 272 800 0 0 300 1000 375 50 0 -212 0 166 166 0 0 166 0 500 0 -699 -699 0 -400 500 700 1000 0 0 0 0 -1000 0 0 100 0 0 0 0 0 0 800 0 0 0 0 0 0 327 312 350 0 0 1 0 0 480 0 800 0 134 -50 -50 -50 0 250 0 0 0 149 500 378 243 400 0 480 500 500 500 -150 0 0 0 150 300 -277 100 0 -343 0 0 0 243 0 0
0 0 0 0 0 0 444 1000 0 0 441 750 700 350 0 400 0 333 333 0 0 333 0 500 0 666 666 0 400 500 600 300 333 0 0 0 1000 0 0 400 0 100 0 0 0 0 750 0 0 0 0 0 0 288 587 300 0 0 225 0 0 470 0 750 0 338 400 400 400 0 250 0 0 0 600 500 251 643 600 550 470 1000 500 1000 450 0 0 0 83 441 344 100 0 750 0 0 0 643 0 66
#COYS 2016-01-16
150 0 500 0 0 0 625 78 -199 500 1000 128 0 0 0 425 -400 800 312 375 0 0 100 0 0 0 455 0 0 100 0 0 0 333 0 466 0 0 0 0 500 0 139 875 1000 -800 300 0 0 436 0 650 366 650 808 0 0 -900 466 1000 0 250 1000 1000 100 300 0 500 500 -400 136 0 0 -63 195 500 100 500 650 0 0 0 0 0 0 0 0 800 0 0 1000 0 350 436 0 0 500 500 500 0
450 0 700 0 600 600 500 550 650 800 300 262 0 0 0 562 400 400 200 100 0 0 200 0 0 0 433 0 0 400 0 0 0 833 0 666 0 0 0 0 500 0 775 700 400 900 800 0 0 538 0 616 616 616 633 0 0 1000 666 400 0 333 1000 1000 600 800 0 500 500 600 454 0 0 547 633 500 1000 183 587 0 0 0 0 0 0 66 50 400 0 0 1000 0 550 538 0 0 500 500 500 1000
#SAFC 2016-01-16
0 0 0 0 -400 0 175 0 0 0 -150 400 400 99 562 400 0 75 75 0 500 0 250 -125 0 250 0 0 -300 250 0 0 166 166 285 -250 0 0 395 -155 136 0 0 172 0 0 0 -500 250 0 0 0 0 0 0 250 -71 250 100 0 -250 400 500 0 0 0 125 0 500 136 136 136 136 150 400 195 0 0 0 -125 234 -800 0 0 0 -125 333 -800 -155 136 136 136 136 0 -155 136 136 200 136 0
0 0 0 400 700 0 699 0 0 0 800 800 800 288 550 800 0 625 625 0 600 0 200 494 0 283 0 0 400 400 0 0 166 166 535 400 0 600 666 288 454 0 0 394 0 0 0 1000 400 0 0 0 0 66 0 283 214 300 400 0 250 408 500 0 0 0 425 0 500 454 454 454 454 700 600 200 0 0 0 375 477 900 0 0 0 375 500 900 288 454 454 454 454 0 288 454 454 500 454 0
#LFC 2016-01-13
550 0 0 400 0 0 0 0 0 -600 -226 268 62 0 500 400 0 -366 100 0 0 33 0 0 0 0 0 0 0 0 0 136 0 0 0 -724 300 0 0 0 0 0 0 0 0 0 0 0 0 0 400 700 166 0 0 -300 -200 0 0 -275 0 0 0 325 -51 0 500 0 318 -714 500 400 -100 416 0 0 0 0 800 0 0 -33 227 0 0 -99 -100 900 -200 318 0 0 187 0 400 500 0 0 0 400
200 0 0 800 0 100 0 100 0 700 870 627 816 0 500 500 0 388 800 0 0 33 0 400 0 0 0 0 0 0 0 454 0 0 100 833 500 0 0 0 0 0 0 0 0 0 0 0 0 0 400 600 341 0 0 750 800 0 0 450 0 0 0 600 351 0 500 0 700 857 500 800 400 500 0 0 0 0 400 288 0 600 545 0 0 700 25 1000 400 700 0 0 525 0 400 500 0 325 0 200
#AFC 2016-01-13
0 400 450 0 0 0 0 500 0 200 0 0 500 0 318 -100 800 600 428 400 0 275 0 200 0 83 -300 0 200 250 200 250 500 285 775 0 600 800 1000 0 0 800 0 0 0 900 0 0 0 0 0 171 400 0 250 -125 -71 118 0 0 0 0 50 0 0 0 358 0 0 0 400 0 250 0 0 0 136 0 0 0 0 0 -62 500 0 0 166 0 -380 400 375 350 0 208 175 0 0 300 0 -83
0 800 450 0 0 0 0 700 0 400 0 0 500 0 700 266 400 250 278 200 0 700 0 500 0 83 400 0 500 200 100 200 700 535 525 0 1000 900 300 0 0 400 0 0 0 1000 0 0 0 0 0 492 600 1000 333 375 142 727 0 200 0 0 150 0 0 0 708 0 0 0 550 0 300 0 66 0 454 0 0 0 0 0 237 500 0 0 166 1000 586 400 457 450 0 300 366 0 1000 450 0 666
#COYS 2016-01-13
0 300 0 875 0 200 136 0 0 0 200 200 350 -83 0 0 0 0 0 408 0 136 0 625 300 136 0 219 525 450 0 500 450 0 -400 -300 -8 0 212 100 761 600 200 250 500 900 -71 -175 0 -199 -199 -225 687 -199 0 -107 0 0 50 148 0 100 66 437 0 300 -300 500 0 0 0 267 63 312 0 0 0 781 0 412 -185 0 633 293 766 575 0 -199 416 0 0 480 0 -341 0 0 0 -400 0 -400
0 575 0 600 0 400 454 0 0 0 200 500 350 360 0 0 0 0 0 533 0 513 0 500 750 454 0 523 525 750 0 500 450 0 400 600 345 0 433 400 378 900 100 1000 600 1000 214 600 0 500 500 616 550 500 50 467 0 0 200 358 0 1000 233 625 0 650 466 600 0 1000 0 571 483 658 0 0 400 600 0 500 229 0 416 406 926 825 0 500 833 0 0 760 0 561 0 0 0 600 50 400
#LCFC 2016-01-13
0 0 450 562 0 0 136 0 0 250 0 136 0 0 0 0 0 0 0 0 0 0 0 0 0 0 500 136 0 0 450 0 0 136 0 0 -125 0 -50 250 0 0 708 0 900 -1000 0 0 -350 -100 0 0 800 100 0 0 -21 0 312 0 199 1000 0 -200 0 0 0 400 0 0 0 0 0 500 -155 -200 -250 -100 0 500 0 400 0 0 0 50 0 375 1000 0 0 -200 0 400 -200 500 450 266 0 0
0 0 450 1000 0 0 454 0 0 250 0 454 0 0 0 0 0 0 0 0 0 0 0 500 0 0 500 454 0 0 450 0 0 454 100 0 200 0 200 333 0 0 750 0 1000 1000 0 0 628 200 0 0 400 650 0 0 300 0 333 0 366 1000 0 400 0 0 0 466 0 0 0 0 0 500 288 400 888 200 0 300 0 400 0 0 0 650 0 750 1000 0 0 400 1000 400 400 525 450 488 0 0
#CFC 2016-01-13
0 400 0 0 172 172 0 318 -155 -77 0 166 400 -155 0 500 0 22 0 -750 0 412 0 0 0 0 0 700 400 0 0 0 0 0 -150 0 500 800 0 0 0 0 0 -200 0 0 0 600 0 0 172 800 0 0 0 200 -2 0 0 172 0 0 500 -300 -800 136 650 375 0 362 172 0 0 0 -300 0 0 500 0 0 0 0 -155 425 500 -71 0 250 0 625 400 0 0 0 0 -45 -71 700 118 -15
0 800 0 0 561 561 0 643 288 144 0 300 900 288 0 500 0 444 0 800 0 750 0 0 0 1000 0 600 400 0 0 0 0 0 425 1000 1000 400 0 0 0 0 0 288 0 500 0 900 0 0 561 900 0 100 0 500 400 0 0 561 1000 1000 700 600 900 454 750 875 500 612 561 1000 0 0 600 0 0 600 0 0 0 0 288 500 500 142 0 500 0 966 600 400 500 1000 200 558 142 700 727 260
#WBA 2016-01-13
0 0 0 900 0 -200 0 0 0 0 400 800 200 0 0 0 0 0 -155 0 0 -200 -100 0 100 200 -100 0 0 125 0 0 0 0 0 0 0 0 0 0 0 0 -25 0 262 150 0 -16 66 900 233 0 -200 150 0 600 -750 25 -333 -100 0 0 0 0 177 0 136 200 0 -66 0 0 1000 0 100 0 0 250 0 0 0 -200 404 195 0 75 0 0 0 0 0 0 159 156 369 700 -100 0 0 0
0 0 0 1000 0 0 0 0 0 0 500 750 100 0 0 0 0 0 288 0 0 350 450 0 200 100 100 0 500 250 0 0 0 0 0 0 0 0 0 0 0 0 200 0 562 300 500 433 133 1000 327 0 400 100 0 950 875 575 322 200 0 0 700 0 477 0 454 300 0 388 0 0 300 0 400 0 0 1000 0 0 0 400 783 611 0 544 0 0 0 0 0 0 562 199 716 700 83 0 0 200
#MCFC 2016-01-13
800 1000 400 0 7 400 -100 0 0 0 0 800 0 0 0 700 0 0 233 562 475 0 0 0 200 250 500 0 0 0 625 0 0 0 -50 100 750 500 0 0 625 300 -266 37 0 0 250 0 0 0 125 0 250 -199 121 0 -200 -50 -250 0 0 0 525 0 0 0 0 0 250 0 625 0 345 333 0 0 0 0 0 0 283 0 -400 0 0 800 0 0 0 0 0 0 0 0 250 -100 556 -116 -83 0
400 1000 800 0 285 900 75 0 0 0 0 400 0 0 0 550 0 0 341 450 425 0 0 0 1000 333 500 0 0 0 900 0 0 0 225 300 800 700 0 0 900 200 383 800 0 0 333 0 0 0 950 0 333 750 466 0 200 700 550 0 0 0 366 0 0 0 0 0 250 0 900 0 950 416 0 0 0 1000 0 0 866 0 900 0 100 750 0 0 0 0 0 0 0 66 333 200 475 377 83 0
#EFC 2016-01-13
0 0 100 1000 800 350 -58 500 0 0 800 700 0 0 250 0 500 800 400 0 0 400 0 -66 136 -66 0 500 142 0 800 0 -166 -100 0 -66 200 -400 -100 800 200 0 0 0 0 136 525 0 167 -100 0 450 -100 0 -100 400 -156 -21 -250 -100 400 0 0 -18 0 0 0 -135 0 312 68 -83 0 337 0 0 -100 166 -200 650 -400 0 -66 500 649 0 1000 0 600 500 -100 0 -625 0 0 0 0 0 250 -400
0 0 399 400 1000 550 375 600 0 0 400 1000 0 76 300 687 950 400 700 0 0 400 0 466 500 466 0 700 301 0 400 0 833 533 0 433 300 600 200 1000 300 0 0 0 0 454 366 100 570 200 0 950 200 0 200 375 200 567 1000 200 900 0 0 696 0 100 0 179 0 875 227 33 0 775 0 100 200 464 400 750 400 0 166 800 900 0 1000 0 950 600 200 0 400 1000 0 0 0 0 625 400
#SaintsFC 2016-01-13
550 700 0 0 0 0 0 -666 0 0 0 0 0 -666 0 -500 214 0 0 0 0 0 0 0 0 500 800 250 0 0 0 800 125 0 0 0 0 0 500 0 0 12 0 0 -666 -666 0 0 0 0 0 400 0 0 0 -10 0 575 0 0 -100 -199 193 0 0 -166 0 500 0 0 500 136 -10 625 68 0 0 0 136 500 6 0 -166 0 1000 -50 -166 224 -155 500 0 550 0 700 0 500 -100 -100 0 -100
200 650 0 0 0 0 0 1000 0 0 0 0 0 1000 0 400 428 0 100 0 0 0 0 0 0 1000 400 200 0 0 0 400 166 0 0 0 0 0 888 0 0 427 0 0 1000 1000 0 0 0 0 0 600 0 0 0 222 0 475 0 0 400 550 416 0 0 166 0 500 0 0 550 454 222 400 727 0 0 0 500 750 500 0 166 0 1000 650 166 400 288 1000 0 700 0 600 300 600 400 400 0 400
#WatfordFC 2016-01-13
0 -200 -200 0 0 0 -100 31 0 100 0 200 74 500 0 0 0 0 0 0 0 0 175 0 0 0 -200 0 -400 616 -100 0 -97 -400 0 -200 -100 0 0 -200 0 100 200 0 0 -100 -75 -200 -400 -400 -93 0 266 -166 -400 500 83 -66 -200 0 100 -200 362 0 0 249 0 -200 500 136 622 -150 -200 166 0 375 -200 0 0 13 0 0 -66 350 0 0 500 1000 119 -166 166 550 600 -166 237 1000 196 0 0 900
0 200 200 0 1000 0 200 575 0 200 0 200 475 625 0 0 250 0 0 0 0 0 700 0 0 0 400 0 700 616 200 550 236 400 0 400 200 0 0 400 0 100 200 0 0 200 366 400 700 400 609 0 799 166 400 500 300 233 166 0 400 400 650 0 125 500 0 400 500 454 755 800 400 666 0 416 400 0 0 522 100 0 366 366 0 86 600 1000 320 166 666 950 1000 500 500 1000 527 0 0 400
#SCFC 2016-01-13
0 0 200 -100 0 293 0 0 0 200 0 200 -100 -100 0 0 -100 300 -600 -71 0 0 0 0 800 0 125 -262 0 100 -1000 -100 -600 -188 -41 0 -1000 0 0 -200 450 -200 100 0 100 0 0 0 125 0 -125 -279 0 700 1000 -41 -1000 0 0 0 1000 0 0 0 0 0 0 500 976 -200 266 800 0 0 -200 0 0 -400 100 200 0 -200 250 0 0 0 500 500 466 0 0 0 0 0 0 0 0 -200 0 -200
0 0 200 200 0 866 0 0 0 200 0 100 200 200 0 0 200 333 700 214 0 0 0 0 700 0 205 487 0 0 1000 200 900 755 291 0 900 0 0 400 575 400 0 0 0 0 0 0 166 0 375 640 200 600 300 725 1000 0 0 0 1000 0 0 1000 400 0 0 750 500 250 233 750 0 0 400 0 0 600 1000 200 0 400 506 0 0 0 750 750 533 0 0 0 0 0 0 0 0 400 0 800
#ncfc 2016-01-13
0 399 1000 100 937 0 -100 0 -250 350 0 625 0 400 0 0 700 0 140 0 0 0 0 0 527 0 0 -24 0 250 -74 0 0 0 0 0 199 288 0 0 -260 -699 0 -250 600 533 875 0 0 0 0 0 0 0 0 0 0 150 0 0 0 -600 50 0 145 185 0 -83 183 0 625 100 272 0 600 0 0 0 0 0 650 550 1000 -100 700 0 399 0 0 -100 566 -99 350 -66 416 408 0 1000 0 0
0 866 1000 200 450 0 400 0 450 550 0 900 0 700 0 0 875 0 233 0 0 0 0 500 422 0 0 650 0 333 400 0 0 0 0 0 400 622 0 0 66 666 0 1000 1000 466 600 0 0 0 0 0 533 0 0 0 0 325 0 0 1000 700 512 0 333 377 0 696 633 0 1000 685 444 0 1000 0 0 0 0 0 1000 231 1000 200 600 0 266 0 0 200 533 750 800 600 500 726 0 1000 0 550
#Swans 2016-01-13
250 -400 0 0 -291 0 0 0 -291 0 0 -272 100 0 -71 0 0 100 200 0 0 0 -327 33 0 -71 0 0 0 0 -800 0 100 0 233 400 250 0 100 100 -96 -800 175 416 600 0 -145 850 0 300 0 0 0 0 0 500 0 0 900 799 0 100 700 100 0 100 -50 -88 100 0 0 -166 0 100 0 150 -54 0 800 1000 0 0 0 0 500 -98 1000 0 0 200 800 0 0 800 566 800 0 0 0 -77
1000 800 0 0 541 0 0 0 541 0 0 561 200 0 467 1000 0 400 500 0 0 0 644 300 0 214 0 0 0 0 1000 0 0 0 433 900 444 0 0 0 269 800 275 833 1000 0 404 800 0 616 66 1000 0 0 0 500 0 0 400 566 1000 0 900 0 0 0 200 571 0 0 0 333 0 0 1000 300 284 0 750 300 0 1000 0 0 500 727 1000 1000 0 500 750 0 0 400 549 750 0 0 0 194
#SAFC 2016-01-13
0 -493 0 0 -100 0 0 142 0 66 213 450 0 0 500 750 400 0 285 0 -400 0 1000 250 0 0 0 -200 666 250 250 0 -500 -71 1000 0 666 50 0 387 0 166 700 0 48 600 0 200 0 700 0 243 0 0 566 -625 700 0 0 -200 0 0 0 508 0 0 0 0 0 0 -200 41 0 0 0 136 -1000 -250 700 125 700 700 0 -166 0 300 750 0 0 350 -133 0 -250 -392 0 0 0 -133 -400 500
0 522 250 0 200 250 0 317 0 166 426 1000 100 0 1000 314 350 100 444 0 800 500 750 300 0 0 0 100 319 200 200 0 300 214 750 0 319 533 0 450 0 408 900 0 496 900 1000 400 0 900 0 525 0 0 333 625 900 0 0 100 0 0 0 750 0 0 250 0 0 33 400 611 0 0 1000 454 1000 500 900 366 900 600 0 333 0 650 600 0 0 650 416 0 550 561 0 0 0 416 600 500
#AVFC 2016-01-12
-500 0 0 0 0 500 800 -400 -143 200 0 800 0 -143 -143 500 500 500 -450 -49 -100 800 -100 -250 -357 -42 136 0 0 -66 400 0 266 0 -100 0 50 0 -143 -143 0 211 0 0 0 800 0 375 160 0 200 136 90 0 300 0 -500 0 66 800 6 199 -419 -500 -195 -500 0 0 0 0 0 -100 0 325 0 0 700 700 316 0 9 187 -16 19 166 800 -327 0 103 500 413 800 500 -135 300 357 -96 500 68 0
300 0 0 0 0 641 750 400 462 300 100 900 0 462 462 888 500 500 550 550 200 1000 500 1000 767 423 454 0 0 641 300 0 666 0 200 0 500 50 462 462 0 495 0 0 50 400 0 375 818 0 100 454 303 0 500 0 900 0 433 400 546 472 616 600 399 1000 0 0 333 0 0 462 500 850 0 0 600 600 696 0 538 500 366 563 383 400 644 0 658 500 772 900 500 262 300 571 650 500 727 0
#CPFC 2016-01-12
-100 -50 400 0 -100 0 0 0 -166 0 421 -31 -100 200 156 -100 267 -200 250 -200 0 500 1000 200 -25 0 0 0 0 384 0 -145 0 100 163 0 500 0 -100 250 183 0 449 0 0 275 150 0 0 0 -50 136 136 500 500 0 300 0 0 0 -412 0 791 0 -400 0 0 0 0 0 -400 0 -50 -200 0 312 0 0 0 0 0 -200 0 450 136 136 136 136 0 600 0 160 112 0 0 0 0 24 900 0
200 200 500 0 200 0 66 0 833 0 508 277 200 100 400 200 571 400 383 700 0 700 300 100 200 0 1000 0 0 559 1000 550 0 1000 355 0 600 1000 200 200 233 0 550 0 0 315 650 0 0 0 200 500 454 600 825 0 450 0 0 0 700 500 650 0 400 0 100 1000 100 0 400 0 450 400 1000 525 0 0 0 0 0 450 0 537 500 500 500 500 0 1000 0 539 450 0 0 0 0 300 1000 0
#AFCB 2016-01-12
100 268 136 0 0 -300 -100 -155 0 -333 600 95 1000 136 -291 0 800 -333 -150 0 -250 0 0 0 235 166 -800 400 118 224 800 1000 -600 0 0 250 0 0 400 0 250 0 0 218 100 700 0 600 0 81 0 300 0 0 250 0 -100 808 399 200 0 158 450 300 100 -250 0 1000 0 0 0 0 0 0 0 0 -500 400 5 326 433 390 0 0 0 350 100 100 166 0 500 0 500 400 142 100 552 -150 700 200
900 577 454 0 0 550 200 288 0 1000 700 345 300 454 541 0 900 666 399 0 400 0 0 0 627 633 900 400 381 300 750 300 1000 0 0 444 0 0 1000 0 1000 0 0 677 400 700 0 900 0 575 633 500 0 312 200 0 200 600 866 400 0 715 575 200 400 375 0 900 0 0 0 0 50 0 0 0 875 400 414 765 733 200 0 0 0 300 450 400 333 100 500 0 600 1000 267 100 570 233 600 100
#WHUFC 2016-01-12
466 466 0 466 600 -100 399 378 200 375 0 -150 443 0 200 50 -116 300 800 800 0 250 355 0 0 -100 -200 0 200 0 0 0 -116 0 0 0 0 -200 500 0 250 0 0 68 -66 350 700 400 0 0 800 0 0 0 0 0 100 -31 0 800 0 250 157 -100 0 312 650 0 500 -500 800 800 -166 0 700 136 50 500 0 0 0 0 0 0 137 312 0 0 433 0 666 0 250 0 0 0 0 0 0 0
166 166 0 166 900 200 449 251 100 400 0 200 475 0 200 700 555 575 400 400 0 200 799 0 1000 200 50 0 200 0 0 1000 475 66 1000 0 0 800 750 0 363 0 0 277 350 650 650 800 0 0 400 0 0 0 0 0 100 450 0 900 0 350 521 400 0 333 450 0 200 500 400 400 333 0 600 454 550 888 0 0 0 0 0 0 672 333 0 0 766 0 733 0 333 0 0 0 0 0 0 0
#NUFC 2016-01-12
-262 0 96 700 0 0 0 0 0 0 -155 -12 -68 392 483 -550 0 0 0 -99 -500 0 136 -200 0 437 -300 -262 650 0 133 -500 0 -166 295 0 0 0 0 0 200 -66 -99 -18 -300 166 387 0 -500 0 0 0 142 0 0 -99 0 0 400 -50 400 234 -50 -375 -399 416 700 250 443 0 437 0 0 100 -50 0 0 0 333 500 0 -18 285 125 0 0 400 139 195 600 0 26 100 0 0 300 -175 106 0 100
687 0 450 700 0 0 0 0 0 0 288 387 562 517 616 449 0 0 0 700 533 0 454 233 0 550 400 687 625 0 133 900 0 233 709 0 0 1000 0 0 100 199 700 303 300 666 500 1000 400 1000 0 0 383 0 0 700 0 0 900 250 375 643 750 525 666 500 900 100 475 0 544 0 0 100 400 500 0 0 233 888 0 462 535 166 0 0 800 593 385 900 500 722 100 0 0 800 600 506 0 100
#MUFC 2016-01-12
-100 0 0 100 800 0 0 700 0 0 0 -144 0 450 -400 -400 -400 277 0 800 27 0 250 600 0 0 500 0 0 0 800 0 1000 375 0 800 800 0 625 0 900 800 875 -4 800 -200 100 -1000 716 100 1000 0 0 0 0 0 0 700 600 0 0 0 0 0 0 0 250 0 0 -300 625 0 350 0 0 350 200 0 500 0 0 0 0 0 0 0 0 153 0 250 0 0 0 0 200 0 -300 0 500 100
525 0 125 200 1000 0 0 600 0 275 0 722 0 750 600 600 600 387 0 1000 166 125 500 650 0 0 600 0 0 0 1000 0 1000 200 0 1000 1000 0 900 0 1000 750 900 311 1000 400 212 1000 566 0 300 0 0 0 0 0 0 1000 1000 0 0 0 0 125 0 0 250 0 0 399 900 0 650 0 125 433 100 0 500 0 0 0 0 0 400 125 0 454 0 500 0 0 0 0 100 0 399 0 750 0
#EFC 2016-01-03
0 -97 -350 0 250 0 378 0 0 0 0 0 0 0 250 250 0 0 0 199 -349 0 -312 0 0 0 0 0 0 0 200 0 0 0 0 0 0 0 625 0 0 0 0 -400 400 100 800 200 250 781 -41 -750 0 200 0 378 333 1000 0 485 -107 500 0 -254 187 0 450 0 0 -33 468 250 200 0 -125 0 1000 500 357 0 357 0 68 0 300 0 0 -1000 0 0 0 0 0 0 0 136 0 0 0 0
0 557 500 0 750 0 251 0 0 0 0 0 0 0 500 500 100 0 0 533 333 0 687 0 0 0 0 0 0 0 400 0 0 0 0 0 125 0 500 0 0 0 0 600 533 200 400 100 500 1000 333 800 500 200 250 251 462 300 0 727 767 300 0 420 475 0 425 0 0 388 727 750 100 0 375 0 300 500 571 0 571 0 227 0 500 0 0 1000 0 0 0 0 400 0 0 454 0 0 0 0
#COYS 2016-01-03
-200 116 0 700 500 0 500 233 423 800 0 -600 0 0 478 562 387 -218 -625 -625 -625 0 0 0 34 50 0 0 62 0 0 0 812 183 0 0 0 -262 0 506 485 800 700 200 800 0 800 800 800 0 471 800 0 250 0 1000 0 0 0 500 0 0 -400 -400 0 0 0 0 0 0 -200 99 468 233 -400 0 0 800 166 0 58 800 200 250 285 0 200 1000 400 500 500 0 468 0 0 0 500 0 0 333
450 450 0 600 1000 0 1000 349 707 400 0 800 0 0 818 500 450 175 1000 1000 1000 0 0 0 763 1000 0 0 833 0 0 0 400 516 0 0 0 487 0 727 727 400 900 200 400 0 400 400 400 0 548 400 0 1000 0 600 0 0 0 600 0 0 400 400 0 0 0 0 0 0 512 300 727 366 400 1000 0 700 255 0 300 750 200 200 535 0 100 400 900 1000 600 0 602 0 0 0 600 0 0 500
#CPFC 2016-01-03
-125 -892 0 0 0 781 700 0 250 0 200 0 0 250 0 0 0 0 485 0 -200 0 250 312 0 312 0 0 0 0 250 0 250 0 0 0 0 250 0 250 0 0 0 0 0 170 400 -200 0 500 0 0 -500 0 0 0 0 400 378 900 0 0 0 0 0 0 0 0 0 0 424 0 0 0 0 0 0 0 0 0 0 0 0 0 0 434 0 0 0 0 -244 0 0 566 0 0 0 0 0 0
700 857 0 125 0 500 500 0 750 0 400 0 0 200 0 0 0 0 727 0 200 0 200 200 0 200 0 0 0 0 200 0 200 0 125 0 0 500 0 500 0 0 0 0 0 500 800 200 0 500 0 0 950 0 0 0 0 800 551 1000 0 0 0 0 0 0 0 0 0 0 583 0 0 0 0 0 0 0 0 0 0 0 0 0 0 638 0 0 0 0 727 0 0 300 0 0 0 0 0 0
#CFC 2016-01-03
450 0 0 0 0 0 -155 0 0 0 700 -155 125 100 0 416 0 116 0 400 0 525 136 0 0 0 -250 0 0 453 0 0 250 0 75 -125 100 0 530 106 500 71 0 100 0 0 241 0 0 462 0 700 200 -175 -500 200 1000 0 0 136 0 0 0 0 0 0 0 0 0 0 0 0 0 0 0 0 250 250 -500 650 0 -178 470 0 0 0 68 0 -500 -500 -250 -500 -250 -500 0 0 0 0 0 0
700 0 0 100 0 0 288 0 0 0 600 288 750 450 0 750 0 616 0 900 0 662 454 0 0 0 500 0 0 546 0 0 250 0 324 375 100 250 630 227 500 547 0 1000 250 0 825 600 0 379 0 600 400 550 1000 500 300 0 250 454 0 0 0 0 0 0 0 0 0 0 357 0 0 0 0 0 500 500 1000 750 0 738 500 0 0 0 477 0 1000 1000 500 1000 500 1000 0 300 0 0 0 0
#WatfordFC 2016-01-02
0 0 612 285 500 0 0 312 136 349 300 550 0 112 0 250 487 468 312 368 0 587 -750 0 468 500 87 0 0 800 428 468 0 0 468 1000 712 0 0 50 468 0 0 523 -155 0 400 -166 450 0 192 0 0 500 0 4 0 0 0 0 275 733 0 262 0 0 0 0 -77 0 475 0 0 0 0 400 100 0 100 93 100 0 513 0 0 100 449 800 708 0 -200 -199 50 134 0 83 459 39 450 0
0 0 818 571 600 0 0 818 454 556 400 950 0 751 0 200 525 727 425 642 0 660 750 0 727 500 637 0 0 1000 701 727 0 0 727 300 944 0 0 500 727 0 0 710 288 0 900 333 516 0 467 0 0 500 0 270 0 0 0 0 700 533 0 370 0 0 0 0 177 0 445 0 0 0 0 900 400 0 400 358 400 0 393 0 0 400 600 1000 633 0 100 650 550 310 0 366 713 276 850 0
#MCFC 2016-01-02
0 -300 400 400 0 485 0 468 485 485 0 0 550 -750 378 0 350 468 0 497 625 0 468 500 400 421 602 0 366 0 -133 700 0 468 -500 0 468 0 0 -155 468 625 512 468 478 500 0 0 950 423 514 0 0 733 183 0 357 0 0 0 0 400 0 0 0 0 0 160 0 0 0 0 0 0 400 0 625 468 500 100 0 0 0 170 -400 500 468 136 0 625 250 300 0 0 0 0 312 0 0 633
0 600 800 800 0 727 0 727 727 727 0 0 738 1000 551 0 362 727 0 610 900 0 727 500 500 513 763 0 566 0 283 550 0 727 1000 0 727 0 0 288 727 900 818 727 651 550 0 0 650 551 701 0 0 266 377 0 571 0 0 1000 0 800 0 0 0 0 0 539 0 500 0 0 0 0 425 0 900 727 750 200 0 0 0 454 400 500 727 454 0 900 250 441 0 0 0 0 518 0 0 377
#AFC 2016-01-02
547 0 312 468 468 400 400 312 533 468 166 506 468 506 1000 400 500 0 0 0 0 512 0 500 650 200 483 0 0 0 318 478 0 800 0 900 650 0 595 500 400 674 270 416 468 100 800 -313 0 12 484 0 0 1000 0 200 49 400 0 250 49 0 0 0 0 0 0 285 633 457 485 468 252 500 0 0 0 1000 0 500 0 0 0 679 800 0 442 1000 0 -83 573 0 0 400 0 800 0 0 0 0
410 0 484 727 727 800 800 518 727 727 166 727 727 727 1000 400 500 0 0 0 1000 784 0 900 800 200 516 0 0 0 477 734 0 400 0 350 800 0 818 750 250 680 609 950 727 1000 400 672 0 651 613 0 0 1000 0 400 116 700 0 416 244 0 0 0 0 0 0 535 727 600 727 727 457 500 0 0 0 300 0 750 0 0 0 738 1000 0 588 300 0 333 638 0 0 800 0 400 0 0 0 0
#NUFC 2016-01-02
0 0 0 300 348 0 0 350 174 0 645 400 400 0 0 0 0 0 0 225 400 0 0 800 -49 0 800 324 0 225 0 0 0 1000 0 534 0 0 0 -625 431 0 0 300 0 350 245 0 800 -500 0 329 0 -262 355 0 0 0 0 0 0 0 136 0 500 0 0 0 0 0 0 0 0 0 136 434 500 0 0 0 100 0 234 0 0 0 400 0 -600 -300 -200 136 0 0 416 -50 0 0 0 -100
0 0 0 200 496 0 0 550 421 0 584 800 800 0 0 0 0 0 0 225 750 300 0 400 916 1000 400 325 0 225 0 0 0 300 0 776 0 0 0 600 675 0 0 900 0 650 751 0 400 500 0 370 1000 387 484 0 0 0 0 0 0 0 454 0 500 0 100 0 357 0 0 0 0 0 454 801 400 0 0 0 0 0 419 0 0 0 600 0 900 600 350 454 0 0 500 350 0 0 0 400
#LCFC 2016-01-02
0 0 0 500 0 0 750 478 468 384 468 312 442 0 0 0 -25 150 468 0 750 468 359 550 500 0 -625 0 0 500 0 468 0 468 431 0 700 0 0 545 250 -50 0 0 0 0 625 0 400 485 0 -416 468 500 -250 478 0 333 459 555 0 0 0 500 0 520 0 0 0 500 -976 150 427 750 0 0 468 136 400 500 500 500 -6 300 0 0 250 500 0 0 750 0 427 1000 625 468 136 1000 208 -625
500 0 0 500 0 0 400 651 727 638 727 750 801 0 0 0 150 675 727 0 750 727 613 550 500 0 400 0 0 799 333 727 0 727 531 0 400 0 125 651 500 523 0 0 0 357 600 1000 100 727 0 300 727 888 800 568 0 266 776 738 0 33 0 500 0 651 0 0 0 875 400 649 570 400 0 22 727 454 500 500 500 500 226 400 0 0 562 500 0 0 750 0 770 300 700 727 454 300 666 400
#AFCB 2016-01-02
350 0 0 281 0 349 483 500 500 136 -12 0 0 0 109 0 0 250 -416 253 650 50 0 400 0 0 0 0 0 0 400 0 0 250 0 0 0 0 0 500 0 0 157 500 174 250 800 500 0 0 500 250 0 -250 0 170 136 465 170 478 468 0 937 0 136 45 0 0 0 170 0 0 0 478 269 -166 245 0 0 1000 533 0 0 187 645 300 0 578 387 0 475 0 0 -300 442 0 0 559 609 0
650 0 0 552 0 666 527 500 1000 454 224 0 0 1000 863 0 0 200 300 424 750 1000 0 800 0 0 0 0 0 0 800 0 0 400 0 0 0 0 0 875 0 0 364 500 633 500 1000 629 1000 100 666 562 0 1000 0 454 454 470 554 651 727 0 250 0 454 484 0 0 100 554 0 0 0 651 361 333 501 0 0 1000 727 500 0 796 584 500 0 734 740 0 800 0 1000 483 651 0 0 676 701 0
#MUFC 2016-01-02
136 468 0 645 478 0 750 485 468 468 468 485 0 0 319 468 0 323 398 1000 -699 312 400 400 468 334 0 711 0 0 0 0 0 609 0 0 468 0 0 468 500 166 166 136 0 136 468 0 136 0 449 1000 0 0 0 800 -625 568 0 656 0 139 1000 937 296 136 0 0 468 875 -238 0 0 0 600 0 187 909 0 91 1000 800 567 0 99 600 368 300 600 332 250 800 166 166 136 136 0 0 270 0
454 727 66 584 651 0 400 727 727 727 688 727 0 0 586 727 0 518 825 700 666 484 800 800 727 685 0 588 0 0 650 0 0 563 0 0 727 100 500 727 500 566 566 454 1000 454 727 0 454 0 400 400 0 0 0 1000 1000 727 0 584 0 478 300 800 613 454 0 0 727 600 595 0 0 0 550 0 937 780 0 358 300 1000 738 0 950 1000 727 650 1000 645 1000 1000 566 566 454 454 1000 1000 444 0
#Swans 2016-01-02
400 434 650 800 -300 0 200 -300 485 200 0 615 0 0 0 0 0 -16 350 -50 -16 -16 0 62 387 0 485 485 485 485 485 485 485 485 485 485 485 485 485 485 485 485 485 485 485 485 485 485 485 485 485 485 485 485 485 485 485 485 485 485 485 485 485 485 485 485 485 485 485 485 485 485 485 485 485 485 485 485 485 485 485 485 485 485 485 485 485 485 485 485 485 485 485 485 485 485 485 485 485 485
900 762 750 1000 600 0 100 600 727 100 0 684 1000 0 0 0 0 550 350 350 550 550 0 575 825 0 727 727 727 727 727 727 727 727 727 727 727 727 727 727 727 727 727 727 727 727 727 727 727 727 727 727 727 727 727 727 727 727 727 727 727 727 727 727 727 727 727 727 727 727 727 727 727 727 727 727 727 727 727 727 727 727 727 727 727 727 727 727 727 727 727 727 727 727 727 727 727 727 727 727
#ncfc 2016-01-02
0 0 0 368 0 615 0 376 250 340 -431 0 700 0 250 533 1000 489 0 0 645 0 500 0 170 0 468 0 0 468 0 585 0 0 100 33 800 468 0 266 214 262 0 -41 350 19 0 327 850 0 285 578 750 0 250 200 0 -600 0 416 0 700 0 0 0 0 0 0 -40 250 100 0 306 0 350 -125 0 0 0 485 0 900 500 245 0 681 323 633 233 625 -125 0 0 250 285 0 250 800 0 266
0 0 0 636 0 713 0 664 875 290 727 0 750 0 675 727 1000 580 0 0 818 0 500 0 454 0 727 0 0 727 0 200 1000 1000 1000 350 400 727 0 300 428 518 0 125 300 657 0 650 450 0 535 734 850 0 650 100 0 900 0 488 0 600 0 0 0 1000 0 0 539 500 383 0 403 0 750 125 0 0 0 727 0 900 766 518 0 684 507 566 233 900 375 0 0 250 535 100 500 400 1000 300
#SaintsFC 2016-01-02
0 312 1000 200 1000 662 0 1000 0 468 1000 200 468 0 550 500 650 1000 0 1000 0 0 500 0 150 -151 478 0 0 468 712 400 200 250 466 500 309 1000 526 504 545 485 700 671 0 0 555 0 0 285 485 454 100 500 500 0 0 200 468 323 0 0 250 0 200 0 0 0 250 0 553 0 625 0 0 468 0 484 0 434 378 0 0 0 100 556 0 0 559 0 578 -16 334 0 261 -166 -166 0 0 0
125 818 300 500 300 710 0 300 0 727 300 500 727 0 500 500 625 300 0 300 0 125 500 0 450 296 684 0 0 727 750 500 200 200 633 600 680 300 463 818 684 727 600 584 0 125 726 0 0 535 727 390 350 500 500 0 0 500 727 484 0 0 850 0 500 0 0 0 333 0 638 0 1000 0 0 727 0 863 0 738 488 0 0 0 420 684 0 0 676 0 734 688 750 0 359 166 333 0 0 0
#SAFC 2016-01-02
578 -27 250 0 0 0 0 485 500 -283 500 200 200 468 468 262 0 468 -600 468 368 -187 600 0 -31 0 100 16 600 250 199 0 0 500 0 0 700 -83 125 0 0 0 128 0 0 0 0 0 -199 0 136 0 -400 273 0 0 34 129 0 321 0 -166 366 0 0 0 115 -350 0 0 0 0 0 0 0 468 -50 468 0 250 0 -140 766 0 333 166 650 0 0 250 700 0 166 -27 0 26 595 0 55 -250
734 644 750 0 0 0 0 727 150 383 900 500 400 727 727 784 0 727 750 727 622 500 1000 0 377 0 300 616 1000 200 466 0 0 1000 0 0 600 83 166 0 0 0 625 0 0 0 0 0 550 0 454 0 400 666 0 0 527 745 0 776 0 333 500 0 0 0 684 500 0 0 0 0 0 0 0 727 570 727 66 750 0 390 516 1000 833 500 700 0 500 333 600 0 666 433 0 180 475 0 322 500
#AVFC 2016-01-02
300 615 0 0 0 300 -350 0 -200 0 350 800 -1000 0 400 400 -113 0 0 0 0 0 506 0 0 300 400 0 0 0 800 -49 0 485 324 0 0 0 0 0 0 0 0 0 0 0 300 0 0 350 0 -500 1000 0 -262 -1000 0 0 0 0 0 -31 0 533 0 0 500 0 0 0 0 0 0 0 0 0 500 0 0 0 0 100 0 0 0 84 0 400 0 -600 390 -300 700 0 -200 0 0 416 266 -50
894 684 0 0 0 200 162 0 800 0 550 850 1000 0 800 800 513 0 0 0 0 0 727 0 0 200 750 0 300 0 400 916 1000 727 325 0 0 0 0 0 0 0 0 0 0 0 900 0 0 650 0 500 400 1000 387 1000 0 0 0 0 0 277 0 727 0 0 500 0 100 0 0 357 0 0 0 0 400 0 0 0 0 0 0 0 0 588 0 600 0 900 250 600 600 0 350 0 0 500 233 350
#WBA 2016-01-02
520 -200 0 1000 250 0 -300 -26 100 485 183 0 175 0 0 431 468 0 0 0 0 128 0 445 168 0 0 0 0 0 0 -327 -200 468 -100 -40 500 45 45 468 577 0 0 0 0 1000 45 45 333 0 0 250 485 527 468 418 0 468 0 459 567 0 468 0 468 500 0 0 366 0 0 0 0 468 500 0 0 -200 0 68 0 468 1000 100 312 0 584 -75 100 216 50 -433 0 205 0 100 0 0 -141 62
784 700 0 1000 250 0 600 440 1000 727 705 0 186 0 0 675 727 0 0 0 0 713 0 784 577 0 0 0 0 0 0 644 100 727 200 269 500 173 173 727 638 1000 0 0 100 1000 173 173 833 0 0 450 727 690 727 527 0 727 0 613 690 0 727 0 727 500 0 0 700 0 0 0 0 727 825 0 0 200 0 227 0 727 300 400 484 0 676 216 400 377 500 700 0 346 0 300 0 0 639 100
#SCFC 2016-01-02
71 468 0 0 0 766 478 -100 468 645 0 -175 312 0 0 0 0 800 100 378 0 800 0 523 300 0 0 -62 600 509 500 0 500 0 542 0 0 0 0 250 1000 0 0 1000 -49 295 0 1000 500 0 0 0 400 0 0 -131 0 0 0 0 800 99 0 0 900 0 500 0 0 311 468 0 600 500 0 775 136 0 0 1000 205 468 400 100 468 718 100 800 0 136 685 0 800 300 0 0 0 0 433 645
784 727 0 0 0 875 651 200 727 584 0 550 818 0 0 0 0 750 350 551 0 750 0 638 466 0 0 187 1000 663 500 0 600 0 617 0 0 0 0 500 300 0 750 300 700 618 0 300 500 0 0 0 400 0 0 427 0 0 0 0 750 687 0 0 350 0 750 0 100 522 727 0 950 833 0 875 454 0 0 1000 346 727 400 300 727 766 200 750 0 454 759 0 700 200 0 0 0 0 483 584
#WHUFC 2016-01-02
468 500 468 136 0 312 0 475 0 0 478 0 468 485 0 0 590 0 324 0 0 451 500 0 451 485 11 0 50 400 378 0 0 0 609 50 468 0 50 0 545 392 0 559 0 0 401 0 468 350 468 485 450 0 392 0 211 392 0 0 0 500 287 1000 333 0 700 -166 0 488 386 500 -37 133 0 0 0 44 0 1000 645 0 0 0 0 0 468 545 250 0 0 0 478 0 0 260 0 468 -75 0
818 300 727 454 0 518 0 425 0 200 684 200 727 727 0 0 734 0 369 0 0 762 500 0 762 727 324 0 175 1000 251 0 0 0 463 150 727 0 50 0 684 717 0 738 0 0 539 0 727 550 727 727 750 0 717 0 495 717 0 0 0 600 525 300 833 0 600 333 333 784 546 750 575 383 0 0 0 322 0 300 684 0 0 0 0 0 727 684 333 0 0 0 651 0 0 500 0 727 366 0
#LFC 2016-01-02
0 467 468 937 295 468 568 468 500 0 468 0 0 485 0 0 645 286 485 0 875 0 475 650 0 284 492 1000 0 90 645 0 0 492 400 350 0 166 166 -49 -49 285 478 468 1000 468 800 599 0 0 0 0 200 0 0 0 0 0 0 485 568 0 468 468 412 0 0 400 0 485 637 468 166 166 -49 -49 500 485 468 545 200 136 0 0 485 -291 800 567 312 645 500 250 50 312 136 0 0 0 468 0
66 730 727 450 484 727 727 727 750 0 727 0 0 727 0 0 614 539 727 0 600 0 800 750 0 513 413 400 0 303 584 0 0 413 400 725 0 566 566 750 750 650 651 727 300 727 1000 780 0 0 0 0 200 0 0 0 0 0 0 727 727 0 727 727 551 250 100 375 0 727 562 727 566 566 750 750 833 727 727 751 333 454 0 0 727 541 650 701 818 584 500 333 175 818 454 0 0 0 727 0
#SAFC 2015-12-30
0 0 500 0 250 0 100 -155 0 200 0 -50 0 533 0 0 -200 324 0 600 0 0 625 0 300 0 0 0 0 250 200 0 136 250 0 390 328 -71 218 0 0 0 0 199 222 136 174 0 0 -750 250 -2 416 -400 0 31 400 116 781 0 227 700 0 227 0 227 250 -100 0 -1000 366 0 368 -16 277 100 100 100 77 0 -366 0 67 0 0 -291 227 0 0 276 1000 0 -166 0 0 700 136 136 136 136
0 0 700 0 312 0 1000 288 0 500 0 244 500 383 100 100 800 550 0 550 0 0 500 0 825 0 100 100 0 250 300 0 500 200 0 333 813 541 277 0 0 0 0 650 486 500 833 0 0 800 750 308 404 400 100 493 700 555 500 0 545 900 0 545 1000 545 1000 1000 0 1000 799 0 727 816 544 100 100 100 438 1000 500 0 547 0 100 541 545 0 0 666 750 0 333 0 0 900 500 500 500 500
#LFC 2015-12-30
280 300 416 -300 -400 0 0 0 0 0 -400 0 0 0 0 0 -625 0 337 0 0 0 500 0 0 500 510 0 500 -75 0 1000 0 133 533 0 250 -175 0 850 112 0 0 406 100 -192 0 -175 0 400 0 0 125 254 -174 0 -400 -55 0 150 -1000 0 86 125 0 533 0 0 0 400 149 -33 224 483 0 0 800 0 0 0 0 0 0 -400 156 0 625 412 600 -43 0 800 0 0 0 0 -300 454 136 0
470 266 866 400 556 0 0 0 100 0 483 0 0 0 0 0 1000 0 351 0 0 0 500 0 0 1000 416 0 600 600 0 1000 0 241 366 0 312 575 0 1000 695 0 0 350 150 635 1000 550 0 800 0 1000 433 633 608 0 400 319 0 600 1000 0 128 200 0 366 125 0 0 375 500 804 950 533 0 0 750 0 0 0 0 0 125 400 166 0 1000 534 666 700 0 1000 0 0 0 0 399 845 454 0
#LCFC 2015-12-29
-200 300 0 0 250 0 0 0 -400 0 500 666 500 800 500 1000 500 0 136 500 0 400 0 0 0 800 800 0 -50 0 225 0 800 200 0 0 -1000 500 0 39 -300 450 -150 0 0 500 0 0 625 1000 0 0 0 250 0 0 0 -800 0 0 -125 250 -150 0 0 100 0 500 0 0 315 0 0 300 0 0 0 375 400 312 -500 0 0 0 102 0 100 0 0 0 0 -800 0 200 250 0 0 0 251 0
233 200 0 0 416 0 0 0 400 0 500 700 333 400 333 300 333 0 454 500 0 550 0 0 0 400 750 0 400 0 600 0 400 300 0 0 1000 500 0 560 600 700 800 0 0 500 0 0 600 1000 0 0 420 250 0 0 0 900 0 0 375 250 700 0 0 600 400 500 0 0 538 0 0 200 0 0 0 725 250 618 750 0 0 0 458 66 550 0 0 0 0 1000 0 200 250 0 0 0 356 0
#MCFC 2015-12-29
300 850 400 400 233 0 0 0 0 0 -400 0 300 0 0 300 -50 0 416 500 284 0 500 300 0 0 0 0 500 625 300 136 0 0 -400 33 0 -400 -400 150 400 0 0 0 0 0 0 0 8 150 -400 0 416 0 0 300 0 400 800 0 -400 468 42 0 250 0 0 800 0 100 0 0 0 0 1000 500 0 -250 0 250 300 500 515 0 285 0 250 -400 0 0 200 0 0 295 0 0 0 300 0 0
200 1000 800 800 799 0 0 0 0 0 400 0 500 100 0 700 200 100 500 500 552 0 600 250 0 0 0 1000 888 900 500 454 0 0 700 393 0 700 700 300 175 0 0 0 0 0 100 0 158 300 700 0 866 125 0 500 0 900 400 0 700 727 667 0 900 33 0 400 0 150 0 0 0 0 1000 500 0 888 0 1000 500 500 355 0 535 0 500 700 0 0 300 0 0 595 0 0 500 900 0 0
#AFC 2015-12-28
-300 400 -311 0 -600 166 -1000 0 375 -169 375 300 -333 1000 -500 -300 1000 625 400 400 0 0 250 136 700 1000 750 133 136 16 -200 -319 0 0 391 -400 208 -100 -150 -103 500 0 0 -150 500 0 200 800 0 300 0 -50 0 -375 19 -375 -50 0 200 -50 -375 -399 350 -135 49 49 525 -500 100 164 0 500 650 0 -319 -141 0 -30 0 0 0 600 -500 0 500 241 -363 0 433 0 0 0 -175 0 0 125 100 333 625 350
400 900 677 0 700 166 1000 0 400 716 400 950 495 1000 1000 800 1000 600 800 800 0 533 250 454 600 1000 800 266 454 600 800 916 0 0 741 600 437 700 425 433 500 0 0 399 500 0 400 750 0 566 0 400 0 587 545 587 400 0 200 400 587 500 350 507 450 644 325 200 450 562 333 800 450 0 916 241 0 760 0 0 0 1000 649 0 500 791 438 0 341 0 0 0 150 0 0 637 475 666 500 300
#AFCB 2015-12-28
-600 0 0 200 500 -62 0 0 278 0 0 500 0 -155 0 600 562 0 0 0 0 1000 0 -155 433 0 0 400 400 0 0 0 0 0 100 250 0 0 0 400 0 0 0 0 0 0 0 875 302 172 1000 -200 0 102 0 650 -150 0 0 937 500 225 200 0 0 0 0 300 0 150 0 0 1000 224 -171 0 0 300 0 151 0 -100 640 512 250 -400 324 0 700 -300 166 150 0 1000 0 600 -1000 0 0 0
1000 0 0 275 400 112 0 0 351 0 0 500 0 288 0 900 500 0 0 0 0 390 0 288 833 400 0 400 400 0 0 0 0 0 300 372 0 0 0 200 0 0 0 0 0 0 0 600 311 644 750 200 0 580 0 625 50 0 0 600 900 325 900 0 0 0 0 425 66 875 0 0 300 744 691 125 0 500 0 482 0 200 875 1000 250 400 500 0 600 400 333 450 0 675 0 600 1000 0 0 0
#MUFC 2015-12-28
-225 136 250 150 250 250 250 0 250 156 0 0 250 0 0 0 0 0 0 -400 0 0 -25 0 233 0 -200 366 0 0 -750 68 250 0 -1000 0 0 0 1000 285 625 500 0 400 400 -1000 0 700 350 -400 0 0 250 250 250 250 0 400 250 250 250 -1000 250 0 0 0 0 0 600 500 -166 107 225 -75 -250 700 0 -120 0 800 166 0 300 -400 0 -35 0 500 331 0 0 491 -63 0 0 0 100 0 0 -250
316 454 312 700 312 312 312 0 312 500 0 0 312 0 0 0 0 0 0 700 0 0 750 0 366 0 800 566 0 0 1000 227 333 0 1000 0 0 0 1000 535 1000 600 0 800 800 1000 750 1000 691 400 0 0 312 312 312 312 0 425 312 312 300 1000 312 0 0 0 0 0 1000 500 508 250 216 366 550 600 0 540 0 400 833 300 200 400 500 121 0 500 562 0 0 833 436 0 0 0 400 0 0 750
#CFC 2015-12-28
-41 399 0 500 68 0 700 349 0 400 400 0 0 0 500 700 0 0 0 800 -175 0 0 0 450 650 0 283 -800 0 0 -200 0 500 0 150 153 136 0 -100 155 0 0 -62 0 -79 0 -52 700 0 0 500 125 110 -500 500 0 0 -431 0 562 0 0 0 0 200 600 239 -250 250 0 100 0 250 0 100 -1000 -312 -400 -200 224 100 166 500 -500 0 0 -650 0 125 0 0 0 1000 -500 250 100 345 0 0
500 388 0 833 227 0 600 666 0 800 800 0 0 0 500 600 0 0 0 400 550 0 0 0 1000 450 0 577 1000 0 0 700 0 1000 0 200 454 454 0 0 590 50 0 500 0 370 0 692 600 0 66 500 166 487 500 1000 0 0 727 0 1000 0 0 0 0 700 1000 316 888 533 0 300 0 200 400 200 1000 500 600 200 744 383 416 500 750 0 0 700 0 166 0 0 0 700 600 200 1000 318 0 0
#WHUFC 2015-12-28
100 0 0 600 -169 500 -295 500 -366 0 500 0 -400 0 0 333 49 0 -200 0 0 -500 875 0 0 0 0 0 0 0 0 -400 -12 0 -66 49 0 0 0 0 0 0 0 500 0 650 650 500 300 200 500 31 0 0 0 0 0 0 250 0 0 0 0 0 0 0 0 0 0 0 0 562 0 0 625 0 -304 0 287 -400 312 -699 0 625 -800 0 -80 136 0 0 0 0 0 -400 0 0 0 0 0 0
800 0 0 900 600 500 750 875 533 0 875 0 600 0 0 300 800 0 100 0 0 666 600 0 0 0 0 0 0 250 0 400 337 0 433 325 0 0 0 0 0 0 0 500 0 150 150 875 100 900 875 100 0 0 0 0 0 0 200 0 0 0 0 0 0 0 0 0 0 0 0 500 0 0 500 0 233 0 500 1000 750 666 0 700 1000 0 405 454 0 0 0 0 0 600 0 250 0 0 0 0
#SaintsFC 2015-12-28
-699 400 375 0 1000 500 172 375 0 0 -50 1000 0 0 500 1000 -400 0 300 360 137 172 400 -75 500 0 0 650 500 500 -300 0 523 0 0 0 0 112 0 199 700 0 0 54 -600 100 350 1000 300 500 450 533 0 466 0 0 0 0 400 -600 0 166 500 700 800 500 1000 400 200 1000 976 -250 500 -108 200 -84 0 0 325 -14 0 525 -312 500 600 250 500 -200 8 125 275 -111 -250 -25 -24 -100 -333 562 -200 225
666 900 400 0 1000 500 644 400 0 0 400 1000 0 0 500 1000 400 0 700 633 550 644 900 366 500 0 0 700 500 500 200 0 525 0 0 0 0 441 0 700 600 0 0 648 1000 100 425 800 700 500 450 762 0 716 0 0 0 0 750 1000 1000 541 500 750 750 500 833 450 200 1000 600 800 400 400 300 150 0 0 390 323 0 325 1000 300 1000 300 355 100 766 603 650 477 1000 700 600 250 366 1000 200 500
#CPFC 2015-12-28
0 0 0 0 -166 0 250 162 268 155 -379 -250 0 0 0 -97 187 850 0 500 214 375 -291 0 0 500 0 500 266 449 -39 0 0 0 0 0 437 0 0 0 0 -379 225 0 -194 500 0 0 0 375 0 0 0 400 500 0 -379 0 0 -379 0 -379 0 250 455 274 0 500 0 0 0 226 0 0 0 0 166 0 250 250 250 900 0 0 0 625 0 0 0 -600 800 100 0 0 0 0 102 0 0 125
125 0 0 0 750 0 200 325 643 766 704 400 0 0 0 460 437 1000 0 500 571 375 541 0 0 500 0 500 233 700 167 0 0 0 0 0 350 0 0 0 0 704 450 0 288 500 0 0 0 694 0 0 0 425 500 0 704 0 0 704 0 704 0 750 517 566 66 500 0 0 0 573 0 0 0 0 400 0 200 200 200 1000 0 0 0 1000 0 0 0 700 1000 1000 0 0 0 0 580 0 0 224
#Swans 2015-12-28
400 133 516 800 1000 -333 0 0 -78 0 0 0 0 525 0 43 0 0 0 -170 0 250 0 0 0 0 0 625 0 800 0 0 0 0 0 0 0 0 0 0 0 0 0 0 149 0 0 500 0 0 0 666 0 0 0 212 0 -200 0 0 0 800 0 -200 0 0 0 500 0 0 500 0 0 0 500 -187 199 0 -316 0 300 200 200 200 0 0 -125 0 -166 800 300 0 404 -100 0 -400 0 -100 0 -104
399 288 411 200 400 1000 800 0 400 0 0 0 0 366 0 427 0 0 0 470 0 500 0 0 0 0 0 500 0 400 0 0 0 0 0 0 0 0 0 0 0 0 0 0 500 0 0 1000 0 0 0 833 1000 0 0 493 0 400 0 0 0 750 0 400 0 0 0 750 0 0 900 0 500 0 800 500 399 0 300 0 550 300 300 300 0 1000 416 0 433 700 200 0 860 783 0 400 0 700 50 545
#EFC 2015-12-28
-600 0 -50 272 1000 -400 68 800 -1000 565 500 383 22 -558 250 -400 399 300 0 0 500 -600 0 -49 0 1000 285 125 500 100 250 -325 0 -200 250 233 0 0 0 254 0 0 781 0 0 -500 250 633 -251 976 458 800 0 -266 0 0 90 0 520 -166 0 -112 683 0 -500 512 -44 199 0 153 0 500 -1000 500 0 -1000 500 0 -1000 500 -1000 500 500 0 0 500 500 500 0 933 0 0 -200 318 360 348 0 0 500 0
800 0 450 444 750 600 227 800 1000 700 875 866 777 783 500 400 566 441 0 516 150 800 0 650 0 300 535 166 500 950 500 775 0 300 500 222 0 0 66 200 1000 0 600 0 300 400 333 650 473 500 694 1000 100 366 0 0 655 0 1000 500 0 411 550 0 500 437 443 366 0 337 0 500 1000 875 0 1000 875 0 1000 150 1000 875 875 0 0 150 150 150 0 799 0 500 233 727 383 493 0 0 1000 0
#SCFC 2015-12-28
250 250 250 -600 250 250 250 0 0 0 0 0 -291 250 250 250 250 250 250 250 0 0 0 0 0 500 500 250 250 250 250 250 250 250 0 0 0 0 0 286 250 250 250 500 250 250 250 250 0 0 0 0 0 562 333 750 250 250 250 250 250 250 250 -400 0 0 0 0 0 0 0 250 250 250 250 250 250 250 0 300 437 -58 -183 750 0 0 0 0 0 0 1000 700 250 250 250 250 250 250 250 250
312 312 312 700 312 312 312 0 0 0 0 0 541 312 312 312 312 312 312 312 0 0 0 0 0 950 500 312 312 312 312 312 312 312 0 0 0 0 0 505 312 312 312 366 312 312 312 312 0 0 0 0 0 1000 388 950 312 312 312 312 312 312 312 400 0 0 0 0 0 0 0 312 312 312 312 312 312 312 0 400 166 291 700 950 0 0 0 0 0 0 1000 600 312 312 312 312 312 312 312 312
#ncfc 2015-12-28
0 147 0 -66 0 -750 0 -75 500 0 0 260 150 100 900 550 0 0 0 300 0 99 500 -600 -699 700 -291 600 505 -1000 0 0 350 0 0 -155 0 500 0 136 0 250 137 600 0 144 0 107 0 208 -155 0 136 100 0 144 0 0 150 0 0 350 480 0 0 33 0 0 0 0 0 0 0 0 0 0 0 0 0 -400 0 0 0 49 0 0 100 0 0 0 333 -874 0 0 357 0 1000 0 0 -125
0 385 0 555 0 1000 0 500 600 0 0 666 50 155 575 650 357 0 0 774 0 399 694 766 666 600 541 1000 527 1000 0 0 550 0 0 288 0 500 0 500 0 250 466 650 0 277 0 285 0 833 288 0 500 100 0 277 0 0 700 0 0 550 700 0 0 866 0 0 0 0 0 0 0 0 0 0 0 0 0 700 0 0 0 550 0 0 100 0 450 0 799 666 0 95 571 0 300 0 0 125
#AVFC 2015-12-28
100 0 172 225 327 0 0 272 0 -37 0 0 0 0 0 400 400 0 137 -72 0 0 0 0 800 0 0 166 0 -400 218 0 -73 0 0 249 136 200 -187 200 500 -200 0 0 700 0 200 0 100 136 0 166 108 0 976 -266 0 0 250 250 0 300 500 0 0 976 0 17 0 0 900 0 -93 312 0 0 800 0 0 0 300 0 0 0 -400 400 -100 -687 0 0 0 0 0 500 -650 0 280 0 0 0
900 0 394 266 500 0 0 444 0 292 0 0 66 0 0 800 800 0 550 322 0 0 0 0 400 1000 0 566 0 700 677 0 526 1000 0 350 454 700 500 300 1000 800 0 0 600 0 483 0 200 454 0 633 291 0 750 799 0 0 333 500 0 366 500 0 0 750 0 357 0 0 875 0 283 333 0 0 400 0 0 0 900 0 0 0 400 700 400 875 0 0 0 0 0 500 650 0 740 0 100 1000
#WatfordFC 2015-12-28
133 625 0 0 600 0 200 -35 0 0 166 518 700 0 675 0 166 -500 0 0 562 0 0 500 175 0 -133 -300 0 750 -400 0 0 0 0 100 0 900 0 -16 0 0 700 0 500 575 -466 0 1000 0 99 -166 0 0 100 -187 0 500 0 0 0 1000 0 0 0 0 0 0 0 0 800 250 0 0 0 0 0 0 0 0 0 0 0 0 0 450 0 0 500 0 0 500 250 0 0 0 850 0 250 0
700 1000 0 0 450 0 200 607 0 0 666 727 600 1000 775 1000 666 500 0 0 1000 0 250 600 700 1000 866 400 0 750 400 0 0 0 1000 350 0 1000 0 277 0 0 850 0 1000 666 488 0 1000 0 333 66 0 0 300 500 0 1000 0 0 0 1000 0 0 0 0 0 0 0 0 400 333 0 0 0 0 0 0 0 0 0 0 0 0 0 762 0 0 500 0 0 750 333 0 0 0 600 0 200 0
#COYS 2015-12-28
500 175 0 -250 -200 0 191 600 591 0 200 214 375 0 766 700 350 -350 0 1000 0 0 44 0 531 0 100 0 0 350 -150 99 350 550 0 0 180 1000 375 800 500 0 750 0 825 500 546 0 650 133 390 0 0 1000 1000 500 700 800 0 0 100 300 -500 808 375 0 909 700 0 0 250 800 500 700 562 250 466 762 900 0 650 900 -93 0 1000 250 850 -16 125 500 500 0 700 0 0 0 0 0 600 0
1000 600 100 500 600 0 466 450 866 0 539 571 200 0 799 600 700 550 100 750 0 0 322 0 524 0 700 0 0 350 399 500 350 475 0 0 420 300 525 575 500 0 675 500 1000 500 525 0 812 833 300 0 50 1000 750 1000 600 400 0 0 1000 466 400 549 650 0 780 600 0 0 333 750 533 600 425 500 483 750 575 0 750 1000 421 0 300 700 1000 216 1000 500 750 0 600 0 0 0 0 0 550 0
#WBA 2015-12-28
-333 -506 -500 0 -37 0 0 0 -400 0 1000 100 0 0 33 0 111 0 500 500 0 0 -116 142 -1000 300 500 200 -333 324 0 0 75 375 1000 0 0 0 437 -101 250 -400 -250 0 -200 -39 -1000 200 -150 -250 -16 33 0 124 18 0 -50 0 0 250 -77 -300 0 0 0 50 800 0 0 0 0 0 0 -60 0 0 0 0 0 0 0 0 0 0 0 416 -300 0 -133 0 -166 90 700 0 0 0 149 0 0 0
600 660 533 0 292 0 0 66 900 1000 400 383 0 0 700 0 477 0 950 500 0 0 500 267 1000 750 366 200 916 700 100 0 233 800 1000 0 0 0 350 312 500 700 375 0 300 167 1000 300 700 800 291 331 0 237 700 0 400 0 0 300 644 399 0 0 0 100 400 0 0 0 0 0 0 674 66 0 0 0 0 0 0 0 0 0 0 500 400 0 266 750 666 580 566 0 0 0 500 0 0 0
#NUFC 2015-12-28
0 -231 0 0 75 0 166 0 0 0 175 0 6 0 0 0 0 0 -25 400 400 312 0 83 0 0 0 227 565 -600 99 500 0 0 300 100 0 -1000 -700 0 -150 -366 0 0 -558 0 62 0 -250 227 0 266 0 0 213 136 800 100 483 200 200 475 500 0 700 0 -125 250 -161 0 500 790 0 -112 250 0 0 0 113 0 -333 0 0 0 0 0 416 0 0 800 0 0 0 0 0 0 -350 0 130 250
0 537 500 0 300 0 333 500 0 0 449 0 355 0 0 500 0 0 200 800 800 333 0 358 0 0 0 545 700 800 305 500 0 0 750 183 0 1000 900 0 733 588 0 0 783 500 224 0 944 545 0 594 1000 0 472 454 400 100 616 700 300 487 1000 0 600 0 125 500 542 0 875 675 0 500 333 0 0 0 772 0 666 0 0 0 0 0 500 0 0 400 0 0 0 0 0 0 666 0 615 250
#SaintsFC 2015-12-26
0 0 1000 0 0 0 0 256 0 0 0 1000 479 1000 150 -400 -400 -400 0 0 -400 -400 250 0 166 1000 0 0 0 142 250 0 0 500 433 490 33 71 156 333 315 0 0 333 0 0 333 0 0 200 0 800 400 208 0 333 0 0 0 -166 0 0 24 249 0 0 500 -31 -750 0 566 0 333 41 0 0 1000 0 0 0 0 0 0 0 66 100 0 -575 0 0 0 0 0 0 0 0 0 218 0 0
0 0 400 0 0 0 0 200 0 62 0 300 708 1000 391 700 700 700 0 0 700 700 200 0 366 300 0 0 0 267 300 0 0 500 600 651 433 383 700 500 347 1000 0 833 0 0 833 0 0 200 0 1000 800 533 0 833 0 0 0 333 0 0 649 762 649 0 600 510 750 0 799 500 833 158 0 0 1000 0 0 0 0 0 0 0 300 650 0 675 0 0 0 0 0 0 0 0 0 500 66 0
#AFC 2015-12-26
400 400 1000 0 800 0 0 0 200 0 0 1000 250 500 0 0 500 0 0 300 0 200 0 0 450 400 0 0 0 0 0 750 0 300 0 -97 -250 875 -250 875 0 0 500 250 0 500 0 0 400 0 0 625 0 0 550 433 300 0 0 500 0 0 0 0 0 0 700 0 0 316 0 0 0 250 0 0 0 0 0 0 0 -145 0 800 0 0 0 400 800 0 0 0 285 233 0 0 0 0 0 0
800 800 1000 0 400 0 0 0 100 0 0 1000 1000 600 0 0 500 0 0 500 0 100 0 0 869 800 0 0 0 0 0 800 0 500 0 187 250 600 250 600 0 0 333 500 0 500 0 0 800 0 0 1000 0 0 375 700 500 0 0 900 0 0 0 0 0 0 600 0 0 433 0 0 0 250 0 0 0 0 0 0 0 750 0 400 0 0 0 800 400 0 0 0 535 533 0 0 0 0 0 0
#NUFC 2015-12-26
850 500 99 500 400 400 500 0 600 0 500 800 568 0 278 300 0 0 -800 -100 300 0 100 1000 400 68 0 0 0 200 400 250 0 600 400 0 -800 0 -500 1000 0 500 100 850 0 0 600 0 0 400 0 0 0 0 0 500 468 0 0 136 0 0 466 0 200 344 250 0 433 1000 0 1000 0 300 0 0 0 800 -600 0 400 100 0 350 325 0 0 0 -49 300 500 178 -50 625 0 0 0 400 0 0
900 700 800 600 800 800 600 500 550 0 500 400 377 0 508 200 0 0 1000 400 500 0 400 1000 500 227 0 0 0 600 800 1000 0 700 800 0 900 0 900 1000 0 750 650 1000 0 0 1000 0 0 800 0 0 0 0 0 600 727 0 0 454 0 0 433 0 100 777 750 0 566 600 0 1000 0 0 0 0 0 750 1000 0 800 483 0 550 650 0 0 0 800 700 850 335 400 850 0 0 0 500 0 0
#EFC 2015-12-26
0 0 300 0 0 700 0 0 0 0 466 1000 0 250 446 0 0 -400 0 0 0 0 750 0 600 500 500 0 0 150 0 0 321 0 0 0 0 100 1000 200 0 0 0 0 357 357 357 357 357 357 357 0 500 700 433 33 0 0 500 0 0 -166 0 -166 0 400 0 133 0 116 150 0 0 800 398 400 0 1000 625 200 0 136 333 0 0 -375 -300 68 0 625 800 378 300 -125 0 -281 0 33 500 -300
100 0 200 100 0 600 0 0 0 100 366 300 0 200 571 0 0 400 0 0 0 0 800 0 1000 500 600 0 0 325 0 0 540 1000 0 0 0 100 1000 100 0 0 0 0 571 571 571 571 571 571 571 0 500 1000 600 433 0 1000 500 0 0 66 0 799 1000 600 0 199 0 455 150 0 0 700 457 375 0 300 850 200 0 454 766 0 0 600 600 227 0 500 1000 251 200 375 0 500 0 766 1000 600
#AVFC 2015-12-26
-65 0 416 400 400 500 0 800 0 0 0 0 166 200 700 31 250 208 333 -937 125 333 375 300 500 0 0 0 450 -400 0 -333 250 0 0 0 0 350 100 0 0 450 0 0 0 0 500 0 0 333 0 0 200 100 500 800 0 -600 0 400 0 0 0 0 500 0 92 450 450 450 450 450 0 733 675 0 0 0 0 0 0 0 0 0 100 199 0 378 468 0 -108 0 0 0 0 0 0 500 0 100
338 0 500 800 800 500 0 750 500 0 0 0 333 800 600 400 1000 333 366 750 187 600 674 650 150 0 0 0 500 400 0 666 550 0 66 0 0 650 100 0 0 700 0 0 0 0 888 0 0 600 0 0 800 166 600 1000 0 1000 1000 800 0 0 0 0 500 0 467 700 700 700 700 700 0 766 600 0 0 0 0 0 0 1000 0 0 400 399 0 251 727 0 350 0 0 0 0 0 0 888 66 300
#WHUFC 2015-12-26
0 650 425 1000 468 0 1000 0 500 0 -200 350 0 0 200 250 318 136 378 252 500 250 518 0 0 712 500 0 0 -83 136 0 136 136 0 0 33 -166 100 275 350 1000 625 466 136 0 0 136 0 -250 200 1000 0 0 0 0 0 -49 0 0 1000 512 0 0 0 300 136 875 1000 0 0 -166 0 350 -166 400 0 625 0 0 1000 1000 700 0 0 600 0 250 136 200 0 0 250 0 136 0 0 0 625 800
0 1000 775 1000 750 500 1000 0 900 0 300 550 0 0 483 375 677 454 251 390 1000 200 727 0 0 400 950 0 0 33 454 0 454 454 0 0 433 66 602 475 550 600 900 596 454 0 0 454 0 300 500 300 0 0 0 0 0 400 66 0 300 784 0 0 0 300 454 600 300 0 0 333 0 550 333 1000 0 500 0 0 300 300 700 0 0 900 0 375 454 483 0 0 333 0 454 0 0 33 500 1000
#AFCB 2015-12-26
400 0 0 255 266 0 485 208 -333 250 250 400 83 1000 87 0 0 250 500 0 0 0 0 0 0 0 400 255 375 0 0 416 0 -154 0 500 -152 359 -166 108 0 -450 0 0 -175 0 875 200 -117 0 0 375 0 0 0 400 0 0 437 0 -322 0 566 150 0 0 0 0 0 0 0 0 200 0 1000 0 1000 -362 416 166 0 0 250 -75 0 0 0 125 136 0 462 0 350 300 416 -462 100 0 600 0
500 0 0 477 833 0 727 250 666 200 200 500 383 1000 237 0 0 750 150 0 0 0 0 0 0 0 200 477 750 0 0 683 0 533 0 500 560 444 333 525 0 350 0 0 633 500 900 300 459 0 0 500 500 0 0 350 0 0 625 0 402 0 533 450 0 0 500 0 600 0 0 0 250 0 1000 66 1000 666 500 333 0 125 333 449 0 0 325 312 454 0 627 250 450 300 500 766 336 0 1000 0
#CPFC 2015-12-26
0 0 0 0 0 0 1000 255 0 0 700 0 0 800 250 437 68 43 800 0 0 0 0 0 -125 0 800 500 0 33 800 500 -166 366 0 0 136 312 700 43 43 43 0 0 400 500 255 -275 500 0 500 500 0 0 416 0 0 0 0 0 500 400 0 -166 255 800 800 500 262 0 1000 99 0 -600 0 0 850 0 800 500 800 800 200 0 0 0 800 -24 0 0 0 -400 0 136 300 0 812 -400 1000 0
0 0 0 0 0 1000 750 477 0 0 600 0 0 400 250 350 227 427 1000 0 0 0 0 0 375 0 750 500 0 433 400 500 66 300 0 0 454 750 600 427 427 427 0 0 200 500 477 600 500 0 500 500 0 0 683 0 0 0 0 0 500 875 0 333 477 400 400 700 700 1000 300 199 0 700 0 0 800 0 750 1000 400 875 200 0 0 0 400 925 0 0 0 400 0 454 800 0 800 400 1000 0
#CFC 2015-12-26
0 0 250 0 333 0 700 400 400 0 200 0 0 0 0 0 0 500 -71 0 0 0 1000 0 0 0 325 0 775 400 0 0 0 0 0 0 500 0 0 0 0 0 0 0 0 268 0 0 0 0 0 0 0 0 0 0 0 0 100 245 0 -400 0 0 233 800 100 422 500 0 100 0 0 342 0 0 0 0 800 0 0 0 0 -66 0 0 250 0 0 250 400 0 0 -50 0 0 0 0 250 0
0 0 1000 0 666 0 600 800 800 0 500 0 0 0 0 0 0 1000 214 0 0 0 300 500 0 0 575 0 850 900 0 0 0 0 0 0 1000 0 0 0 0 0 0 0 0 427 0 0 0 0 0 0 0 0 0 0 0 0 250 484 0 400 0 0 350 400 50 584 600 0 250 0 0 663 0 0 0 1000 750 0 0 0 0 233 0 0 300 0 0 500 500 0 0 244 0 100 0 0 350 0
#WatfordFC 2015-12-26
700 0 1000 500 0 0 250 0 0 600 250 0 375 500 0 300 0 0 0 0 400 0 0 0 -142 0 0 200 400 0 0 -57 266 0 0 500 0 0 0 0 136 671 1000 -400 100 0 0 0 400 0 -166 400 0 468 0 800 0 -437 200 0 0 200 0 -43 200 0 200 200 1000 200 500 518 0 78 0 0 0 400 200 62 0 0 0 0 0 34 0 0 0 0 0 -750 -500 0 850 0 0 -166 0 -66
600 0 1000 500 0 0 200 0 0 350 333 0 200 500 0 700 0 0 0 0 500 0 0 0 535 0 0 400 900 0 0 767 133 0 0 750 0 0 0 0 454 676 750 400 833 0 0 0 650 0 333 200 1000 200 0 1000 0 333 200 0 0 200 0 484 200 0 200 200 1000 200 1000 727 0 508 0 0 0 900 450 433 0 0 0 0 0 613 0 0 0 0 0 600 900 0 1000 33 0 166 0 55
#LFC 2015-12-26
0 625 0 500 0 0 1000 0 0 0 0 294 0 0 0 0 0 800 0 -125 0 0 0 24 282 0 0 0 0 500 0 0 500 0 0 1000 0 423 0 0 0 0 -50 0 136 -500 0 0 600 370 500 0 500 0 136 350 750 0 0 625 0 112 500 101 0 487 0 0 0 0 112 0 500 0 0 400 268 0 0 0 0 125 153 -259 -150 0 0 299 0 0 0 0 0 446 0 0 305 0 600 1000
0 1000 100 500 0 0 200 0 0 0 0 750 0 0 0 0 0 900 0 125 0 0 0 366 625 0 0 0 0 1000 0 500 500 500 0 1000 0 577 0 0 0 0 866 0 454 700 0 0 700 506 500 0 600 0 454 437 944 0 0 500 0 512 1000 262 0 475 0 0 0 0 208 0 500 0 0 800 337 0 0 0 0 187 550 466 450 0 0 365 0 0 0 0 0 571 0 0 578 0 900 300
#LCFC 2015-12-26
0 0 0 312 0 0 0 -316 700 400 0 1000 312 650 650 0 0 0 237 800 437 0 0 0 0 0 0 0 0 500 500 -275 875 500 125 0 -50 0 0 0 0 0 0 0 0 200 800 1000 250 500 0 -250 500 500 100 -166 366 500 0 0 0 625 500 0 511 -500 300 200 1000 1000 500 0 0 433 -399 0 1000 0 0 337 100 0 0 750 0 0 0 0 -800 0 200 0 1000 378 250 0 136 0 0 0
0 1000 0 750 0 0 0 566 900 800 0 1000 350 650 700 0 0 0 687 1000 375 0 0 100 0 0 0 0 0 500 500 741 600 500 1000 0 400 0 0 0 0 0 0 0 0 100 750 750 875 888 0 433 500 500 200 66 300 600 0 0 1000 500 750 0 550 900 500 500 750 1000 650 0 0 616 533 0 300 0 0 687 250 0 0 900 0 0 0 0 800 0 300 125 300 484 350 0 454 0 0 0
#MCFC 2015-12-26
0 0 -431 400 400 0 212 0 0 41 800 250 0 0 69 0 468 200 146 0 400 0 437 1000 0 156 0 0 0 0 -300 600 0 0 650 1000 0 625 318 0 0 0 0 136 0 500 400 0 0 0 800 400 0 -24 500 0 0 0 0 0 625 0 0 0 0 0 0 0 0 200 375 450 1000 0 0 0 1000 0 0 0 400 0 400 0 0 0 0 500 -250 0 0 433 -150 800 250 700 0 0 500 -166
0 0 727 800 800 0 484 0 0 916 1000 300 0 700 253 0 727 200 413 0 800 0 625 750 0 600 0 0 0 0 400 950 0 0 700 300 0 900 477 500 0 0 0 454 0 1000 800 0 0 0 400 350 0 550 1000 0 0 0 0 0 900 0 0 0 1000 0 0 0 0 500 0 616 300 0 0 0 1000 0 0 0 250 1000 400 0 0 0 0 500 250 0 0 600 262 400 1000 900 0 0 500 66
#SAFC 2015-12-26
0 0 -55 0 0 300 0 1000 0 0 0 0 -41 -41 0 142 500 400 0 0 250 0 1000 0 0 0 0 0 500 0 700 0 142 0 800 0 100 0 0 0 0 0 0 0 625 500 -200 500 0 136 155 -300 -166 0 650 0 0 -68 0 0 0 0 0 0 0 -149 0 200 0 200 142 -500 0 -83 0 270 0 0 0 0 0 250 0 0 0 0 0 0 0 0 0 0 537 0 0 700 0 800 0 0
0 0 511 0 0 800 0 1000 0 0 0 0 383 383 0 317 500 800 0 0 750 0 600 0 0 0 0 300 500 0 600 0 317 0 1000 100 300 0 0 0 0 0 0 0 525 500 800 500 0 454 164 400 333 0 1000 0 0 251 0 0 0 0 0 0 0 533 0 200 0 300 767 400 0 116 0 525 0 100 0 0 0 800 0 0 400 400 400 400 0 0 66 0 611 0 100 600 0 200 0 0
#Swans 2015-12-26
0 500 450 0 136 0 0 0 0 0 0 0 0 0 0 -145 0 0 0 0 0 0 -50 0 -166 0 700 0 0 0 800 500 0 250 0 0 136 0 -77 -8 0 0 0 100 136 357 0 0 0 0 0 600 250 600 0 0 -100 850 0 500 0 0 0 0 -500 -6 -125 0 236 0 0 100 0 0 100 0 0 0 687 0 100 136 0 812 0 0 0 4 0 0 -250 0 -25 1000 0 0 -75 0 312 0
0 1000 750 0 454 0 0 0 0 0 0 0 0 0 0 404 0 0 0 0 0 0 400 0 333 0 600 0 100 0 1000 750 0 500 0 0 454 0 144 549 0 0 0 50 454 535 0 0 0 0 0 600 250 950 0 0 200 1000 0 500 0 0 0 0 1000 543 200 0 436 0 0 799 0 0 50 0 0 0 525 0 100 500 66 625 0 0 0 645 0 0 250 0 200 1000 0 0 366 0 333 0
#WBA 2015-12-26
0 700 0 0 378 100 0 0 433 -166 0 150 1000 0 0 -1000 0 616 0 0 0 0 700 170 312 300 0 0 0 0 0 378 0 0 100 0 1000 0 283 0 0 357 0 333 136 0 0 0 0 0 0 100 100 100 1000 333 0 0 625 0 0 212 -155 0 0 0 0 0 500 0 -166 1000 0 0 0 0 0 0 100 0 166 0 0 0 0 0 0 -125 0 500 0 0 0 0 0 0 0 0 0 0
0 600 0 0 251 400 0 0 600 66 0 549 1000 1000 0 1000 0 483 1000 125 0 0 850 454 507 200 0 0 0 0 0 251 0 0 400 0 300 0 311 0 0 535 0 666 500 0 0 0 0 0 0 600 600 600 300 666 0 0 725 0 0 818 288 0 0 0 0 0 500 0 433 600 0 0 0 0 0 0 799 0 605 0 0 0 0 0 0 625 0 900 0 0 250 250 0 0 0 0 0 0
#COYS 2015-12-26
0 333 0 1000 400 -400 0 625 500 0 500 0 0 0 500 800 500 500 625 800 0 500 -100 0 1000 625 500 0 350 0 825 0 850 0 250 0 450 0 500 0 600 700 0 0 600 300 100 100 900 550 178 500 500 0 350 -200 550 625 0 1000 68 0 0 166 700 0 800 0 -155 500 500 0 600 0 0 0 800 800 0 0 0 412 587 800 450 0 500 0 1000 0 200 292 0 -500 800 250 0 500 433 0
0 833 0 1000 500 700 0 812 1000 0 1000 1000 0 0 1000 400 1000 1000 1000 400 0 1000 300 0 1000 750 500 0 550 0 1000 0 1000 0 333 0 750 1000 1000 400 666 600 0 0 750 500 100 100 875 300 335 1000 1000 0 650 100 672 500 0 300 277 0 0 622 600 0 400 0 288 750 333 0 1000 0 0 0 700 700 400 0 0 594 875 750 616 0 150 0 300 0 750 375 0 1000 750 200 0 500 600 0
#ncfc 2015-12-26
-750 287 170 0 0 0 0 0 875 350 0 0 0 0 250 125 0 0 0 0 0 49 500 0 0 875 475 142 0 -166 0 136 0 0 0 0 125 0 0 0 250 -500 0 0 666 750 377 0 600 49 513 -1000 353 -400 100 1000 0 0 0 0 0 800 100 -400 100 100 100 0 0 0 0 0 700 1000 0 0 800 0 0 0 500 350 0 458 0 800 -50 0 0 0 400 0 433 107 0 0 0 0 800 250
1000 250 454 0 0 0 0 0 600 700 500 0 0 0 50 666 0 0 0 500 0 650 900 0 0 600 537 267 0 166 0 454 0 0 0 0 666 0 0 0 750 1000 0 0 799 1000 777 0 900 650 772 1000 610 600 300 1000 0 0 0 0 0 1000 300 400 400 400 400 0 0 0 0 0 600 800 0 0 750 0 1000 0 500 575 0 700 400 1000 400 0 0 0 400 0 500 335 0 0 0 0 1000 300
#SCFC 2015-12-26
0 0 0 -1000 -500 0 0 0 0 400 0 0 0 0 0 0 204 0 500 433 33 -166 -600 366 325 800 0 562 0 0 400 125 -400 0 102 0 0 -1000 1000 -1000 0 0 500 0 -250 -156 -50 0 0 0 178 0 781 200 0 0 0 600 450 200 -500 0 0 0 0 0 0 -500 500 0 0 50 0 0 66 0 0 -400 0 0 625 625 0 0 0 0 -150 0 300 -200 -400 0 0 0 0 -600 0 0 5 100
100 0 0 1000 700 0 0 0 0 800 0 1000 0 100 0 0 570 0 500 600 433 66 1000 300 650 400 0 850 0 0 800 412 400 0 413 66 0 1000 300 1000 0 0 1000 0 466 375 537 0 0 0 285 1000 600 200 0 0 100 1000 450 700 500 0 66 0 0 0 0 1000 500 0 66 175 0 0 427 0 0 400 633 0 750 500 0 0 0 0 516 0 616 50 600 0 0 0 0 1000 0 0 866 0
#MUFC 2015-12-26
0 0 0 0 800 400 0 200 0 0 650 0 0 0 400 400 0 -266 0 0 0 0 0 0 0 0 0 150 156 400 0 0 1000 0 0 0 0 0 100 0 0 0 0 0 0 800 433 283 0 0 1000 325 41 500 0 400 0 0 0 1000 0 0 0 625 0 200 300 500 0 350 -357 1000 0 -1000 0 0 -500 -50 400 -533 -500 1000 0 275 500 -155 0 0 500 500 0 400 0 0 0 -640 100 0 -212 400
0 0 0 0 1000 500 0 200 0 0 625 0 0 0 800 800 0 266 0 0 0 0 0 0 0 0 0 675 1000 500 100 0 300 0 0 0 0 0 383 0 0 0 0 0 0 1000 762 616 0 0 300 400 661 550 0 500 0 0 0 600 0 0 0 750 0 300 0 500 0 362 767 1000 0 1000 0 800 600 850 500 466 700 400 0 449 888 288 0 0 500 883 0 400 0 0 283 700 269 0 750 500
