#Clarets 2017-04-01
0 -400 175 0 0 0 0 0 125 0 400 0 0 0 0 0 625 0 170 0 200 0 700 520 233 625 0 100 0 250 261 0 0 0 0 0 0 700 700 800 0 -400 0 136 0 166 0 500 500 0 0 0 0 0 800 0 0 0 500 0 412 500 0 0 500 500 500 500 500 500 0 0 275 100 0 0 700 0 800 0 0 500 0 0 0 266 80 1000 -166 50 52 500 -55 0 0 41 200 94 133 0
0 400 375 0 0 500 0 0 666 0 800 0 0 0 0 0 900 0 500 0 600 0 850 909 366 900 0 383 0 200 433 0 0 0 0 0 0 850 850 400 0 400 0 454 0 333 0 500 500 0 0 0 0 0 400 0 0 0 500 0 550 500 0 0 500 500 500 500 500 500 0 0 325 400 0 0 600 0 400 0 0 1000 0 0 0 583 269 300 166 650 266 700 388 1000 0 250 200 266 300 0
#COYS 2017-04-01
0 0 800 200 136 400 0 0 0 0 0 0 0 400 0 136 456 260 0 500 0 331 0 0 116 0 -38 -575 -200 1000 0 -93 0 0 0 0 0 200 0 250 0 0 25 0 329 0 33 0 0 200 681 0 0 0 0 0 500 0 800 0 285 0 172 -400 633 0 0 0 0 0 0 0 100 600 -325 -125 0 0 -583 0 -62 238 -604 -300 0 0 0 0 500 0 0 0 0 0 0 350 0 0 333 227
0 0 1000 200 454 800 0 0 0 0 0 0 0 800 0 500 500 517 0 500 0 725 0 0 283 0 384 566 200 900 0 706 0 0 0 0 0 450 0 100 0 0 400 0 385 0 800 0 0 450 687 0 0 0 0 0 900 0 750 0 535 0 394 400 735 0 0 0 0 0 100 0 200 1000 800 866 0 0 604 0 900 566 752 399 0 0 0 0 600 0 0 66 125 0 0 650 1000 0 833 545
#CFC 2017-04-01
250 0 268 0 0 500 300 0 0 250 400 0 0 0 0 268 268 500 400 268 0 0 250 0 350 0 0 268 0 500 300 0 0 136 268 0 0 0 0 0 0 0 0 0 500 500 0 0 0 0 0 136 100 100 0 250 350 0 0 0 0 0 0 0 0 0 0 0 0 0 0 0 0 0 500 0 900 125 500 500 83 500 500 0 0 0 0 0 0 500 300 0 0 0 0 200 -200 400 0 0
500 0 627 400 0 500 900 0 0 450 800 1000 0 0 0 627 627 500 1000 627 0 0 1000 0 650 0 0 627 0 500 900 0 0 454 627 0 125 0 500 500 0 0 0 0 500 500 0 0 0 0 0 454 200 200 0 800 650 0 0 0 0 0 0 0 0 0 0 0 0 0 0 0 100 0 833 100 900 166 833 600 250 833 833 0 500 0 0 0 0 500 900 100 0 0 0 250 200 800 0 0
#CPFC 2017-04-01
296 0 0 0 250 0 500 -151 0 1000 0 0 0 0 0 136 0 136 136 0 0 0 0 0 0 0 0 0 0 0 0 0 0 0 0 0 0 136 0 103 0 0 0 0 0 0 0 0 0 0 0 0 0 0 250 -400 0 0 0 -505 200 0 0 175 0 300 389 616 0 100 -400 250 800 0 0 800 0 216 216 150 0 -4 400 400 400 500 279 250 68 0 -341 0 0 0 0 0 0 0 0 0
637 0 0 0 1000 0 500 629 0 300 0 0 0 0 0 454 125 477 477 0 0 0 0 0 0 0 0 0 0 0 0 0 0 1000 1000 1000 0 454 0 544 0 0 100 0 0 0 0 700 0 0 0 0 0 0 750 400 0 0 0 1000 550 0 0 375 0 100 680 750 0 1000 400 100 400 0 0 750 0 316 316 708 750 183 900 900 900 500 380 500 252 0 799 0 0 0 1000 1000 0 1000 0 0
#hcafc 2017-04-01
0 -400 800 0 0 625 0 0 0 136 0 200 0 0 350 450 800 0 0 0 100 100 500 344 0 200 0 0 0 500 0 375 500 250 -100 0 500 -227 -94 0 0 377 0 350 49 233 99 250 0 0 154 500 500 0 0 0 0 -400 285 180 136 0 0 0 0 0 0 266 0 0 0 0 0 0 0 0 0 -200 -500 0 500 0 0 150 500 0 166 -200 800 0 450 -300 0 602 400 400 0 0 -300 125
0 600 400 0 0 900 0 0 333 500 0 200 0 0 700 577 400 0 0 0 1000 400 500 433 0 500 0 0 0 500 0 750 650 750 533 0 500 294 666 0 0 644 250 550 450 366 400 450 0 0 366 500 500 300 0 0 0 400 535 240 500 0 0 0 0 0 0 333 0 0 0 0 0 0 0 0 500 324 900 0 500 0 0 100 500 0 500 200 1000 0 450 400 500 722 200 400 0 0 400 200
#WHUFC 2017-04-01
136 0 136 136 136 0 250 100 136 136 0 0 136 136 0 0 0 0 0 0 0 0 0 0 0 136 0 0 0 0 0 0 136 -500 0 136 116 0 0 21 136 199 0 0 0 136 0 0 0 0 136 136 900 0 0 0 0 0 0 0 136 136 136 136 136 136 0 136 136 136 0 0 0 136 0 -200 0 0 0 0 0 0 0 200 200 -42 0 0 0 0 0 500 0 136 0 400 136 136 136 136
454 0 454 454 454 125 1000 112 454 454 0 0 454 454 0 0 0 0 0 0 100 0 0 0 250 454 0 0 250 0 100 0 454 900 0 454 750 0 0 221 454 233 0 0 0 454 0 0 0 0 454 454 1000 0 0 0 0 0 0 0 454 454 454 454 454 454 100 454 454 454 1000 0 400 454 100 400 0 0 0 0 0 0 0 511 750 451 0 0 0 0 0 500 750 454 0 800 454 454 454 454
#LCFC 2017-04-01
136 0 0 136 136 136 0 0 0 250 136 136 800 800 800 800 800 800 0 0 0 0 0 0 0 0 800 100 400 400 400 400 400 400 400 0 600 0 0 0 0 0 0 0 0 0 0 0 0 136 136 0 400 400 400 400 400 400 1000 0 136 -600 316 0 200 0 0 800 0 0 0 0 800 800 800 0 800 800 800 400 433 800 136 0 150 433 800 800 800 200 400 400 400 400 400 0 136 800 800 800
454 0 0 454 454 454 0 0 0 1000 454 454 400 400 400 400 400 400 0 0 0 0 0 0 0 125 400 400 800 800 800 800 800 800 800 500 700 0 0 0 0 0 0 0 0 0 0 0 0 454 454 0 800 800 800 800 800 800 1000 0 454 700 716 125 312 0 0 400 0 100 0 0 400 400 400 0 400 400 400 800 833 1000 454 0 516 833 400 400 400 200 800 800 800 800 800 0 454 400 400 400
#SCFC 2017-04-01
0 250 0 0 0 0 0 -45 -400 0 0 0 0 0 416 0 0 -450 -450 -450 -450 -100 0 500 0 0 0 158 0 -93 0 0 0 0 500 0 0 0 400 -100 136 -158 0 0 700 0 -100 0 400 400 0 300 0 0 0 0 0 0 300 400 0 0 0 0 0 0 250 250 250 0 0 0 0 0 178 800 0 250 0 0 400 0 0 0 -407 0 99 0 0 125 0 -250 0 -250 100 0 -250 0 1000 0
0 1000 0 0 0 0 0 370 400 1000 0 0 0 0 500 0 0 500 500 500 500 100 0 900 0 0 0 300 0 300 0 0 0 0 500 0 0 0 1000 100 454 525 0 0 600 0 70 0 1000 1000 0 200 0 0 0 100 0 0 200 1000 1000 0 0 0 0 0 850 850 850 0 0 100 0 500 318 400 0 850 0 0 500 100 0 0 528 0 199 0 0 750 0 888 0 888 300 0 633 0 300 0
#MUFC 2017-04-01
0 68 268 125 400 400 400 400 400 400 400 400 400 400 400 400 -291 0 0 400 400 400 400 400 400 400 0 0 268 268 900 900 900 900 900 900 900 900 900 268 268 268 268 268 268 136 268 0 500 850 0 50 250 -300 0 0 0 900 900 900 900 900 1000 900 900 900 900 0 900 900 900 900 900 900 0 0 0 800 800 500 268 800 800 800 800 50 0 0 0 0 0 900 -500 900 900 900 268 900 900 900
650 227 627 200 800 800 800 800 800 800 800 800 800 800 800 800 541 0 0 800 800 800 800 800 800 800 0 0 627 627 600 600 600 600 600 600 600 600 600 627 627 627 627 627 627 454 627 366 900 1000 0 50 1000 450 0 0 0 600 600 600 600 600 1000 600 600 600 600 0 600 600 600 600 600 600 0 0 0 400 400 600 627 400 400 400 400 100 0 0 0 0 0 600 1000 600 600 600 627 600 600 600
#WBA 2017-04-01
0 0 400 900 900 900 900 900 900 900 900 900 550 900 900 900 900 0 900 900 900 900 900 900 900 900 900 900 900 0 800 800 800 800 800 800 900 0 900 900 900 900 900 900 900 900 900 900 900 900 900 400 400 400 400 400 400 400 0 0 -462 0 900 136 -450 400 400 400 400 400 400 0 900 0 900 900 900 900 -27 0 800 -500 100 -400 -450 800 800 800 800 800 800 -450 0 400 400 200 0 900 900 900
0 0 800 600 600 600 600 600 600 600 600 600 750 600 600 600 600 0 600 600 600 600 600 600 600 600 600 600 600 0 400 400 400 400 400 400 600 0 600 600 600 600 600 600 600 600 600 600 600 600 600 800 800 800 800 800 800 800 0 0 650 0 600 454 500 800 800 800 800 800 800 0 600 0 600 600 600 600 344 0 400 1000 300 700 500 400 400 400 400 400 400 500 0 800 800 900 0 600 600 600
#WatfordFC 2017-04-01
0 400 400 0 136 -62 250 525 0 0 400 0 0 0 200 0 800 136 -400 0 0 -49 -250 0 0 -625 -500 0 -50 136 -312 -300 600 0 136 0 0 0 136 0 227 0 300 136 25 0 212 0 -155 300 -50 375 -431 136 0 800 -50 0 136 136 0 -400 0 -400 -100 0 250 0 136 300 0 -250 222 136 0 136 300 0 0 0 0 -188 125 400 99 0 0 -400 0 0 500 -100 136 0 200 225 250 24 500 136
0 800 800 100 454 875 800 716 400 0 1000 0 0 750 300 0 400 454 400 0 0 650 562 0 0 625 300 0 350 454 250 400 900 0 454 0 0 0 454 0 545 0 650 454 175 333 451 0 288 500 500 425 727 454 0 400 266 0 454 454 0 400 0 400 0 0 250 0 454 400 0 250 611 454 0 454 0 0 0 0 0 911 375 800 500 0 66 600 0 0 700 400 454 0 600 366 850 725 900 454
#SAFC 2017-04-01
0 0 0 -600 0 0 0 66 0 500 0 0 -66 0 0 0 0 225 0 0 306 0 -200 -50 -166 0 49 0 0 0 0 225 0 133 -49 700 0 0 500 100 150 -50 250 50 400 400 400 0 0 0 500 0 200 150 0 0 0 0 0 0 290 0 0 0 0 400 0 0 0 200 0 0 600 0 0 400 0 0 0 -381 -50 250 0 0 0 400 250 800 -25 0 -122 0 -800 400 200 296 200 0 0 0
0 0 0 900 0 100 0 366 0 1000 0 0 541 0 0 0 0 575 0 0 750 0 50 450 66 0 550 1000 0 0 0 575 0 366 650 900 0 0 500 400 367 50 250 675 800 800 800 0 0 0 500 0 300 367 0 0 0 0 100 0 588 0 0 0 0 700 0 0 0 750 0 0 500 0 0 800 0 0 0 727 50 250 0 600 0 800 250 400 700 0 347 1000 900 900 500 358 900 0 0 0
#LFC 2017-04-01
0 0 0 268 136 400 400 400 400 400 400 400 400 400 400 400 400 0 -799 200 400 400 400 400 0 400 400 400 300 0 268 136 136 0 268 900 900 900 900 0 136 135 900 900 900 900 900 268 268 268 268 268 268 136 0 268 0 1000 43 0 100 50 250 -50 900 900 900 900 900 0 900 136 136 900 900 900 0 0 900 900 900 449 900 900 900 500 0 412 0 800 800 0 0 500 268 0 0 800 800 800
0 0 0 627 454 800 800 800 800 800 800 800 800 800 800 800 800 0 1000 200 800 800 800 800 0 800 800 800 662 0 627 454 454 0 627 600 600 600 600 0 454 427 600 600 600 600 600 627 627 627 627 627 627 454 0 627 1000 1000 450 0 0 50 1000 488 600 600 600 600 600 0 600 454 454 600 600 600 0 0 600 600 600 533 600 600 600 1000 0 550 0 400 400 0 0 600 627 0 0 400 400 400
#EFC 2017-04-01
268 136 100 100 100 0 0 0 100 0 390 0 0 268 136 136 268 136 135 136 268 0 100 400 250 0 0 136 136 0 0 0 0 0 268 0 0 0 1000 0 0 0 268 0 0 0 -666 500 368 -666 0 0 400 0 0 400 0 136 0 425 -446 0 0 500 0 0 0 0 0 0 0 0 200 -86 450 0 0 0 0 -27 0 0 0 0 0 400 0 -700 136 0 136 0 0 0 0 500 136 0 -400 450
627 454 400 400 400 1000 1000 1000 400 1000 1000 0 0 627 454 454 627 454 427 454 627 0 0 800 1000 0 0 454 454 0 0 0 0 0 627 0 100 0 300 0 0 100 627 125 0 500 1000 750 727 1000 0 0 800 0 100 800 0 454 0 525 478 0 0 833 0 0 0 0 0 0 0 0 500 647 750 0 100 0 0 294 0 0 0 66 0 800 0 700 454 0 454 0 0 0 0 900 454 0 400 850
#MCFC 2017-03-19
0 136 268 268 900 268 136 900 350 0 0 0 0 900 0 84 0 0 136 136 136 136 400 136 250 400 400 100 0 0 0 412 0 0 500 250 136 0 250 136 0 400 0 900 900 0 0 -62 268 268 166 0 900 500 900 800 0 0 100 0 32 166 0 500 166 0 600 0 0 400 400 400 400 0 0 400 400 400 136 0 0 136 0 268 268 268 268 0 1000 0 0 268 268 136 0 1000 136 625 0 0
0 454 627 627 600 627 454 600 600 0 0 0 0 600 0 500 0 0 454 454 454 454 800 454 333 800 800 400 0 0 0 550 0 0 500 450 454 0 300 454 0 800 0 600 600 0 0 187 627 627 333 0 600 900 600 875 0 0 400 0 503 333 0 500 333 100 600 0 0 800 800 800 800 0 700 800 800 663 454 0 0 454 0 627 627 627 627 0 300 100 0 627 627 454 0 300 454 900 0 0
#LFC 2017-03-19
0 250 136 400 268 268 400 900 0 -550 268 136 900 400 0 0 -200 400 0 900 0 268 84 0 250 0 0 0 0 0 357 250 0 0 68 0 136 136 136 136 400 136 400 400 0 0 0 126 -388 45 0 400 1000 112 0 100 50 0 625 0 800 800 0 0 -354 0 250 0 0 400 0 0 0 136 0 -781 41 0 0 0 0 0 0 0 0 21 -388 0 400 0 500 0 107 0 1000 0 0 0 83 116
0 333 454 800 627 627 800 600 0 600 627 454 600 800 0 0 50 894 0 600 0 627 500 0 333 100 1000 0 0 0 571 333 0 1000 277 0 454 454 454 454 800 454 800 800 0 0 0 611 833 433 1000 800 300 251 0 0 50 0 500 0 400 400 0 0 562 100 500 0 0 400 100 0 0 454 0 1000 183 550 0 500 1000 625 375 200 0 646 833 0 800 0 600 166 214 0 300 0 0 1000 166 114
#COYS 2017-03-19
0 0 0 0 200 0 400 0 124 0 0 0 300 0 0 199 0 0 0 700 0 0 0 700 0 333 400 0 0 200 468 0 0 300 200 100 0 0 250 800 199 0 0 0 1000 0 356 0 0 300 50 400 0 800 700 0 0 250 0 -200 0 0 137 0 -500 300 300 303 253 0 1000 390 -333 800 285 0 1000 273 0 -500 50 0 250 0 0 216 33 99 0 0 0 0 0 -300 -150 0 0 66 0 500
0 0 0 0 200 0 800 0 263 0 0 0 600 0 0 700 0 0 0 600 0 0 0 600 0 462 800 0 0 166 427 0 0 450 166 1000 0 300 331 750 364 100 0 0 600 0 436 1000 0 566 450 400 0 750 600 1000 0 283 0 800 0 0 861 0 900 475 475 742 742 0 1000 333 666 750 535 0 300 830 0 1000 200 333 500 0 0 416 133 775 0 0 0 0 0 512 399 0 0 433 0 600
#SaintsFC 2017-03-19
100 800 500 500 500 0 0 400 0 0 0 0 468 -400 0 0 468 0 468 -400 0 0 0 468 0 0 325 468 200 -150 0 0 468 0 0 225 -150 0 0 -400 600 0 -92 214 0 0 468 0 0 0 468 0 468 0 350 0 0 0 325 0 0 0 0 468 0 800 600 0 0 0 0 468 433 0 0 468 -233 0 0 0 435 0 450 700 0 175 0 0 0 0 0 0 468 200 0 468 0 381 468 269
800 400 600 600 600 0 0 600 0 700 0 0 750 400 0 0 750 0 750 400 0 0 0 750 0 0 666 750 350 500 0 66 750 0 0 406 399 0 0 400 900 0 185 500 0 0 750 0 0 0 750 0 750 0 650 0 0 0 450 0 0 0 0 750 0 400 750 0 0 0 0 750 833 0 0 750 300 0 0 0 527 0 350 600 0 775 0 0 0 0 0 0 750 300 0 750 0 562 750 483
#boro 2017-03-19
136 136 758 500 800 800 400 200 0 -699 0 0 0 250 0 -1000 -157 1000 0 200 0 350 250 300 -500 200 812 357 800 -125 434 300 101 0 0 0 136 136 0 0 0 0 0 -27 -400 625 100 0 200 1000 -176 500 0 125 204 0 250 228 68 166 0 0 0 500 0 0 136 136 400 0 0 100 0 0 0 0 281 250 562 850 0 136 0 1000 -100 143 170 0 500 625 66 0 0 200 390 -175 250 0 420 341
454 454 583 500 400 400 350 100 0 666 0 0 0 500 0 666 667 300 0 900 0 550 450 650 1000 900 916 571 750 375 613 650 262 0 0 0 454 454 0 0 0 0 0 544 400 750 800 0 550 300 685 888 0 221 570 100 333 678 277 333 0 0 0 900 0 0 454 454 700 0 0 400 0 0 0 0 333 100 600 950 0 454 0 300 250 266 454 1000 900 900 200 0 0 300 200 175 312 0 475 549
#MUFC 2017-03-19
0 400 268 268 400 900 268 900 0 400 1000 0 0 0 0 100 0 800 400 1000 0 233 0 0 -50 0 900 0 0 0 -250 84 0 800 357 0 0 83 444 0 0 281 0 136 136 136 136 400 136 400 400 0 0 0 625 357 -71 400 1000 0 0 0 50 0 500 0 0 625 0 800 500 800 0 0 136 0 0 0 0 0 136 0 400 500 125 900 900 0 0 0 0 -62 400 400 0 268 268 0 0 900
0 800 627 627 800 600 627 600 0 800 400 0 0 0 0 600 125 400 1000 300 0 416 0 0 483 0 600 0 0 0 575 500 0 400 571 100 0 750 777 0 0 625 0 454 454 454 454 800 454 800 800 0 0 100 1000 571 214 800 300 0 0 0 50 0 650 500 0 500 0 400 500 400 0 100 454 0 0 0 0 0 454 0 800 600 925 600 600 0 0 0 0 187 800 800 0 627 627 0 0 600
#AFCB 2017-03-18
0 0 0 1000 600 0 350 0 0 766 725 0 400 650 850 0 -400 780 0 0 0 0 0 0 600 -83 136 0 -83 0 0 225 0 50 0 0 0 0 0 0 0 500 0 375 -500 0 0 500 91 0 0 0 0 0 0 0 50 -400 0 0 400 0 0 400 0 0 -400 0 0 0 166 0 0 -400 550 0 0 1000 0 0 0 0 300 0 0 0 200 0 0 -33 0 0 0 0 0 0 0 350 0 0
0 0 750 1000 550 125 400 0 0 1000 800 0 633 750 825 0 600 1000 0 100 0 0 0 0 900 533 454 0 333 0 0 575 250 922 0 0 0 0 0 0 0 750 0 500 1000 100 0 888 566 0 0 0 0 0 0 0 600 400 0 0 800 0 0 400 0 0 400 500 0 0 333 500 0 600 500 0 100 650 0 0 0 0 166 0 0 0 218 100 0 766 0 0 0 0 0 0 0 600 0 0
#Swans 2017-03-18
-56 0 0 0 0 350 0 0 350 0 0 0 0 200 0 -99 0 400 33 0 400 0 0 0 500 0 0 -400 0 0 0 0 -116 0 0 0 0 0 375 0 0 0 1000 0 625 0 0 0 0 250 0 0 0 0 0 0 0 0 437 0 -150 -49 422 0 0 500 200 -100 -100 0 0 0 0 0 -625 -100 250 -100 -150 -99 0 0 0 0 0 0 500 0 0 0 0 0 0 0 170 312 375 0 0 0
527 0 0 0 0 300 0 0 300 0 0 0 0 250 500 433 0 400 33 500 400 0 0 0 400 500 0 400 400 0 0 0 616 0 0 0 0 0 500 0 0 0 300 0 900 0 0 0 0 312 400 0 0 0 0 0 1000 0 300 0 200 800 294 0 0 700 250 400 400 0 0 0 0 0 500 400 312 400 400 433 0 0 0 0 0 0 600 0 0 0 0 0 0 0 500 333 500 0 0 0
#CPFC 2017-03-18
0 -166 136 0 0 136 0 0 0 0 0 0 233 0 -200 0 0 0 0 0 0 0 -125 1000 100 300 0 0 0 0 0 500 -187 0 0 500 0 0 0 -700 -700 -700 -166 0 -1000 0 0 0 800 0 0 0 0 233 0 0 0 0 0 0 0 200 250 0 0 0 0 0 83 136 136 425 -300 0 0 0 0 0 0 366 0 0 0 58 0 0 0 199 0 0 -200 0 200 0 0 0 0 0 500 500
0 166 454 0 0 454 0 33 0 0 0 0 600 125 200 0 0 300 0 0 0 0 375 300 900 770 100 0 0 66 0 700 500 0 0 500 0 0 0 800 800 800 166 0 1000 0 0 0 750 0 0 0 0 366 0 0 0 0 0 0 0 500 750 0 0 0 0 0 216 477 477 550 700 0 0 0 0 0 0 222 0 0 100 358 0 0 0 388 0 0 700 0 300 0 0 0 0 0 500 500
#WatfordFC 2017-03-18
0 136 136 400 0 400 0 0 0 -750 -500 -500 0 0 0 0 150 0 0 -750 200 -75 -300 0 633 0 0 0 0 0 -291 200 500 0 250 0 0 -125 150 0 500 0 0 0 0 150 0 -500 400 500 58 0 0 500 800 -400 0 50 0 137 300 600 0 500 -200 0 500 500 0 0 0 0 136 566 0 -150 0 0 0 0 0 0 0 0 0 450 0 450 0 0 0 0 550 500 0 357 -166 412 0 -187
0 454 454 800 0 800 0 0 0 750 700 700 0 0 0 0 400 0 0 750 700 250 600 0 916 0 0 0 0 0 500 100 500 0 375 1000 0 625 400 0 625 0 0 0 0 400 0 700 900 500 358 0 0 500 400 400 100 350 0 387 0 1000 750 500 700 500 700 500 0 0 76 0 500 566 0 700 0 0 0 0 0 0 0 0 0 450 0 500 0 0 0 1000 650 900 0 535 666 750 0 500
#EFC 2017-03-18
700 136 268 136 268 268 136 0 178 0 0 136 136 0 0 0 136 400 0 0 0 268 268 400 268 400 136 136 199 0 100 400 136 0 0 -388 0 -388 0 -388 -388 136 0 136 136 136 0 0 -388 0 0 136 0 -125 0 0 0 0 136 -38 136 0 0 0 0 0 400 268 0 268 283 268 0 59 136 136 136 136 136 136 136 136 136 0 0 0 0 0 0 133 750 0 0 500 136 0 250 0 0 -600
600 454 627 454 627 627 454 0 785 0 0 454 454 0 0 0 454 800 0 0 0 627 627 800 627 800 454 454 372 0 0 800 454 0 0 833 0 833 0 833 833 454 0 454 454 454 500 900 833 125 0 454 1000 750 0 0 0 0 454 311 454 0 0 0 0 0 800 627 0 627 449 627 0 707 454 454 454 454 454 454 454 454 454 1000 0 125 0 0 0 375 750 0 0 900 454 0 375 0 0 900
#hcafc 2017-03-18
-383 250 800 0 0 0 800 0 -175 0 0 -51 0 -176 0 0 0 0 0 0 250 0 433 0 -166 250 0 0 0 0 500 0 0 0 0 700 -400 0 0 0 0 0 500 170 0 0 0 0 -200 0 400 0 0 75 -600 -150 0 -312 0 0 328 233 100 0 50 0 -1000 712 500 125 0 -250 0 200 250 0 136 212 580 -133 600 250 0 0 0 0 400 200 0 220 250 0 0 0 0 0 0 100 258 600
433 500 900 0 1000 0 750 0 550 0 0 762 0 651 0 0 0 0 0 125 725 0 733 0 1000 300 0 0 0 0 500 0 0 0 0 900 400 0 0 500 0 0 500 516 0 0 0 0 850 0 1000 0 1000 404 800 147 0 400 0 0 578 566 400 0 150 100 1000 750 750 625 0 1000 0 600 333 0 454 337 556 133 799 250 0 0 0 500 900 900 0 555 900 0 0 0 0 0 1000 900 625 1000
#SCFC 2017-03-18
1000 150 -99 75 0 0 1000 -400 0 0 0 0 -155 0 0 0 285 800 0 150 1000 0 0 0 750 0 500 556 1000 800 150 500 0 0 0 0 0 0 214 150 -155 0 -416 0 1000 -400 0 0 0 285 0 -155 213 0 0 266 0 285 0 -388 1000 0 0 150 150 1000 0 1000 556 1000 937 500 494 556 1000 0 150 0 1000 0 0 150 1000 0 200 0 0 256 266 133 0 0 0 0 200 200 0 0 0 0
400 100 200 250 0 0 400 400 0 0 0 0 288 0 0 0 535 400 0 100 300 0 0 0 1000 0 200 433 400 750 100 200 0 0 0 0 0 0 571 100 288 0 666 0 400 400 400 0 0 535 1000 288 454 0 0 533 0 535 0 833 300 0 0 100 100 300 0 300 433 400 1000 200 666 433 300 0 100 0 300 0 0 100 300 0 300 0 0 500 466 366 0 0 0 0 100 100 0 0 700 0
#CFC 2017-03-18
700 136 268 136 268 400 268 136 400 1000 350 -12 0 178 300 0 131 0 131 0 -500 136 136 268 268 268 -156 136 136 0 0 136 0 575 500 0 -250 378 0 0 200 136 0 0 400 357 136 136 0 0 168 0 0 0 168 500 0 900 136 0 0 168 0 1000 0 136 136 0 50 0 0 0 400 400 0 400 400 268 0 268 268 200 136 136 136 136 136 0 0 0 0 368 0 -400 0 0 0 0 400 400
600 454 627 454 627 800 627 454 800 400 450 0 0 785 600 0 400 0 400 0 1000 454 454 627 627 627 100 454 454 0 0 454 0 666 500 0 750 685 0 550 100 454 250 0 800 571 454 454 0 250 377 0 125 0 377 500 250 1000 454 0 0 277 0 400 0 454 454 0 150 357 0 0 800 800 0 800 800 627 0 627 627 200 454 454 454 454 454 250 125 0 0 677 0 400 0 200 0 0 800 800
#SAFC 2017-03-18
1000 1000 -400 0 650 -400 -125 -200 0 0 50 333 0 0 -175 -25 500 0 800 26 0 -300 0 -400 136 -137 0 0 500 0 0 0 0 0 0 125 45 0 50 141 500 -500 0 136 418 150 800 0 142 0 650 416 357 266 -155 0 0 0 0 0 -400 136 0 166 -300 0 0 -86 0 0 0 0 0 0 0 100 0 700 0 136 500 324 909 0 0 0 0 0 800 232 0 -208 0 0 0 500 0 0 0 500
1000 300 600 0 250 400 375 350 0 0 150 666 0 0 175 200 500 100 1000 200 0 400 0 400 454 300 0 66 500 0 0 0 0 0 0 166 151 0 700 558 500 900 1000 454 718 33 750 66 267 0 909 500 535 916 288 500 0 0 0 0 400 454 0 666 600 0 0 394 0 0 0 0 0 0 0 300 0 700 0 454 500 550 780 0 0 0 0 0 750 678 0 500 0 0 0 875 1000 100 0 500
#Clarets 2017-03-18
0 0 223 241 0 0 1000 800 0 0 0 0 0 0 0 0 650 0 150 0 0 0 0 700 400 200 -50 0 500 625 266 175 0 0 800 0 625 0 -249 0 0 -191 0 250 250 0 0 333 0 625 0 446 312 0 0 0 0 641 0 500 0 0 0 0 0 312 -190 214 0 0 500 45 0 0 625 0 -125 0 625 0 0 0 312 0 0 500 -216 0 0 0 625 -350 0 0 0 0 0 0 49 0
0 0 285 525 0 0 1000 400 0 0 0 0 0 0 0 0 950 0 500 0 0 0 0 716 600 300 400 0 500 900 500 266 0 0 400 0 900 0 550 0 0 325 0 450 700 0 0 333 0 900 0 571 333 100 0 0 0 666 0 500 0 0 0 0 0 333 214 571 1000 400 800 633 0 0 900 0 375 0 1000 0 0 0 333 66 0 500 300 0 100 0 900 500 0 0 0 0 0 0 600 0
#WHUFC 2017-03-18
136 136 600 312 600 136 0 0 0 0 -200 100 400 166 99 99 0 0 0 0 250 300 0 0 -72 0 800 0 0 0 500 170 0 45 0 0 600 0 283 0 0 0 0 1000 -400 0 0 200 136 136 0 -133 0 0 500 0 0 0 200 256 625 0 -155 0 0 250 0 0 0 0 0 0 0 0 0 0 0 300 0 0 0 800 0 0 0 0 0 0 0 500 0 0 0 0 0 300 0 0 0 0
454 454 900 300 900 454 0 0 0 566 449 150 1000 566 650 650 100 0 0 0 650 483 0 0 300 0 400 0 0 0 375 454 616 351 0 0 900 0 535 0 0 0 0 1000 400 0 0 500 454 454 0 500 0 0 500 0 366 0 500 700 600 0 288 0 0 750 0 0 0 0 0 0 0 0 0 100 0 650 0 0 0 750 0 0 0 366 0 0 0 1000 0 0 0 0 0 650 0 0 0 0
#LCFC 2017-03-18
250 400 400 400 0 0 0 700 0 0 0 0 0 -107 0 0 700 0 0 0 0 0 -83 136 0 0 265 0 0 37 375 0 0 0 0 0 0 0 0 0 0 0 0 0 0 500 0 0 0 0 0 -116 -205 800 -412 0 0 0 0 0 0 0 -700 144 0 0 0 0 316 0 200 100 500 900 433 -100 0 0 0 0 -200 458 800 500 225 0 0 250 500 0 0 433 0 400 400 400 0 0 29 -500
250 800 800 800 500 250 0 600 0 0 0 0 0 717 0 0 600 0 0 0 0 0 750 454 66 0 498 0 0 200 500 125 0 0 0 1000 0 0 250 0 0 0 0 0 0 500 0 0 0 0 0 277 415 200 654 0 0 0 0 0 0 0 800 177 0 0 0 0 716 125 312 700 500 1000 416 200 0 100 0 0 100 391 400 500 600 0 0 250 600 0 0 833 0 800 800 800 0 355 595 1000
#WBA 2017-03-18
400 900 400 900 400 900 900 178 84 0 900 0 900 900 268 900 268 900 0 0 -166 0 400 400 400 136 136 136 200 200 200 399 900 0 900 0 900 -1000 900 0 0 625 900 900 900 800 1000 1000 1000 -75 900 0 900 300 0 400 400 400 0 136 136 -50 136 136 0 900 136 -600 0 0 0 -500 0 0 600 0 0 0 0 900 900 0 900 0 700 -200 0 400 400 400 800 400 400 400 0 -388 136 178 500 178
800 600 800 600 800 600 600 785 500 0 600 0 600 600 627 600 627 600 0 0 433 0 800 800 800 454 454 454 400 400 400 408 600 0 600 0 600 1000 600 0 0 750 600 600 600 750 300 300 300 300 600 0 600 0 0 800 800 800 0 454 454 300 454 454 0 600 500 900 0 0 0 299 0 0 800 0 0 0 0 600 600 0 600 0 850 400 0 800 800 800 400 800 800 800 0 833 454 785 500 785
#AFC 2017-03-18
218 0 0 0 178 0 -400 1000 136 0 0 0 0 0 416 -156 625 0 0 575 0 0 100 800 136 0 0 300 0 -491 218 136 1000 0 0 312 136 312 0 33 800 0 0 0 850 0 136 136 136 366 136 218 0 136 150 366 0 400 0 0 0 0 0 -97 0 0 136 0 500 136 0 285 0 0 0 0 218 0 0 0 1000 0 0 66 0 0 0 0 0 0 0 0 245 218 -200 0 0 233 0 0
477 0 0 0 785 0 400 300 454 0 0 0 0 0 500 100 900 0 0 666 0 0 300 1000 454 0 0 450 1000 833 477 454 750 0 0 450 454 684 0 416 750 0 0 0 1000 0 454 454 454 600 454 477 100 454 250 666 0 800 0 0 0 0 0 187 0 0 454 0 500 454 0 535 0 0 0 0 477 0 0 0 1000 0 125 400 0 0 0 0 0 0 0 0 418 477 600 0 0 366 0 0
#LFC 2017-03-12
0 268 400 0 268 0 400 0 400 900 400 900 268 400 268 175 0 900 900 136 350 0 0 0 0 0 -400 400 0 0 900 0 0 68 -121 300 0 0 136 136 200 0 400 136 400 400 0 0 0 268 350 268 268 81 400 400 268 218 1000 0 0 0 136 1000 1000 0 350 0 50 100 0 0 385 0 0 0 568 125 0 0 -121 -100 0 0 0 136 233 0 535 0 300 0 0 900 0 0 50 218 68 0
0 627 800 0 627 0 800 0 800 600 800 600 627 800 627 233 0 600 600 454 650 0 0 0 0 0 400 500 0 0 600 0 0 727 451 525 0 0 454 454 200 62 800 454 800 800 0 0 0 627 800 627 627 358 800 800 627 477 300 0 0 0 454 300 300 0 800 0 50 0 0 0 350 0 0 0 377 666 0 0 451 58 0 250 0 454 316 0 535 0 750 0 0 600 500 0 150 277 525 0
#Clarets 2017-03-12
0 0 0 425 1000 0 0 0 312 800 0 0 0 0 0 136 200 400 0 0 0 0 641 500 0 0 0 0 0 625 62 0 0 0 300 0 100 0 0 50 0 100 -750 0 500 100 85 68 1000 0 0 200 0 0 0 0 312 0 0 0 0 0 0 0 -41 0 416 125 0 0 127 0 625 0 0 0 -400 250 625 0 200 0 0 0 500 0 0 0 0 0 0 0 400 0 0 0 0 0 400 625
0 0 0 725 1000 0 0 0 333 400 0 0 0 0 0 500 500 400 0 0 0 0 666 650 100 0 0 0 0 900 500 0 0 0 200 0 400 0 0 100 0 900 750 0 500 0 250 289 1000 0 0 100 0 0 0 0 333 0 0 0 0 0 0 0 666 0 500 166 0 250 468 0 900 0 0 0 400 333 900 0 500 0 0 0 500 0 0 0 0 0 0 0 800 0 0 0 0 0 400 900
#AFCB 2017-03-11
0 0 0 0 0 400 0 0 0 250 0 0 0 500 153 0 0 0 0 0 162 164 0 0 -171 0 0 -699 98 200 0 -141 0 0 0 291 0 0 0 0 0 0 100 291 0 175 -75 0 0 0 375 400 100 200 -800 0 0 -155 0 0 0 0 0 0 400 -266 0 177 350 -104 -200 0 0 0 0 0 350 400 0 350 0 0 0 0 0 0 0 0 0 -750 0 0 0 202 -800 550 0 0 178 0
500 0 0 0 0 800 0 125 0 250 0 0 0 675 454 125 100 0 0 500 350 271 0 0 450 0 0 666 511 200 0 583 500 0 0 450 0 0 0 66 0 50 300 517 0 275 512 0 0 0 416 800 150 900 1000 0 0 544 0 0 76 0 0 0 511 500 100 455 550 458 950 125 0 0 0 0 550 800 0 600 0 0 0 0 0 0 0 0 225 750 0 0 0 546 1000 500 100 0 285 300
#WHUFC 2017-03-11
0 0 136 0 136 0 0 -121 -121 136 136 400 0 -121 0 268 600 0 166 0 0 0 0 0 136 -121 0 0 0 -333 136 136 -250 0 575 -121 200 41 0 0 250 200 0 0 -121 0 -121 0 0 162 136 136 500 0 0 700 136 -194 0 136 700 0 800 800 800 600 800 100 136 136 256 0 -121 136 0 0 0 0 0 0 -121 800 0 -121 0 0 0 0 0 0 0 400 0 0 0 100 291 312 0 136
0 0 454 0 454 0 0 451 451 454 454 800 0 451 0 527 900 0 188 0 0 0 0 0 454 451 0 0 0 666 454 454 500 0 700 451 100 283 100 0 333 100 0 0 451 0 451 0 0 350 454 454 500 0 0 600 454 916 0 500 600 0 1000 1000 1000 950 750 100 454 454 301 0 451 454 0 0 0 0 0 0 451 1000 0 451 0 0 0 0 0 0 66 400 0 0 50 300 517 750 0 454
#EFC 2017-03-11
136 0 136 0 0 0 -121 0 0 136 136 -121 0 136 0 0 136 136 400 136 136 400 0 400 0 0 0 136 136 0 100 400 400 333 -600 -600 -600 -600 136 0 136 0 0 0 0 800 0 0 -600 700 0 0 400 0 0 0 500 136 136 136 136 136 136 -121 136 136 250 136 0 0 0 0 440 0 0 468 468 650 71 250 400 150 -500 0 -121 268 268 268 500 0 318 0 0 0 0 0 -121 136 136 136
454 500 454 500 500 0 451 0 0 454 454 451 0 454 0 250 454 454 800 454 454 800 0 800 0 0 0 454 454 0 0 800 800 500 1000 1000 1000 1000 454 0 454 0 125 0 0 750 187 0 1000 600 0 0 800 0 187 187 900 454 454 454 454 454 454 451 454 454 750 454 500 500 500 0 580 0 0 427 427 625 240 512 800 425 900 0 451 627 627 627 1000 0 477 0 100 0 0 0 451 454 454 454
#WBA 2017-03-11
900 400 400 400 0 900 0 900 900 136 136 0 84 0 136 136 0 0 136 136 136 136 136 136 1000 0 400 900 0 136 900 900 268 900 900 900 268 333 0 900 900 300 400 400 400 400 400 400 0 136 136 136 0 136 136 136 900 136 900 136 136 900 468 287 468 1000 0 0 0 0 0 900 0 900 400 400 136 400 200 200 200 136 136 136 468 0 900 900 136 136 136 0 0 333 468 0 0 200 0 0
600 800 800 800 0 600 0 600 600 454 454 100 500 0 454 454 0 0 454 454 454 454 454 454 300 0 800 600 0 454 600 600 627 600 600 600 627 666 0 600 600 200 800 800 800 800 800 800 0 454 454 454 0 454 454 454 600 454 600 454 454 600 427 487 427 300 0 0 0 0 0 600 0 600 800 800 454 800 400 400 400 454 454 454 427 0 600 600 454 454 454 0 0 666 427 0 1000 100 0 0
#hcafc 2017-03-11
0 -200 250 408 -166 0 455 62 0 0 399 50 0 0 333 0 145 0 0 318 0 0 0 -500 443 700 0 0 0 0 466 500 -400 400 0 700 0 0 496 -300 400 0 0 250 -155 0 1000 333 -166 500 83 800 700 -400 -699 100 0 -155 0 0 0 150 400 100 -291 149 136 -400 0 112 0 450 -400 0 0 -1000 -166 0 33 0 0 0 0 400 520 402 400 468 0 0 -500 100 0 100 -400 0 0 0 450 500
0 250 500 433 222 0 517 100 0 0 466 150 0 0 1000 0 530 0 0 700 0 0 0 300 727 600 0 1000 1000 0 833 750 400 425 100 600 0 0 696 700 900 0 0 450 288 0 750 150 433 750 158 750 600 400 666 200 0 288 0 0 0 1000 850 900 541 500 500 400 0 350 0 800 400 0 0 1000 166 0 233 0 0 0 0 500 633 294 1000 0 0 0 500 100 0 400 400 0 0 0 391 500
#Swans 2017-03-11
0 333 0 0 0 0 0 0 0 455 0 350 700 0 -50 0 0 -150 0 83 199 800 0 -200 0 0 0 0 500 0 318 0 800 0 0 0 0 0 591 0 500 0 0 136 0 433 0 0 0 0 0 0 700 0 0 136 433 512 300 300 300 350 350 0 0 0 0 0 0 -200 -93 0 0 0 650 350 0 0 0 -100 -100 -100 0 112 0 350 -150 83 0 -25 0 0 -200 0 -183 0 0 192 0 0
0 629 0 0 0 0 0 0 0 517 0 550 700 0 375 0 0 800 0 316 711 750 0 100 0 0 0 0 500 0 700 0 900 1000 0 0 0 700 916 0 500 0 0 454 0 833 0 0 0 0 0 0 600 0 0 454 600 587 500 500 650 550 550 0 100 0 0 0 1000 500 516 0 0 0 450 550 0 0 1000 400 400 400 0 662 0 300 800 316 0 100 0 0 350 0 283 0 0 767 0 0
#MCFC 2017-03-08
400 136 136 0 900 900 400 400 0 0 1000 0 300 900 0 0 900 218 136 0 -121 0 -121 0 68 0 0 400 0 0 0 0 0 0 136 0 136 136 136 400 136 400 400 0 0 0 0 136 0 136 136 0 1000 1000 0 0 0 0 0 0 0 0 650 0 0 900 136 0 0 0 218 -121 0 136 136 900 900 0 700 218 218 900 0 900 268 268 900 218 900 900 250 0 500 0 218 218 0 0 400 400
800 454 454 0 600 600 800 800 0 400 300 0 0 600 0 0 600 477 454 0 451 0 451 0 727 0 0 800 0 0 0 0 0 0 454 0 454 454 454 800 454 800 800 0 0 0 0 454 0 454 454 0 300 300 0 0 0 0 0 0 0 0 450 0 0 600 454 0 0 0 477 451 0 454 454 600 600 0 550 477 477 600 0 600 627 627 600 477 600 600 333 0 1000 0 477 477 0 0 800 800
#SCFC 2017-03-08
-200 300 0 0 633 -100 0 433 433 700 700 1000 700 275 200 500 306 -100 68 -100 -100 -100 200 178 -500 0 -415 0 0 0 0 100 0 100 500 0 300 0 0 200 0 433 0 200 0 200 -6 433 0 0 0 200 200 0 100 200 0 100 100 400 0 1000 800 0 700 350 200 450 0 0 0 0 0 400 0 400 0 0 0 0 0 466 100 0 0 400 0 0 260 100 0 0 377 500 0 0 0 0 0 0
200 0 0 0 820 400 0 633 833 800 800 300 800 775 100 399 700 400 393 400 400 400 300 467 500 0 700 0 500 0 0 500 0 500 500 0 800 1000 0 100 0 833 1000 100 1000 100 62 833 0 0 0 100 100 0 100 100 0 100 100 650 0 1000 400 1000 600 550 100 700 0 0 0 0 0 400 0 400 0 0 0 0 0 633 400 0 1000 400 0 0 416 383 0 0 583 900 0 0 0 0 0 0
#WHUFC 2017-03-06
0 0 0 0 0 136 413 0 0 0 0 -500 500 0 -62 -62 400 136 136 413 600 0 -500 0 0 0 0 699 0 0 0 0 0 0 0 0 0 0 0 -200 0 0 0 0 136 136 -500 0 500 0 0 -250 0 0 0 0 0 0 0 0 800 233 625 0 0 0 0 0 0 0 0 136 0 0 0 0 0 368 0 0 0 0 600 500 -250 0 0 0 0 0 0 0 0 0 0 0 136 136 175 0
1000 0 0 0 100 454 722 0 0 0 0 866 850 0 750 750 700 454 454 722 900 0 1000 0 0 0 0 600 0 0 0 0 0 100 0 0 0 0 0 700 0 0 0 0 454 454 500 0 500 0 0 750 0 0 0 0 0 0 0 100 750 533 600 0 0 0 0 0 0 0 0 454 0 0 0 0 0 702 0 0 500 500 900 500 500 0 0 0 0 0 0 0 0 0 0 0 454 454 200 0
#CFC 2017-03-06
400 400 0 400 0 468 0 0 0 468 0 400 -291 -216 468 0 468 468 100 800 100 800 800 0 200 0 500 0 800 0 0 800 0 100 1000 100 -100 0 800 0 136 0 -166 0 0 0 0 0 400 400 268 0 468 400 0 800 0 0 500 0 800 0 0 0 0 695 136 0 0 500 100 136 0 136 0 0 0 0 0 0 0 0 400 0 400 400 400 375 0 0 0 0 0 0 0 0 800 0 0 0
800 800 0 800 0 427 0 0 0 427 0 800 541 833 427 0 427 427 350 400 350 400 400 0 200 0 500 0 400 0 0 400 0 350 300 400 500 0 400 0 454 0 166 100 0 0 66 0 800 800 627 0 427 800 0 400 0 0 500 0 700 0 125 0 0 316 454 0 0 500 350 454 0 454 0 0 0 0 0 0 0 0 800 0 800 800 800 750 0 100 0 0 0 0 100 0 400 0 0 0
#SAFC 2017-03-05
0 0 0 -62 -33 -62 650 250 0 0 0 400 0 0 -800 105 500 175 0 0 166 0 136 -450 0 0 318 0 0 0 0 -500 113 333 1000 250 0 0 468 0 500 500 0 -33 -400 -400 -400 -400 750 0 150 12 0 125 -400 0 0 0 500 291 0 400 0 -155 0 0 500 0 -100 800 0 0 0 -187 400 214 300 500 0 0 0 0 0 400 -100 -42 265 0 0 0 400 700 0 136 800 -24 0 -156 0 0
1000 0 0 500 416 500 450 333 0 0 0 500 100 0 900 866 500 400 1000 0 666 1000 500 1000 0 0 500 1000 0 0 0 1000 335 455 400 333 500 0 427 400 500 600 0 416 400 400 400 600 700 0 650 900 0 450 400 1000 0 0 500 833 0 700 0 288 0 0 1000 100 50 400 0 0 0 500 400 571 900 900 0 0 0 0 0 800 166 717 750 0 0 0 800 700 0 500 750 600 0 312 0 0
#MCFC 2017-03-05
900 900 136 900 218 900 136 136 0 0 0 0 136 136 800 95 0 0 400 0 0 0 136 136 400 136 136 800 400 400 0 800 800 -131 0 0 0 136 136 0 0 900 136 0 234 -699 0 1000 0 0 0 0 900 900 1000 0 0 0 900 -132 268 268 900 218 1000 218 218 900 0 -132 200 -77 900 900 0 0 900 900 200 0 -77 400 400 300 400 0 218 -875 268 0 268 136 136 0 268 0 0 600 136 200
600 600 454 600 477 600 454 454 0 0 0 0 454 454 750 404 0 0 800 0 0 0 454 454 800 454 454 750 800 900 0 400 400 427 0 0 0 454 454 100 0 600 454 0 339 666 0 400 0 0 0 0 600 600 300 0 0 0 600 320 627 627 600 477 300 477 477 600 0 320 500 144 600 600 0 0 600 600 300 0 144 800 800 100 800 0 477 1000 627 0 627 454 454 0 627 0 0 600 454 950
#COYS 2017-03-05
-400 0 0 650 125 200 0 500 0 500 0 0 400 0 0 500 0 566 0 350 300 0 49 50 0 0 0 199 0 533 693 0 0 533 0 550 400 0 0 0 800 0 200 1000 200 0 0 412 399 0 0 950 0 285 0 0 633 1000 366 525 700 300 4 -400 0 0 800 0 0 900 -310 800 0 1000 0 0 600 -33 250 -175 -116 -99 1000 525 400 0 0 0 0 0 500 1000 875 291 700 350 -175 0 0 800
500 0 0 875 900 450 0 1000 0 500 0 0 800 0 0 550 0 650 0 777 800 0 450 50 0 0 0 733 0 383 566 466 0 466 0 550 800 0 0 0 400 0 950 400 200 0 0 550 816 0 0 875 0 535 0 0 799 1000 583 500 800 433 216 800 0 0 575 0 0 575 575 750 0 1000 0 0 950 566 425 550 366 700 300 575 300 0 0 0 0 0 500 1000 600 720 600 650 550 0 0 750
#EFC 2017-03-05
0 0 0 875 -400 0 95 0 -600 0 0 425 500 95 0 -600 95 0 0 0 -600 425 0 500 0 425 500 95 0 -600 0 0 425 500 400 0 0 0 400 136 400 1000 -33 0 100 400 0 0 400 136 400 0 0 0 500 0 0 136 0 500 800 0 425 0 0 0 0 156 0 400 0 200 0 136 136 136 -1000 200 136 0 0 -50 -62 0 0 0 -1000 -1000 200 -1000 200 200 -62 0 0 0 0 800 800 0
500 500 500 600 700 0 404 100 1000 0 0 575 500 404 100 1000 404 0 100 0 1000 575 0 500 0 575 500 404 100 1000 0 0 575 500 800 0 0 0 800 454 800 300 533 0 0 800 0 633 800 454 800 0 0 0 1000 125 0 454 0 600 400 0 575 0 0 125 0 500 0 800 0 200 0 454 454 454 1000 950 454 0 0 100 500 0 0 0 1000 1000 950 1000 950 950 500 0 0 0 0 400 400 0
#LFC 2017-03-04
-218 0 0 625 500 900 900 312 400 -500 468 136 136 425 625 136 0 136 0 468 0 0 136 136 136 0 0 0 0 0 0 0 0 400 0 400 500 268 0 68 400 400 136 400 0 0 68 400 -500 166 -312 0 312 0 136 400 200 0 0 -210 0 136 200 136 200 500 500 0 -33 0 375 0 136 136 136 0 136 75 0 0 0 90 400 0 312 0 0 400 136 136 1000 0 0 0 0 -450 50 334 100 0
650 0 0 900 850 600 600 500 800 1000 427 454 454 700 1000 454 0 454 0 427 0 0 454 454 454 0 0 300 0 0 0 0 0 800 0 800 1000 627 0 727 800 800 454 800 0 0 727 800 1000 566 833 0 300 0 454 800 400 0 0 550 0 454 400 454 400 500 500 1000 600 66 666 0 454 454 454 0 454 833 0 0 0 633 800 0 684 0 0 800 454 454 300 0 0 0 0 550 50 571 0 0
#AFC 2017-03-04
0 0 433 0 136 136 0 136 0 0 0 0 0 0 0 68 136 0 68 166 0 0 0 0 0 136 200 0 0 0 312 0 0 136 136 0 0 0 0 0 0 136 136 0 0 0 600 218 0 136 0 0 0 100 136 160 0 0 0 0 -325 0 0 0 800 0 -155 -399 0 100 350 0 0 700 0 0 0 218 0 136 214 0 136 700 0 0 0 0 -50 0 0 178 178 0 250 -200 0 400 136 136
0 0 733 0 454 454 0 454 125 125 0 0 0 125 0 727 454 0 727 566 0 0 625 0 0 454 300 0 0 0 684 0 0 454 454 0 0 0 0 0 0 454 454 0 0 0 950 477 0 454 0 0 0 112 454 539 0 0 0 0 825 0 0 0 400 0 288 750 216 150 300 0 0 100 0 0 0 477 0 454 571 0 454 600 0 0 0 0 150 0 0 785 785 0 333 700 0 1000 454 454
#LCFC 2017-03-04
0 -155 0 500 -95 700 0 0 68 0 400 400 68 400 0 -250 0 0 1000 0 0 -121 0 0 0 0 -121 0 637 0 -50 500 0 -281 0 -200 0 411 400 400 1000 400 266 136 -121 -121 500 0 800 0 0 -300 0 0 0 0 -375 0 0 316 0 200 765 -75 0 -200 100 -125 0 0 0 0 0 187 0 250 68 400 1000 -250 27 -145 0 0 433 129 418 250 237 -600 411 375 0 400 400 400 0 136 68 0
0 288 0 500 866 600 1000 0 727 0 800 800 727 800 0 1000 0 0 300 0 750 451 0 66 0 0 451 0 550 0 266 500 125 350 0 700 0 388 800 800 300 800 166 454 451 451 950 0 400 0 100 500 250 0 0 0 375 0 0 716 125 312 800 366 0 700 650 550 0 100 0 0 0 150 0 250 727 1000 1000 1000 333 750 0 550 833 340 527 444 387 800 388 400 0 800 800 800 1000 454 727 1000
#hcafc 2017-03-04
0 266 113 266 -25 800 268 449 800 200 800 0 875 0 0 0 0 0 187 0 -400 0 0 0 200 0 0 0 333 -388 50 400 0 450 500 304 0 366 0 0 500 -24 0 0 400 0 -133 0 0 0 -25 500 0 0 0 0 400 0 0 250 0 0 600 -150 12 0 150 0 0 0 0 400 0 -300 -100 -100 -100 366 -100 400 150 450 324 500 0 0 400 0 -24 0 1000 600 0 1000 0 0 0 136 -400 250
0 300 272 166 700 750 727 750 750 300 750 0 600 0 0 0 0 0 425 0 400 0 0 0 300 0 0 0 1000 833 200 400 0 825 150 557 0 333 0 0 833 658 0 0 400 0 216 0 1000 1000 325 500 500 357 0 0 400 0 0 333 0 0 350 500 104 0 0 0 0 1000 0 400 400 250 400 400 400 333 25 400 400 616 500 833 0 400 400 0 658 357 1000 950 62 650 0 0 0 500 400 450
#SCFC 2017-03-04
0 0 0 200 0 -349 0 1000 0 100 0 -600 100 550 0 -400 136 -91 318 700 136 0 -133 0 0 0 0 0 0 0 200 0 0 306 0 550 0 0 357 0 300 300 136 -400 335 -388 0 50 0 0 0 0 550 50 550 418 800 0 0 0 0 0 -400 0 550 -100 136 0 50 136 350 0 0 0 0 0 0 -81 -200 136 800 0 0 0 0 0 -250 0 -100 50 0 136 0 0 550 0 136 0 0 0
0 0 0 500 0 333 0 300 500 250 0 900 250 500 0 400 660 700 727 600 454 0 600 0 0 0 0 0 0 0 500 0 0 700 0 800 0 0 571 0 200 200 454 400 618 833 0 150 0 0 0 0 500 483 500 577 750 0 100 0 0 0 400 0 800 300 454 66 150 454 550 0 0 0 0 0 0 427 200 454 900 0 0 0 0 0 250 0 400 150 0 454 0 0 500 0 454 500 0 0
#boro 2017-03-04
136 136 0 1000 -121 -121 -155 0 0 0 375 0 541 375 100 0 100 -16 -400 0 136 136 700 0 0 -121 -121 0 312 500 0 0 -500 -214 0 87 400 566 0 0 0 0 350 0 333 425 190 -121 -100 0 -300 0 -121 -388 136 0 136 0 50 0 0 0 500 -121 -125 0 0 -600 0 -175 -50 0 0 0 0 0 500 -121 0 500 100 0 -121 136 136 0 0 500 0 875 0 0 300 200 -121 1000 -200 400 136 0
454 454 0 300 451 451 288 0 0 0 750 0 833 516 250 0 250 216 400 0 454 454 600 0 0 451 451 0 250 600 0 0 1000 357 0 425 700 700 433 0 0 0 300 0 833 616 773 451 600 0 400 0 451 833 454 0 454 0 150 0 0 0 1000 451 616 0 0 700 0 550 400 0 0 500 0 0 500 451 0 500 200 0 451 454 454 0 0 500 0 600 0 0 650 100 451 300 700 825 454 0
#Swans 2017-03-04
0 500 0 192 192 0 0 500 0 325 0 0 100 0 0 -145 0 0 0 0 0 200 400 166 0 0 0 136 300 300 136 -25 0 160 0 66 -185 -25 166 -125 -20 100 0 -20 0 0 187 0 0 0 350 -50 500 0 0 0 0 0 0 300 300 0 0 136 136 0 533 475 0 0 0 142 0 0 0 -100 -100 -145 412 0 0 0 0 68 175 0 0 300 0 0 0 0 0 100 0 933 0 0 -250 -200
0 500 0 667 667 0 0 500 0 475 500 500 300 0 0 320 0 300 0 0 0 200 425 383 0 0 0 500 200 200 454 475 0 539 0 100 251 562 383 375 437 150 125 437 0 0 375 0 0 0 450 1000 500 0 0 0 0 0 0 200 200 0 0 454 454 0 883 650 0 0 0 267 0 0 0 400 400 320 600 300 0 0 0 477 275 0 0 650 0 0 0 0 0 700 0 683 0 0 533 200
#Clarets 2017-03-04
0 0 0 0 0 0 0 0 0 0 0 0 800 0 0 400 0 0 0 0 0 200 0 -133 0 500 0 0 0 0 0 0 0 0 0 0 0 0 0 0 -200 0 500 0 0 625 0 85 0 266 -388 0 0 0 0 0 0 0 0 -100 1000 0 0 0 625 300 225 0 0 0 0 0 0 800 0 -30 0 0 0 0 0 0 0 0 0 0 0 0 0 800 0 641 200 0 0 0 1000 412 125 0
0 0 0 0 0 0 0 0 0 0 0 0 400 0 0 350 0 0 0 0 0 600 0 133 0 500 0 0 0 0 0 0 0 0 0 0 0 0 0 0 200 0 500 0 0 900 0 250 0 188 833 0 0 0 0 0 0 0 0 83 400 0 0 0 900 445 416 0 0 0 0 0 0 400 0 247 0 0 700 0 66 0 400 0 66 250 0 0 0 1000 0 666 500 0 0 0 1000 550 458 0
#WatfordFC 2017-03-04
0 0 68 68 -291 0 400 -197 -197 -50 0 400 258 -100 0 0 0 0 0 300 -500 -500 0 500 0 -400 68 210 0 0 68 406 0 0 0 -166 450 0 -154 213 -154 0 213 291 210 0 -350 0 500 0 0 909 500 0 68 0 0 150 0 -75 0 -300 150 250 -350 187 300 68 250 0 200 -400 -700 0 0 0 -133 -200 0 0 68 68 -400 520 100 -400 0 26 500 0 136 0 0 500 -200 -200 68 227 500 43
0 0 727 727 541 0 800 383 383 900 0 800 700 799 0 0 0 0 100 0 1000 1000 0 750 0 400 727 416 0 550 727 416 66 0 0 238 550 125 418 454 418 0 454 721 416 0 500 0 750 0 100 780 750 0 727 0 0 0 100 550 0 600 0 500 500 437 625 727 500 0 500 400 1000 0 0 66 322 200 0 0 727 727 400 500 266 400 0 464 500 0 500 500 0 500 250 200 727 545 500 700
#SaintsFC 2017-03-04
0 0 0 500 700 0 0 0 50 -270 -875 0 -875 500 500 0 0 0 -875 166 212 33 0 200 100 350 -600 166 199 0 462 0 0 433 0 0 100 600 750 300 0 500 333 225 184 0 0 83 0 0 -200 0 150 0 -291 0 0 0 -28 350 0 0 0 49 0 0 -250 0 500 500 375 -87 -333 200 500 0 -600 0 0 0 0 0 0 0 531 125 500 -350 500 0 0 0 250 627 200 -16 0 0 -155 -66
0 366 0 600 600 0 0 199 550 895 1000 0 1000 600 600 0 50 0 1000 199 351 66 0 400 600 550 800 666 316 0 337 0 1000 300 66 0 1000 900 1000 500 0 766 600 375 859 0 66 191 0 0 800 0 50 50 541 0 0 0 312 350 0 0 366 350 0 0 700 50 1000 1000 744 750 366 200 600 0 900 0 0 0 0 0 50 0 625 200 750 500 600 0 0 0 250 720 412 283 0 50 288 300
#WBA 2017-03-04
350 900 900 -166 136 0 400 400 268 400 400 400 400 136 200 136 200 136 200 136 136 900 900 1000 0 900 900 900 900 900 900 0 268 1000 200 0 0 200 0 900 900 900 900 0 0 0 0 0 135 0 400 400 0 1000 400 -200 0 136 0 0 178 178 354 0 -77 136 187 0 178 0 900 0 0 900 625 400 400 400 200 200 200 900 400 500 900 400 400 136 136 136 900 900 250 0 136 -400 0 268 900 900
550 600 600 562 454 0 800 800 627 800 800 800 800 454 400 454 400 454 400 454 454 600 600 1000 0 600 600 600 600 600 600 0 627 300 900 0 0 900 0 600 600 600 600 0 0 0 0 0 329 0 800 800 0 300 800 400 0 454 0 0 785 785 383 0 394 454 312 0 418 0 600 0 0 600 900 800 800 800 400 400 400 600 800 1000 600 800 800 454 454 454 600 600 450 0 454 700 0 627 600 600
#CPFC 2017-03-04
136 0 0 0 0 0 -133 0 325 0 0 0 3 250 0 0 0 0 -166 100 600 0 0 -375 0 0 0 0 -90 0 500 192 0 0 100 350 -1000 200 0 -600 0 0 600 -195 -93 273 0 0 0 0 0 0 0 500 -388 0 0 0 0 500 500 0 450 0 0 0 0 0 -600 -1000 0 -200 600 0 300 0 0 0 0 0 250 250 400 0 0 0 50 0 0 0 0 -202 0 300 450 0 0 238 0 500
454 0 0 0 0 125 799 0 675 100 0 0 350 444 0 0 0 0 433 100 900 0 0 425 0 0 0 0 460 0 500 420 0 0 100 400 1000 500 0 1000 283 0 900 677 568 568 0 0 0 0 0 0 0 600 833 0 0 0 0 600 600 0 750 0 0 100 0 100 800 1000 0 200 600 0 200 0 66 0 0 0 500 300 800 0 0 0 191 0 0 0 0 244 0 650 500 0 0 380 0 500
#MUFC 2017-03-04
0 415 500 900 900 400 468 200 250 100 114 0 136 136 468 136 136 136 -50 0 0 0 400 0 400 268 400 400 136 0 400 0 0 400 100 0 136 400 200 0 136 200 0 136 200 136 136 0 136 0 136 1000 400 312 0 0 400 136 136 1000 0 50 0 0 250 0 136 0 0 0 468 136 0 250 450 0 218 1000 0 0 0 0 400 136 0 0 136 136 500 900 0 900 468 400 -625 220 0 900 900 900
0 633 850 600 600 800 427 500 500 200 479 575 454 454 427 454 454 454 483 0 0 0 800 0 800 627 800 800 454 0 800 0 0 800 100 0 454 800 400 0 454 400 0 454 400 454 454 0 454 0 454 750 800 684 0 0 800 454 454 300 0 50 0 0 250 0 454 500 500 500 427 454 0 750 650 0 477 1000 0 0 0 0 800 454 0 0 454 454 600 600 0 600 427 800 1000 510 0 600 600 600
#AFCB 2017-03-04
0 0 0 0 -431 0 0 -312 800 0 0 0 0 0 0 350 0 -75 250 0 170 225 -250 0 750 400 500 250 1000 500 0 0 0 0 0 0 25 250 0 -54 -8 0 0 0 800 0 0 500 0 0 0 0 -500 500 0 0 0 0 0 136 400 0 0 0 0 0 412 0 -107 250 500 0 0 550 0 0 0 300 0 -549 200 0 0 0 0 -312 0 0 0 -25 0 0 0 50 600 0 0 0 0 0
0 0 0 0 727 0 125 687 400 0 100 0 0 0 0 550 0 450 500 100 454 600 700 0 900 800 600 250 300 750 0 0 0 0 0 0 400 750 0 400 291 0 0 0 400 0 0 500 100 0 0 0 900 500 0 0 0 0 0 454 800 0 0 0 0 0 550 0 767 250 500 0 0 500 100 0 0 166 0 633 700 0 0 0 0 888 0 0 100 625 1000 0 0 400 1000 0 0 0 0 0
#LCFC 2017-02-27
0 285 800 100 0 -300 0 0 -183 -600 31 0 -133 0 -271 0 -121 200 -800 700 0 0 -150 0 400 400 400 0 0 50 0 -150 0 0 625 0 500 800 0 0 -700 0 -444 125 136 68 250 0 400 0 0 -400 150 0 0 0 -66 -121 408 -99 -125 400 333 0 0 800 0 -500 0 -329 -77 333 33 0 0 0 -1000 33 -155 234 -600 100 312 -75 0 0 -833 0 -250 0 0 177 0 125 1000 0 0 -250 0 0
0 535 400 400 0 475 0 0 266 950 776 0 700 0 437 0 451 550 900 600 0 0 99 125 800 800 800 0 0 500 125 99 0 0 500 66 500 400 0 0 200 0 616 516 454 727 350 100 1000 0 0 700 300 0 0 100 766 451 521 513 650 800 422 0 0 400 0 1000 125 612 194 500 966 0 1000 1000 1000 500 288 50 800 950 250 50 0 0 1000 0 416 0 0 688 0 375 300 0 100 416 0 0
#LFC 2017-02-27
0 -200 0 400 200 400 136 136 350 400 0 0 -121 400 400 400 400 400 0 0 400 268 260 400 136 136 136 268 268 400 268 500 0 0 0 0 0 -400 268 0 -300 0 0 404 800 266 312 0 0 0 0 0 0 50 100 -625 0 136 0 68 400 0 0 0 0 0 -388 200 925 278 -400 200 122 500 0 0 500 400 0 -500 -121 136 0 136 0 268 900 900 900 268 268 0 268 268 0 500 0 500 392 0
0 100 0 500 450 800 454 454 650 800 0 0 451 800 800 800 800 800 0 0 800 627 260 800 454 454 454 627 627 800 627 500 0 0 0 0 0 400 627 0 200 0 0 366 400 666 684 0 0 0 0 0 0 50 0 1000 500 454 500 727 800 0 0 0 500 0 833 212 1000 584 400 900 233 500 1000 0 600 800 0 300 451 454 0 454 0 627 600 600 600 627 627 0 627 627 0 900 125 900 712 0
#COYS 2017-02-26
166 0 -300 160 800 199 0 200 0 312 400 -200 625 -100 0 0 -500 78 0 0 640 -200 -200 0 0 400 -194 0 1000 0 0 700 200 0 0 850 0 400 250 -261 500 199 500 0 0 136 0 500 0 0 -166 0 0 -250 0 0 83 0 0 700 -500 24 -243 125 0 -125 -50 524 0 -466 0 0 0 0 0 0 0 0 0 0 0 250 0 0 218 148 0 -200 0 800 -400 0 352 -200 0 -220 875 100 0 0
655 0 400 539 400 333 66 500 0 500 800 700 900 50 0 100 300 451 0 0 625 400 200 450 0 800 288 0 600 0 0 600 100 0 0 450 0 1000 400 722 500 316 600 0 0 454 50 500 0 0 66 0 0 250 0 0 350 0 0 700 1000 408 500 300 0 375 650 556 0 583 0 0 0 0 0 0 0 0 0 0 0 333 0 100 650 396 0 400 0 750 600 0 446 233 0 188 600 400 0 0
#SCFC 2017-02-26
800 800 133 160 0 -100 0 -699 450 100 800 0 0 500 100 800 800 800 0 0 1000 400 800 800 250 -500 333 0 0 0 166 568 0 100 0 -699 100 800 800 800 0 0 -166 250 0 -166 133 133 160 568 0 0 0 160 0 0 400 800 800 0 500 400 800 800 227 0 800 500 0 0 500 0 0 -500 333 -400 0 0 0 -250 0 100 170 170 24 0 160 160 160 0 100 600 0 0 250 0 0 0 136 166
400 400 175 539 0 400 100 666 450 500 1000 0 0 650 450 400 400 400 0 0 300 400 400 400 333 500 833 0 0 0 666 377 0 400 100 666 450 400 400 400 0 0 500 300 0 500 175 175 539 377 0 0 1000 539 0 0 200 400 400 0 650 200 400 400 545 0 400 650 0 0 500 0 0 500 833 400 0 0 0 500 0 450 500 500 587 0 539 539 539 0 100 1000 0 0 333 0 0 0 454 466
#WatfordFC 2017-02-25
100 0 400 -200 -200 500 0 400 300 269 100 0 349 0 50 700 0 600 500 0 218 0 0 68 68 0 -251 0 -125 0 0 -666 290 500 0 1000 600 0 0 222 400 0 -500 -500 500 269 100 349 50 -200 0 0 0 68 0 0 500 0 -325 0 333 -125 0 0 0 -400 800 -9 0 -400 0 0 0 1000 0 -155 -400 0 500 750 33 800 68 283 0 0 0 0 0 0 0 0 -375 400 0 6 68 500 0 400
100 0 800 350 800 500 0 800 0 423 250 0 666 0 800 650 0 900 1000 0 277 0 0 727 727 0 462 0 500 0 0 1000 413 500 0 1000 450 750 0 619 900 0 875 700 500 423 250 666 800 50 0 0 533 727 0 1000 500 0 325 0 416 375 0 500 0 400 750 944 0 400 33 0 66 1000 1000 288 400 0 500 750 416 400 727 483 0 0 1000 0 1000 500 0 0 666 800 100 450 727 1000 0 600
#WHUFC 2017-02-25
800 800 800 800 800 0 0 800 0 -121 100 800 -121 199 800 -121 -500 208 350 0 0 0 800 0 0 0 800 800 800 0 0 0 500 0 800 -512 -121 0 -66 0 0 0 1000 0 0 800 800 800 800 500 -125 0 800 800 0 0 266 0 0 0 800 -121 -131 800 800 800 800 800 800 800 0 800 170 0 433 800 0 700 0 800 800 800 800 136 -121 -131 -121 -187 -50 33 -125 0 0 800 0 0 -121 0 0 0
400 400 400 400 400 0 0 400 0 451 650 400 451 666 400 451 750 594 650 0 0 0 400 0 0 0 400 400 400 0 0 0 1000 0 400 700 451 0 333 100 0 0 750 0 0 400 400 400 400 500 158 0 400 400 500 0 433 0 0 0 400 451 427 400 400 400 400 400 400 400 0 400 454 0 833 400 0 600 0 400 400 400 400 454 451 427 451 500 400 166 1000 0 0 400 0 0 451 0 0 0
#CFC 2017-02-25
136 136 800 136 800 -375 -50 400 400 0 400 800 800 136 800 0 -122 200 136 136 136 200 0 0 136 0 0 0 0 800 0 -150 0 -400 -250 0 568 333 800 0 200 0 268 268 400 -37 0 -121 136 136 136 625 800 0 900 0 268 0 268 0 268 268 268 0 0 0 0 0 -200 0 0 0 200 0 0 0 400 0 400 0 800 0 0 0 375 0 200 0 0 400 0 378 0 200 350 800 136 136 0 0
454 454 400 454 400 950 572 800 800 0 800 400 400 500 400 0 444 300 454 454 454 300 0 0 454 0 0 0 62 400 125 200 0 1000 250 0 377 438 400 0 400 0 627 627 900 257 0 451 454 454 454 600 400 0 1000 0 627 0 627 0 627 627 627 0 0 0 125 0 0 0 0 0 100 0 0 0 900 0 900 125 750 0 0 0 799 0 100 0 0 800 0 685 0 100 566 400 454 454 0 0
#Swans 2017-02-25
600 200 500 0 200 500 350 633 0 154 0 68 -327 0 0 0 0 322 200 0 -200 0 0 0 -125 200 170 0 0 0 -150 0 146 0 -400 0 0 0 0 0 49 0 0 0 0 0 -50 0 0 111 0 170 0 0 -200 0 425 526 200 500 500 1000 0 0 0 200 700 -75 0 0 0 0 250 0 0 875 0 0 0 271 0 0 0 0 0 200 0 -49 -150 0 0 0 500 500 700 200 0 200 0 136
1000 100 500 0 100 500 300 683 0 453 0 260 595 0 0 0 250 519 200 0 200 0 0 0 625 400 500 0 0 1000 150 0 875 0 400 0 0 0 0 0 650 0 0 0 0 0 200 0 0 588 0 500 0 0 600 0 500 666 500 500 500 1000 0 0 0 500 600 250 0 0 250 0 400 0 250 600 0 0 0 657 125 0 0 0 0 500 0 549 300 0 0 0 900 500 600 400 0 200 0 500
#CPFC 2017-02-25
800 800 0 800 800 800 0 250 600 0 0 800 0 0 800 136 800 800 0 0 0 -200 212 0 0 0 66 800 0 800 800 0 800 0 0 625 0 800 200 0 0 0 114 625 0 0 0 0 800 -227 800 800 800 0 0 -199 0 0 0 0 0 250 800 0 0 0 0 800 1000 -71 0 0 -434 -500 0 0 0 0 200 -66 600 800 0 0 683 0 800 -225 -155 348 -66 -577 800 -225 -800 500 250 0 1000 0
400 400 0 400 400 400 0 300 1000 0 0 400 0 0 400 454 400 1000 125 0 0 200 401 0 0 0 427 400 0 400 400 0 400 0 50 500 0 400 100 100 0 0 285 500 0 0 0 0 400 344 400 400 400 0 0 377 0 0 0 0 0 300 400 0 0 0 0 400 300 214 0 0 573 1000 0 0 0 0 900 111 600 400 0 0 799 0 400 625 288 769 527 644 400 625 900 350 500 0 300 0
#boro 2017-02-25
568 136 -500 -121 -199 350 200 0 568 -100 0 0 0 400 0 -175 0 0 0 49 250 0 500 0 600 -225 0 0 0 -121 22 0 0 50 0 300 0 208 1000 1000 0 0 0 466 9 0 300 1000 -75 0 50 -400 0 500 0 -121 -121 0 0 700 270 400 0 50 400 0 0 0 0 0 50 350 0 400 150 400 0 -175 1000 900 0 0 0 0 -200 0 0 0 200 283 0 0 0 368 0 0 175 -400 0 0
377 454 1000 451 566 550 100 0 377 216 0 0 0 550 0 175 0 0 0 549 200 0 600 0 766 625 0 0 300 451 244 1000 0 358 0 450 0 666 300 300 0 0 0 500 519 0 500 300 366 0 150 400 0 1000 0 451 451 0 125 950 707 733 0 50 800 0 0 0 0 0 358 800 0 400 300 900 0 545 300 1000 0 0 0 1000 700 0 0 0 500 483 0 0 0 583 0 0 675 400 0 500
#EFC 2017-02-25
136 136 0 0 0 136 0 400 0 0 136 136 136 400 0 0 0 0 0 0 0 1000 0 100 400 -155 -121 -155 -155 -155 0 0 0 -155 160 136 136 -121 0 433 0 136 136 160 268 268 500 268 0 0 0 0 0 0 0 160 0 400 400 400 0 0 0 0 400 136 0 136 0 0 -333 0 0 0 0 0 136 136 136 0 122 136 136 0 0 0 500 0 0 0 0 0 0 0 136 0 0 0 62 400
454 454 0 0 0 454 0 800 0 0 454 454 454 800 0 0 0 0 750 0 0 300 0 0 800 288 451 288 288 288 0 0 0 288 539 454 454 451 0 733 0 454 454 539 627 627 500 627 125 0 0 0 0 0 0 539 0 800 800 800 0 0 0 0 800 454 0 454 0 0 666 1000 1000 1000 33 1000 454 454 454 0 644 454 454 50 0 0 500 0 100 0 0 0 0 0 454 0 0 0 500 800
#SAFC 2017-02-25
-129 0 0 500 0 0 200 0 0 0 0 600 600 0 0 400 0 0 0 0 0 -600 -13 0 0 300 0 0 200 250 0 416 500 328 468 0 250 500 0 0 -1000 80 500 0 1000 -87 -87 -83 400 -250 0 170 -400 102 0 0 800 -58 50 0 -129 400 -400 0 0 333 -150 1000 650 400 400 400 52 -187 0 0 -125 0 -76 50 213 468 468 0 400 0 0 -400 0 333 468 287 0 -183 300 0 300 0 0 0
388 0 0 500 0 0 200 0 0 0 300 950 950 0 0 633 0 0 0 0 0 800 313 100 0 433 0 0 400 616 0 750 500 545 727 0 400 700 0 0 1000 591 500 100 400 618 618 516 400 894 0 500 400 497 0 0 750 883 150 0 245 250 700 0 0 455 150 400 450 900 900 900 530 500 0 0 375 0 490 150 454 727 727 0 400 333 0 400 0 666 727 356 0 616 100 0 100 0 100 0
#hcafc 2017-02-25
500 0 0 500 0 642 244 -375 -155 500 0 500 428 333 49 0 1000 -300 1000 -427 -138 0 -800 166 -253 500 0 187 900 100 225 466 333 -390 -425 0 200 -155 -200 -300 909 0 -250 312 242 0 0 -117 136 0 -150 0 178 0 136 318 212 -166 0 800 650 1000 500 0 0 500 350 0 0 0 136 600 0 500 0 0 0 -425 -229 500 0 0 229 0 -400 166 -83 1000 0 283 -350 0 500 -144 0 766 0 800 0 0
650 0 0 500 0 417 188 399 288 150 0 275 278 99 700 0 300 400 300 477 800 0 900 300 378 500 0 637 900 200 225 600 504 594 700 0 200 288 800 833 780 0 888 200 717 100 100 477 454 0 150 0 484 0 454 447 781 500 0 400 675 1000 650 0 0 500 750 0 0 0 500 625 0 888 0 0 0 700 536 900 0 0 716 0 400 166 83 1000 0 483 600 0 900 700 0 966 0 900 500 0
#Clarets 2017-02-25
0 200 0 -577 0 0 200 0 0 100 200 0 0 283 200 -350 625 0 49 49 -375 0 85 500 0 0 0 0 0 0 0 0 0 0 0 0 0 -291 300 500 0 0 285 200 0 0 0 0 0 0 0 -300 0 -200 -187 0 0 0 0 0 0 -300 600 0 357 0 0 0 357 -699 0 0 0 0 0 0 0 0 200 0 63 0 0 357 0 0 800 0 0 0 0 0 -333 800 0 700 0 500 0 0
0 500 0 644 0 0 500 0 0 325 400 0 0 483 500 600 900 500 450 450 666 0 250 500 0 0 0 0 0 0 0 0 0 1000 0 0 0 541 493 500 0 0 535 300 0 0 0 0 0 0 0 400 0 233 500 0 0 0 0 0 0 400 1000 0 571 0 0 0 571 666 0 0 0 400 0 0 0 0 600 1000 372 0 600 571 0 0 400 0 0 0 0 0 1000 400 0 600 0 500 0 0
#WBA 2017-02-25
900 136 136 900 -300 0 136 268 400 400 400 136 136 136 0 0 136 875 136 900 136 900 136 900 900 900 168 0 0 250 900 900 0 0 0 54 136 200 136 200 200 0 136 136 136 178 0 0 136 900 900 900 900 900 900 0 136 0 0 500 -125 -500 0 0 0 0 0 0 400 400 400 136 0 136 0 0 500 136 136 136 136 136 350 500 0 268 268 900 900 136 900 0 0 136 107 625 -200 200 568 136
600 454 454 600 400 0 454 627 800 800 800 454 454 454 0 0 454 600 454 600 454 600 454 600 600 600 277 0 0 250 600 600 0 0 0 412 454 400 454 400 400 0 454 454 454 418 0 0 454 600 600 600 600 600 600 0 454 0 0 1000 375 1000 0 0 0 0 0 0 800 800 800 454 0 454 0 0 500 454 454 454 454 454 650 550 0 627 627 600 600 454 600 0 0 454 283 725 100 400 377 454
#AFCB 2017-02-25
0 0 0 0 0 0 0 261 0 0 0 0 568 212 0 0 0 0 0 0 -156 1000 0 0 0 -277 -155 333 -700 0 350 250 500 400 0 400 0 0 0 0 0 0 500 0 -300 0 0 0 0 400 0 0 0 0 0 550 0 0 0 300 483 0 0 0 0 0 0 0 0 0 0 700 0 212 0 0 0 400 500 0 0 0 0 0 0 500 0 0 0 0 0 416 400 0 0 400 433 0 -125 0
0 0 0 125 1000 0 0 544 125 100 0 0 422 333 400 600 0 0 0 0 325 300 0 500 0 519 288 833 800 0 550 250 500 400 0 800 0 0 100 0 0 0 633 0 350 0 0 0 0 800 0 0 0 0 0 500 100 0 0 166 383 0 0 0 1000 0 0 100 0 0 0 600 0 333 0 0 0 800 475 0 0 0 0 1000 0 900 0 0 0 0 0 583 800 100 0 800 833 0 288 0
#AFCB 2017-02-13
0 0 0 0 0 0 0 250 0 -200 0 0 0 -625 0 0 650 600 366 0 136 0 0 -625 1000 468 0 -25 725 0 0 0 0 0 0 0 0 0 0 0 166 400 150 0 0 -200 0 350 136 0 468 -625 0 0 -349 100 0 600 0 0 0 625 0 357 500 400 0 500 500 166 700 -58 166 0 812 566 0 0 0 161 550 0 0 100 -500 300 0 0 330 -62 -133 0 -400 0 0 0 0 700 0 136
0 0 0 0 0 125 0 250 0 800 100 0 0 1000 0 0 625 600 633 0 500 1000 0 1000 1000 427 0 475 750 0 0 0 0 0 533 0 0 0 0 300 666 850 649 0 0 200 0 650 454 100 427 1000 0 0 333 700 0 600 0 0 0 700 0 757 600 800 0 900 600 533 600 544 666 0 450 633 0 0 0 278 500 0 100 600 1000 166 0 0 520 805 566 0 400 0 0 0 0 500 0 454
#MCFC 2017-02-13
468 136 468 312 0 568 136 136 136 136 200 400 -50 500 468 278 468 0 900 900 468 468 0 0 400 0 136 -121 136 -121 468 1000 0 -121 136 136 0 0 100 100 136 136 136 -121 0 900 900 0 350 0 200 0 136 0 136 100 200 -181 312 136 160 0 68 0 0 -125 0 0 468 0 0 468 136 160 900 900 0 400 1000 -125 0 0 136 136 278 0 0 136 136 0 568 400 -121 162 0 400 0 0 0 500
427 454 427 284 0 770 454 454 454 454 500 800 400 888 427 584 427 0 600 600 427 427 0 0 800 0 454 451 454 451 427 1000 0 451 454 454 0 400 0 0 454 454 454 451 0 600 600 0 300 0 549 0 454 0 454 600 300 377 284 454 539 0 227 0 0 375 0 0 427 0 0 427 454 539 600 600 0 800 1000 656 0 0 454 454 584 0 1000 454 454 0 377 800 451 300 0 500 100 0 0 500
#Swans 2017-02-12
-400 500 0 0 200 -500 500 400 -300 0 154 250 0 0 675 1000 0 0 0 225 0 -549 0 0 0 216 -400 0 0 0 81 0 400 0 0 600 -750 -400 500 350 312 -549 0 500 -750 0 -750 0 500 0 0 766 0 0 0 500 390 0 0 333 0 0 0 0 -1000 0 250 0 0 400 0 400 0 300 0 0 200 0 0 0 0 0 0 500 300 0 -500 0 433 625 -102 0 200 0 166 0 0 0 0 0
500 500 0 0 300 916 500 900 1000 0 453 362 0 0 1000 300 0 0 0 725 0 633 0 100 0 549 400 0 0 0 800 0 500 0 100 550 1000 400 500 600 300 633 0 600 1000 0 1000 0 750 0 0 583 0 0 0 500 333 0 0 1000 0 0 0 0 1000 0 500 0 0 1000 0 900 0 650 0 0 500 0 0 0 0 0 0 750 200 0 875 0 733 600 626 0 500 0 533 0 0 0 0 0
#LCFC 2017-02-12
0 0 -66 0 0 1000 -121 500 0 0 250 250 0 0 500 178 500 500 178 0 0 68 -100 0 136 -249 12 0 -100 0 0 -400 116 0 0 0 500 116 150 500 200 -400 300 50 250 349 0 0 -400 0 50 0 0 316 0 200 500 -121 0 0 0 -166 -500 433 0 0 -121 0 0 0 -400 0 0 433 500 0 0 260 900 0 0 0 0 0 0 0 -500 250 0 0 0 -121 400 -650 0 0 0 0 0 0
0 0 330 0 0 400 451 833 0 0 850 850 0 0 833 285 833 833 285 0 0 727 400 0 454 483 338 0 400 125 0 400 516 0 66 0 833 516 33 833 200 400 350 166 850 666 0 0 400 0 133 0 0 716 125 312 566 451 100 0 0 488 900 833 0 0 451 0 0 0 700 0 0 833 566 0 0 260 525 0 0 0 0 0 0 0 900 333 0 0 0 451 600 700 0 0 0 0 0 0
#Clarets 2017-02-12
200 200 0 -100 0 -312 300 500 0 0 0 0 0 0 0 200 0 0 136 0 0 343 0 0 0 300 0 1000 0 0 0 0 0 0 0 0 -200 100 -125 300 0 0 0 0 310 500 625 0 85 0 0 0 0 0 0 0 158 0 641 625 200 0 0 0 0 1000 412 0 150 0 500 -50 0 0 0 0 -400 -400 -400 0 0 0 -200 0 200 133 1000 500 0 0 0 0 0 0 0 0 0 -83 136 -327
500 500 0 400 0 250 100 900 0 0 0 0 500 0 0 100 0 0 500 0 0 625 0 0 0 0 0 300 0 0 0 0 0 0 0 0 200 400 375 500 0 0 0 0 630 500 900 0 250 0 0 0 0 0 0 500 316 0 666 900 500 0 0 0 0 1000 550 0 600 0 500 50 0 0 0 0 400 400 400 300 0 0 400 0 300 600 600 200 0 0 0 0 0 0 0 0 0 83 454 594
#CFC 2017-02-12
0 550 218 468 0 0 0 200 0 350 0 200 0 0 350 200 0 0 0 350 0 0 350 0 0 0 200 800 0 0 0 -65 0 0 200 0 0 0 0 0 218 -150 -400 1000 800 800 0 200 625 0 0 800 136 800 800 0 0 0 0 0 566 566 566 566 0 0 0 1000 136 0 0 1000 0 1000 300 200 0 200 150 0 0 500 0 -388 800 0 100 200 0 0 0 0 200 0 0 468 0 600 0 100
0 850 327 427 0 0 0 500 0 550 0 500 0 0 550 500 0 0 0 550 0 0 550 0 0 0 300 400 0 0 0 195 0 0 300 0 0 0 0 0 327 900 400 300 400 400 0 300 500 1000 0 400 454 400 400 0 0 0 0 0 533 533 533 533 0 0 0 300 454 0 0 300 0 300 433 1000 0 1000 350 0 0 900 0 833 1000 0 250 500 0 125 0 0 500 0 0 427 0 775 0 175
#LFC 2017-02-11
-155 625 0 0 0 800 366 366 1000 1000 0 0 0 500 0 366 500 100 0 0 -121 0 0 0 0 0 0 0 0 0 0 0 0 0 24 0 0 0 0 0 800 800 800 0 0 0 -100 400 0 500 0 0 468 468 0 900 278 0 900 366 366 0 700 0 0 0 0 0 750 0 50 100 -166 -75 0 0 -26 -333 0 0 0 0 0 95 0 0 0 0 568 366 366 219 0 0 250 0 0 68 400 0
288 900 0 0 100 750 333 333 300 300 0 100 0 900 0 533 900 100 0 0 451 0 0 0 0 0 0 0 0 0 0 163 0 0 600 0 125 0 0 0 900 900 900 1000 0 0 350 800 0 500 0 125 427 427 0 600 584 0 600 333 333 0 700 100 0 0 0 0 800 0 50 0 433 325 0 0 735 500 0 0 100 0 0 511 0 0 0 0 377 333 333 325 0 0 333 0 0 277 675 0
#COYS 2017-02-11
-699 0 0 0 0 446 0 0 270 300 136 459 225 400 550 500 399 200 500 0 0 800 600 700 300 500 0 937 333 700 0 0 0 0 0 250 0 200 0 -874 0 500 0 400 0 -125 -50 0 0 700 325 600 700 700 83 173 -200 0 0 0 600 800 516 -350 425 0 0 533 300 850 1000 -243 414 275 0 200 0 500 62 0 0 0 166 1000 312 800 650 350 250 909 800 156 360 0 0 800 500 0 850 500
666 0 100 0 0 571 0 0 340 600 454 500 450 800 925 355 366 900 1000 0 0 1000 550 700 375 650 0 500 566 700 0 0 0 0 0 333 0 200 533 666 500 600 0 800 0 375 400 0 0 700 566 950 600 700 444 488 649 0 100 100 950 400 527 600 350 0 100 633 100 1000 500 550 441 200 0 679 0 500 637 1000 0 0 405 1000 750 750 625 650 283 780 750 568 406 0 0 766 500 0 500 500
#MUFC 2017-02-11
0 0 0 366 366 1000 1000 0 0 500 625 0 0 300 0 0 0 250 136 0 200 0 0 0 475 400 0 0 0 900 278 0 900 366 366 0 0 0 0 0 0 50 -166 136 800 0 300 400 200 568 366 366 250 0 136 278 116 1000 225 0 500 0 136 136 136 0 25 325 0 100 100 136 0 -87 99 136 366 366 0 0 400 0 250 700 0 0 350 0 0 0 0 976 900 900 278 0 0 0 0 0
0 0 0 333 333 300 300 0 125 1000 1000 0 0 0 0 0 0 283 454 650 200 0 0 250 625 800 650 0 0 600 584 0 600 333 333 0 0 0 0 0 0 50 433 454 400 0 600 800 300 377 333 333 312 650 454 584 316 1000 925 0 600 0 454 454 454 0 224 387 0 0 0 454 100 750 416 454 333 333 0 0 800 0 211 550 0 0 550 0 500 0 0 600 600 600 584 0 0 0 0 0
#WatfordFC 2017-02-11
178 500 400 0 68 400 0 511 0 0 458 268 100 -100 500 -16 334 0 388 0 0 -1000 300 0 0 511 333 0 136 300 -500 0 0 0 312 0 68 400 250 500 333 500 1000 -400 136 800 262 625 0 0 300 750 33 500 -400 511 0 -400 312 262 400 400 0 400 0 199 625 458 0 250 0 100 0 -400 200 0 -400 0 300 368 511 -175 0 1000 1000 400 -400 0 0 0 300 -13 200 125 0 0 0 1000 0 0
285 1000 800 0 727 800 0 622 0 0 500 627 133 375 500 358 250 0 411 0 0 1000 300 0 0 622 666 0 454 300 900 0 0 0 350 0 727 1000 750 500 666 500 350 400 500 1000 550 366 0 0 500 750 494 500 400 622 0 400 333 550 400 400 0 800 44 433 366 500 0 900 0 200 0 400 400 0 400 0 500 700 622 650 0 1000 1000 650 400 0 0 1000 650 638 1000 300 0 0 500 300 0 0
#boro 2017-02-11
511 0 0 -77 0 568 375 0 0 0 0 511 0 166 -121 0 0 0 600 500 0 91 0 500 0 800 0 0 0 568 575 -500 0 1000 166 0 437 200 0 136 -145 500 -100 1000 1000 -500 700 511 0 -50 800 700 0 0 500 300 0 0 0 0 0 0 0 0 350 200 -500 568 511 0 800 0 0 100 0 0 650 500 0 0 0 541 500 0 0 0 0 250 0 300 433 500 -58 0 0 0 511 136 0 0
622 0 0 394 0 377 750 0 1000 0 0 622 0 333 451 0 0 0 400 800 0 713 66 500 0 750 0 0 0 377 650 300 0 300 333 0 400 500 0 454 304 500 400 1000 300 300 800 622 0 150 750 800 0 0 500 550 0 0 0 0 0 0 0 0 475 700 1000 377 622 0 1000 0 0 400 0 0 875 500 0 0 0 500 500 0 0 0 0 500 0 650 416 500 383 0 0 0 622 454 0 0
#EFC 2017-02-11
0 0 0 0 136 511 400 136 0 0 1000 400 0 100 400 136 800 0 0 0 -131 0 136 136 625 200 400 227 0 0 0 0 0 0 0 -300 0 0 227 400 400 400 0 0 -75 0 0 400 0 0 200 0 0 0 0 -250 0 1000 0 400 0 400 136 136 0 0 0 136 0 0 -483 0 0 500 0 500 0 0 800 0 0 0 0 0 0 0 0 0 700 0 400 400 -200 136 136 -121 -159 250 200 268
125 0 0 0 454 622 800 454 0 0 300 400 0 0 800 454 400 0 0 375 577 0 454 454 725 600 800 545 0 125 0 0 0 0 0 600 125 0 545 800 400 600 0 0 750 125 0 800 0 0 100 0 0 0 0 1000 125 300 0 800 125 800 454 454 0 400 0 454 0 0 466 100 0 500 0 600 0 0 1000 0 0 0 0 0 0 0 0 0 600 0 800 500 400 454 454 451 328 437 200 627
#SCFC 2017-02-11
0 0 350 0 800 500 136 500 136 0 0 0 0 400 0 0 511 0 0 375 427 375 295 0 500 0 118 0 0 500 136 0 -225 400 0 400 0 0 500 0 0 0 200 200 136 0 0 0 500 136 149 0 -399 500 500 500 310 0 937 0 -81 214 0 136 350 450 511 350 500 136 500 -500 0 0 500 350 0 0 0 0 0 0 0 0 0 136 0 350 0 0 0 500 0 1000 0 0 -9 0 0 0
0 0 462 250 400 566 454 566 454 0 0 0 0 800 0 0 622 0 0 500 588 500 709 0 566 0 327 0 0 500 500 0 375 800 0 800 0 0 566 0 0 0 300 300 500 0 0 0 500 500 650 0 533 500 500 566 350 0 1000 0 500 571 0 500 462 550 622 462 500 500 500 1000 0 0 500 462 0 0 0 200 0 0 0 0 0 500 0 462 300 0 0 566 0 300 0 0 371 0 0 0
#CPFC 2017-02-11
0 0 0 291 0 5 136 -40 136 0 225 0 375 0 200 0 542 200 0 511 0 0 0 400 0 0 0 -174 -400 -71 500 0 0 0 0 0 0 500 -159 0 100 -500 -400 800 -260 850 0 0 0 0 0 0 0 0 511 979 0 0 0 0 0 -443 0 1000 -99 0 0 -99 0 1000 0 0 0 500 500 0 244 0 0 0 100 -9 600 0 0 0 0 0 0 -250 0 0 200 500 -699 -433 0 250 0 0
0 0 0 533 0 311 454 367 454 1000 600 125 1000 0 300 0 472 300 0 622 0 0 0 400 100 0 0 285 600 467 500 0 0 0 1000 0 0 500 664 0 1000 1000 850 750 130 1000 0 0 0 650 650 0 0 0 622 799 0 0 0 0 0 583 0 300 233 750 750 233 750 300 0 250 0 600 500 0 338 0 0 0 300 371 800 0 0 0 0 100 0 616 0 0 416 500 666 416 0 250 0 0
#SAFC 2017-02-11
0 16 0 700 357 357 0 -126 357 357 357 0 500 0 400 400 224 0 -500 0 0 470 -500 0 500 0 216 0 49 171 99 0 -500 -89 0 0 0 0 183 225 0 0 0 0 500 0 0 0 104 0 -23 -233 0 0 145 400 100 0 0 0 300 0 0 0 0 -159 333 0 0 0 366 0 445 350 0 0 0 0 0 500 0 250 60 450 1000 562 275 325 700 -174 488 250 -299 512 325 0 100 0 202 0
0 316 0 600 571 571 0 666 571 571 571 0 725 0 200 900 456 0 1000 0 0 566 1000 0 500 0 516 0 825 223 66 0 1000 214 0 0 0 0 183 450 100 0 0 400 600 0 750 0 700 0 480 700 0 125 166 900 300 0 0 100 883 0 0 0 1000 664 500 0 0 0 500 1000 611 550 0 0 500 0 0 600 0 200 192 750 300 550 700 550 950 666 833 500 533 812 550 0 400 0 540 0
#SaintsFC 2017-02-11
700 -250 0 -126 -102 0 0 400 224 577 0 -200 233 0 0 0 0 0 -131 0 0 0 0 0 143 0 100 250 -300 0 183 700 0 1000 285 909 1000 0 450 200 0 200 0 0 0 500 199 100 0 0 500 91 1000 500 0 400 -174 700 -166 200 99 0 0 0 0 0 -500 0 125 0 0 -194 229 0 1000 750 300 -500 0 0 200 350 0 166 229 0 0 0 445 0 -333 0 0 300 33 -199 0 0 0 0
700 233 500 666 344 0 0 200 456 477 0 233 400 0 0 0 0 0 577 0 0 0 0 250 287 0 475 200 400 0 183 600 0 1000 535 780 300 0 500 200 0 200 0 0 0 500 609 475 500 0 600 541 300 350 0 399 666 600 166 512 566 0 0 0 0 0 1000 0 375 0 500 288 316 0 750 944 578 1000 0 0 300 650 0 166 316 0 0 0 500 0 666 0 100 350 633 651 0 0 0 0
#WHUFC 2017-02-11
0 -121 511 0 0 800 0 -121 -102 -150 0 0 0 0 325 500 0 350 50 725 0 285 -275 0 0 400 0 0 200 250 0 0 0 500 -121 -200 450 0 335 0 43 0 875 0 300 500 0 511 142 83 0 0 0 200 0 0 449 0 0 0 0 0 0 0 0 0 0 -121 0 -121 600 0 300 -125 0 0 0 0 0 400 0 800 508 600 600 0 0 500 400 -400 0 100 0 0 -131 700 0 0 0 -625
0 451 622 0 0 600 0 451 344 350 0 0 0 0 566 150 0 550 350 750 0 535 616 100 0 600 0 750 200 333 0 0 0 1000 451 100 533 0 477 125 450 0 600 0 950 500 0 622 267 833 0 0 0 300 0 0 400 0 0 0 0 0 0 0 0 0 0 451 0 451 900 0 500 500 750 0 0 0 0 900 0 400 700 900 1000 0 0 500 800 600 100 100 250 0 427 600 0 0 0 900
#WBA 2017-02-11
178 511 0 -250 0 0 -500 0 900 900 0 0 0 445 1000 0 1000 0 0 0 0 0 533 568 423 136 0 0 -155 136 0 0 136 -133 0 -200 0 200 0 0 0 0 0 0 0 500 500 485 900 900 0 0 0 0 0 0 0 875 485 511 650 313 0 0 116 -155 0 0 250 0 136 136 333 800 -155 250 0 136 136 0 136 0 900 900 0 0 0 136 0 300 566 0 435 350 0 322 0 0 0 485
418 622 0 150 0 0 300 0 600 600 0 0 0 750 300 0 300 0 0 0 0 0 666 377 679 454 0 0 288 454 0 0 454 333 0 300 0 100 0 0 0 0 0 0 0 500 1000 602 600 600 0 0 0 0 0 0 0 600 602 622 625 580 0 0 750 288 0 0 944 0 454 454 666 400 288 900 0 538 454 0 454 0 600 600 0 0 0 454 0 100 666 66 577 550 0 519 0 0 0 602
#AFC 2017-02-11
0 -812 0 0 0 0 500 500 0 0 0 225 -121 99 0 250 0 99 350 500 -216 0 500 0 5 0 0 -148 68 0 242 0 -500 333 0 0 0 41 0 0 0
100 1000 0 0 66 0 500 900 0 0 0 216 818 477 0 362 150 477 450 500 355 0 562 0 311 0 0 527 727 0 367 0 299 566 0 0 0 533 0 0 0
#hcafc 2017-02-11
0 -100 -153 399 68 500 -155 0 1000 0 450 -125 -41 -66 -400 0 416 650 0 0 0 -50 0 400 142 0 400 0 0 0 0 0 0 400 250 0 250 200 0 0 0 0 400 400 0 0 49 0 375 -250 -45 100 0 0 0 0 0 0 334 142 0 0 500 0 0 0 0 34 0 0 500 393 0 300 200 0 500 875 0 0 0 0 1000 -333 100 341 200 0 -300 250 0 0 237 -250 0 500 -50 136 200 227
0 400 480 450 227 500 288 0 1000 0 500 125 633 99 400 0 541 450 0 0 66 233 0 300 267 0 400 0 533 0 0 0 0 900 250 0 750 350 0 0 0 0 800 400 0 1000 483 0 750 400 490 1000 0 533 0 0 0 0 571 267 0 0 500 0 0 100 0 421 0 0 500 481 625 200 200 0 500 600 633 0 300 0 1000 1000 900 498 900 0 400 500 0 0 200 516 0 500 200 500 350 545
