#CFC 2016-10-23
250 0 500 -312 0 0 1000 1000 0 0 0 0 0 535 976 -200 -100 0 0 0 0 0 0 0 0 50 0 0 0 781 0 500 500 0 0 0 0 0 428 1000 285 0 262 400 0 500 0 400 25 0 400 0 0 0 0 0 -699 0 0 0 0 0 0 0 191 0 250 0 -349 0 -349 600 171 136 -300 -100 0 0 200 466 0 750 500 0 0 0 0 0 145 0 0 0 250 0 0 0 0 0 344 0
875 0 800 687 50 0 1000 900 0 0 0 0 500 667 800 600 300 0 0 0 0 0 0 0 0 1000 0 0 0 800 0 900 316 0 0 0 0 0 685 900 535 0 900 400 0 900 0 800 175 0 800 0 0 0 125 0 666 0 66 0 0 0 0 0 458 0 333 0 333 0 366 900 467 454 950 350 0 600 100 700 0 675 1000 0 0 0 0 0 541 100 0 0 450 0 0 0 0 0 522 0
#MUFC 2016-10-23
0 0 0 -333 0 0 250 0 0 0 1000 0 0 500 0 0 -49 0 527 0 0 133 0 675 0 -125 0 0 0 0 341 0 0 0 0 0 150 400 0 -400 0 -500 0 0 625 0 50 0 0 0 0 233 168 0 0 0 0 0 0 0 100 0 0 591 0 200 500 500 500 0 1000 0 349 300 600 400 0 0 0 0 0 400 300 400 400 0 800 0 607 0 600 0 0 0 366 0 93 0 568 0
500 0 0 333 0 0 650 0 0 0 1000 0 0 525 0 0 783 0 761 0 0 633 0 750 0 375 0 0 66 0 616 0 0 0 0 0 649 800 0 400 0 1000 0 0 900 0 50 0 0 0 0 366 412 0 0 0 0 0 0 0 450 0 0 608 0 900 316 525 600 0 300 0 666 266 716 1000 0 0 0 0 0 400 900 800 800 125 900 0 750 0 1000 1000 0 0 166 0 277 0 727 0
#MCFC 2016-10-23
0 0 500 -312 1000 200 0 0 0 0 535 976 0 200 125 333 0 0 0 0 0 0 0 781 0 25 0 0 -100 0 428 1000 285 262 250 0 400 400 0 350 700 0 0 0 -726 0 0 -366 0 0 0 0 0 800 800 250 250 0 0 0 0 0 0 600 -100 83 139 0 342 0 0 0 0 0 0 0 0 0 1000 -121 300 600 0 -600 0 0 0 0 0 0 0 200 -100 0 200 0 -100 0 349 300
0 0 800 687 900 100 0 0 300 0 667 800 0 100 694 666 0 0 0 0 0 0 0 800 0 500 0 0 450 0 685 900 535 900 200 0 800 800 0 550 600 0 0 125 900 0 0 466 0 0 0 0 0 750 750 512 512 0 0 0 0 0 0 300 350 611 450 0 667 0 0 0 0 0 0 0 0 250 300 451 350 300 0 1000 0 0 0 100 0 0 0 687 500 0 100 0 350 0 823 900
#SaintsFC 2016-10-23
-200 100 427 0 69 350 -300 0 633 -50 0 0 104 0 1000 600 0 0 650 500 0 800 136 400 400 400 0 0 0 0 0 700 0 -100 0 0 500 175 0 0 0 0 0 0 500 0 392 0 0 250 0 -50 -50 0 437 275 0 0 300 500 -250 0 1000 600 0 66 0 -113 625 375 -200 399 483 0 750 -16 0 0 800 0 0 81 0 0 2 0 0 -550 250 0 0 100 333 600 0 -181 -175 0 0 0
0 800 647 0 388 550 483 0 633 400 0 0 575 0 800 900 0 250 450 625 0 1000 454 400 400 400 0 0 0 0 0 799 0 100 1000 0 500 449 0 0 0 0 0 0 500 0 517 66 0 200 0 400 100 0 687 625 0 0 459 500 400 0 300 1000 0 300 0 373 825 416 500 629 375 0 900 488 0 0 750 0 0 578 0 0 668 0 0 700 375 0 0 200 666 900 0 279 600 0 0 0
#LFC 2016-10-22
100 0 100 149 556 0 900 0 0 200 383 541 1000 -25 0 0 0 600 0 0 0 149 0 0 0 0 0 50 100 0 0 200 0 0 0 0 0 0 0 0 0 500 0 350 0 400 0 500 0 0 0 0 0 0 0 260 0 1000 0 0 0 383 0 0 0 550 500 -200 350 0 0 149 0 0 400 0 300 -400 700 0 0 50 500 800 183 0 800 0 200 266 66 0 0 0 0 0 0 0 0 0
400 0 400 500 366 0 525 0 0 500 316 300 300 100 0 0 0 550 0 0 0 500 0 0 0 0 0 50 0 0 0 500 0 0 0 0 0 0 0 66 0 600 0 550 0 700 0 500 700 0 0 0 0 125 0 241 0 400 0 0 0 316 600 0 0 600 600 400 650 0 0 500 0 0 900 0 450 400 750 0 62 100 150 400 350 0 750 0 400 416 472 0 0 0 0 0 0 0 0 0
#WBA 2016-10-22
0 1000 0 0 1000 149 -400 72 500 0 250 0 0 149 204 0 136 199 0 125 100 149 0 149 300 100 400 166 0 0 800 0 0 0 0 0 0 0 0 0 200 500 0 -50 233 0 500 150 125 136 400 0 150 0 0 233 136 0 0 0 0 0 0 -500 0 0 33 0 0 0 800 72 0 0 0 0 0 0 0 0 -400 0 0 224 0 0 0 0 433 500 0 0 0 0 0 0 216 433 -1000 0
1000 300 0 0 400 500 400 519 500 357 1000 0 0 500 570 0 454 300 0 166 400 500 0 500 350 200 1000 371 0 0 400 0 0 0 0 0 0 0 0 0 399 500 0 325 399 0 500 427 450 500 400 0 950 0 0 399 454 0 0 0 0 0 0 1000 0 0 600 0 0 0 1000 519 0 0 0 0 0 0 0 0 400 250 0 475 0 0 0 0 733 500 0 0 0 0 0 0 377 733 1000 66
#AFC 2016-10-22
0 -100 0 -133 0 0 0 600 625 0 0 200 0 400 500 0 0 0 0 -38 -250 0 200 250 0 0 0 0 -50 0 0 0 0 0 0 0 136 0 500 136 0 0 0 0 -100 0 0 0 500 -221 0 0 66 0 0 500 -1000 0 800 400 0 0 0 0 0 0 400 0 500 0 566 0 800 0 399 600 0 400 800 500 0 0 200 100 0 400 0 0 0 350 400 0 800 200 -400 250 80 0 216 -25
0 1000 0 488 0 0 0 583 800 0 0 200 0 800 750 0 0 0 0 134 250 0 200 333 0 0 0 0 150 0 1000 0 0 0 0 66 454 0 888 454 0 0 0 0 900 0 0 0 800 735 0 0 566 0 0 800 900 0 900 800 0 0 0 0 0 0 800 0 666 0 566 0 900 0 650 1000 0 800 900 800 0 0 400 255 0 800 0 0 0 500 800 0 900 700 400 450 436 0 750 675
#boro 2016-10-22
500 0 500 0 0 -400 0 -400 650 0 0 0 0 0 125 166 -250 -175 0 0 0 0 0 -100 81 0 0 50 -166 0 0 0 0 0 0 433 0 0 500 0 0 0 118 0 0 0 0 0 500 0 -166 0 0 300 600 0 0 0 0 285 0 0 0 0 0 0 100 0 100 200 200 312 350 700 350 200 0 -200 375 300 0 200 0 312 375 0 0 0 -100 -250 -175 -34 200 0 0 0 0 136 50 0
500 0 833 0 0 400 0 800 250 500 0 0 0 0 166 400 750 275 0 0 0 0 0 766 596 0 0 450 333 0 0 0 0 0 0 733 0 0 900 0 0 0 727 0 0 0 0 0 900 0 291 0 0 750 1000 0 0 0 0 607 0 1000 0 0 0 0 216 0 400 275 275 333 550 600 550 500 0 200 600 441 0 550 0 333 500 0 0 0 400 750 275 227 550 0 0 0 100 500 650 1000
#Clarets 2016-10-22
250 0 0 0 500 -50 0 625 116 800 500 0 0 0 -500 150 0 0 0 412 0 0 0 0 -71 0 136 136 50 625 0 312 300 800 416 0 0 0 0 0 0 0 412 400 0 800 0 0 100 0 800 0 0 0 0 0 350 318 0 0 0 0 0 0 0 0 0 0 0 -125 0 0 0 0 0 118 900 0 0 0 446 136 0 0 800 0 316 400 68 -500 68 800 0 0 0 0 0 0 0 0
500 0 0 0 500 400 0 900 500 400 500 0 0 0 500 50 0 0 0 550 0 0 0 0 142 0 454 500 100 900 0 250 900 400 500 0 0 0 0 0 0 1000 550 450 0 750 0 0 100 0 400 0 0 0 0 0 550 700 0 0 0 0 0 0 0 0 0 0 0 750 0 0 0 0 0 750 900 0 0 0 535 500 0 0 750 0 350 200 275 400 275 400 0 0 0 0 0 0 0 0
#EFC 2016-10-22
0 0 0 0 400 0 100 0 0 0 0 0 250 0 0 400 500 500 500 0 0 0 500 0 800 500 0 0 0 500 750 0 500 0 0 0 0 500 750 500 0 750 500 0 750 0 0 0 850 400 0 0 0 0 0 -399 0 0 500 0 625 450 750 0 0 0 0 0 0 0 0 136 0 88 150 -200 0 0 0 0 0 160 0 0 0 0 0 0 0 1000 0 0 700 175 136 0 425 500 0 -108
0 0 0 0 800 0 0 0 0 125 0 0 250 0 0 800 500 500 500 0 0 0 500 0 1000 500 0 0 0 500 950 0 500 0 100 0 0 500 950 500 0 950 500 0 950 0 0 0 450 800 0 0 0 0 0 600 0 0 500 0 500 850 950 0 125 0 0 651 0 100 0 454 0 307 300 700 500 0 0 0 0 539 0 0 0 0 0 0 0 300 0 0 700 375 500 0 747 900 0 366
#hcafc 2016-10-22
0 500 136 0 152 49 0 -114 350 650 0 400 0 0 500 350 0 400 400 -699 0 -100 0 0 175 49 62 400 400 -62 400 -125 0 0 0 -114 136 0 212 -349 136 875 0 -300 0 0 285 250 675 0 0 0 -600 -200 -400 0 261 245 -133 250 -699 -166 0 -250 0 0 -333 1000 100 100 500 0 0 0 0 0 -200 -333 133 0 -54 0 0 0 285 -90 0 0 0 175 0 0 750 0 100 0 0 -175 250 100
0 500 454 66 594 550 0 427 450 780 500 400 0 0 500 700 0 400 1000 666 1000 400 0 0 275 600 500 400 375 487 400 375 0 1000 0 427 454 0 508 333 454 600 0 900 0 0 489 250 425 433 0 0 800 450 600 1000 478 784 933 483 666 355 0 1000 0 100 1000 300 1000 1000 500 0 0 0 0 0 333 666 217 0 607 1000 0 0 535 196 0 0 0 275 0 0 750 66 200 66 0 616 437 50
#SCFC 2016-10-22
0 0 0 0 -114 200 0 500 750 0 750 0 0 366 0 -125 -114 0 0 49 50 0 0 285 0 350 0 0 0 0 218 0 1000 800 0 250 109 37 -500 -329 -187 525 200 0 168 0 0 0 500 100 50 800 -437 750 0 0 366 0 0 136 -200 1000 0 250 150 0 0 0 0 50 350 0 0 -500 350 0 0 0 418 0 0 0 378 -300 0 100 0 0 0 0 0 400 -200 800 800 0 0 650 170 0
0 0 0 0 427 200 0 500 550 0 800 0 100 700 0 375 427 0 0 450 383 100 0 535 0 433 0 0 0 0 375 0 1000 1000 0 300 592 620 1000 577 500 366 400 0 477 0 0 500 200 350 200 1000 691 819 0 0 700 0 0 454 150 400 0 300 144 0 0 0 0 383 416 0 0 866 550 0 0 0 527 0 1000 0 518 400 0 350 0 0 0 0 0 700 700 1000 1000 0 0 675 454 100
#LCFC 2016-10-22
0 0 0 0 428 1000 125 0 0 0 136 285 300 0 262 0 0 0 0 0 0 0 0 0 0 0 316 0 200 1000 566 0 0 0 0 500 0 800 433 400 0 0 0 -200 433 400 400 0 400 -625 800 138 -250 125 0 500 1000 0 0 400 0 0 0 350 0 0 0 1000 49 800 500 250 400 0 0 500 500 0 -500 458 0 406 445 0 0 -99 0 0 800 0 500 0 400 0 1000 1000 1000 -425 400 350
0 0 0 0 685 900 200 0 0 0 454 535 0 0 900 125 0 0 0 0 0 0 0 0 0 0 716 125 312 1000 566 100 0 0 0 800 0 900 833 800 0 0 0 0 833 800 800 0 800 400 900 222 150 200 0 800 300 1000 0 800 0 0 0 300 0 0 0 300 500 400 300 950 600 0 0 500 500 125 900 191 0 666 418 0 0 449 0 0 900 0 800 1000 600 0 1000 900 900 850 800 300
#CPFC 2016-10-22
0 0 0 136 0 0 0 0 233 0 562 0 500 266 99 0 0 0 0 0 550 -30 0 300 0 283 0 -500 250 0 0 1000 0 -68 250 -93 -937 0 0 0 0 0 0 0 -16 0 0 0 0 0 0 0 0 0 400 0 0 27 0 0 0 0 0 0 0 0 600 1000 500 -166 0 0 0 0 -400 0 0 0 0 566 437 700 0 800 400 170 0 0 0 0 0 0 0 0 -68 -68 0 0 -68 0
0 0 0 454 0 125 0 0 300 0 700 1000 600 166 66 0 100 0 0 300 375 402 0 896 50 488 0 400 200 0 0 300 1000 412 400 312 800 0 0 0 0 0 0 0 466 600 0 0 0 100 100 100 0 0 400 0 0 405 0 600 50 0 100 0 0 0 550 1000 150 333 0 0 0 500 400 0 0 0 0 833 500 600 0 1000 800 454 0 0 0 0 0 0 1000 0 412 412 0 0 412 0
#Swans 2016-10-22
500 0 0 0 -125 0 -125 200 66 -125 119 200 335 200 200 -155 50 500 100 -150 0 0 333 0 219 500 0 0 0 200 0 50 50 -500 260 0 277 200 0 -199 0 -150 -150 -150 0 -375 0 0 -150 -150 -1000 200 -150 0 -266 0 0 0 0 -66 0 0 136 136 -300 0 0 0 168 0 737 550 550 0 0 0 0 0 0 0 -166 266 0 136 0 0 250 300 0 -200 542 0 0 0 0 100 0 0 0 0
500 1000 1000 0 750 0 1000 200 733 944 378 200 527 200 200 288 150 500 400 99 0 125 266 0 562 500 0 0 250 300 0 650 200 1000 390 0 488 200 0 333 0 83 99 99 66 800 0 0 99 99 1000 200 99 0 283 66 66 66 0 55 0 0 454 454 400 500 0 0 477 0 875 500 500 0 0 428 0 0 100 0 333 516 0 500 0 0 500 0 0 550 863 0 0 0 0 200 0 0 0 0
#WatfordFC 2016-10-22
400 -650 0 400 500 1000 0 312 -100 -49 500 -75 800 -400 400 125 68 0 0 0 0 466 250 300 -200 0 323 0 700 200 0 -125 187 400 0 -200 0 0 400 350 300 300 -200 250 0 0 0 -50 150 285 0 0 0 266 -33 250 318 300 -200 0 0 350 -100 -100 0 -50 250 250 181 181 391 250 100 0 375 318 161 466 0 0 800 500 -400 0 0 50 0 0 0 0 1000 -400 212 0 0 400 0 0 350 0
800 700 0 800 500 300 300 350 58 700 625 258 750 400 400 300 727 0 0 0 0 433 500 0 550 0 400 0 600 800 0 366 875 400 0 500 0 0 400 200 0 0 550 500 0 0 0 200 400 540 0 0 0 533 166 500 291 0 550 0 0 550 58 58 533 200 500 500 250 250 416 445 400 300 611 566 411 433 0 0 400 500 400 0 0 250 0 0 400 0 400 400 379 0 0 800 0 0 800 0
#WHUFC 2016-10-22
200 133 0 600 600 0 0 0 0 175 0 0 8 0 0 0 0 0 0 0 0 0 0 0 0 600 600 250 250 250 0 0 0 -100 1000 214 0 700 0 0 0 0 0 -500 0 0 0 0 0 214 0 0 0 -400 36 0 0 300 300 0 0 -163 900 137 0 0 0 0 266 366 0 0 0 250 -166 214 0 0 -1000 0 0 0 0 0 0 0 0 0 0 400 600 375 0 0 0 0 0 -400 0 -166
500 300 0 1000 600 0 0 0 0 275 0 0 608 100 0 0 0 0 0 0 0 0 0 0 0 600 600 200 200 333 0 216 0 350 300 271 0 600 0 0 0 0 0 400 0 0 0 0 0 271 0 0 0 400 683 0 0 500 500 0 1000 213 1000 449 0 0 0 0 583 358 0 0 100 333 333 271 0 0 1000 0 0 0 1000 0 0 0 0 0 0 800 600 400 0 0 0 0 0 400 0 433
#SAFC 2016-10-22
600 0 0 0 0 800 750 0 750 0 0 0 295 100 1000 237 0 1000 170 1000 1000 0 1000 -500 -250 0 0 0 295 0 295 295 295 1000 295 0 295 -50 -50 0 -31 125 35 295 295 211 250 1000 0 -1000 -50 0 36 0 0 -200 0 500 0 75 0 0 1 -400 -250 -125 0 0 0 0 0 100 0 -1000 35 0 0 400 0 1000 500 500 -62 100 100 0 0 0 400 -166 0 -200 300 -25 295 1000 0 -266 -500 -50
1000 0 0 0 0 400 950 100 950 0 0 0 416 200 400 633 0 400 454 400 400 0 400 1000 300 0 0 0 416 125 416 416 416 400 416 150 416 400 400 0 327 925 273 416 416 277 333 400 150 1000 400 0 683 0 0 500 1000 600 0 625 0 100 295 400 600 125 0 150 0 1000 0 400 0 1000 273 0 0 800 0 300 750 750 187 400 400 0 0 0 800 433 0 100 800 200 416 400 500 533 500 400
#AFCB 2016-10-22
500 0 0 0 0 0 0 0 0 -400 0 0 270 250 -400 -500 0 0 0 -400 350 0 0 0 0 350 0 0 0 0 0 0 275 357 -166 0 0 0 0 0 0 0 400 0 750 0 150 0 0 0 0 0 550 0 160 1000 0 175 -166 0 300 800 750 0 0 400 0 316 250 0 0 0 650 0 0 0 350 480 0 0 137 -400 0 0 475 0 400 0 0 0 227 0 0 0 0 0 0 0 312 0
200 0 0 125 0 0 100 0 0 400 0 0 533 200 400 1000 0 0 0 400 550 0 0 0 0 550 0 0 0 250 100 0 552 535 333 0 0 0 0 0 0 0 800 0 650 0 600 0 0 0 0 0 500 100 539 300 0 275 166 0 166 750 650 0 250 233 0 621 437 0 0 100 450 0 0 0 550 630 0 0 600 400 0 0 525 0 800 0 1000 0 545 0 0 0 0 0 0 0 333 0
#COYS 2016-10-22
45 700 -500 0 0 428 1000 400 0 100 0 285 262 400 200 0 400 437 400 161 0 0 -155 433 0 625 0 -400 0 500 -600 909 500 0 0 100 100 0 433 342 422 50 0 300 0 0 300 0 250 400 500 136 200 270 0 550 0 162 1000 200 57 500 0 200 0 0 750 0 0 500 375 750 -625 0 0 0 0 800 0 625 250 0 0 -400 0 -25 281 533 500 0 266 12 445 350 0 0 600 0 500 0
566 600 700 0 0 685 900 800 0 600 0 535 900 550 539 0 800 625 1000 172 0 0 288 833 0 600 0 400 0 625 900 780 600 0 0 400 400 0 616 667 294 700 0 500 0 0 625 0 250 800 500 454 500 533 0 725 0 166 300 539 766 500 0 539 0 0 450 0 0 888 750 950 400 0 0 0 0 750 0 1000 750 1000 0 400 0 525 791 833 600 0 500 216 784 300 0 0 900 0 500 0
#LFC 2016-10-17
0 650 0 333 500 0 0 0 0 0 0 0 0 375 375 0 0 400 650 0 0 0 800 -600 0 0 625 0 300 0 0 0 -300 0 0 50 0 100 350 350 400 650 184 0 0 500 500 500 566 0 0 0 -625 0 400 170 0 0 0 0 25 550 412 0 0 500 400 400 0 0 0 0 0 0 0 0 500 500 -300 0 -500 0 0 450 -114 0 640 214 318 0 0 100 0 0 0 0 0 -400 0 0
0 450 0 500 500 0 0 0 0 0 0 0 0 525 525 0 0 350 450 0 0 0 575 1000 0 0 800 1000 200 0 0 0 400 0 0 50 0 0 550 550 700 450 641 0 0 833 900 900 791 0 0 0 700 0 378 454 0 0 0 0 150 950 550 0 0 600 350 350 0 0 0 0 0 0 0 0 500 900 850 0 400 0 0 644 579 125 500 592 527 0 66 1000 0 0 0 0 0 400 0 0
#MUFC 2016-10-17
500 0 0 0 0 0 0 -400 -133 200 700 0 437 800 250 100 675 -500 245 0 0 50 0 400 0 0 0 0 375 650 0 800 0 0 16 0 0 0 0 0 0 500 -125 0 0 0 0 0 0 0 0 0 0 0 0 0 -300 0 0 -12 0 0 400 -388 -388 200 400 0 0 0 0 0 0 0 0 0 0 0 0 0 0 -50 400 0 300 -62 0 0 0 250 250 250 111 0 0 0 0 500 -486 666
500 0 0 0 0 0 125 400 333 400 600 466 212 575 250 200 750 1000 450 0 0 50 0 700 0 0 0 0 500 700 0 400 0 0 344 0 0 0 0 0 0 600 1000 0 0 0 0 0 0 0 0 0 0 0 0 0 850 0 0 439 0 0 800 833 833 200 800 0 0 0 0 0 0 125 0 0 0 0 66 0 0 800 800 0 600 744 0 0 0 333 333 333 500 0 0 0 0 500 833 666
#SaintsFC 2016-10-16
0 0 0 54 800 0 50 375 -333 366 650 0 -400 0 0 0 0 0 0 -600 -200 0 500 0 0 100 -275 0 0 0 650 0 153 491 0 0 0 -250 -625 0 350 -166 0 0 0 350 0 0 354 -750 1000 -78 0 250 500 -83 -125 100 0 500 0 -500 50 0 0 0 300 350 400 236 -194 0 0 344 200 200 0 1000 0 -312 0 400 -166 0 -84 0 900 -400 0 0 0 0 0 400 0 0 416 0 0 0
0 0 0 720 750 0 283 366 666 700 575 0 400 0 0 0 0 0 0 900 600 0 500 0 0 1000 445 0 0 0 625 0 477 688 0 0 0 400 1000 0 550 500 0 1000 62 550 0 100 716 750 1000 400 0 312 550 83 1000 1000 0 500 100 400 500 0 0 0 600 350 400 680 916 0 0 855 900 500 0 1000 0 1000 0 375 333 100 358 0 650 400 0 0 0 0 0 375 1000 0 500 0 500 0
#Clarets 2016-10-16
-200 -400 0 0 268 0 0 800 412 0 -100 387 700 0 0 0 0 0 0 125 700 0 0 99 175 0 0 625 0 -100 0 0 700 375 0 0 50 712 0 0 0 0 400 0 0 800 800 0 500 0 0 0 0 0 0 433 50 800 625 0 0 633 -566 300 -200 500 0 0 375 0 0 900 0 0 662 625 0
300 400 0 0 450 0 0 400 550 0 400 483 600 0 0 100 0 0 1000 1000 600 0 0 33 266 0 0 900 0 400 0 0 900 750 0 0 100 650 0 0 0 0 250 0 0 400 400 0 900 0 0 0 0 0 0 433 100 400 900 0 0 799 600 900 100 500 0 0 611 0 0 700 0 0 675 900 0
#boro 2016-10-16
0 0 0 500 16 0 0 0 0 0 0 0 416 500 0 0 -97 -52 0 0 0 500 250 0 600 0 0 0 0 0 0 118 0 0 0 136 0 193 -121 500 0 0 0 0 0 -77 0 250 525 -156 500 700 500 0 350 0 0 258 66 500 0 250 -41 104 350 0 66 500 -500 16 0 0 0 0 400 0 350 0 166 0 -100 200 0 250 -150 0 136 -166 0 750 0 812 100 138 0 -25 136 71 468 500
0 0 0 1000 183 0 0 0 0 0 0 0 444 500 0 0 638 550 0 0 0 833 200 0 549 0 100 100 0 0 0 327 0 0 0 454 0 477 818 600 0 0 0 0 0 144 100 400 366 158 750 900 500 0 350 0 0 575 466 500 0 300 216 275 300 0 66 729 1000 183 516 0 0 0 375 0 550 100 666 66 233 200 0 750 350 0 454 333 0 750 0 449 900 555 0 200 500 223 677 600
#WatfordFC 2016-10-16
0 -500 0 0 0 0 600 -291 400 0 0 400 0 800 400 -500 0 0 -125 400 500 -320 0 0 -500 285 0 0 600 1000 0 350 0 600 24 -187 300 0 0 1000 0 0 400 0 136 1000 0 0 0 -400 300 0 0 416 0 0 468 800 -400 0 300 0 -400 300 0 0 300 0 0 666 0 0 500 0 0 0 -166 0 0 118 0 800 0 275 -625 0 0 500 0 71 0 0 0 0 0 118 -500 118 0 450
0 300 0 0 1000 1000 950 500 233 0 0 800 0 1000 800 300 0 0 375 800 500 525 0 0 400 535 0 0 950 300 0 350 0 1000 494 750 0 0 0 300 0 0 700 66 454 300 0 0 0 600 0 0 0 833 0 0 677 400 400 0 0 0 400 0 0 0 0 100 100 799 0 0 600 0 0 0 166 0 0 377 0 400 0 166 400 0 0 500 0 426 0 0 0 0 66 377 299 377 0 550
#CPFC 2016-10-15
0 125 0 136 -400 0 0 0 0 0 0 0 0 250 136 375 179 500 625 0 0 0 0 0 1000 800 100 0 0 0 285 0 0 375 -333 0 136 0 136 136 136 136 0 0 0 136 0 0 0 0 0 0 0 0 0 0 500 0 -166 900 0 433 0 0 0 0 141 0 400 0 0 700 0 -155 0 800 250 0 0 0 0 0 0 100 0 480 350 550 0 625 0 375 500 108 0 0 0 462 0 0
0 100 0 454 400 0 0 0 0 0 125 0 0 312 500 700 250 500 500 100 0 0 0 0 300 750 799 0 0 0 535 0 0 700 500 0 500 0 500 500 500 500 0 0 0 454 0 0 0 0 0 0 0 0 0 100 500 0 333 1000 0 833 0 0 0 1000 199 0 800 0 400 600 0 288 0 400 283 0 0 0 0 0 0 1000 0 770 350 500 100 500 0 700 500 333 0 0 0 575 0 0
#WHUFC 2016-10-15
125 136 600 145 0 -312 250 0 0 0 0 0 250 -494 366 0 136 136 214 366 -699 500 625 0 0 0 500 0 0 600 600 533 0 -375 -400 600 0 -600 0 300 550 0 0 -262 -308 -100 800 200 100 0 0 0 0 0 -312 0 0 0 0 -133 400 400 0 0 136 0 0 0 0 0 0 -273 0 0 0 0 0 0 -750 500 -750 -166 50 0 -1000 0 -262 0 0 -50 -750 0 0 0 -400 0 0 0 400 600
100 454 900 548 0 687 300 0 0 0 0 0 312 866 333 0 454 454 428 333 666 500 500 100 0 0 500 0 250 600 600 266 0 754 750 900 0 900 0 750 300 0 0 387 791 400 750 100 1000 0 0 0 0 0 750 0 0 0 0 500 700 500 0 0 454 0 0 0 0 0 0 595 0 0 0 0 0 100 750 500 750 333 500 0 1000 0 387 0 0 400 750 0 0 0 700 0 0 0 800 600
#AFC 2016-10-15
0 -84 0 0 0 0 0 0 125 0 136 428 400 0 0 0 0 0 39 0 0 0 0 0 0 0 0 0 0 0 0 0 0 0 0 0 0 0 100 1000 1000 0 0 0 0 0 0 0 0 0 0 0 0 450 413 0 250 136 0 0 -199 -260 -100 0 0 0 0 0 200 0 1000 0 0 0 0 0 -79 0 0 0 0 500 166 500 -97 800 0 800 0 233 1000 500 0 0 0 0 0 0 136 -200
0 412 0 0 0 0 0 0 100 0 454 278 800 0 0 0 0 0 370 0 0 0 0 0 0 0 0 0 0 0 0 0 0 0 0 0 0 0 250 400 400 0 0 0 0 0 0 0 0 0 1000 0 0 650 733 0 250 454 0 0 300 166 0 400 0 0 100 0 200 0 1000 0 0 0 0 0 522 0 0 0 0 800 333 800 187 900 0 900 0 366 300 625 0 0 0 0 0 0 454 400
#Swans 2016-10-15
0 0 0 0 800 0 0 300 136 0 -150 0 0 463 0 300 0 700 0 300 300 300 300 0 0 400 36 250 0 83 700 0 0 0 0 350 136 300 0 500 1000 0 200 0 0 0 -166 0 0 0 0 0 500 0 0 300 1000 0 850 0 200 -155 0 -331 1000 0 0 0 -291 136 300 0 0 0 0 0 300 0 375 0 0 0 0 300 300 0 -388 0 0 0 0 0 875 350 -500 0 0 0 0 0
0 133 0 0 750 0 0 0 454 66 400 0 0 572 0 0 0 600 0 0 0 0 0 100 0 800 313 250 0 241 600 0 0 130 0 550 454 500 0 833 1000 0 400 0 0 0 333 0 0 0 0 0 500 0 0 500 300 0 450 0 500 288 0 625 1000 0 0 0 541 454 500 0 0 0 0 0 500 0 944 0 0 0 0 500 0 0 833 0 0 0 0 0 900 550 500 0 0 1000 0 0
#AFCB 2016-10-15
0 0 0 0 0 0 0 0 0 0 -200 0 0 0 100 0 50 0 0 353 -400 433 0 0 -400 0 0 116 0 0 -166 937 433 800 500 0 0 0 0 0 400 0 0 0 0 0 -131 0 0 0 550 0 136 -375 300 0 200 4 0 0 350 -200 0 0 0 0 0 0 0 437 0 0 0 0 500 0 400 416 0 0 312 0 0 400 200 0 0 0 0 0 0 -500 400 0 0 -400 0 0 -133 400
0 0 0 125 0 0 100 0 0 0 100 0 0 0 400 0 650 0 0 560 400 833 0 0 400 0 0 500 100 0 333 450 833 400 500 0 0 0 0 0 800 0 0 0 0 0 577 0 250 0 500 100 454 575 166 0 425 500 0 0 350 0 0 0 100 0 0 0 0 944 0 66 0 0 500 0 800 833 0 0 333 0 0 400 400 0 0 0 66 0 0 400 800 100 0 400 0 0 433 800
#hcafc 2016-10-15
0 0 112 100 68 350 43 -100 0 0 0 506 0 0 0 -24 400 0 0 68 -888 50 0 0 136 0 0 0 193 0 0 158 0 0 0 0 700 0 136 0 100 0 0 66 0 0 0 0 -400 0 0 0 433 0 0 300 0 99 800 125 433 500 0 800 200 -400 66 0 800 0 1000 0 1000 0 0 500 0 -15 0 0 0 0 0 0 0 524 16 166 285 0 0 200 0 400 516 800 0 100 0 0
0 0 825 200 227 850 427 500 0 0 0 662 393 0 0 587 900 0 0 477 850 350 0 0 454 0 0 100 393 533 66 729 1000 0 0 0 600 1000 454 0 100 0 0 433 0 0 0 1000 700 1000 1000 0 733 0 0 100 1000 900 400 666 866 900 1000 750 200 400 419 0 1000 0 300 0 750 0 1000 500 0 310 0 1000 0 0 1000 1000 0 850 594 783 535 0 0 400 0 1000 916 1000 0 100 0 0
#MCFC 2016-10-15
0 125 0 0 400 0 -166 -50 800 0 0 0 0 0 0 400 400 0 0 0 0 1000 1000 0 333 0 800 400 0 0 0 0 0 500 0 0 0 0 0 449 0 0 0 0 0 0 0 0 0 0 0 0 350 0 500 0 0 0 0 0 500 68 800 0 0 0 500 800 0 0 120 0 0 0 0 0 -80 0 500 0 375 400 0 0 -400 100 625 100 0 0 0 0 0 0 0 1000 0 -25 0 0
0 100 0 0 700 550 666 583 400 0 0 0 0 0 0 800 700 0 0 0 0 400 400 0 666 0 400 800 100 0 0 0 0 600 0 0 100 0 0 500 0 0 0 0 0 0 0 0 0 0 0 0 650 0 800 0 0 0 0 0 800 602 900 0 0 0 500 900 0 0 440 0 0 0 0 0 140 0 500 0 900 800 0 66 400 199 750 199 0 0 0 0 0 0 0 300 100 700 0 0
#EFC 2016-10-15
0 125 0 400 100 0 0 800 800 800 800 400 0 0 0 -200 400 0 400 0 0 -107 166 0 0 800 0 -100 -100 -100 0 0 0 -100 0 0 0 0 136 136 0 136 0 400 800 100 -400 -200 0 0 0 400 250 -100 -200 0 0 0 0 0 500 0 0 51 100 -150 316 600 0 1000 0 368 600 600 600 500 1000 0 0 0 625 0 0 136 350 0 700 433 0 278 0 0 250 125 0 750 200 400 -50 0
0 100 0 800 0 0 0 400 400 400 400 400 0 0 125 0 400 0 800 0 0 407 666 1000 0 400 66 500 500 500 0 0 0 500 0 100 0 0 454 454 0 454 0 410 400 100 1000 0 0 0 0 800 250 500 0 0 0 0 0 0 500 0 0 428 100 250 336 475 100 1000 400 627 800 800 800 500 300 0 0 100 750 0 0 454 300 0 600 466 0 384 0 0 333 205 0 500 500 400 800 0
#SCFC 2016-10-15
0 350 125 0 0 0 0 0 0 200 0 0 0 156 200 0 200 0 566 566 0 0 218 200 200 200 200 0 0 516 0 -33 0 0 0 0 0 750 0 0 437 0 136 300 0 500 200 -166 0 0 0 0 0 0 700 0 75 0 -33 500 500 0 0 566 750 0 0 -500 0 0 0 0 -243 566 566 566 566 0 320 0 350 0 800 0 0 -400 0 252 38 0 0 -25 252 249 500 300 0 0 200 350
0 300 100 0 0 0 0 0 0 500 0 0 0 1000 500 0 200 0 625 625 0 66 477 200 200 200 450 0 0 411 0 533 0 0 0 0 0 750 0 0 550 0 454 500 0 500 500 433 0 0 357 0 0 0 850 0 350 0 533 500 650 0 0 625 700 0 0 500 0 0 0 0 288 625 625 625 625 0 533 0 550 0 1000 0 0 400 0 425 272 0 0 475 425 312 475 500 0 0 900 400
#SAFC 2016-10-15
350 500 0 0 0 -166 800 0 -166 125 525 0 0 0 0 0 0 0 0 -8 45 100 0 0 0 0 800 412 516 250 0 -500 0 0 0 700 0 78 0 250 16 0 0 0 0 0 0 0 0 0 0 0 0 200 -166 250 0 500 200 -291 250 0 400 500 136 -500 -30 0 -166 0 500 0 500 0 400 0 0 -500 0 400 0 0 136 -243 -300 175 0 0 0 0 0 0 0 800 0 0 0 0 0 0
650 600 0 0 0 833 750 0 433 700 366 0 0 100 0 0 0 0 0 541 651 150 0 0 0 0 400 350 411 375 0 500 66 0 0 700 0 417 0 750 533 0 0 0 0 0 0 0 0 0 0 0 0 500 433 375 0 750 200 366 450 100 700 500 454 300 247 0 433 0 500 0 500 1000 800 0 0 500 0 800 0 0 454 288 600 475 0 500 500 500 1000 1000 1000 1000 0 100 0 0 0 0
#WBA 2016-10-15
125 0 0 625 1000 0 750 350 -200 0 -100 500 0 136 300 136 378 0 -444 0 200 0 0 0 0 400 500 0 0 0 1000 0 0 0 0 0 200 0 800 0 0 534 -388 384 0 0 300 0 404 420 0 500 136 300 136 400 144 700 200 -400 -66 136 136 136 136 136 500 400 0 0 136 500 500 -155 136 260 100 800 200 200 700 18 645 645 700 300 162 22 260 0 0 -200 418 400 0 0 0 0 0 0
100 0 0 600 1000 0 675 300 400 0 250 500 0 454 0 454 526 0 616 0 300 0 0 0 0 378 500 0 0 250 300 0 0 0 0 0 900 0 750 0 0 801 833 713 0 0 100 0 350 540 0 500 454 0 454 508 611 600 500 400 433 454 454 454 454 454 650 378 0 0 454 500 500 288 454 502 400 1000 200 150 368 527 734 734 600 708 295 342 502 0 0 400 577 378 0 0 0 0 100 0
#COYS 2016-10-15
0 0 400 0 0 0 800 0 250 1000 400 200 -400 571 650 1000 1000 400 750 0 650 0 -199 100 333 -33 437 625 400 0 0 0 0 0 0 239 0 0 1000 0 0 0 -100 0 350 0 -500 0 0 0 1000 0 500 0 -200 0 -36 600 0 -155 500 0 0 0 0 416 0 214 0 0 0 750 0 1000 1000 0 0 225 450 0 1000 312 0 0 0 0 0 0 0 0 -400 0 0 -100 428 500 -625 800 133 1000
0 0 800 0 0 0 400 1000 300 300 800 200 400 683 650 400 400 800 900 0 850 0 300 300 833 0 675 650 350 0 0 0 241 362 0 575 0 0 650 0 0 0 350 0 300 0 1000 0 0 0 300 0 600 0 400 550 687 900 500 288 500 0 0 0 0 750 0 562 0 0 0 1000 0 400 400 0 0 525 579 0 1000 283 0 0 0 0 0 0 0 250 600 0 0 650 685 500 400 750 733 900
#CFC 2016-10-15
466 0 0 500 0 0 0 125 0 0 0 0 0 0 0 0 0 0 625 0 0 0 100 50 0 0 0 136 76 0 0 500 400 0 0 0 1000 500 200 500 0 0 166 125 200 200 0 0 200 312 0 0 0 0 0 500 0 0 0 0 300 399 0 0 0 116 0 0 87 0 300 250 225 225 -200 -166 400 187 350 50 0 -250 0 -55 116 87 0 0 -166 0 350 0 41 -166 22 0 0 -500 0 250
666 0 0 150 0 0 0 100 0 0 0 0 0 0 0 0 0 0 600 0 0 0 300 650 0 0 0 454 499 0 0 900 800 125 0 0 300 694 900 500 0 0 566 200 100 100 0 0 100 506 0 0 0 0 0 900 0 0 0 0 900 133 0 0 250 244 0 0 183 0 0 444 425 425 200 433 800 375 350 350 0 1000 0 263 244 183 0 0 433 0 300 100 41 433 588 0 0 1000 0 900
#LCFC 2016-10-15
339 339 339 339 339 425 425 425 425 425 425 425 0 0 125 425 425 425 425 425 425 425 425 425 0 0 1000 425 425 425 425 425 425 425 425 425 425 425 425 533 533 533 533 533 533 533 533 533 0 200 357 0 0 0 0 0 0 0 339 339 339 339 339 339 339 0 425 425 425 425 425 425 425 425 425 425 456 425 425 425 425 425 425 0 0 400 0 425 425 425 425 425 425 425 425 316 0 533 533 533
539 539 539 539 539 425 425 425 425 425 425 425 0 0 100 425 425 425 425 425 425 425 425 425 0 0 875 425 425 425 425 425 425 425 425 425 425 425 425 266 266 266 266 266 266 266 266 266 0 100 571 0 0 0 0 0 0 125 539 539 539 539 539 539 539 0 425 425 425 425 425 425 425 425 425 425 515 425 425 425 425 425 425 0 0 800 0 425 425 425 425 425 425 425 425 716 125 266 266 266
#Clarets 2016-10-02
0 0 0 166 0 500 100 300 0 0 0 0 0 0 0 0 0 0 -100 136 0 0 -400 0 251 251 0 0 0 0 0 0 250 200 500 412 0 0 0 0 0 175 625 0 500 -300 300 -100 -100 0 0 100 0 50 318 318 0 0 350 0 0 0 0 0 0 0 -1000 0 100 0 633 800 0 50 0 500 412 -77 136 0 168 278 0 41 875 0 0 0 0 290 0 0 0 400 350 0 0 0 0 87
0 0 0 333 0 150 400 700 0 0 0 0 0 0 0 0 66 1000 400 500 0 0 400 0 666 666 0 1000 1000 0 0 0 450 750 500 550 0 0 0 0 0 266 900 0 500 375 350 200 200 0 0 400 0 100 477 477 0 0 550 0 0 0 0 0 0 0 1000 0 100 0 666 750 0 100 0 500 550 177 454 0 277 484 0 725 600 0 0 0 0 470 0 0 600 200 550 0 0 0 0 375
#AFC 2016-10-02
700 0 0 700 29 -333 0 400 0 400 650 500 566 0 250 350 0 0 1000 0 500 0 562 0 418 0 550 0 500 500 800 0 0 800 300 300 45 300 0 550 136 0 0 800 700 250 300 800 400 0 0 0 200 375 199 400 466 566 0 -100 -400 -154 0 0 400 800 800 800 -400 0 225 0 800 800 0 0 68 0 0 45 0 0 400 300 200 500 0 -200 33 400 0 187 0 0 0 0 -625 400 133 0
600 0 0 600 595 666 0 800 0 800 944 900 566 0 916 650 0 0 1000 0 600 0 500 0 677 0 1000 0 800 800 1000 0 0 400 0 0 284 0 0 1000 454 0 0 900 600 916 0 900 500 0 0 0 100 900 750 800 466 566 0 400 600 425 0 0 800 1000 1000 1000 400 0 325 66 1000 1000 1000 0 727 0 1000 225 0 0 900 0 100 900 66 100 177 900 0 437 0 66 0 0 400 800 399 0
#LCFC 2016-10-02
0 0 0 0 100 -150 -200 566 0 0 428 1000 285 0 1000 666 262 0 0 1000 0 0 342 400 316 0 428 200 250 0 0 0 566 500 500 0 0 0 0 0 0 0 800 0 800 433 0 0 375 0 133 400 -750 433 0 16 0 0 0 250 0 1000 1000 0 400 -625 0 -625 437 0 625 378 -750 0 0 0 0 0 781 400 0 66 0 1000 428 0 428 750 1000 0 0 1000 0 0 0 285 400 262 428 0
0 0 0 0 200 300 200 566 125 0 685 900 535 0 300 199 900 0 0 300 0 0 667 800 716 125 685 312 500 0 0 0 566 800 800 100 0 0 0 0 0 0 900 0 900 833 900 0 900 0 458 800 1000 833 0 316 0 0 0 375 0 300 300 0 800 400 1000 400 500 0 800 685 700 0 0 0 0 0 800 600 0 650 0 900 685 0 685 1000 400 0 0 900 0 0 0 535 800 900 685 0
#SaintsFC 2016-10-02
418 250 0 285 0 0 600 0 0 0 1000 600 0 510 39 -6 0 200 0 500 -166 -200 -166 0 0 100 500 0 0 500 0 -100 500 0 0 0 0 0 0 0 1000 500 0 357 -557 -26 0 0 -200 -72 166 0 0 -200 1000 0 616 0 0 0 -350 500 500 350 166 350 -200 350 200 0 -166 0 0 0 500 0 0 -100 500 -230 645 0 1000 500 -200 205 -188 147 0 250 0 -62 -366 -166 -166 0 250 0 0 0
550 416 0 535 0 0 550 333 0 0 300 900 0 625 427 288 0 100 0 833 433 800 433 0 0 900 500 0 0 625 0 100 500 1000 0 0 0 0 0 0 400 833 0 535 833 767 0 0 262 594 666 0 0 800 1000 0 1000 0 0 0 600 300 600 466 606 600 399 333 100 0 333 0 0 0 500 0 0 400 212 461 784 700 1000 600 550 544 211 579 0 1000 0 220 433 433 433 0 494 0 0 0
#COYS 2016-10-02
1000 550 0 357 0 166 500 500 400 1000 0 0 50 0 0 0 428 1000 0 285 400 0 200 0 0 1000 400 1000 262 0 0 0 342 400 0 675 0 0 428 -400 0 0 80 0 500 250 500 0 1000 0 400 500 -155 0 800 110 433 200 0 800 850 0 800 -99 0 0 400 -400 0 0 375 100 0 266 433 100 0 400 0 900 500 0 350 0 800 758 0 -400 50 0 0 136 500 1000 0 400 0 -132 0 -625
390 725 0 535 0 230 600 733 800 300 0 0 1000 0 0 0 685 900 1000 535 800 0 400 375 100 900 678 1000 900 1000 0 0 667 800 0 775 0 0 685 400 0 0 319 1000 800 333 800 0 300 700 800 750 288 0 900 150 416 300 0 900 1000 500 750 575 0 0 441 400 0 0 900 200 0 585 616 0 0 800 50 900 500 0 449 0 400 480 66 400 350 0 0 500 500 1000 0 800 0 426 66 400
#MCFC 2016-10-02
0 0 0 800 0 0 0 0 0 412 0 0 0 400 0 0 0 0 800 0 0 0 9 0 0 400 400 0 0 400 428 1000 0 285 500 0 160 0 0 0 0 0 500 500 0 0 0 0 262 0 1000 0 0 0 0 666 0 0 0 0 342 400 800 366 428 520 800 0 0 375 0 400 0 500 500 400 0 0 0 625 0 0 400 800 750 800 0 400 0 800 0 400 -400 0 800 0 0 0 200 0
0 0 0 1000 0 0 0 0 0 550 0 0 0 800 0 0 0 0 750 0 0 0 163 50 0 800 800 0 0 700 685 900 0 535 500 0 539 0 0 0 100 0 800 800 100 0 0 0 900 0 300 0 1000 0 0 199 0 0 1000 1000 667 800 900 566 685 1000 900 0 0 900 0 800 0 800 800 500 100 0 0 750 0 0 500 1000 1000 900 0 500 0 1000 1000 800 400 0 900 0 1000 125 500 0
#MUFC 2016-10-02
500 0 0 500 0 500 0 -125 100 500 500 400 400 0 0 200 0 500 0 0 -99 0 0 0 193 0 0 -400 675 0 400 0 0 50 -333 500 315 0 -250 0 0 0 0 0 600 500 200 0 750 193 0 100 78 0 0 0 0 1000 -400 129 0 800 416 500 0 0 0 0 416 307 0 0 0 0 0 -41 200 -24 500 0 -71 0 400 400 0 500 0 0 400 0 300 0 -249 200 500 0 0 0 0 500
500 0 500 900 0 500 0 375 200 1000 1000 550 800 0 0 400 0 900 0 0 583 0 500 0 500 0 0 700 750 0 800 0 0 50 633 750 545 0 333 0 0 0 0 0 900 550 100 0 400 500 0 200 233 0 0 0 0 900 600 666 125 400 950 600 0 0 0 0 950 181 0 0 0 0 0 750 100 700 600 0 142 0 800 800 0 900 125 0 700 300 450 0 150 578 900 0 0 0 0 500
#SCFC 2016-10-02
0 100 78 250 275 0 -200 500 666 100 0 0 0 -400 -400 500 -277 408 0 0 291 0 0 400 100 0 0 100 266 0 -344 416 450 233 0 0 -500 350 -375 -375 0 0 0 0 0 0 0 400 0 0 158 300 49 0 0 0 0 300 0 0 0 0 -56 -375 -375 -375 136 512 0 0 0 0 500 -133 0 300 0 100 800 0 700 0 0 78 350 350 0 0 0 0 0 0 0 0 400 533 0 0 0 -781
0 400 233 333 415 0 800 750 199 200 0 100 0 400 400 475 344 820 0 0 200 0 0 800 300 0 100 200 583 0 521 766 650 683 0 0 1000 650 687 687 0 0 0 125 0 0 0 800 0 0 591 350 450 0 0 100 0 533 0 0 0 0 627 687 687 687 454 651 0 0 0 0 900 266 0 750 0 283 400 0 600 0 125 233 399 399 0 0 0 0 0 100 0 0 800 800 0 0 0 400
#hcafc 2016-10-01
-625 0 0 -8 0 150 0 0 0 500 -1000 0 100 0 85 500 0 0 0 0 -124 0 170 235 -312 -44 85 -23 170 700 -37 -400 250 50 0 250 233 333 0 750 475 312 800 0 0 250 136 0 0 0 0 0 0 500 250 450 500 0 500 0 68 0 -155 -100 0 0 0 0 0 250 400 -100 566 -100 -50 0 0 0 0 0 136 0 389 0 0 68 359 0 136 68 0 0 0 0 0 0 0 0 33 0
1000 83 0 458 0 799 0 0 0 500 1000 500 1000 0 227 500 0 0 0 0 683 0 454 227 600 363 227 335 454 600 312 400 250 633 33 500 366 683 1000 1000 466 333 750 33 250 500 454 0 0 0 0 0 1000 500 250 650 500 0 700 0 312 100 288 100 0 0 0 812 0 333 250 100 549 100 850 0 0 0 0 0 454 0 658 0 0 227 513 0 454 227 0 1000 0 0 0 0 0 0 366 0
#CFC 2016-10-01
450 0 62 0 716 0 0 0 0 136 400 0 200 0 0 300 136 400 1000 0 136 136 0 0 200 136 136 0 0 400 136 0 0 466 428 450 0 -66 350 0 600 300 0 1000 0 0 800 112 600 300 0 418 250 0 0 0 0 0 0 285 0 375 0 0 0 0 0 0 135 250 262 0 0 0 0 0 0 0 0 0 0 450 49 0 0 0 0 600 300 0 0 200 0 0 0 0 -100 500 342 400
625 0 162 0 566 0 0 0 0 454 500 0 400 0 0 900 454 800 300 0 454 454 0 500 400 454 454 0 0 800 454 125 0 666 685 475 0 341 550 0 950 530 0 900 0 0 400 662 950 475 0 527 400 0 100 0 0 0 0 535 0 750 0 0 66 0 0 0 318 716 900 0 100 0 0 100 0 0 100 0 0 625 550 0 125 125 0 950 475 0 0 400 0 0 0 0 200 1000 667 800
#SAFC 2016-10-01
-500 500 -55 0 0 0 0 -83 0 -187 -81 350 0 0 -108 250 0 0 20 500 0 383 563 -600 -166 116 0 500 0 200 -85 0 0 0 0 258 -55 0 0 50 -211 375 306 0 50 500 -74 418 0 -166 208 0 0 458 550 0 0 0 0 250 0 625 -750 -800 0 107 650 0 700 183 400 -33 136 637 150 285 0 -400 0 0 0 0 400 500 227 0 0 400 350 0 350 -200 -500 -500 0 800 0 0 418 136
450 500 511 0 0 0 0 266 0 500 775 650 50 100 416 400 500 500 416 600 0 650 1000 800 366 350 100 900 0 300 546 0 0 0 0 766 144 0 0 300 655 449 750 0 100 600 625 527 1000 433 383 300 0 750 650 0 500 0 0 283 0 500 800 900 125 285 450 100 600 350 700 600 454 662 650 535 0 400 0 0 0 0 800 900 545 0 0 800 650 0 300 500 875 875 0 1000 0 1000 527 454
#WBA 2016-10-01
0 250 -166 375 0 0 142 0 116 25 250 250 -50 500 250 0 333 0 0 0 166 0 136 -100 -150 0 0 250 0 0 0 168 0 136 500 0 0 -388 200 384 0 0 136 700 0 568 17 -333 0 -155 0 -250 136 0 136 214 0 193 500 -181 0 136 136 0 0 0 0 684 0 0 136 -250 -250 0 0 0 0 250 312 0 0 0 0 0 700 500 195 418 418 -400 0 0 0 650 500 136 484 0 375 136
0 750 433 611 0 1000 267 0 383 675 333 400 900 500 650 0 666 0 0 0 333 0 454 100 400 100 0 500 0 0 0 327 650 454 650 0 0 833 200 577 0 0 454 900 0 400 662 666 0 288 125 250 454 0 454 642 0 327 1000 727 0 454 454 0 0 0 0 563 0 1000 500 500 250 0 0 0 0 250 333 0 66 700 0 0 600 1000 478 527 527 400 300 0 0 1000 900 454 501 0 500 454
#WatfordFC 2016-10-01
400 -875 0 400 0 400 0 -44 136 0 0 0 0 136 -62 500 0 -500 0 149 600 0 0 0 170 0 500 0 500 0 100 0 500 125 100 0 0 0 -50 153 312 416 1000 0 100 0 0 0 0 500 0 0 0 342 0 0 0 -125 136 0 0 400 0 450 500 500 500 0 101 418 0 968 136 0 0 0 0 0 312 250 500 318 0 30 50 250 0 187 465 39 1000 800 0 -66 400 200 0 225 200 200
800 800 0 800 0 200 0 422 454 0 0 0 100 454 187 500 0 400 0 614 950 0 0 0 454 0 900 0 1000 0 266 0 1000 163 100 0 0 0 400 454 451 666 1000 1000 1000 0 0 0 0 900 0 800 0 467 0 0 0 375 454 0 0 800 0 650 500 566 900 0 595 527 0 975 454 0 0 0 0 0 584 283 500 477 0 383 100 283 0 250 425 495 1000 750 0 600 800 300 0 925 900 300
#AFCB 2016-10-01
0 0 0 0 0 0 -62 0 -155 -400 0 -44 250 250 -166 250 200 0 750 0 0 0 0 0 1000 750 0 1000 47 50 550 -333 0 500 -300 900 500 -250 0 0 800 400 0 900 0 0 0 400 -166 0 0 600 0 0 0 0 400 0 0 0 0 0 142 214 0 0 800 200 0 0 0 550 0 343 223 500 0 0 0 133 47 0 300 0 0 -1000 0 350 0 0 125 -400 0 0 400 0 77 0 0 38
0 0 125 100 0 0 166 0 288 550 0 422 200 200 166 300 200 0 950 0 0 0 0 0 300 950 0 300 394 200 750 666 0 500 533 750 900 750 0 0 1000 700 100 1000 0 0 0 400 333 0 0 1000 0 0 0 0 800 0 1000 0 0 0 267 571 0 0 1000 200 0 0 0 500 100 375 473 500 0 0 0 466 394 0 166 0 1000 800 0 462 0 0 300 400 0 0 500 0 505 0 100 780
#WHUFC 2016-10-01
0 100 -62 600 600 0 500 0 0 500 500 0 0 -50 0 0 500 0 1000 0 49 187 600 250 -100 -400 0 -135 -400 -50 0 0 0 0 0 250 0 250 0 0 0 250 0 0 0 -200 12 200 800 0 0 0 500 0 -150 0 0 0 0 0 0 0 0 -166 0 -166 -431 0 0 -131 0 0 200 0 -181 0 0 0 0 500 0 136 -600 0 0 49 400 0 0 0 0 600 600 -400 0 -150 0 0 700 0
0 400 0 600 600 0 600 100 0 400 500 0 100 400 0 0 400 0 750 0 725 650 600 200 400 550 0 179 550 541 0 0 0 0 0 333 0 500 0 0 0 500 0 0 0 700 562 575 1000 0 0 0 500 0 900 0 0 0 0 0 0 100 0 333 0 66 727 0 0 577 500 0 200 100 727 0 0 0 0 500 0 454 1000 0 0 950 800 0 0 0 0 600 600 400 0 900 0 0 600 0
#boro 2016-10-01
0 0 -105 200 250 0 50 188 0 0 500 0 0 -216 0 0 -231 160 0 0 0 0 163 0 0 0 0 500 0 61 0 0 50 -156 0 -166 0 0 0 400 0 0 -12 0 333 0 0 50 -33 0 170 0 0 500 500 255 100 0 170 0 233 0 0 500 399 0 0 0 187 0 0 147 250 50 0 0 0 -100 0 0 0 50 0 399 400 0 312 0 0 0 0 0 0 -55 0 175 0 0 33 0
0 0 623 500 250 0 700 655 0 0 500 0 0 900 0 0 677 280 0 0 0 0 633 0 0 0 0 500 0 797 0 100 416 600 0 333 0 0 0 700 0 0 1000 0 500 0 0 50 483 250 454 0 0 500 500 625 383 0 500 0 600 0 0 333 300 0 0 0 437 0 0 354 333 416 0 0 0 400 0 100 0 416 1000 300 600 0 333 0 0 0 0 0 0 88 66 750 0 0 333 0
#Swans 2016-10-01
333 549 93 0 62 0 83 0 -500 0 325 166 0 250 250 250 -200 0 250 250 0 166 0 500 800 0 0 125 0 0 0 0 500 0 0 0 200 0 0 -400 0 500 166 0 0 500 500 0 200 0 200 0 -500 0 0 0 0 500 0 -166 0 0 170 0 700 0 250 -400 -130 0 0 300 0 0 0 781 0 0 -291 0 0 0 0 0 0 0 -400 250 700 375 0 0 0 500 136 0 100 -400 0 0
541 716 491 0 541 0 651 0 500 0 350 1000 0 1000 1000 1000 400 0 1000 1000 0 250 0 500 750 1000 0 641 0 0 0 0 500 0 0 0 500 0 0 400 0 500 199 0 0 500 500 0 500 0 500 0 866 0 0 0 0 1000 0 333 0 1000 408 0 600 0 1000 400 180 66 0 800 0 100 0 1000 0 0 541 0 0 0 500 0 0 66 600 333 600 875 0 0 0 500 500 0 133 600 0 0
#LFC 2016-10-01
0 500 700 0 550 400 378 0 166 0 200 350 0 0 179 400 0 -625 -333 -333 700 -66 136 350 0 268 650 250 -50 -6 0 -400 0 800 0 50 100 0 0 -200 0 0 400 0 900 0 400 -400 412 0 0 0 0 0 500 0 0 0 0 400 400 0 0 0 -714 625 0 700 0 700 0 0 0 0 0 0 0 0 0 0 0 0 0 33 244 0 0 0 400 0 0 500 0 800 0 0 -200 0 400 0
0 500 600 0 900 800 251 0 199 0 400 400 0 0 620 200 0 400 666 666 600 350 454 799 0 677 750 333 250 500 0 900 0 400 0 50 0 0 0 400 100 100 800 0 1000 0 800 1000 550 0 1000 0 0 0 600 0 0 0 0 350 350 0 0 0 857 800 0 600 0 500 0 0 0 0 0 0 0 0 0 0 0 0 0 66 200 125 0 0 400 0 0 500 0 400 0 0 800 0 400 0
#EFC 2016-09-30
0 0 0 400 100 0 0 0 0 0 800 800 0 550 0 0 400 0 100 0 250 318 0 0 0 -699 400 0 193 0 400 -200 0 0 0 0 1000 136 100 700 0 0 -714 0 700 0 625 0 0 -78 666 0 500 0 0 0 -125 -200 136 0 0 0 0 0 0 0 0 1000 0 500 800 0 0 0 0 0 666 0 0 0 0 0 0 0 -133 500 -600 0 0 400 0 0 0 0 -300 341 0 -125 24 500
0 0 0 800 0 0 0 0 0 125 400 750 0 475 0 0 800 0 400 0 500 687 100 0 0 666 900 0 477 0 800 700 0 0 0 0 300 454 1000 850 0 100 857 0 900 0 650 0 0 187 533 0 500 0 0 0 375 100 454 0 0 0 0 0 0 0 0 300 0 600 1000 0 0 0 0 0 533 0 0 0 0 0 0 0 633 900 750 0 0 800 0 0 0 0 449 741 0 500 475 750
#CPFC 2016-09-30
0 0 136 0 0 318 0 0 123 0 566 -400 700 -250 0 0 349 0 0 0 0 733 300 600 -175 0 -1000 0 1000 -83 0 0 0 0 -155 0 -61 -50 268 0 0 0 250 200 400 0 0 -8 -274 -800 0 0 460 100 200 500 0 0 0 425 200 -312 0 0 0 500 0 700 0 0 0 400 1000 0 366 0 0 400 400 0 400 0 0 0 1000 800 0 500 -300 500 0 -400 0 -150 500 500 500 0 368 -166
0 0 454 0 0 427 125 0 495 308 933 550 600 825 0 0 633 100 0 0 0 933 640 550 550 0 600 0 300 125 0 0 0 0 288 0 500 466 427 0 0 0 200 200 450 0 0 666 620 900 0 0 690 400 566 200 0 0 0 900 200 200 0 0 0 500 0 600 0 0 0 1000 300 0 433 0 0 400 400 0 400 0 0 0 1000 1000 0 600 375 750 0 400 0 325 150 150 150 100 727 333
#Clarets 2016-09-26
105 0 107 100 0 550 300 800 0 0 800 266 0 350 -300 1000 -125 0 -77 0 -208 200 -175 0 200 0 0 0 0 0 268 0 0 50 0 0 199 0 100 -781 0 -100 400 100 0 400 0 0 0 0 -45 43 0 0 99 0 50 193 193 0 0 625 300 0 500 0 800 -200 170 170 0 500 500 500 250 250 50 0 412 1000 0 250 500 500 -71 0 0 -400 50 0 0 0 0 0 0 0 0 0 0 0
666 366 319 300 0 787 200 400 0 0 575 166 0 550 600 1000 375 0 144 0 166 200 500 0 400 0 0 100 0 0 527 0 0 100 0 0 199 0 300 1000 1000 200 1000 100 0 750 0 0 0 0 220 427 1000 0 333 0 100 352 352 0 0 900 0 1000 600 0 400 500 500 500 0 500 500 500 200 200 100 66 550 300 0 450 500 500 485 0 0 600 100 0 0 0 0 0 0 0 0 0 0 0
#WatfordFC 2016-09-26
400 0 400 200 -33 0 0 0 0 0 0 1000 0 0 1000 -750 0 0 -506 0 80 266 800 0 0 0 -400 0 0 100 0 400 0 100 216 -7 0 0 300 300 300 0 800 427 427 0 62 516 0 166 500 0 297 300 0 197 -50 0 -400 0 -375 0 0 -200 250 800 0 112 500 400 250 250 500 83 244 976 -250 0 0 700 0 0 150 0 150 0 800 66 0 0 -388 136 0 -121 500 175 250 0 133 -100
800 0 800 400 583 200 0 0 0 0 0 300 400 0 300 1000 0 0 616 0 473 500 400 0 0 0 483 0 0 383 550 375 0 575 550 467 0 0 200 0 333 0 400 399 399 0 350 466 0 666 900 0 597 200 0 272 400 0 483 0 1000 0 0 300 333 400 0 512 666 800 533 533 500 255 150 1000 533 0 0 600 0 0 850 0 600 0 400 816 66 0 833 454 500 451 900 775 200 0 288 433
#WHUFC 2016-09-25
0 0 0 0 0 400 0 0 300 0 0 -250 0 0 0 0 -50 0 500 0 0 0 600 600 250 0 0 0 0 0 0 0 0 0 500 0 0 0 312 0 0 0 0 1000 -700 0 0 0 650 0 0 0 300 0 0 0 0 433 705 550 0 0 0 0 0 0 0 0 0 -83 0 0 700 550 0 0 0 -166 -200 0 550 0 0 0 0 -400 0 0 0 149 -50 400 0 0 0 283 600 0 0 0
0 0 0 0 0 900 0 0 100 0 0 750 0 0 100 0 472 666 600 66 0 0 600 600 200 0 0 0 0 0 0 0 0 0 1000 0 0 0 333 0 0 0 0 300 1000 0 1000 0 450 0 0 0 100 0 0 0 1000 533 666 1000 0 0 0 0 0 0 0 0 100 770 0 0 600 1000 0 0 0 333 800 0 700 666 0 0 0 400 0 0 0 500 400 800 0 0 0 366 600 0 0 0
#SaintsFC 2016-09-25
378 124 0 -50 0 700 0 650 300 0 -125 650 800 500 -1000 184 170 0 0 200 0 0 0 0 0 250 0 400 0 -62 0 0 500 437 0 -51 0 200 0 0 -700 199 0 650 550 0 68 0 562 -166 0 0 500 0 0 324 250 0 1000 0 50 0 0 0 0 -166 0 136 50 204 0 0 136 136 -75 0 -291 -225 0 142 0 -50 100 -250 0 0 0 0 -600 0 0 0 600 375 0 0 800 800 754 0
685 455 0 100 33 600 0 450 100 0 375 675 900 500 1000 426 454 0 0 799 0 0 0 0 0 200 0 250 0 700 0 0 500 550 500 96 0 575 0 0 1000 383 0 450 950 0 250 1000 516 166 0 0 600 0 0 500 333 0 1000 0 200 0 300 0 0 333 0 500 50 602 0 0 500 500 400 0 541 625 0 267 0 400 350 350 0 0 0 0 900 0 0 0 950 750 0 0 750 750 890 0
#AFC 2016-09-24
-699 0 400 500 0 -400 0 0 -291 0 0 0 136 136 625 400 -400 0 0 400 312 0 -625 0 -62 0 0 357 161 0 318 0 0 0 0 400 0 0 262 -229 0 -100 0 0 0 400 0 -625 0 800 0 0 366 375 0 0 0 0 400 0 0 0 0 400 0 0 0 0 500 0 0 0 0 428 1000 0 250 399 1000 199 0 0 33 625 -100 800 -800 450 566 0 183 250 800 169 512 400 -199 333 -625 -300
666 0 1000 1000 0 700 0 0 541 1000 0 0 454 454 800 800 400 0 0 800 900 0 400 0 850 1000 0 571 433 0 677 0 0 0 0 200 0 0 900 777 0 400 1000 0 0 800 0 400 0 900 0 0 700 900 0 0 0 0 500 0 0 0 0 800 0 0 0 0 600 0 0 0 0 685 900 0 250 400 900 416 0 1000 369 800 500 400 900 650 566 357 272 250 400 336 775 800 700 1000 400 466
#CFC 2016-09-24
0 500 0 500 0 0 0 0 400 400 400 400 400 400 400 400 400 400 400 400 0 400 450 0 0 0 0 0 262 0 0 400 0 0 200 -625 0 0 0 0 225 0 -200 0 0 -150 0 0 0 318 625 400 400 400 400 0 400 0 400 400 400 400 400 400 0 400 -200 0 0 262 0 0 0 0 0 0 0 0 0 400 400 400 0 0 500 0 0 0 100 0 0 0 0 0 0 0 187 400 0 300
0 1000 0 1000 0 0 0 0 200 200 200 200 200 200 200 200 200 200 200 200 0 800 800 0 0 0 0 0 900 0 0 800 0 1000 200 400 0 0 0 0 416 0 500 1000 0 362 0 0 0 677 800 800 800 200 200 125 200 0 200 200 200 200 200 200 0 200 200 0 0 900 125 0 0 0 0 0 0 0 0 200 200 200 0 0 500 125 0 0 300 0 0 0 0 0 0 0 325 800 1000 400
#AFCB 2016-09-24
0 0 0 500 0 -250 0 333 1000 0 404 625 850 337 0 0 0 800 -505 70 16 0 0 650 233 -500 405 400 -350 23 500 600 -833 0 0 266 0 0 0 666 406 513 0 156 500 -47 416 689 500 800 83 500 900 1000 0 250 250 800 0 0 160 800 0 800 500 500 0 1000 18 -94 175 0 0 700 -500 -137 800 200 -197 0 0 -133 387 -211 -133 0 -247 0 0 0 0 25 583 0 500 0 781 -166 500 0
0 0 0 700 125 250 0 550 1000 0 433 500 925 625 100 0 0 700 385 334 266 0 100 675 638 1000 679 500 500 544 500 500 1000 0 0 866 0 1000 0 916 636 647 0 661 500 380 716 700 600 925 800 500 900 1000 0 200 200 1000 0 0 539 750 0 750 500 500 41 300 277 516 275 0 0 600 1000 331 750 250 412 0 0 588 637 533 188 0 396 0 500 0 0 399 700 0 750 100 500 333 500 0
#EFC 2016-09-24
0 0 0 400 100 265 0 0 0 0 0 0 0 0 68 237 0 0 0 400 0 0 687 0 0 0 687 0 0 -100 0 0 0 0 0 0 0 250 0 0 0 0 0 0 -142 133 0 0 0 0 250 400 0 1000 0 0 0 399 0 0 0 0 0 0 0 0 0 400 0 0 1000 200 400 68 68 0 0 441 0 800 750 400 500 500 0 0 1000 500 458 0 0 0 0 800 285 666 0 0 0 100
0 0 0 800 0 599 0 550 0 0 0 0 0 125 227 538 0 0 0 800 0 0 200 125 0 1000 200 0 500 100 125 0 125 0 125 0 125 408 100 0 0 125 0 125 535 766 125 125 0 125 1000 800 0 300 0 125 125 733 0 0 0 550 0 0 0 750 100 378 0 0 1000 200 600 265 265 266 0 533 0 750 800 400 500 900 0 0 300 900 388 0 0 0 0 750 535 533 0 0 0 200
#LFC 2016-09-24
-800 550 0 0 0 0 0 0 0 0 575 500 500 400 0 136 575 250 0 0 0 50 0 100 0 0 250 375 0 0 -400 -200 500 350 136 0 0 -625 133 0 0 0 0 500 0 0 100 625 700 0 575 250 0 84 433 0 0 0 0 0 700 1000 136 262 375 0 0 -133 -375 0 0 0 500 0 0 0 0 -141 205 0 0 0 0 0 0 362 0 800 -750 -83 350 0 0 0 0 0 0 0 0 0
900 800 0 0 0 0 0 0 0 0 475 1000 500 800 0 454 475 700 500 0 0 50 0 0 1000 0 250 525 500 0 700 250 500 550 454 0 0 500 100 1000 0 0 0 600 0 0 650 800 700 0 475 333 0 138 733 0 125 0 0 0 700 300 454 900 900 1000 0 233 375 0 0 0 500 0 0 0 0 656 767 0 0 0 0 0 750 862 0 400 750 366 550 0 0 0 0 0 0 0 0 0
#hcafc 2016-09-24
500 500 0 0 700 0 0 0 49 0 -234 433 0 0 199 0 0 800 0 0 0 1000 0 -231 -500 66 800 0 0 800 0 -99 0 0 136 0 0 700 0 -75 -500 0 -500 0 0 42 500 800 0 0 -224 0 136 0 0 0 0 250 0 0 800 250 0 200 500 -500 0 0 0 100 0 270 0 0 0 666 0 -44 -150 0 500 0 800 750 -500 0 0 -200 0 800 -1000 0 -500 0 -1000 0 -375 136 0 433
500 500 0 0 600 66 0 0 533 0 500 833 0 0 466 100 0 750 0 0 0 300 100 727 600 366 750 0 0 400 66 700 0 0 454 66 0 600 0 775 1000 0 1000 0 0 279 500 400 0 0 700 0 500 0 0 0 0 333 0 1000 400 333 0 200 500 900 0 0 0 100 1000 533 0 0 0 750 500 644 550 0 1000 1000 400 1000 1000 0 0 400 500 400 1000 0 300 0 1000 0 408 500 0 322
#boro 2016-09-24
0 0 0 0 4 0 200 0 375 337 433 0 195 0 0 0 0 0 500 0 100 500 800 -364 0 -250 107 0 500 200 550 0 0 525 -166 0 0 0 0 334 0 -328 0 0 0 0 0 0 600 0 272 400 0 0 0 0 0 0 150 0 -200 0 0 0 0 0 0 200 500 149 -200 200 200 672 -500 200 0 0 200 500 0 0 -400 150 0 0 375 0 400 -150 1000 0 0 -100 272 -100 -100 400 0 0
0 1000 0 1000 540 0 100 0 900 900 733 0 400 0 0 0 0 666 500 0 400 500 400 541 500 600 785 0 500 100 700 0 0 366 333 0 0 0 0 480 0 600 0 0 0 0 0 0 900 0 333 400 0 0 0 0 0 0 150 0 200 0 0 0 0 0 0 500 183 500 250 500 700 744 700 500 0 0 500 500 0 0 700 150 0 0 1000 0 400 800 300 0 0 400 333 400 400 400 66 0
#COYS 2016-09-24
0 700 0 0 400 450 600 650 262 0 0 400 400 250 -625 0 0 500 600 0 0 625 0 312 350 0 350 0 0 262 0 400 0 136 0 0 0 100 0 400 0 0 -6 -625 0 500 400 0 -625 0 0 0 287 625 400 0 600 500 0 -625 200 0 484 0 500 67 390 0 375 368 250 800 0 325 0 109 0 250 0 0 600 0 291 0 500 -400 45 0 -625 0 0 0 0 0 0 0 0 700 0 375
0 800 0 0 800 800 950 625 900 0 0 800 800 333 400 0 0 950 433 0 0 800 0 375 712 0 650 0 0 900 0 800 0 454 0 0 0 300 0 800 0 0 0 400 0 500 800 0 400 0 66 0 533 800 800 0 1000 600 1000 400 200 0 601 0 500 612 500 0 900 702 333 400 0 350 0 640 0 550 700 0 950 0 491 0 750 400 484 0 600 0 0 1000 0 0 400 0 0 200 0 900
#SCFC 2016-09-24
0 0 0 400 333 333 800 0 700 312 312 -500 -77 -77 0 266 433 0 -262 -77 -250 350 333 333 333 -250 333 333 -250 312 400 0 312 200 400 312 312 312 0 0 600 100 1000 333 0 0 400 0 0 -500 333 200 0 0 0 800 250 0 0 333 333 333 333 333 0 0 136 0 136 0 -50 0 -50 0 200 150 0 100 0 0 0 0 0 0 650 0 400 400 0 175 175 0 -25 1000 0 0 0 0 0 0
0 0 1000 375 666 666 1000 0 600 284 284 900 144 144 0 244 483 0 587 144 250 650 666 666 666 250 666 666 250 284 200 500 284 500 200 284 284 284 0 0 1000 400 300 666 0 0 233 0 0 900 666 400 0 0 0 750 333 0 0 666 666 666 666 666 0 0 454 500 454 0 400 0 400 0 900 577 0 500 0 0 0 0 0 0 450 0 900 900 0 275 275 66 475 900 0 0 0 0 0 0
#WBA 2016-09-24
0 -100 0 -100 0 0 0 0 -100 500 50 0 -275 -100 -100 0 -400 0 125 0 500 0 150 83 0 0 0 150 333 -400 0 0 0 -400 0 0 -100 0 0 0 0 99 0 0 1000 -400 -400 -400 -400 -183 -400 325 500 0 -400 -200 250 -400 0 0 0 0 266 225 136 125 0 -599 0 0 -400 0 -400 268 0 -400 0 125 0 0 -400 0 150 -400 0 0 -699 100 0 0 -400 0 0 -400 -400 -400 500 0 0 -400
0 500 750 500 0 650 650 650 500 1000 200 0 700 500 500 0 400 0 1000 0 500 0 350 416 0 650 0 333 366 400 0 1000 0 400 0 0 233 0 0 0 0 700 0 0 300 400 400 400 400 288 400 491 500 0 400 250 333 400 0 0 0 66 683 412 454 250 0 483 0 0 400 0 400 727 0 400 0 450 650 650 400 0 350 400 0 0 666 400 0 0 400 0 0 400 400 400 900 0 0 400
#SAFC 2016-09-24
0 0 136 -300 -349 0 0 0 -151 0 0 200 227 400 300 0 227 400 0 0 0 -600 0 -349 100 800 0 0 0 250 0 500 850 0 350 0 0 166 0 0 633 0 0 294 177 199 -208 0 -250 119 0 0 0 0 0 0 450 0 0 67 0 400 45 0 178 700 0 0 500 650 312 -166 -600 0 800 0 83 0 400 500 0 0 0 0 400 0 0 0 136 0 0 0 0 0 0 400 0 -166 136 0
0 0 454 650 383 0 0 0 432 0 0 700 545 262 575 0 545 262 100 0 0 800 0 383 200 400 0 0 0 200 0 500 450 0 450 0 0 333 0 0 661 66 0 516 255 333 625 66 250 544 0 0 0 0 0 0 500 0 0 410 0 400 418 0 451 600 100 0 500 644 250 333 700 0 400 0 833 0 800 500 0 0 0 0 800 0 0 0 500 0 0 100 0 0 0 425 0 433 454 0
#CPFC 2016-09-24
0 0 500 136 0 0 0 0 250 0 400 325 0 0 -183 136 0 -250 0 0 -34 0 0 126 0 0 -200 0 0 136 136 136 0 0 0 250 250 0 250 766 0 0 0 500 0 0 0 0 500 0 -49 0 216 -38 0 0 136 392 0 0 0 0 318 200 -400 200 200 200 0 0 400 400 -400 -400 -50 -300 250 0 600 500 0 0 0 0 0 -250 -200 0 0 0 700 -874 0 166 0 0 0 -166 0 0
0 0 500 454 0 0 66 125 625 0 375 558 0 0 425 500 0 750 100 0 244 0 0 633 0 0 800 0 66 500 500 500 0 0 0 200 450 0 200 783 0 0 0 500 0 0 0 0 600 0 700 0 300 611 0 0 500 767 0 0 0 0 727 200 900 100 100 100 0 0 800 800 400 900 200 450 550 0 725 600 0 0 0 0 0 450 400 0 0 0 900 666 0 333 0 100 0 333 0 0
#Swans 2016-09-24
-400 0 0 177 100 -100 -400 625 0 -75 -250 0 0 233 800 136 0 0 150 0 200 0 200 0 0 0 0 0 0 0 400 200 177 375 0 500 0 0 0 0 0 -72 0 500 0 0 -200 0 -243 0 750 0 0 0 200 250 -166 500 0 0 0 0 312 0 0 0 0 0 0 0 0 0 625 0 -400 500 -125 68 750 0 0 0 0 750 0 -500 0 0 0 350 100 0 0 -155 250 0 -84 562 0 0
400 0 0 333 300 300 400 600 0 637 0 1000 100 883 1000 309 0 0 700 0 500 0 500 0 0 100 0 0 0 0 550 900 333 525 0 500 0 0 0 66 0 741 0 500 0 0 400 0 550 0 950 0 0 250 200 333 333 500 0 0 0 0 1000 0 0 100 0 0 0 0 0 0 600 0 600 500 375 227 950 0 0 0 0 950 0 1000 0 0 0 550 200 0 0 288 416 0 215 875 0 0
#MCFC 2016-09-24
0 0 0 33 400 450 625 262 0 0 400 0 0 0 0 250 400 0 -625 750 250 -625 0 0 0 0 625 625 400 400 0 0 262 262 0 0 400 0 250 -600 0 0 -625 800 800 0 0 375 0 400 0 -625 0 -150 0 0 400 0 0 250 400 428 1000 1000 700 0 625 0 0 0 -625 175 0 0 68 0 0 -77 512 250 400 -625 625 -77 0 400 0 0 500 -625 -81 0 375 200 312 375 0 0 0 -100
0 0 0 341 800 800 800 900 0 0 800 0 0 0 0 250 800 0 400 950 500 400 1000 500 0 0 600 800 800 800 0 0 900 900 1000 0 800 0 312 800 0 0 400 900 1000 0 0 900 0 800 100 400 0 399 0 0 800 0 0 333 800 685 900 900 550 0 800 100 0 400 400 650 100 0 427 0 0 144 775 500 800 400 800 144 0 800 1000 125 900 400 550 1000 900 500 900 900 0 0 0 250
#MUFC 2016-09-24
170 0 0 0 0 500 400 500 0 0 500 0 0 100 200 0 600 50 0 -700 -500 -250 490 0 0 136 136 368 0 50 0 500 900 0 500 0 0 0 0 0 0 -150 0 625 0 500 -100 0 0 400 0 -183 200 0 -500 0 0 0 318 400 400 0 0 0 400 400 0 0 0 0 0 200 0 0 0 300 100 0 0 0 0 49 211 0 400 0 0 0 0 0 -400 800 -164 0 337 437 0 0 0 -250
454 0 0 0 0 1000 800 1000 0 0 600 0 0 0 200 0 900 100 0 800 900 500 730 0 0 454 454 677 0 50 0 500 1000 0 500 0 0 0 0 0 0 325 0 600 0 600 399 0 0 400 0 433 250 0 666 0 0 0 677 800 800 0 0 0 800 800 0 125 0 0 0 200 0 0 0 433 150 0 0 0 0 550 611 0 800 700 0 1000 0 0 600 400 368 0 825 687 0 0 0 250
#LCFC 2016-09-24
-200 400 400 400 400 400 400 400 -150 0 0 0 0 400 450 262 0 0 400 0 400 0 0 -625 -250 0 0 -500 625 700 0 49 262 -250 400 400 400 400 400 0 0 0 0 0 -250 0 0 0 349 400 0 -500 0 0 300 -625 0 316 0 200 0 400 0 0 700 450 566 -625 0 0 0 100 0 0 625 400 0 0 0 0 400 400 400 400 400 400 400 400 400 -625 400 0 433 250 375 250 0 0 -250 0
250 200 200 200 200 200 200 200 325 0 0 0 0 800 800 900 0 0 900 0 800 0 0 400 250 0 0 666 800 600 125 550 900 250 200 200 200 200 200 0 0 0 0 0 250 0 0 0 666 800 0 1000 0 0 400 400 0 716 125 312 0 800 66 0 850 650 566 400 100 0 0 200 500 0 800 800 0 0 1000 1000 200 200 200 200 200 200 200 200 200 400 200 0 833 750 900 100 0 0 250 0
#COYS 2016-09-18
250 976 0 568 266 700 0 0 625 428 136 500 399 400 100 50 500 0 976 0 800 0 0 0 -500 0 500 0 0 200 700 400 50 500 750 900 0 0 800 -16 0 318 0 0 0 0 900 0 0 -600 535 0 0 0 0 83 0 33 350 -116 0 -125 0 0 0 283 650 650 50 375 500 0 0 0 800 200 500 0 0 99 450 250 0 488 500 334 0 400 0 0 149 500 262 199 0 216 250 1000 0 550
312 800 0 727 650 600 0 0 800 685 500 800 353 800 0 220 800 0 800 0 900 0 0 0 1000 0 800 0 0 150 600 800 1000 800 900 1000 0 0 900 555 0 462 0 0 0 0 825 0 0 700 667 0 0 0 0 233 0 266 383 738 0 600 0 0 0 449 650 625 1000 400 600 0 0 0 400 450 500 66 0 433 800 200 0 500 800 607 0 800 0 0 500 500 900 533 0 697 750 300 0 425
#SAFC 2016-09-18
500 0 0 229 250 0 0 0 -163 166 0 0 -500 504 -699 0 649 -300 250 0 0 0 500 -400 0 0 0 0 0 0 0 0 0 0 -75 600 210 0 0 0 214 250 250 0 0 0 0 0 -400 0 800 250 0 500 0 305 400 0 0 -750 0 -200 0 0 312 0 -75 21 0 0 200 500 -266 169 0 0 -166 112 200 433 0 0 300 200 0 0 0 0 0 -425 0 200 256 0 0 0 455 -500 23 0
500 0 0 610 250 0 0 0 822 666 0 0 1000 607 666 0 900 100 950 0 0 100 500 400 0 0 0 0 0 0 0 0 0 300 300 550 416 0 0 0 500 200 200 0 0 0 0 0 700 0 750 333 0 500 0 494 900 0 0 950 0 50 0 0 675 0 50 380 0 0 200 600 433 547 0 0 500 284 100 450 0 0 100 900 0 0 62 0 0 800 0 200 457 0 0 462 767 1000 329 0
#CPFC 2016-09-18
50 0 -70 0 1000 136 0 0 128 0 0 0 375 225 0 300 136 0 0 0 0 0 300 -50 0 -125 100 100 100 136 0 0 333 383 0 0 0 0 0 43 0 0 700 250 0 0 0 0 300 700 0 320 700 0 118 500 0 0 0 0 -300 100 0 0 0 0 425 -750 0 0 0 0 0 0 -750 0 0 468 0 0 166 -600 0 0 0 0 -131 0 -131 -156 136 0 875 0 -166 500 500 875 0 0
150 0 318 0 300 454 0 1000 568 0 125 0 666 650 0 750 454 0 0 100 0 0 750 250 0 375 900 900 900 454 0 0 833 583 0 0 0 0 0 650 0 100 600 200 0 0 100 0 200 600 0 401 600 0 377 500 0 0 0 0 746 400 0 0 0 0 616 700 0 0 0 0 100 0 900 0 0 750 0 0 333 900 0 100 0 0 450 0 450 375 500 0 600 500 333 500 1000 600 0 0
#SCFC 2016-09-18
700 0 -200 300 -100 800 0 -699 0 300 400 300 0 0 0 0 0 0 0 0 500 0 0 0 350 350 500 0 625 325 0 625 -699 0 -194 800 150 0 0 600 125 275 800 0 0 50 100 400 -131 -131 0 0 750 0 -699 277 0 -699 0 0 418 -600 -600 0 0 0 0 0 -244 0 250 0 -699 500 0 0 -699 0 0 0 0 -699 -699 -699 -699 0 300 300 300 300 250 136 0 0 0 100 0 0 800 0
600 0 300 400 200 1000 650 666 0 750 800 750 0 0 0 0 0 0 0 0 625 0 216 0 700 700 500 0 625 575 0 500 666 0 288 750 300 0 0 900 166 500 1000 0 0 350 400 400 450 450 0 0 800 0 666 572 0 666 0 0 527 900 900 0 0 0 0 0 577 0 333 0 666 500 0 0 666 0 0 0 0 666 666 666 666 0 200 200 200 200 250 500 600 0 0 100 0 0 400 0
#SaintsFC 2016-09-18
0 0 0 0 0 400 0 300 325 24 0 0 0 200 0 0 800 325 1000 0 250 0 0 400 -250 0 0 0 0 0 0 800 416 -700 0 -77 125 0 0 0 312 0 0 0 0 0 350 0 0 250 312 700 0 0 0 0 250 0 0 166 33 0 -291 600 600 0 0 200 -66 0 500 399 228 0 66 133 644 142 500 250 333 0 250 -93 -25 164 100 0 -166 0 300 0 0 222 -150 100 0 0 0 0
0 0 0 0 125 304 0 400 354 366 0 0 0 500 0 0 650 354 750 0 400 0 0 408 500 500 0 0 0 0 0 400 950 1000 0 144 312 0 0 0 750 0 0 0 0 0 300 0 0 444 1000 600 0 0 0 0 437 0 0 588 733 0 541 1000 1000 0 0 900 288 0 750 1000 785 0 555 216 799 517 750 500 522 0 1000 300 233 393 133 0 333 0 455 100 0 644 300 400 0 66 0 0
#Swans 2016-09-18
0 0 0 250 325 0 -73 325 0 -155 0 0 0 0 0 0 0 0 0 0 0 0 0 0 0 0 0 0 0 0 0 0 0 0 0 0 0 0 0 0 0 0 0 0 0 0 0 0 0 0 0 0 0 0 0 0 0 0 0 0 0 0 0 0 0 0 0 0 0 0 0 0 0 0 0 0 0 0 0 0 0 0 0 0 0 0 0 0 0 0 0 0 0 0 0 0 0 0 0 0
0 0 0 333 354 0 243 354 0 288 0 0 0 0 0 0 0 0 0 0 0 0 0 0 0 0 0 0 0 0 0 0 0 0 0 0 0 0 0 0 0 0 0 0 0 0 0 0 0 0 0 0 0 0 0 0 0 0 0 0 0 0 0 0 0 0 0 0 0 0 0 0 0 0 0 0 0 0 0 0 0 0 0 0 0 0 0 0 0 0 0 0 0 0 0 0 0 0 0 0
#WatfordFC 2016-09-18
318 0 400 0 136 0 400 0 0 -699 909 0 0 321 500 0 0 909 200 -333 0 -250 0 400 -166 0 100 500 0 0 -200 0 -312 500 0 0 -166 650 300 0 83 400 0 250 500 0 100 100 0 -520 0 0 -200 500 0 166 400 0 0 0 0 400 136 0 0 0 100 0 -400 500 750 0 0 0 0 -400 200 0 325 0 0 0 333 400 -76 487 100 0 0 136 0 0 -300 400 0 0 -388 0 0 0
477 0 800 0 454 0 800 0 0 666 780 0 0 436 900 0 0 780 200 666 0 250 0 500 166 0 400 500 0 0 700 0 437 500 1000 0 766 450 800 0 366 800 0 333 500 0 400 400 0 780 0 100 400 700 0 833 544 333 0 0 0 800 454 0 0 0 100 0 400 500 700 66 0 0 0 400 200 0 850 0 0 0 500 500 284 733 400 0 0 500 0 500 600 500 0 0 833 0 0 0
#MUFC 2016-09-18
-7 0 -976 0 1000 0 0 0 0 0 0 400 100 0 68 0 600 0 1000 1000 -254 -750 800 0 550 -275 0 200 250 0 343 0 100 0 0 50 0 300 0 0 -62 0 66 712 0 0 200 500 0 200 0 0 400 -71 187 500 0 80 0 -200 412 0 0 0 0 -500 0 400 200 0 0 400 400 0 0 0 0 0 0 0 -600 500 -66 -600 0 0 200 200 875 0 200 200 0 0 500 0 0 -156 0 0
467 125 900 0 300 0 0 0 0 0 0 800 200 0 352 0 1000 0 1000 750 551 1000 1000 1000 600 700 0 100 300 0 575 0 200 0 0 50 0 583 0 0 400 0 533 818 0 0 100 1000 0 100 0 0 400 142 950 600 0 740 0 233 550 0 62 0 0 500 0 800 400 0 0 800 400 125 400 0 0 0 0 0 800 700 533 800 0 0 100 100 900 0 100 100 0 0 500 100 500 375 100 0
#EFC 2016-09-17
0 0 0 0 0 0 400 100 250 250 250 250 0 0 0 0 0 0 0 0 400 0 0 450 66 0 300 0 0 0 0 0 0 0 0 -200 1000 0 0 300 -77 312 400 0 0 0 0 0 440 375 300 25 0 500 200 0 0 0 25 0 250 0 -77 0 1000 -100 95 0 -750 100 142 0 0 0 0 0 0 141 250 0 0 0 1000 0 0 0 125 136 800 -150 0 0 500 0 0 0 0 -97 399 -79
0 0 0 0 0 0 800 0 556 556 556 556 0 0 0 100 100 100 125 0 800 0 100 550 133 0 900 0 0 0 100 0 0 0 100 850 900 0 100 900 194 651 800 750 750 750 0 0 950 200 900 150 125 500 200 0 100 0 247 0 333 0 177 0 1000 50 411 625 1000 100 588 0 0 0 100 0 0 616 300 0 1000 0 1000 0 0 0 666 500 750 300 0 0 483 0 0 0 125 180 533 279
#boro 2016-09-17
500 800 0 0 0 0 0 -699 0 250 633 0 300 0 318 0 0 0 -154 250 0 300 0 0 100 0 208 0 0 0 0 0 0 0 0 0 375 -166 0 0 0 0 0 0 0 0 0 0 0 0 0 0 0 -125 0 -500 0 112 -666 -50 0 0 1000 0 -400 0 -400 -168 0 0 0 0 0 0 0 136 0 0 1000 0 375 0 0 -400 -168 0 0 125 0 0 0 1000 0 100 -50 312 375 0 33 500
500 750 0 0 0 0 0 666 0 200 533 0 0 0 550 0 0 0 484 333 0 0 0 0 200 0 416 0 0 0 0 0 0 0 0 0 500 333 0 0 0 0 0 0 0 0 0 0 0 0 1000 0 0 375 0 1000 0 433 1000 50 0 0 300 0 400 0 400 450 0 0 0 0 0 0 0 454 0 0 1000 0 750 0 0 400 450 0 0 250 0 0 300 1000 0 100 1000 333 500 0 522 500
#hcafc 2016-09-17
454 0 83 800 200 100 781 552 0 197 250 200 500 0 0 0 552 500 600 500 175 0 375 0 -209 600 800 125 700 800 0 0 300 800 400 500 500 -400 800 356 0 450 0 0 0 400 0 0 466 500 0 500 200 0 800 0 -200 700 400 550 800 575 500 -400 800 800 -49 600 645 85 -56 -33 0 -800 0 0 400 100 0 0 200 0 0 525 500 0 -500 0 0 0 0 0 400 0 0 0 -250 0 0 0
683 350 516 1000 300 666 500 607 0 537 333 900 600 0 0 0 607 600 900 500 275 0 766 0 799 950 1000 400 950 1000 0 650 350 750 900 600 500 400 1000 700 50 750 0 0 0 600 0 0 1000 500 0 875 300 0 750 50 600 950 900 900 750 825 500 400 400 1000 894 1000 696 227 400 0 0 900 66 0 900 350 0 0 200 0 0 600 500 0 700 0 0 0 0 0 900 0 0 0 0 0 0 0
#AFC 2016-09-17
68 0 0 428 0 800 1000 0 0 0 0 625 0 428 500 267 400 976 0 0 0 419 0 333 400 262 0 566 0 0 0 400 200 0 136 0 -625 0 0 -600 66 800 349 -225 199 0 -25 0 0 0 500 625 450 0 0 400 0 516 0 0 0 -625 1000 1000 -400 0 0 1000 0 0 0 -206 0 0 0 0 0 312 0 375 0 0 0 0 250 200 0 0 -56 0 0 0 0 318 500 542 -206 0 0 700
289 0 0 685 0 750 900 0 0 0 0 800 100 685 800 500 800 800 0 0 0 723 0 500 800 900 0 566 0 0 0 800 200 0 454 0 400 0 0 700 700 900 422 494 333 0 591 0 0 0 833 800 650 0 0 800 0 433 0 0 0 400 300 300 700 357 0 1000 1000 0 0 350 0 0 0 0 0 750 0 900 0 0 0 0 416 400 0 0 727 0 0 0 0 643 500 642 350 0 0 600
#LCFC 2016-09-17
535 500 700 0 0 0 0 0 0 0 1000 0 0 0 1000 125 558 0 0 0 0 0 566 535 0 0 0 0 450 0 400 450 262 500 900 0 150 0 0 0 400 0 500 200 316 0 0 60 262 0 250 450 0 0 0 0 0 200 0 0 250 0 0 -500 200 0 400 433 0 -625 0 136 0 0 -357 0 625 400 0 175 0 433 -625 0 0 200 625 500 625 0 400 0 -77 0 -625 500 133 500 300 233
667 800 600 0 0 0 0 0 0 0 1000 0 0 0 300 166 808 0 0 0 0 0 566 667 125 0 0 0 800 0 800 800 900 500 700 0 200 0 0 0 800 0 1000 312 716 125 0 246 900 0 333 650 0 100 0 0 0 900 0 0 333 0 0 400 100 0 800 833 0 400 0 500 0 0 928 0 700 800 0 325 0 833 400 0 0 250 800 500 800 0 800 125 177 0 400 500 633 799 366 733
#Clarets 2016-09-17
0 0 0 348 -100 500 0 0 375 0 0 700 0 400 136 0 0 0 0 0 0 0 -21 -21 0 -200 0 200 0 0 800 0 700 0 625 0 0 -300 0 500 125 200 0 0 0 -208 250 113 -144 346 233 100 -250 166 0 0 250 0 0 500 0 100 300 800 156 250 0 0 0 500 625 0 0 300 0 300 0 0 0 141 600 500 400 750 0 357 625 112 112 368 0 800 500 0 0 0 0 -400 525 400
0 0 0 578 200 833 0 0 541 0 0 600 0 800 454 0 0 0 0 625 0 0 485 485 0 50 0 233 0 0 400 100 900 0 900 0 0 600 66 550 350 300 0 0 0 166 333 326 244 533 627 300 250 311 0 0 333 66 0 750 0 400 200 1000 1000 333 0 0 0 500 400 0 100 200 0 200 0 0 0 494 400 500 400 550 0 571 900 450 450 727 0 750 750 0 0 0 0 400 666 875
#MCFC 2016-09-17
0 535 500 0 428 0 -400 0 1000 0 0 0 625 428 0 0 500 150 976 250 419 0 400 262 0 0 400 535 400 0 0 400 0 0 0 0 0 450 0 400 450 433 262 -625 0 0 0 800 0 650 0 400 900 136 0 0 0 0 0 472 524 262 0 0 625 136 0 0 0 0 400 0 390 311 500 0 -200 0 0 0 -56 0 500 0 -625 0 0 1000 -166 400 -155 136 136 0 1000 500 0 0 0 0
0 667 800 0 685 0 600 0 900 0 0 0 800 685 0 0 800 83 800 333 723 0 800 900 0 0 800 667 800 0 0 800 0 0 0 0 0 800 0 800 800 533 900 400 0 0 0 900 0 700 100 800 1000 454 0 0 0 0 0 500 575 900 0 0 800 454 0 0 100 0 800 0 1000 552 500 750 850 0 0 0 166 0 1000 0 400 0 0 300 66 800 288 454 454 0 300 500 1000 0 0 0
#AFCB 2016-09-17
125 0 0 344 0 -250 0 0 0 0 0 0 800 291 0 0 0 0 -8 0 400 600 0 0 0 500 0 287 62 750 600 0 0 0 0 0 -154 0 0 200 -166 0 0 136 -327 0 0 0 0 400 1000 625 0 0 0 0 0 0 243 550 0 500 0 300 500 0 0 800 0 0 0 350 0 0 0 0 0 0 0 0 0 0 0 -100 350 -100 0 -291 400 -100 0 0 312 375 0 0 0 170 0 0
875 0 0 388 125 888 0 0 0 100 0 0 900 800 0 0 0 500 460 0 700 900 0 0 0 600 0 635 375 400 1000 0 100 0 0 0 484 100 0 200 333 0 0 454 644 0 0 0 0 800 1000 600 0 0 0 0 0 500 613 500 100 1000 0 166 833 66 0 400 0 0 0 550 0 0 0 0 0 0 0 100 100 0 0 200 550 400 0 541 800 200 0 0 333 500 0 0 0 500 0 0
#WBA 2016-09-17
-35 533 -25 0 0 0 800 136 25 0 -109 0 333 100 -218 0 333 0 118 0 -42 100 500 0 225 892 136 0 0 0 66 0 0 0 -166 136 0 100 350 0 100 0 162 -800 333 0 500 0 50 0 350 0 100 -1000 227 0 237 425 50 0 214 232 500 -16 0 50 -100 -100 0 0 85 472 0 0 475 -71 0 50 0 333 0 0 0 0 0 0 0 0 0 250 0 0 0 50 0 0 0 0 0 50
133 699 200 0 0 0 900 454 700 0 1000 0 316 500 850 0 666 0 327 0 536 328 875 0 662 690 454 125 0 0 333 0 0 0 166 454 50 500 650 0 500 0 395 900 416 0 900 0 200 750 700 0 466 1000 545 0 400 625 200 0 500 545 500 458 0 200 200 200 0 0 375 750 0 0 550 142 0 200 0 666 300 0 0 0 125 0 0 0 0 250 0 0 0 200 0 0 0 0 0 200
#WHUFC 2016-09-17
6 -155 700 200 350 -155 152 312 0 700 0 0 66 0 300 149 0 0 500 0 800 500 550 600 600 250 0 0 0 433 0 0 0 0 0 0 500 0 0 -100 200 -155 -100 152 0 250 312 -500 -150 136 -49 0 295 136 0 0 0 -400 -145 0 0 0 0 0 0 0 0 0 0 0 -100 -100 -100 800 0 0 800 350 0 0 0 0 0 0 500 0 178 0 -166 187 400 0 0 0 0 0 0 0 0 0
368 288 600 300 441 288 422 549 0 600 100 0 166 0 100 500 0 0 500 0 1000 500 700 600 600 200 0 0 0 733 0 0 50 0 0 0 750 0 0 400 200 288 400 422 333 650 549 1000 850 454 700 0 618 500 0 0 0 400 770 0 0 0 0 0 0 0 0 0 0 0 500 500 500 750 0 0 400 550 0 0 100 0 0 0 500 0 284 0 333 687 400 0 0 0 0 0 0 0 0 0
#CFC 2016-09-16
0 0 0 0 262 -666 0 0 0 0 0 0 0 250 0 0 0 250 383 0 0 414 0 0 100 0 0 0 0 500 500 0 383 -187 -625 400 400 0 800 0 800 0 400 0 200 0 1000 0 0 0 500 -199 -250 625 0 625 0 400 0 0 0 0 250 400 0 0 0 0 62 0 0 0 625 800 0 400 0 400 133 0 0 -500 383 0 0 0 0 0 0 375 0 600 0 0 0 0 0 0 0 0
0 0 1000 0 900 666 0 0 0 0 0 0 0 200 250 0 0 200 616 0 0 421 0 0 400 0 0 0 0 1000 1000 0 616 500 400 800 800 0 400 0 400 0 600 0 900 83 1000 0 0 0 500 388 450 800 0 800 0 800 0 0 0 0 333 800 0 0 300 0 550 0 0 0 400 950 0 800 1000 800 188 0 0 300 616 0 0 0 0 1000 0 900 0 450 0 0 0 0 0 0 0 0
#LFC 2016-09-16
0 287 0 0 0 -666 0 400 0 250 0 -349 0 62 0 -625 0 0 383 0 0 0 0 0 0 0 50 100 0 0 500 -206 0 0 0 400 400 250 -625 -625 500 0 0 0 0 0 0 0 0 0 500 0 0 500 -121 458 -25 -400 0 250 -400 0 200 400 0 0 0 0 300 800 800 800 0 0 800 625 625 400 0 1000 800 500 0 0 0 0 583 437 0 800 500 357 400 400 528 -625 -625 0 350 150
0 475 0 0 0 666 0 800 0 200 0 383 0 99 0 400 0 0 616 0 0 0 0 0 0 0 50 0 0 0 500 350 0 0 0 800 800 500 400 400 600 650 0 0 0 0 0 0 0 0 500 0 500 600 600 750 475 400 0 500 400 0 550 1000 0 0 0 0 500 400 900 900 0 0 400 800 800 700 1000 300 400 500 0 0 0 83 650 425 0 900 500 571 800 800 585 400 400 0 650 434
