#AVFC 2014-01-29
500 300 0 500 500 0 0 200 0 500 0 0 712 666 -200 500 -93 500 500 0 537 0 299 500 700 300 0 500 700 550 400 100 300 0 0 0 0 449 0 0 0 316 500 700 0 550 0 125 0 800 500 0 0 0 -150 50 100 0 -283 0 0 0 0 373 0 0 375 -400 -150 0 0 -600 -150 -150 -150 -150 -150 -150 0 416 0 175 -150 0 610 -200 0 0 0 156 125 0 0 200 -234 0 136 -200 136 0
1000 0 0 500 1000 0 0 500 0 1000 0 0 675 799 400 1000 750 500 1000 0 850 0 625 1000 600 266 0 888 600 750 525 400 650 0 95 0 0 400 66 0 0 416 500 600 0 750 0 200 0 400 600 0 0 0 550 1000 400 0 283 383 125 1000 0 587 0 0 750 400 399 0 0 1000 550 550 550 550 550 550 0 544 0 700 550 0 300 800 0 0 500 675 666 0 0 1000 500 0 454 800 454 0
#WBA 2014-01-29
0 0 175 650 0 142 0 0 125 -93 500 -250 200 500 195 50 -100 0 0 0 0 0 149 166 0 0 0 -400 136 0 0 316 377 0 -437 0 -395 0 0 0 -800 -166 0 50 0 0 250 0 0 0 0 136 -321 0 533 0 0 0 0 0 225 -125 0 166 200 500 0 -500 0 200 0 0 0 0 -400 166 433 450 -200 -500 500 -250 5 0 300 366 -50 0 -277 700 0 183 -125 0 0 0 166 0 287 0
0 0 325 875 0 267 100 1000 250 750 500 562 100 600 62 400 600 125 1000 0 0 95 500 666 0 0 66 400 454 0 1000 416 750 0 744 0 283 500 0 1000 900 866 0 500 300 0 250 125 0 0 0 454 494 0 633 0 0 1000 0 0 450 500 66 666 100 500 0 900 0 400 0 0 0 0 400 319 799 391 100 900 583 250 477 0 350 666 158 0 344 600 0 433 375 0 0 0 333 0 800 0
#CFC 2014-01-29
0 0 0 0 0 0 0 0 0 0 0 0 0 625 50 0 0 136 0 0 0 0 0 250 0 0 0 100 0 0 0 200 0 350 200 0 0 0 0 1000 0 0 0 500 161 0 0 0 0 0 0 0 -125 0 50 0 0 250 1000 0 0 250 400 800 0 0 0 0 0 0 250 0 1000 500 0 0 333 108 800 700 700 449 0 400 291 0 500 400 0 0 0 0 -333 0 0 0 0 700 1000 291
0 0 0 0 0 0 0 0 0 0 0 0 0 500 350 0 0 454 0 0 0 0 0 675 0 0 0 200 0 0 0 500 0 350 300 0 0 0 0 1000 0 0 0 183 454 0 700 0 0 0 0 0 200 0 350 100 0 675 1000 0 0 550 500 900 0 0 0 0 0 0 675 0 600 500 0 0 650 491 1000 600 600 450 0 350 766 33 183 500 0 0 0 0 1000 0 0 0 0 900 1000 766
#WHUFC 2014-01-29
-500 800 800 -21 0 225 133 0 317 0 750 100 199 0 136 0 -600 0 700 0 0 0 175 0 0 0 250 0 500 -500 0 500 700 0 0 0 0 250 125 437 33 234 317 250 -625 0 700 170 0 136 0 0 400 0 0 0 0 0 333 250 -350 125 0 0 1000 170 300 -27 250 500 0 366 0 133 -133 0 262 -333 0 246 400 600 0 0 0 500 600 -33 500 449 0 0 0 500 0 0 250 0 200 0
600 750 750 151 0 662 583 200 542 0 600 437 425 500 454 0 1000 0 700 0 0 50 525 0 0 0 500 0 500 700 0 500 700 0 0 0 0 333 250 500 750 477 542 575 400 500 700 454 0 454 0 0 844 400 100 0 500 0 1000 333 550 200 0 0 750 454 100 344 500 888 0 583 0 133 233 0 440 366 0 408 425 900 0 0 0 900 700 466 500 449 100 0 0 500 0 0 500 100 500 0
#SAFC 2014-01-29
537 0 0 133 500 0 537 137 1000 0 0 600 300 -91 0 250 0 0 0 0 0 0 0 -400 0 0 0 781 0 0 325 -250 300 50 0 0 0 0 500 0 0 150 361 -49 200 -16 200 800 0 -238 0 0 0 0 0 0 600 0 0 166 0 0 533 200 1000 250 705 62 200 199 250 0 0 500 -500 -145 250 425 250 0 -77 800 0 375 566 136 285 700 -500 416 -100 0 0 -166 0 1000 250 400 0 0
400 0 0 566 1000 0 400 237 300 0 0 744 100 383 0 333 0 0 0 0 0 0 1000 650 0 0 0 500 0 0 500 400 800 300 0 0 0 0 500 0 0 150 378 775 649 533 600 400 0 845 0 0 1000 500 0 0 900 0 0 477 0 0 333 300 1000 291 640 674 637 333 200 0 0 900 1000 541 200 575 291 0 144 1000 0 750 833 454 535 600 900 383 400 0 0 433 0 300 250 700 100 272
#SCFC 2014-01-29
0 0 0 0 0 300 0 0 158 18 800 -536 62 0 -328 0 0 700 500 0 800 0 -200 0 615 0 0 99 170 213 0 -116 0 -150 175 312 0 -400 0 0 33 0 0 0 781 0 425 0 -200 0 216 0 500 0 200 0 0 -200 362 0 -99 0 0 136 -200 0 0 0 -500 42 0 -66 -200 0 587 0 0 0 250 -400 500 0 0 281 0 0 0 1000 0 0 -66 0 400 625 0 0 0 625 -781 0
0 0 100 0 0 633 0 0 425 427 400 522 500 0 843 0 0 600 500 0 400 0 550 0 450 0 0 366 454 454 0 700 0 233 700 633 0 700 0 0 200 0 0 0 600 0 575 0 100 0 366 0 500 0 600 0 125 300 591 0 583 1000 0 500 300 0 0 0 700 363 0 199 250 0 812 0 0 0 666 600 500 0 0 325 0 1000 0 1000 0 0 233 0 800 600 0 0 0 900 600 0
#COYS 2014-01-29
0 437 266 233 0 175 600 0 155 700 200 323 200 0 350 250 0 0 -50 -155 0 0 0 0 500 250 0 0 0 0 200 325 1000 800 0 245 562 0 700 0 306 437 0 450 612 -390 0 0 0 0 136 -260 -200 272 0 195 0 0 750 99 0 -155 0 100 0 0 66 0 100 0 0 0 0 175 225 0 1000 0 400 -892 93 85 300 400 0 1000 -400 -125 285 237 1000 -400 312 0 62 -66 0 0 200 0
0 462 383 608 0 275 600 0 794 600 200 447 200 0 650 300 0 0 50 288 0 0 0 100 750 279 550 0 0 0 200 600 300 575 0 489 500 0 900 0 625 427 0 683 750 700 0 0 0 0 454 66 500 444 1000 1000 366 0 675 33 0 288 0 400 1000 0 366 0 900 0 0 0 0 700 600 0 400 0 450 857 402 700 100 400 0 1000 900 366 535 375 600 400 333 0 500 466 333 0 200 233
#MCFC 2014-01-29
250 0 0 50 0 0 0 -83 0 0 0 0 -125 640 -388 136 0 0 0 -150 0 0 600 1000 0 400 800 0 0 0 0 -400 0 0 -67 0 350 -781 750 0 0 366 -50 800 349 0 0 0 0 -75 0 -150 -350 800 800 242 656 250 400 0 0 -364 0 -33 656 0 0 0 0 333 0 0 0 0 937 450 0 900 0 781 0 400 0 -200 400 399 400 -200 700 700 0 -100 0 -390 0 0 750 0 0 0
300 0 0 200 0 0 0 750 0 0 0 0 200 625 833 454 0 0 0 350 0 0 600 875 0 700 400 0 0 0 0 400 0 0 556 0 475 1000 500 0 500 333 50 750 666 0 0 0 500 644 0 800 483 400 750 681 366 500 700 0 0 541 0 696 366 0 0 0 0 500 0 0 0 500 1000 662 0 1000 0 500 1000 700 0 400 700 633 700 550 600 600 0 550 0 687 0 0 1000 0 0 0
#CPFC 2014-01-28
0 0 266 700 0 0 0 0 0 537 -100 1000 0 0 0 77 0 300 0 500 -333 0 0 0 0 0 1000 0 0 -50 399 0 -166 0 1000 0 0 700 87 0 150 -111 0 -500 0 -250 225 -155 0 -350 0 -100 0 0 275 50 0 0 187 500 -500 -200 0 233 248 0 116 350 240 0 0 0 133 200 425 0 0 -600 0 600 -600 0 0 0 -50 350 128 200 0 216 0 -250 0 -800 0 150 0 0 400 500
0 0 583 900 0 0 0 0 0 725 900 400 1000 0 0 411 0 100 0 500 666 1000 0 0 0 0 1000 0 500 400 400 0 333 0 400 0 0 600 462 0 650 688 0 750 0 888 700 288 0 900 0 100 0 0 166 300 0 0 512 183 1000 450 0 266 462 850 483 300 561 0 0 0 566 500 666 0 0 1000 0 800 800 0 125 0 525 500 507 200 0 929 0 550 0 800 0 1000 0 0 600 183
#hcafc 2014-01-28
0 500 50 0 0 0 766 700 0 -450 781 0 781 -25 -400 0 0 0 -800 -78 400 0 800 0 -200 213 0 0 300 -500 41 200 0 350 0 800 -200 -37 0 0 0 0 0 -83 0 -183 0 0 138 349 0 0 -50 -364 0 0 225 250 400 300 0 500 800 0 662 50 800 136 0 0 183 0 -22 350 370 0 16 0 -100 -100 -200 0 0 0 -100 400 0 600 400 277 83 -107 700 83 142 0 -700 0 0 166
0 500 50 0 0 0 833 600 0 1000 750 0 750 125 400 100 0 0 1000 237 400 1000 400 0 400 454 0 500 383 500 541 288 400 300 0 400 233 433 0 0 0 0 0 366 0 444 0 0 588 666 0 66 400 500 0 0 540 200 400 500 0 1000 400 0 716 600 1000 500 0 0 783 0 622 625 500 0 466 66 650 200 400 0 0 0 250 450 0 550 800 544 408 601 600 416 767 0 800 0 0 666
#LFC 2014-01-28
500 -122 -272 50 600 -699 0 0 350 0 500 0 500 0 1000 -300 0 500 0 0 0 156 0 400 0 0 -800 0 0 -400 800 75 250 500 500 0 0 0 163 -333 399 0 416 250 0 0 -350 0 0 0 0 166 0 0 0 400 0 250 250 0 0 0 0 531 -336 0 0 0 0 250 0 400 333 270 0 500 0 0 500 267 0 0 0 0 0 0 0 0 0 0 700 300 500 0 172 0 0 0 75 100
600 77 360 399 800 666 0 0 500 0 500 0 500 0 1000 528 0 500 0 0 0 1000 0 750 0 0 900 0 0 400 1000 425 250 500 500 0 0 0 436 666 400 0 416 444 1000 0 950 0 0 0 0 500 1000 0 1000 400 0 500 362 0 0 0 0 400 422 0 0 0 1000 250 0 900 533 536 0 900 1000 0 500 571 0 0 0 0 0 0 0 0 0 0 600 450 500 0 394 0 0 0 183 200
#EFC 2014-01-28
0 500 227 -400 0 0 500 200 0 0 900 -483 500 500 0 0 500 0 0 585 -100 0 0 -125 600 650 0 33 0 0 506 500 0 0 0 0 0 0 0 0 0 200 0 0 0 -149 49 0 100 350 0 0 -200 -296 700 0 24 0 0 500 -800 0 0 -102 156 0 0 0 500 100 250 0 0 375 500 700 0 0 700 700 -250 300 0 0 700 0 520 -50 200 0 706 -200 500 600 700 150 0 28 0 700
0 1000 545 400 0 0 500 100 0 0 650 583 500 500 0 1000 500 0 0 750 400 0 0 375 1000 650 0 66 0 0 425 212 0 0 0 0 0 0 0 0 0 200 650 0 0 722 450 0 700 550 0 100 650 473 600 0 625 0 0 833 900 100 0 344 166 0 0 0 1000 100 750 0 466 500 500 600 0 0 600 600 1000 500 0 0 600 0 1000 400 900 1000 586 350 600 1000 600 416 0 345 0 600
#MUFC 2014-01-28
0 0 375 100 100 375 -300 -300 -300 22 -300 700 166 -300 350 250 250 0 0 825 0 800 0 0 -150 250 -25 0 -291 500 0 285 350 0 -100 357 0 0 0 800 100 100 100 0 0 250 -500 700 500 -300 750 65 0 0 0 400 -400 0 0 500 0 0 0 0 350 0 0 0 -155 800 0 1000 0 0 250 0 0 900 -300 -166 100 350 0 0 160 0 68 0 90 0 100 150 0 -57 0 500 0 0 0 1000
0 0 416 200 200 416 200 200 200 294 600 850 199 600 650 444 494 0 0 950 1000 400 0 0 100 277 262 0 541 750 0 535 650 0 666 571 0 0 0 750 200 200 200 50 0 200 300 850 500 600 500 635 0 0 0 641 400 0 0 550 0 0 0 66 500 0 0 0 288 900 0 525 0 100 300 0 0 900 600 166 200 700 500 0 425 0 227 0 413 0 200 416 1000 567 0 500 333 0 0 300
#cardiffcity 2014-01-28
50 0 0 0 0 0 500 0 0 -50 -100 0 650 -218 0 0 0 0 0 0 -166 0 0 -625 100 0 0 700 400 350 750 0 800 0 0 0 0 0 -300 0 0 375 312 0 800 0 -291 0 -162 125 375 350 450 216 800 500 500 0 483 -156 0 -75 1000 500 0 0 -75 -200 0 504 520 0 -200 0 0 0 166 0 0 600 285 600 0 0 0 0 0 0 0 0 0 100 0 -183 0 0 0 0 -250 0
100 0 0 0 0 0 900 0 0 400 400 100 700 175 0 0 0 0 0 0 99 0 0 1000 400 0 0 600 500 550 500 0 900 0 0 0 0 0 400 0 0 500 333 66 1000 0 541 0 400 166 633 550 525 566 1000 1000 866 533 566 375 0 366 400 1000 0 0 466 400 0 833 550 0 400 0 0 0 666 0 0 1000 535 1000 1000 0 0 0 1000 0 1000 0 0 100 0 233 0 0 0 0 150 0
#ncfc 2014-01-28
266 0 500 300 0 500 -400 0 275 283 199 0 -750 -625 100 0 0 227 0 0 0 0 0 0 -100 250 0 0 0 0 -100 100 0 -483 -800 -49 0 0 0 0 19 0 0 625 604 781 125 0 0 0 125 1000 0 0 468 0 0 0 0 0 0 0 0 0 0 49 733 0 0 500 0 0 625 200 0 500 0 250 0 433 0 0 -166 0 136 285 0 0 650 0 199 -416 800 250 0 1000 -162 600 500 300
500 0 500 594 0 500 600 0 425 366 500 0 1000 1000 1000 0 0 545 0 0 0 0 0 0 350 500 0 0 500 0 200 283 0 783 800 650 0 0 0 0 433 0 0 888 833 500 650 0 0 0 650 300 0 0 602 0 0 0 0 0 0 0 0 0 0 575 700 0 0 500 0 0 700 200 0 500 0 300 0 500 0 0 833 0 454 535 0 0 700 0 466 666 400 300 0 1000 387 550 500 100
#NUFC 2014-01-28
-300 0 -250 0 500 250 0 0 -300 -25 0 -100 0 500 500 0 -66 275 0 100 -50 0 250 328 0 0 375 0 500 0 100 400 -62 0 0 0 122 0 0 -166 0 375 200 500 0 0 -1000 0 0 433 0 500 0 -291 0 0 0 -83 0 0 0 700 0 0 500 0 0 0 0 -500 650 750 0 166 500 0 0 227 1000 0 400 -50 -600 466 -675 0 0 1000 0 350 0 155 -200 0 -104 0 0 0 0 0
600 0 937 0 800 875 0 0 600 385 1000 325 0 500 900 0 300 266 0 393 400 0 300 615 0 0 750 0 500 0 200 800 462 0 0 0 266 0 0 66 0 750 200 1000 0 250 500 0 0 633 0 875 0 541 0 0 0 755 0 0 0 800 0 0 500 0 0 0 0 1000 625 594 250 744 600 0 0 545 300 100 800 200 1000 500 1000 0 100 300 0 550 0 422 650 0 533 0 0 100 0 0
#SaintsFC 2014-01-28
-600 0 0 500 200 200 800 -62 0 0 0 333 0 0 0 200 550 0 800 0 175 600 0 0 650 0 400 0 -500 800 0 -269 0 0 0 149 0 -15 0 700 700 625 0 0 0 0 613 0 0 333 700 0 0 -156 400 0 300 700 266 -199 33 35 -874 0 0 0 0 0 0 449 0 437 -194 500 250 0 183 -100 0 600 0 0 0 0 0 400 358 -100 0 275 625 295 0 -200 0 349 0 1000 0 400
800 0 0 400 700 200 750 237 0 0 0 466 0 0 0 400 700 0 750 0 675 1000 0 0 700 0 550 0 400 750 0 588 0 0 0 500 0 459 0 600 600 600 0 0 0 0 772 0 0 833 600 0 0 375 700 0 700 600 266 600 333 673 666 0 0 0 0 0 0 450 0 525 666 500 200 0 633 200 0 1000 0 0 0 0 0 800 522 200 0 713 500 712 100 200 0 666 0 300 0 800
#AFC 2014-01-28
0 0 0 0 150 0 0 600 406 718 0 0 0 -400 0 0 0 625 0 500 0 400 0 -188 750 0 0 0 333 100 0 -200 600 0 0 0 0 104 1000 0 500 0 -83 -291 500 199 625 650 127 0 0 172 0 177 208 150 0 600 390 -400 0 0 -62 0 172 37 -400 0 550 0 0 0 130 0 200 500 625 0 100 125 0 -100 100 -699 0 150 0 -100 200 0 0 98 -200 400 666 214 0 228 0 100
0 0 1000 0 550 0 0 333 750 700 0 0 0 400 0 0 1000 250 0 500 0 375 0 188 400 0 0 0 666 150 531 100 900 0 0 0 0 583 750 0 500 0 133 541 1000 255 600 650 658 0 0 394 100 777 833 450 0 1000 975 700 0 0 687 0 394 350 400 0 700 400 0 0 390 0 200 1000 600 0 450 400 0 250 300 666 0 450 0 400 500 0 0 497 400 1000 700 428 0 351 0 200
#Swans 2014-01-28
400 800 0 200 0 0 0 0 0 500 0 800 104 0 0 0 0 800 0 -250 -62 500 350 0 700 0 0 0 0 0 125 0 0 250 200 0 0 0 0 300 0 0 0 600 100 500 -200 0 150 0 312 0 600 0 0 0 0 0 -125 -250 642 0 -200 0 0 500 -200 -300 -100 0 -525 -99 0 -200 -400 -800 175 49 -388 -291 -200 0 0 -350 -1000 -500 -1000 -388 -200 0 0 -300 0 800 -300 -133 900 -100 0 200
1000 400 0 300 0 0 50 0 0 500 0 750 833 0 0 0 0 400 0 550 300 500 300 0 600 0 0 0 0 0 666 0 0 200 600 0 0 0 0 450 0 0 0 400 200 1000 400 0 650 0 333 0 1000 0 0 0 0 0 200 800 717 0 400 0 0 500 400 400 200 0 525 166 0 400 600 900 800 550 833 541 400 0 0 600 1000 600 900 833 400 0 0 400 0 400 400 400 1000 200 0 500
#FFC 2014-01-28
-500 0 0 0 333 -1000 0 0 0 0 0 250 0 -83 300 -275 0 0 7 0 0 500 0 161 99 62 91 700 0 0 0 0 400 600 -200 -699 83 200 -77 0 -112 45 500 0 0 0 0 -125 0 500 0 0 -100 0 0 0 0 0 -155 250 0 625 0 0 0 0 0 0 0 600 0 0 312 0 -118 -200 196 437 99 400 166 0 62 0 -100 -37 0 0 -175 -700 -50 0 0 0 252 0 0 250 250 250
1000 0 0 0 500 800 0 0 0 0 0 200 0 666 537 475 550 0 394 0 0 500 0 421 700 375 333 850 125 0 0 0 400 900 800 666 333 200 144 0 150 151 500 0 0 0 0 700 0 500 0 0 400 1000 1000 100 0 0 288 500 0 900 0 0 0 0 0 0 0 800 0 0 540 100 151 50 433 687 396 427 333 1000 500 0 600 400 333 0 575 200 350 0 0 0 541 0 0 200 200 200
#WBA 2014-01-20
300 400 500 -125 200 0 400 -250 -77 500 800 0 66 0 263 433 72 390 0 0 -200 316 0 0 0 0 0 500 0 -125 -1000 800 0 111 -400 83 500 6 -60 0 800 0 0 0 275 112 -188 0 207 0 800 937 511 0 440 166 133 0 550 0 0 0 0 350 62 0 -162 0 66 250 0 -600 0 0 0 -400 0 50 500 350 700 850 251 800 585 0 21 0 300 -400 350 -137 -449 -1000 0 566 0 0 0 206
395 480 300 375 200 0 400 500 394 500 700 500 161 0 438 750 540 434 0 0 100 411 0 0 0 500 0 500 1000 1000 900 400 0 322 400 191 1000 266 614 0 750 0 0 0 644 725 372 0 561 0 700 950 777 0 428 333 405 0 950 0 0 0 0 550 100 66 533 0 255 333 500 800 0 0 0 600 0 350 500 550 600 1000 577 400 750 0 845 0 600 600 425 772 733 900 0 666 0 0 0 536
#EFC 2014-01-20
0 0 283 500 200 458 0 500 75 600 0 0 0 -250 0 199 -500 0 525 0 0 0 250 400 0 0 -357 0 0 0 0 500 -208 0 87 500 -250 -250 0 0 200 0 0 59 0 875 0 600 0 -50 295 0 0 200 -312 0 0 0 500 0 0 0 800 663 0 0 0 253 0 0 0 -133 66 500 500 0 -125 0 800 -55 500 0 0 700 -200 -400 50 -516 200 0 -825 0 387 -173 0 100 0 350 350 150
66 0 314 500 100 766 0 500 400 650 0 0 0 300 0 774 500 0 366 0 0 0 333 350 0 0 428 0 0 0 0 600 166 0 700 500 300 300 0 0 200 0 0 288 0 600 0 1000 0 400 950 0 650 200 800 0 0 666 500 0 0 0 750 625 0 0 0 646 0 0 0 725 150 1000 600 0 1000 0 400 411 500 0 0 933 250 400 200 500 400 0 750 0 376 430 0 400 0 650 650 525
#CFC 2014-01-19
690 285 0 -333 0 0 -155 700 -155 0 -400 0 250 -155 0 0 -125 357 0 0 0 0 225 0 0 -312 0 0 0 0 500 0 0 800 0 0 178 0 0 0 0 0 0 0 500 0 0 178 0 0 0 0 0 800 0 0 0 0 0 766 500 0 0 525 0 0 0 0 0 100 1000 500 350 -37 0 0 0 -200 0 0 -95 800 400 449 0 0 700 0 0 0 0 0 700 0 0 0 0 0 250 272
774 696 0 466 0 0 288 600 288 0 400 0 283 288 0 0 375 535 0 0 0 125 350 0 0 800 1000 0 0 0 600 0 0 400 1000 0 285 0 0 0 0 0 0 0 500 0 0 418 0 0 0 0 0 750 0 0 0 0 0 511 500 0 0 541 0 0 0 0 0 383 799 750 300 833 0 0 0 250 0 0 375 400 900 450 0 0 600 0 0 0 0 0 600 0 0 0 0 0 333 244
#MUFC 2014-01-19
0 0 0 272 700 0 285 0 0 0 0 500 875 -333 -66 0 0 0 0 0 309 0 0 0 0 1000 0 0 -400 0 0 0 0 0 699 800 350 200 -77 0 -400 200 0 -125 1000 366 0 500 0 85 -375 0 0 375 500 0 250 250 0 166 500 250 0 250 136 0 0 0 0 0 -91 0 125 345 0 200 300 0 0 0 -375 0 -345 700 272 -200 800 0 875 -200 0 700 700 -500 625 0 350 -750 600 0
0 500 0 244 200 0 696 0 0 0 0 600 600 466 173 0 0 0 0 0 620 0 0 0 0 1000 0 0 400 0 0 0 0 0 666 750 550 300 144 0 700 1000 0 375 300 700 0 1000 0 250 375 0 50 666 500 0 875 250 0 583 500 250 0 875 454 0 0 0 0 0 675 0 875 250 0 100 466 0 0 0 500 0 279 600 244 600 750 0 600 200 0 200 200 1000 1000 0 300 1000 850 0
#Swans 2014-01-19
0 400 0 0 50 -75 0 -312 0 0 0 250 -137 111 0 500 -416 850 1000 0 0 136 0 -400 0 0 -400 33 0 0 0 0 0 312 0 0 0 -250 0 0 0 500 0 -150 0 0 50 0 0 0 0 800 -350 0 0 150 233 0 0 250 12 0 0 -350 800 0 -500 0 0 0 -375 0 0 0 0 68 0 -400 250 0 -699 0 0 0 0 500 500 500 500 0 0 0 0 0 0 0 0 0 0 318
0 250 0 0 700 1000 0 1000 1000 0 0 300 441 611 0 1000 1000 1000 400 0 0 454 0 400 100 0 600 399 0 0 500 0 0 333 0 0 0 888 0 0 0 900 0 825 0 500 200 0 0 0 0 400 500 500 0 250 666 0 0 300 637 0 0 500 700 0 900 0 0 0 450 0 0 0 0 477 0 400 408 0 666 0 0 0 0 500 500 500 500 0 0 0 0 0 0 0 0 1000 0 700
#COYS 2014-01-19
1000 0 200 1000 -400 0 -300 433 -250 0 516 166 300 0 -250 234 350 0 600 500 200 806 233 500 175 0 -49 400 0 150 0 375 700 800 0 0 1000 649 0 0 800 -159 0 0 812 227 0 175 -550 0 0 0 1000 -400 0 -500 500 0 0 1000 515 200 650 250 -500 0 0 0 233 -200 0 500 0 0 -80 1000 333 0 0 548 781 0 0 687 -166 0 1000 0 -400 93 733 218 212 0 -200 0 -400 0 -121 500
1000 0 200 650 600 0 600 833 400 0 799 666 633 0 1000 582 449 0 1000 1000 575 700 600 1000 883 0 674 425 0 300 0 750 600 750 0 0 780 750 0 375 400 659 0 0 650 545 100 700 950 0 0 0 1000 400 0 750 888 0 0 600 598 500 750 250 1000 0 0 0 396 233 0 600 0 500 180 750 333 0 1000 697 1000 0 0 950 166 0 750 0 400 594 650 396 612 0 100 0 600 100 609 900
#LFC 2014-01-18
0 0 0 0 0 193 0 0 0 0 0 226 0 0 0 0 0 0 -300 533 0 0 0 100 500 0 0 400 0 0 550 -100 100 391 -125 0 0 -125 200 -125 104 200 200 500 0 -125 100 0 -125 0 0 0 700 0 193 150 0 -50 400 136 700 0 0 631 -99 136 0 500 -225 0 0 -50 200 0 250 700 0 0 600 0 0 -9 175 100 350 100 500 433 350 62 0 250 200 0 170 650 0 285 0 266
0 0 400 0 0 727 0 0 0 0 0 431 0 0 0 0 0 0 400 500 0 0 0 200 500 0 400 800 0 0 500 200 200 708 375 125 400 375 400 375 583 200 200 500 0 375 200 0 375 0 0 0 800 0 393 50 0 330 474 500 800 300 0 637 399 454 0 500 950 0 0 400 200 0 1000 600 0 1000 250 0 0 371 475 200 362 200 500 633 800 600 0 500 200 0 454 650 0 535 0 372
#AVFC 2014-01-18
285 300 0 33 0 1000 0 349 412 -162 0 700 166 280 500 0 0 700 487 -250 312 -781 0 0 -375 200 156 -200 0 0 0 0 250 700 0 -183 0 125 -800 -500 -354 541 550 -400 187 0 250 275 0 -33 0 -270 -150 -66 0 0 0 0 83 100 0 0 0 142 0 0 -66 0 281 129 500 0 0 0 0 95 52 -2 550 0 0 0 0 -625 700 -400 316 400 0 500 0 322 478 0 0 700 0 0 -316 317
535 700 0 366 0 300 0 666 575 387 0 600 333 470 1000 0 0 900 641 649 700 400 0 0 425 530 429 800 0 0 0 0 750 750 0 533 0 500 900 1000 652 833 950 400 491 1000 625 500 0 633 750 683 500 433 0 0 0 0 500 400 0 400 0 267 0 0 433 0 781 650 500 0 0 0 0 345 722 186 837 0 0 1000 0 1000 600 400 566 494 0 500 0 422 681 0 0 600 66 0 622 592
#AFC 2014-01-18
800 0 1000 0 800 0 450 -62 100 0 400 0 0 500 600 250 -155 0 0 0 400 0 326 0 700 250 -300 0 0 0 100 0 0 0 500 0 0 0 0 -50 -50 300 0 0 0 0 0 0 1000 0 0 -50 -125 0 378 34 0 0 0 0 200 800 325 0 800 575 400 0 0 0 375 -97 0 0 0 0 0 0 0 0 650 193 0 0 0 0 1000 312 500 500 0 0 0 0 100 0 49 800 -166 0
1000 50 1000 0 575 0 200 800 600 0 200 0 0 700 799 450 288 0 0 0 700 0 787 0 600 450 600 300 0 0 822 0 0 0 900 0 0 0 0 75 75 350 0 0 0 0 0 0 400 0 0 75 250 0 484 363 0 0 0 0 400 400 200 0 1000 675 700 0 0 0 200 247 0 0 0 0 1000 0 0 0 850 643 0 1000 0 0 875 400 900 600 0 0 0 0 750 0 325 900 166 0
#FFC 2014-01-18
500 0 0 150 -125 0 0 75 0 0 199 136 312 16 0 500 -100 500 -500 0 0 0 0 0 0 0 0 0 0 600 0 250 409 0 441 0 600 0 0 0 0 0 500 0 -249 0 -312 150 0 0 0 0 250 0 -251 0 -78 500 0 200 200 0 -375 -208 100 600 1000 0 0 0 0 -300 433 0 -102 0 0 200 0 375 312 -83 250 350 1000 0 500 400 -99 -155 -25 150 0 250 0 399 64 0 0 0
500 0 0 275 875 0 0 398 0 0 333 454 250 300 0 500 500 500 400 0 0 0 0 0 0 0 0 0 0 800 0 750 564 0 450 0 900 0 500 0 0 0 500 0 150 0 687 275 0 0 0 0 200 0 496 0 212 500 0 500 300 0 875 491 200 900 300 0 0 0 1000 600 383 0 344 333 333 100 0 500 333 83 500 550 300 0 500 550 549 288 250 300 0 500 0 408 496 0 0 0
#CPFC 2014-01-18
0 0 125 -500 1000 350 500 0 0 0 750 0 300 578 100 1000 325 -11 500 -100 700 608 1000 0 250 1000 0 11 0 1000 1000 98 500 250 1000 0 398 483 0 250 -500 0 -400 136 450 0 100 -154 200 250 500 375 0 1000 0 0 488 450 800 -75 625 250 0 50 -277 0 250 -321 136 0 225 0 1000 375 0 662 150 407 -50 -87 250 1000 -50 1000 0 0 312 136 250 259 250 250 -125 0 320 0 488 350 166 312
100 0 250 1000 300 350 650 0 0 1000 400 0 449 551 1000 300 416 666 200 200 600 258 300 0 500 300 0 449 0 300 300 596 500 500 300 0 575 633 0 500 500 0 700 454 550 0 300 566 600 500 1000 675 0 500 0 0 500 850 1000 550 600 500 0 350 444 0 500 678 454 0 500 0 750 500 0 800 556 489 150 775 500 1000 400 400 0 0 600 454 500 313 200 200 750 0 350 0 500 693 333 500
#SCFC 2014-01-18
0 0 500 100 0 500 0 0 0 0 750 0 450 0 350 0 350 0 0 500 233 500 0 800 400 400 600 400 375 375 375 75 500 0 -500 200 250 0 0 125 750 0 -1000 0 0 0 0 125 500 0 0 250 -510 1000 -125 200 0 -99 0 0 600 0 0 -12 -4 0 0 0 80 0 435 -55 20 0 88 800 837 250 -233 0 0 0 0 0 300 0 125 800 0 250 500 416 200 408 416 0 416 0 0 0
0 0 888 400 0 888 0 0 0 66 800 0 500 0 550 0 550 600 0 625 270 1000 0 900 1000 1000 850 1000 750 750 750 300 770 0 400 300 200 0 183 350 800 0 833 0 0 0 0 400 500 66 1000 500 783 750 775 500 0 513 0 0 633 0 0 0 55 0 0 0 390 533 627 188 224 0 477 400 500 641 66 0 0 0 0 0 200 0 666 200 0 200 1000 500 200 750 500 450 500 0 0 66
#MCFC 2014-01-18
800 0 0 0 0 0 0 0 0 578 800 0 0 0 0 0 0 66 0 0 233 0 550 0 255 0 0 0 -125 -299 0 0 -249 150 0 0 0 800 300 425 0 0 0 0 -200 300 71 375 0 500 200 400 0 0 0 0 500 0 -400 650 0 578 428 -400 0 0 0 800 0 244 312 345 0 0 250 400 -400 0 800 285 0 150 0 900 -50 800 0 -400 800 0 50 0 8 -400 400 568 272 277 781 0
400 0 0 0 0 0 0 0 0 485 750 0 0 0 0 0 0 700 1000 0 733 0 550 0 602 0 0 0 375 433 0 66 433 600 0 1000 1000 400 900 700 0 0 0 0 800 350 438 500 0 1000 575 800 33 0 0 0 500 0 400 450 0 485 535 400 0 0 0 400 0 383 550 456 0 0 850 800 600 0 1000 535 0 566 600 350 400 700 0 400 400 0 200 0 410 400 900 845 794 477 1000 0
#cardiffcity 2014-01-18
500 0 400 0 400 0 0 0 0 0 0 -120 333 0 0 0 250 0 0 0 0 0 0 133 375 312 333 0 -500 250 0 0 700 0 0 649 0 0 0 0 0 0 0 0 0 -312 0 0 0 0 0 800 500 0 250 0 0 0 0 135 0 0 0 0 0 -600 0 0 0 0 500 0 0 0 0 0 512 50 0 -125 0 0 0 0 0 0 0 -100 516 -250 400 400 616 0 0 162 0 700 0 0
500 0 800 0 800 0 0 0 0 0 0 445 566 0 0 0 200 0 0 1000 0 0 0 433 500 333 566 0 866 444 0 0 600 0 0 800 0 0 0 0 0 0 0 0 0 687 0 0 0 0 0 1000 500 0 408 0 0 0 0 183 0 0 0 0 0 900 0 0 0 0 1000 0 0 0 0 0 433 100 0 533 0 500 500 0 0 0 0 200 866 600 550 800 616 0 333 300 0 950 0 100
#ncfc 2014-01-18
0 0 112 -400 0 0 -100 66 500 0 0 0 0 0 0 -200 -200 250 250 0 0 -312 -22 136 0 562 500 -1000 -338 -400 0 136 0 216 68 100 550 0 0 750 174 350 0 875 0 0 0 0 800 500 200 250 750 0 300 875 0 0 0 0 0 136 -531 142 0 -399 0 0 212 0 500 170 -400 300 300 300 500 0 700 0 475 500 -700 337 300 500 0 224 0 -49 200 250 350 416 -400 -600 0 250 125 0
0 0 558 600 0 1000 200 366 600 0 0 0 0 0 0 250 800 333 250 0 0 700 155 454 0 500 900 1000 614 700 0 500 0 666 260 400 950 0 0 750 350 350 0 600 0 1000 0 0 1000 500 300 333 675 0 700 700 0 275 0 0 500 454 700 267 0 400 300 0 650 0 600 454 400 441 441 441 500 0 550 600 449 500 200 637 400 900 1000 445 0 250 200 750 650 500 400 1000 200 550 375 0
#hcafc 2014-01-18
0 0 500 200 94 0 -50 0 0 117 -50 1000 0 -33 150 111 -304 117 0 0 -291 300 0 200 0 66 0 145 1000 0 700 -25 449 -500 0 150 88 0 150 -31 0 900 212 18 -50 -181 -31 -750 0 625 0 0 200 -25 200 77 0 875 0 -50 -25 -155 566 -714 0 -50 -50 0 199 -399 0 216 0 0 -400 0 0 -699 0 0 0 0 0 0 -150 446 0 0 500 507 0 0 -312 0 -16 0 0 454 -250 0
0 0 700 312 355 0 400 0 0 467 400 300 625 466 300 500 518 467 0 300 541 500 0 200 0 100 0 429 300 0 750 200 350 900 125 600 472 125 250 277 0 1000 384 675 400 727 277 750 500 875 0 0 200 200 100 511 0 700 0 400 200 288 633 857 0 400 400 0 533 322 0 866 33 66 800 0 0 666 0 0 0 0 0 333 700 785 1000 0 500 660 0 0 604 0 266 0 0 690 450 0
#WHUFC 2014-01-18
500 0 0 0 187 0 0 -62 120 0 0 0 0 0 700 0 437 0 233 0 0 0 800 372 150 0 233 24 0 600 -500 600 153 0 153 0 0 0 350 -400 136 200 425 1000 -178 0 442 153 -200 -194 0 0 0 50 0 0 0 0 0 -312 0 616 0 800 245 0 500 0 900 -175 700 -249 164 0 0 400 33 0 250 -66 312 -200 0 0 0 -78 -500 500 500 0 300 0 0 266 0 0 -500 0 75 0
500 0 500 0 637 0 0 187 320 0 0 0 0 0 600 0 875 0 341 0 0 0 700 585 50 0 700 700 0 1000 200 1000 454 0 454 0 0 0 650 400 454 200 484 400 285 0 767 454 700 479 0 500 0 100 0 1000 0 0 0 687 100 716 333 400 318 0 1000 0 575 225 350 150 557 0 0 900 466 66 200 433 540 200 0 0 0 212 800 900 500 1000 466 0 0 733 0 0 299 0 463 0
#NUFC 2014-01-18
0 -400 0 -200 -500 -500 500 0 500 100 0 125 -125 0 650 1000 0 0 350 0 625 0 0 0 0 -208 300 83 125 250 0 -66 0 -200 0 0 -400 0 166 0 250 -349 250 437 0 -291 600 200 -66 375 250 475 20 125 250 0 0 150 312 175 0 -125 291 233 0 500 0 750 -700 0 800 -250 0 400 100 -400 541 178 0 136 625 0 243 850 243 125 375 0 0 0 800 -400 500 133 0 -600 800 0 875 500
0 600 0 333 875 875 1000 0 500 500 0 1000 375 0 625 300 0 66 650 33 700 0 0 0 0 208 900 111 700 1000 0 577 1000 800 0 666 500 1000 333 0 333 333 333 875 0 750 900 100 133 416 333 800 191 383 333 0 0 825 333 650 0 375 416 700 0 500 1000 900 850 0 750 700 83 800 600 400 833 335 0 454 500 0 552 450 552 375 750 0 0 0 1000 400 625 166 0 800 750 0 600 600
#SAFC 2014-01-18
-500 -500 0 0 0 -400 0 500 212 500 0 0 0 0 291 43 175 0 -97 166 250 250 500 100 -100 400 0 0 250 -33 0 150 -400 0 0 0 0 0 0 136 0 0 -400 250 -250 650 0 0 100 -200 0 675 400 291 600 214 0 700 0 339 -781 0 0 0 500 -77 366 250 0 0 316 68 0 0 250 -500 125 250 250 0 100 0 0 0 325 312 -50 0 0 495 141 125 250 -77 500 0 0 -96 0 0
875 875 0 0 0 400 0 900 450 900 0 0 500 1000 833 427 850 0 144 466 250 600 500 200 50 800 0 100 600 488 0 250 400 0 0 0 0 0 0 454 0 0 400 600 700 700 0 0 150 800 0 625 800 508 600 571 0 600 0 616 600 0 0 0 500 144 266 600 357 0 566 227 0 0 250 700 425 200 200 0 200 0 0 33 400 540 400 0 0 611 350 400 600 144 500 0 0 625 0 0
#SaintsFC 2014-01-18
0 0 136 0 -316 0 0 -500 0 37 0 -400 0 0 -100 600 0 -150 800 0 0 700 0 0 500 0 0 0 325 150 0 262 0 0 193 275 227 263 500 136 0 0 200 200 -133 100 800 0 125 0 100 0 0 550 0 129 -178 0 0 -274 0 0 0 0 0 100 99 0 700 0 0 0 125 0 700 0 1000 450 0 0 0 900 262 0 0 0 600 0 0 0 0 400 0 0 -33 136 0 0 0 0
125 0 454 0 433 125 125 700 0 287 0 462 0 0 640 800 125 800 400 0 0 600 0 100 1000 0 1000 0 816 350 0 332 0 0 602 475 722 647 500 454 0 0 200 400 166 900 750 0 313 99 725 0 0 800 0 491 410 0 500 397 0 125 0 0 0 300 737 0 600 0 0 0 125 0 600 0 1000 750 0 0 0 1000 387 0 66 0 800 0 0 0 0 375 0 0 916 500 0 0 0 0
#AVFC 2014-01-13
533 500 -116 -33 0 0 0 387 0 142 0 50 400 0 0 0 0 -277 0 0 0 0 0 200 0 0 0 237 0 500 600 0 300 0 700 270 0 700 0 -874 0 300 200 0 199 0 200 500 500 0 187 125 0 0 0 0 250 250 250 0 -150 -150 222 100 600 -1000 0 500 251 -2 500 0 0 0 0 0 50 -62 0 0 100 0 0 0 -333 0 0 125 0 100 400 200 0 0 51 500 -150 0 0 0
416 600 583 400 0 0 0 450 0 317 0 700 450 0 0 0 0 444 0 0 0 1000 0 500 0 0 0 508 0 625 1000 0 950 0 600 333 0 600 0 666 0 500 300 0 420 0 100 1000 500 0 450 400 0 0 0 0 350 350 350 0 233 233 518 50 300 857 0 750 529 467 500 0 0 0 0 0 396 220 0 100 400 0 0 500 633 0 500 500 0 200 875 500 0 0 384 833 233 1000 0 0
#AFC 2014-01-13
-500 -71 0 0 -800 0 500 600 0 0 300 0 -1000 0 700 0 650 168 200 500 0 500 200 0 233 433 500 0 104 400 500 0 136 500 -500 0 500 100 0 0 0 0 0 0 -75 -666 0 0 0 -536 700 -33 0 0 300 0 700 0 0 -666 0 0 0 500 50 0 312 500 218 0 1000 -666 0 300 0 178 -400 0 0 -87 0 -500 0 0 800 0 0 0 0 0 337 365 0 -50 0 0 0 -200 0 0
500 214 97 0 900 0 900 566 0 0 200 0 1000 0 950 0 825 377 500 900 0 900 900 0 433 322 900 0 408 700 900 0 454 900 400 0 500 1000 0 1000 250 0 0 0 725 1000 0 0 0 720 600 825 0 0 0 0 600 0 250 1000 250 250 0 625 250 0 500 625 325 0 300 1000 0 333 0 392 400 0 0 284 0 500 0 0 800 0 0 0 100 100 530 432 0 716 0 1000 0 400 0 0
#SCFC 2014-01-12
487 0 0 0 0 0 0 0 0 425 800 800 0 100 450 0 12 0 375 0 0 800 0 -1000 -200 500 0 400 -225 0 0 0 -199 -200 -500 0 -420 0 0 0 100 50 0 0 -175 0 -100 625 200 625 400 -500 -237 -460 0 -400 500 0 0 0 500 500 1000 633 -400 0 0 0 136 0 0 0 0 112 0 183 400 200 500 0 0 400 0 400 0 -166 200 124 169 0 0 66 0 0 392 200 0 200 354 875
975 0 0 0 0 0 0 0 0 825 1000 1000 0 200 475 0 683 500 500 0 0 400 0 1000 800 500 0 900 575 0 0 0 933 400 800 0 662 0 0 0 133 700 0 0 550 0 500 500 900 500 1000 600 500 590 0 400 500 0 0 0 200 694 400 733 600 0 0 0 454 1000 0 0 0 433 500 633 400 100 600 0 0 400 0 400 0 433 100 475 370 0 100 175 1000 0 517 550 0 100 708 600
#LFC 2014-01-12
0 -324 68 68 68 68 68 68 68 68 68 68 68 68 68 68 68 68 68 68 500 0 0 450 0 0 0 200 250 0 0 -500 0 250 500 0 0 0 0 0 200 800 0 0 500 0 0 0 0 0 0 233 0 150 0 0 0 0 800 1000 -24 0 0 0 0 433 66 0 0 0 -250 0 0 300 233 100 0 0 350 350 400 0 0 0 0 283 -500 0 0 136 0 166 237 -150 0 200 -31 0 225 -83
0 450 727 727 727 727 727 727 727 727 727 727 727 727 727 727 727 727 727 727 1000 0 0 425 0 0 0 100 716 0 0 533 0 750 500 0 0 0 0 0 100 1000 0 125 600 0 0 0 0 0 500 866 0 100 0 0 0 0 400 1000 700 0 0 100 0 583 816 333 0 0 400 0 0 633 399 383 0 0 800 800 700 0 0 0 0 566 1000 0 0 454 0 666 825 250 0 300 327 333 600 83
#NUFC 2014-01-12
-700 500 0 200 0 350 100 333 800 -1000 700 0 0 250 -300 68 -31 0 200 -133 0 -104 0 166 333 0 -500 0 0 350 0 0 783 0 500 200 -416 0 0 0 0 -200 136 136 136 0 400 0 349 237 0 -500 500 0 437 446 0 0 116 0 0 -83 0 -400 200 177 0 -49 625 700 -600 -100 0 300 1000 700 0 100 -250 16 333 0 87 0 0 0 0 0 0 -100 -37 0 0 150 -200 -375 -400 375 0 233
200 500 0 100 0 450 400 500 700 800 600 1000 0 283 950 227 518 0 300 66 0 216 500 799 666 0 700 0 0 450 0 0 416 533 433 300 833 0 333 0 0 300 454 454 454 0 800 0 550 773 0 1000 600 0 550 535 66 0 483 0 0 166 0 600 400 522 0 700 600 900 800 400 0 750 300 900 0 300 500 450 500 0 572 0 0 0 0 0 0 650 679 0 0 275 200 400 400 350 0 255
#MCFC 2014-01-12
125 125 250 0 350 500 1000 0 -100 500 0 100 433 -500 200 0 364 -104 0 0 0 0 0 0 783 500 0 -416 0 562 136 0 600 0 285 250 0 500 0 200 50 0 0 0 0 0 166 0 68 68 0 68 0 370 800 446 711 782 214 0 0 0 0 0 0 0 666 0 0 0 0 0 0 0 0 0 0 0 0 0 0 0 0 345 0 0 0 0 0 0 0 0 0 0 0 0 0 0 0 0
600 600 375 0 300 750 1000 0 200 500 0 400 462 600 300 0 271 216 0 0 0 0 0 0 416 1000 500 833 0 1000 454 0 1000 0 535 1000 0 500 1000 100 50 0 0 0 0 0 333 0 727 727 0 727 0 720 400 535 892 857 500 0 0 0 0 0 0 0 833 0 0 0 0 0 0 0 0 0 0 0 0 0 0 0 0 535 0 0 0 0 0 0 0 0 0 0 0 0 0 0 0 0
#MUFC 2014-01-11
100 285 0 0 0 0 0 50 50 0 700 200 0 0 500 0 312 -226 0 0 0 0 0 200 -10 0 -1000 0 199 122 0 -291 125 500 0 0 0 0 341 600 0 -181 700 0 136 0 -333 0 -231 0 0 0 0 700 0 -750 75 0 500 500 0 -133 -250 0 0 500 0 0 0 0 -333 500 0 591 -200 0 800 0 0 136 0 500 0 0 0 136 500 0 500 350 250 250 195 325 0 0 0 0 518 0
200 535 0 0 0 0 0 133 133 0 600 300 0 1000 500 0 200 491 0 0 0 0 0 300 750 0 1000 0 300 527 0 541 250 200 0 0 0 0 616 900 0 377 600 562 454 0 666 0 727 0 0 550 0 600 0 1000 191 0 1000 1000 0 266 500 0 0 550 0 0 0 250 750 600 0 841 700 0 400 0 0 454 0 833 0 0 0 454 525 100 1000 550 333 333 451 550 0 0 0 1000 727 0
#Swans 2014-01-11
100 100 0 500 166 0 -1000 700 0 100 0 166 0 0 0 0 -150 0 200 0 -404 -166 250 0 250 0 0 0 312 0 375 0 -390 0 0 0 -277 -250 0 0 750 0 0 0 0 0 0 0 -550 0 100 318 800 800 0 0 200 -62 125 318 0 -155 100 1000 100 -77 87 0 0 150 50 -750 0 0 0 0 0 250 87 150 0 0 0 0 0 0 -33 100 500 0 0 300 0 0 0 800 0 0 0 0
50 50 1000 600 283 0 1000 700 0 400 0 566 0 0 0 0 400 0 500 0 654 433 200 0 300 0 0 100 333 0 500 0 500 0 0 0 344 1000 0 0 950 0 0 0 0 0 0 0 650 0 200 700 400 400 0 0 400 237 200 700 0 288 200 750 200 144 375 0 0 250 100 750 0 66 0 0 0 333 375 250 0 0 0 0 100 0 450 1000 1000 100 0 100 0 0 0 400 0 0 0 0
#cardiffcity 2014-01-11
136 380 0 0 500 312 168 850 0 48 0 0 0 45 0 0 0 225 -300 300 800 0 0 312 375 0 0 233 0 0 0 0 0 0 0 0 0 0 0 0 0 0 0 0 0 0 0 0 250 0 0 0 600 0 0 0 0 100 0 0 0 0 0 0 500 0 500 -50 0 0 500 0 100 0 250 500 100 0 250 0 0 0 50 1000 0 0 1000 100 250 -128 -600 0 200 -699 0 0 0 0 0 250
500 427 0 0 900 333 387 1000 0 305 0 0 0 423 0 0 0 225 500 100 400 0 0 333 500 0 0 787 0 0 0 0 0 0 0 0 0 0 0 0 0 0 0 0 100 0 100 0 408 0 0 0 400 0 0 0 0 400 400 0 125 0 125 0 900 0 900 450 0 0 900 0 400 0 333 1000 400 125 333 0 0 0 100 300 0 0 300 1000 333 410 700 0 200 666 0 0 0 0 0 333
#WHUFC 2014-01-11
566 566 0 -194 275 0 500 0 0 250 0 0 -433 -25 900 -275 -83 0 0 500 500 500 600 500 375 500 0 -400 500 0 -155 -46 -156 0 500 600 -375 0 400 0 0 250 0 -400 0 350 425 1000 -500 0 400 -390 0 250 -400 400 0 -62 500 31 0 0 291 -233 183 0 250 0 133 0 200 800 0 20 187 425 0 -433 -699 8 -400 0 390 0 0 0 136 0 166 100 0 0 466 400 33 0 0 425 0 800
750 750 400 288 850 0 600 0 0 1000 0 0 555 200 500 350 138 0 0 900 500 700 900 500 441 500 0 600 625 0 288 394 275 0 500 900 100 0 700 333 1000 750 500 600 0 550 625 400 900 0 550 250 0 333 600 700 0 487 900 307 66 66 541 433 383 533 700 0 683 250 500 1000 0 395 500 575 291 666 666 129 500 1000 900 0 0 0 454 0 466 150 0 0 483 900 466 0 0 575 0 750
#EFC 2014-01-11
0 666 0 0 0 0 0 0 275 0 0 500 400 0 0 0 0 136 -50 400 112 0 216 0 300 0 112 200 400 400 500 -50 324 0 225 400 400 -305 200 0 0 0 383 0 200 -50 0 -976 0 0 500 0 800 500 365 400 250 0 0 0 700 0 0 350 0 0 458 365 800 0 900 625 0 800 0 -200 -200 0 0 0 0 0 0 0 -200 400 0 0 0 365 0 0 283 0 0 416 365 250 0 0
0 533 0 0 0 0 0 0 475 0 0 1000 1000 333 333 333 0 454 400 1000 518 0 238 0 650 0 518 300 1000 1000 875 400 450 0 350 1000 1000 411 300 0 100 1000 500 0 300 400 0 900 0 0 500 0 1000 600 538 399 1000 0 0 1000 600 0 0 450 0 0 558 538 750 100 1000 500 0 700 0 800 800 0 1000 75 0 0 0 0 800 375 0 0 0 538 0 0 377 0 0 666 538 600 0 0
#ncfc 2014-01-11
0 0 60 -200 400 0 0 250 -137 500 -400 -125 0 -66 0 0 0 500 0 562 0 177 433 225 100 -125 0 416 -8 150 700 0 -179 -155 0 500 0 -166 508 62 0 0 416 0 0 -714 125 0 0 0 625 0 0 50 0 649 0 0 800 -333 0 800 175 0 0 -874 0 -250 0 800 233 0 0 -500 -600 0 -400 175 -350 500 0 400 250 250 500 -200 260 416 0 0 275 800 500 0 0 0 416 250 0 0
0 0 180 400 1000 0 0 500 462 500 400 375 135 544 0 0 0 900 0 675 0 522 700 616 1000 944 0 583 591 316 750 0 600 288 0 1000 100 383 791 512 0 0 583 0 0 857 875 0 0 0 1000 0 0 400 0 1000 0 500 1000 833 0 750 700 0 0 666 0 233 0 700 233 0 0 400 900 0 400 700 600 500 1000 400 333 333 900 0 260 583 0 0 550 400 900 100 0 333 583 750 0 312
#FFC 2014-01-11
0 0 0 162 0 136 408 0 0 0 0 0 208 0 0 27 -304 0 562 200 0 0 183 258 142 333 0 0 0 0 700 0 0 0 0 0 250 170 -35 -200 500 500 242 0 0 312 500 400 0 0 400 0 0 0 0 0 0 375 0 285 0 0 500 -781 0 0 0 0 0 -75 127 -400 0 -75 66 180 0 -625 0 200 -400 450 0 700 1000 150 0 350 600 33 266 500 488 117 200 0 733 0 361 487
0 0 0 450 66 454 416 0 0 0 0 0 666 0 0 166 389 0 550 200 0 0 450 291 267 283 0 0 1000 0 600 0 0 0 0 0 250 500 571 400 500 500 613 0 0 484 150 500 0 0 350 0 300 0 0 0 0 750 0 535 0 0 500 1000 0 0 0 0 0 366 322 700 0 366 500 226 0 600 0 300 400 700 0 600 1000 350 0 433 900 533 608 1000 300 427 300 0 750 0 428 549
#SAFC 2014-01-11
0 150 250 400 197 0 166 0 -108 233 49 0 0 387 100 -600 0 300 800 0 0 0 -400 357 49 0 0 0 0 -25 -57 312 166 250 312 -83 200 -400 0 -190 0 800 200 0 0 136 0 0 0 400 50 -150 199 0 0 0 100 175 0 0 0 0 -50 0 -500 0 200 0 400 0 170 0 300 100 -155 0 0 -125 -125 400 0 -349 -88 0 0 -85 -200 274 200 312 -375 0 250 400 366 312 0 375 -25 0
300 400 333 800 511 0 666 0 416 566 450 0 475 416 700 900 0 600 750 0 500 0 600 750 450 0 0 0 0 400 467 300 466 250 540 583 300 400 0 513 0 875 400 0 0 454 0 0 0 700 150 449 233 0 0 0 383 217 0 0 0 0 400 0 1000 0 500 0 800 0 500 100 350 750 288 0 0 575 70 800 0 383 184 250 0 562 200 416 500 250 1000 0 250 700 550 333 0 500 500 0
#SaintsFC 2014-01-11
0 0 0 520 170 100 600 1000 169 -83 -281 -400 0 500 333 -100 312 -400 450 0 -131 -400 136 0 0 700 0 -500 136 0 0 700 0 0 0 0 0 275 0 -145 -200 -131 0 -399 0 0 700 0 500 0 127 976 416 0 400 0 300 0 0 579 45 136 68 0 0 0 0 -637 125 300 -337 250 250 650 0 168 68 0 500 350 850 0 0 100 800 0 0 166 0 -250 800 250 0 -200 0 566 0 312 0 375
0 0 0 823 454 1000 1000 300 530 583 560 400 0 687 666 200 250 400 300 0 427 400 454 0 0 600 66 1000 454 0 0 799 0 500 0 500 0 781 1000 770 350 427 0 750 55 0 900 500 600 0 595 500 500 0 500 0 800 0 0 483 595 454 227 0 0 0 0 533 750 800 618 200 200 783 0 277 250 0 500 300 1000 300 0 400 1000 0 0 750 0 200 1000 375 0 800 0 666 0 333 0 500
#WBA 2014-01-11
500 0 68 0 0 400 250 170 250 0 800 383 -437 740 0 -50 649 500 136 285 250 0 0 68 500 0 -125 300 133 0 1000 0 600 800 0 211 0 308 0 725 0 104 0 712 0 0 800 104 -1000 64 700 500 -12 0 136 475 200 781 400 -125 900 1000 800 0 0 350 0 -500 136 -400 525 833 0 0 0 0 610 600 0 -199 0 0 0 750 268 468 199 666 600 68 200 170 175 0 -400 0 0 -250 -300 500
500 0 289 0 0 900 300 454 444 0 400 444 583 800 0 150 800 500 454 535 200 0 0 227 500 0 944 500 450 0 900 0 866 900 0 401 0 441 0 510 0 166 0 950 0 0 900 166 400 300 600 600 575 0 454 633 200 750 800 750 900 600 900 0 0 449 0 500 454 700 625 1000 0 0 0 0 300 800 400 433 0 0 50 950 427 727 333 733 1000 477 200 454 325 50 600 0 0 625 766 375
#COYS 2014-01-11
0 0 1000 0 568 850 0 200 0 166 0 272 375 500 250 0 1000 0 0 -25 800 -500 -25 700 0 468 625 0 649 800 187 0 -1000 -133 0 0 -400 0 412 160 0 0 0 0 0 285 0 0 154 700 0 1000 500 0 -100 250 -500 95 0 -699 375 -400 -187 -166 -303 400 0 875 800 0 0 216 0 0 500 0 0 -312 0 0 -250 0 250 0 -500 -750 -33 0 0 0 -166 11 0 0 0 148 0 483 312 0
0 0 750 0 377 675 66 300 0 166 0 333 750 1000 200 0 750 0 0 475 750 500 533 600 0 750 500 0 750 900 500 0 1000 533 0 0 400 0 600 539 0 0 0 0 1000 535 250 0 625 600 0 1000 500 750 200 333 500 595 0 666 750 400 399 166 288 200 0 600 900 0 0 766 0 1000 500 0 0 687 0 0 533 0 500 0 1000 1000 333 0 0 0 166 188 0 0 0 550 0 716 600 0
#CPFC 2014-01-11
400 -416 -125 -155 0 275 800 650 500 500 0 500 1000 350 -166 250 500 1000 233 70 0 0 136 -87 0 1000 400 125 333 200 0 41 325 0 400 -155 250 250 250 250 250 400 -49 0 0 572 0 -100 442 0 0 0 455 -750 300 100 0 0 475 700 0 45 53 66 100 700 416 500 1000 0 312 0 -200 375 375 0 0 0 -400 -250 -131 400 500 -83 49 0 200 200 449 1000 0 200 0 800 800 600 666 0 -625 0
500 1000 355 288 0 175 400 649 600 600 0 600 1000 449 166 375 600 780 433 300 0 0 454 216 0 300 500 300 500 200 200 333 691 200 500 288 200 200 200 200 200 500 300 0 0 833 0 200 663 0 0 0 640 1000 700 1000 0 0 800 600 0 518 470 166 100 600 500 900 300 50 333 50 0 500 500 0 0 0 400 250 450 1000 500 583 450 33 200 200 700 300 0 200 0 750 1000 1000 700 0 400 650
#hcafc 2014-01-11
0 366 400 0 0 0 -75 136 0 322 375 -150 -100 292 -127 50 -166 0 0 0 0 0 0 250 -50 0 0 -450 0 166 900 0 0 -131 225 -50 500 0 333 -100 0 0 250 100 -500 0 -100 0 0 200 0 -83 -100 -50 0 -50 -283 136 100 141 0 -100 0 66 -100 0 -100 -100 -100 500 -100 161 66 -100 0 0 0 -100 0 66 0 -50 0 400 0 400 500 0 0 -50 -200 -25 -150 350 0 -50 300 -50 555 0
0 799 500 0 1000 0 366 500 0 733 375 700 50 320 455 350 766 0 1000 1000 0 0 0 1000 400 0 0 800 0 666 1000 0 0 450 450 400 900 500 400 50 0 0 444 300 1000 0 100 66 0 200 0 166 50 400 1000 250 350 454 300 613 0 50 0 633 50 0 50 50 50 400 50 238 333 50 100 0 0 50 0 633 0 400 0 600 0 400 500 0 0 400 50 775 500 650 0 400 200 400 488 0
#CFC 2014-01-11
-333 100 475 0 400 400 262 -249 318 0 0 0 0 0 399 -100 341 0 -181 0 -333 68 0 0 216 0 0 360 -200 0 0 0 0 0 700 0 100 0 0 0 0 0 0 0 -166 0 0 0 0 0 650 0 0 0 0 0 0 0 0 0 333 500 437 0 0 0 0 0 87 0 500 400 0 333 0 0 -250 250 0 262 0 0 100 196 0 0 0 -400 0 0 216 200 0 0 0 433 0 500 300 0
666 133 550 562 500 500 434 650 677 125 0 0 0 0 700 700 616 0 377 562 666 227 0 0 366 0 0 456 700 0 0 0 0 0 650 0 900 0 0 0 0 0 1000 125 166 125 400 0 0 0 900 0 0 0 100 0 0 0 0 0 652 500 800 0 0 0 0 0 287 0 1000 700 0 486 0 0 550 100 1000 434 0 0 491 479 0 0 0 450 0 0 366 600 0 0 0 833 0 500 466 0
#MUFC 2014-01-01
-316 1000 800 400 400 0 0 0 244 0 0 0 0 900 0 900 0 0 68 625 136 833 0 -200 300 1000 900 808 0 0 0 625 100 -316 0 136 0 0 1000 0 39 0 500 0 650 800 0 0 0 0 -125 650 192 675 625 250 333 500 0 0 -131 0 -316 0 650 900 214 0 650 650 0 900 525 218 800 650 800 500 0 0 -300 0 800 0 0 -50 500 268 500 0 517 0 0 0 0 0 0 0 1000 0
300 1000 1000 800 375 0 0 0 378 0 0 0 0 1000 0 1000 0 0 227 633 454 766 100 550 100 1000 650 683 0 0 0 600 400 300 125 454 0 0 1000 0 750 0 500 0 1000 1000 0 0 0 0 625 1000 467 825 600 625 566 500 0 0 427 0 300 0 1000 1000 571 0 1000 1000 0 1000 1000 477 1000 1000 1000 500 0 150 600 0 1000 0 0 400 500 677 1000 0 742 0 0 0 0 0 0 0 300 0
#COYS 2014-01-01
-50 -76 200 200 0 500 200 0 250 187 100 -349 -400 -150 0 0 537 0 0 0 0 -400 0 0 0 0 0 0 0 0 0 0 0 0 0 0 0 0 0 0 0 0 0 0 0 0 0 0 0 0 0 0 0 -625 0 0 0 0 0 0 0 0 0 0 0 0 0 0 0 0 0 0 0 0 0 0 0 0 0 0 0 0 0 0 0 0 0 0 0 0 0 0 0 0 0 0 0 0 0 0
150 269 200 200 0 500 200 0 200 150 150 366 300 800 0 0 350 0 0 0 0 400 0 0 0 0 0 0 0 0 0 0 0 0 0 0 0 0 0 0 0 0 0 0 0 0 0 0 0 0 0 0 0 1000 0 0 0 0 0 0 0 0 0 0 0 0 0 0 0 0 0 0 0 0 0 0 0 0 0 0 0 0 0 0 0 0 0 0 0 0 0 0 0 0 0 0 0 0 0 0
#AFC 2014-01-01
0 0 0 0 750 0 -300 479 200 0 -100 136 266 137 0 0 0 0 0 0 800 -200 0 300 300 562 0 168 0 0 800 0 0 0 0 0 0 0 0 0 0 0 0 0 0 0 0 0 0 0 0 0 0 0 0 0 425 0 0 0 0 0 0 0 500 0 0 0 0 0 0 0 0 0 0 0 0 0 -30 0 0 0 0 -37 0 0 0 0 0 0 0 0 0 -200 0 0 0 300 0 0
0 0 0 0 650 0 200 520 300 0 200 454 155 497 0 0 0 0 0 322 400 700 0 449 800 500 0 277 0 0 1000 0 0 0 0 0 0 0 0 0 0 0 0 0 0 0 0 0 0 0 0 0 0 0 0 0 400 0 0 0 0 0 0 0 500 0 0 0 0 0 0 0 0 0 0 0 100 0 316 0 0 0 0 187 0 0 0 0 0 0 0 0 0 650 0 0 0 800 0 0
#cardiffcity 2014-01-01
0 0 158 0 0 0 250 0 250 0 0 375 0 167 0 -800 0 -187 0 0 -166 0 0 0 225 250 -9 -200 0 0 0 -100 375 312 125 850 800 0 0 -88 0 0 0 0 0 225 -750 0 -1000 0 225 112 0 0 0 0 0 0 0 458 0 800 0 -62 750 0 0 0 0 -200 125 0 0 25 0 375 200 0 0 149 0 0 -250 0 -62 -62 0 -62 0 -125 0 0 0 -525 500 0 31 0 309 0
0 0 254 0 0 0 347 0 347 0 0 700 0 870 0 1000 0 500 0 0 250 0 0 0 300 300 680 800 0 0 0 0 500 333 150 1000 700 800 0 571 0 0 125 0 1000 300 1000 0 1000 0 300 775 0 0 0 0 0 66 0 700 0 700 0 750 900 0 0 0 0 200 775 0 0 202 0 416 200 125 0 600 0 0 400 0 237 237 0 237 125 500 0 0 0 1000 500 0 733 0 425 0
#CPFC 2014-01-01
0 136 -500 0 0 -277 250 300 0 -266 0 -88 125 -4 0 0 292 0 312 1000 0 1000 0 -250 383 -99 0 19 0 383 0 -388 0 250 31 0 300 -250 -500 0 0 0 0 -155 0 0 0 400 0 250 250 250 -234 125 0 136 0 68 0 222 31 0 0 -300 -62 375 0 200 100 800 0 312 -187 156 0 0 375 312 312 250 0 0 0 0 0 0 -400 0 0 -400 0 0 0 0 1000 400 250 136 500 99
100 454 700 0 1000 344 483 633 0 522 0 571 250 376 0 0 649 0 250 1000 0 1000 0 250 750 633 1000 580 0 750 0 833 0 250 400 750 500 250 1000 0 0 0 0 288 0 0 0 800 0 200 200 200 468 125 487 500 0 227 66 644 400 0 500 600 237 875 0 200 200 750 0 500 500 300 0 0 500 333 200 500 0 0 0 0 1000 0 400 0 0 400 100 0 0 500 1000 800 350 454 500 333
#ncfc 2014-01-01
136 100 76 136 800 1000 0 25 150 0 0 170 0 0 -266 200 -100 650 0 377 0 433 240 500 -375 0 0 200 0 500 0 0 0 -250 100 0 0 0 485 506 0 0 137 0 0 0 250 0 0 0 0 0 250 468 0 208 0 0 100 -200 0 0 0 233 0 0 800 0 0 200 0 333 -200 0 0 0 0 500 0 0 0 0 0 0 0 500 0 0 477 412 0 0 450 366 400 500 218 0 0 0
454 1000 430 454 400 1000 0 175 575 500 0 454 0 0 522 400 300 575 100 577 0 733 311 925 1000 0 0 300 0 500 0 0 0 250 900 1000 0 0 727 587 0 0 483 0 0 0 250 0 0 0 0 0 250 427 0 916 0 0 150 50 0 0 0 799 0 0 400 0 0 100 0 833 700 0 0 0 0 500 500 0 0 0 0 0 0 791 0 0 688 601 0 100 575 700 400 666 531 1000 0 0
#FFC 2014-01-01
200 -200 136 0 0 0 400 0 -125 400 300 400 -291 0 800 0 0 1000 0 0 0 136 700 0 0 0 0 0 333 0 0 700 -300 266 0 -200 0 0 0 136 -200 500 -100 -49 500 333 0 250 0 0 375 475 650 0 -155 325 366 -100 0 0 0 0 136 -200 600 0 91 0 375 -400 0 0 -15 0 0 -1000 -24 -116 333 0 1000 0 1000 500 0 0 133 178 0 -8 37 193 300 0 475 0 0 475 193 0
500 100 454 0 0 0 1000 0 375 1000 650 1000 541 0 750 0 0 300 0 0 0 454 700 0 0 0 0 0 333 0 0 200 350 666 0 550 0 0 0 454 333 425 500 477 500 500 0 312 0 0 375 516 625 0 288 337 700 150 0 0 100 0 454 400 800 0 629 0 875 700 500 0 310 0 0 1000 350 523 666 0 300 300 300 500 750 0 133 451 0 466 850 693 450 0 516 0 0 516 477 0
#WHUFC 2014-01-01
136 0 0 100 900 -1000 0 528 0 0 0 0 0 250 0 0 800 0 54 0 -104 368 166 -200 -25 -100 -100 0 0 250 0 0 0 0 400 -150 0 200 0 600 -33 183 0 0 500 111 -50 0 0 250 175 0 0 0 0 0 1000 350 259 0 357 200 0 0 156 27 0 0 0 27 -95 0 375 312 0 0 0 250 400 0 0 0 0 0 0 125 0 59 0 0 0 0 0 0 100 0 0 -295 -207 225
454 0 0 1000 1000 900 0 678 0 0 0 1000 300 250 0 0 750 0 254 0 83 677 527 800 534 400 400 422 0 500 0 0 0 550 800 500 0 200 0 894 583 466 0 0 500 555 400 1000 0 333 325 0 0 0 0 0 1000 850 490 0 535 100 0 0 793 500 1000 0 1000 500 475 0 500 333 0 0 0 500 800 0 0 0 0 0 0 300 66 714 0 0 0 0 0 0 383 0 500 470 717 650
#LFC 2014-01-01
0 0 100 0 0 367 1000 485 600 -178 0 0 -75 0 500 -1000 433 136 1000 425 0 700 200 1000 0 333 0 0 -66 0 62 200 500 583 700 312 0 800 208 0 137 0 583 111 0 343 50 583 -77 0 433 583 0 0 100 136 0 50 583 400 0 200 0 0 -500 583 133 300 0 583 -388 350 0 -500 0 0 0 200 250 0 0 0 0 199 875 0 0 0 136 118 0 0 47 0 202 0 50 0 800 0
900 0 300 1000 0 590 900 727 1000 285 0 0 292 0 500 1000 833 454 300 741 0 600 750 600 0 333 0 0 533 0 612 600 500 316 600 300 0 400 666 0 379 0 316 222 1000 703 600 316 144 0 833 316 0 0 300 454 0 350 316 1000 0 200 0 0 700 316 533 200 0 316 833 550 0 500 0 0 0 600 250 0 0 0 0 450 600 100 0 0 454 400 0 0 357 0 536 0 350 0 1000 0
#hcafc 2014-01-01
136 0 0 11 0 0 275 0 500 19 0 0 0 1000 0 -400 -400 0 400 0 0 -62 -62 0 399 -625 -625 0 -400 -300 0 500 0 0 200 0 50 0 0 0 350 19 250 -400 694 0 0 250 1000 0 300 0 366 200 275 -250 -50 250 500 0 0 0 200 0 0 200 0 -200 0 500 25 0 700 0 0 0 450 333 0 0 0 118 0 0 0 75 0 19 0 0 0 0 0 136 700 312 0 0 136 100
454 0 0 433 0 0 488 0 516 450 0 0 0 400 0 400 400 0 900 100 600 237 237 0 800 400 1000 0 400 400 0 833 0 750 200 0 328 600 0 0 500 450 750 400 765 0 0 500 750 0 570 0 516 200 375 400 400 399 525 0 0 0 300 0 0 300 0 100 0 500 400 1000 600 0 0 0 750 833 0 0 0 627 0 0 0 300 0 511 0 0 0 0 0 454 600 200 0 0 454 350
#SaintsFC 2014-01-01
375 700 718 0 -390 350 0 -250 0 0 0 625 -125 700 0 900 0 0 0 0 0 0 66 0 1000 68 166 437 418 -699 600 850 22 0 976 0 500 0 200 0 0 0 475 0 0 500 49 566 -500 -400 -600 781 -225 0 250 800 -224 136 700 50 0 0 0 300 200 400 500 375 0 0 175 0 550 300 341 0 111 400 349 0 716 375 0 976 0 0 0 312 449 356 800 437 1000 0 1000 0 -400 0 0 48
611 600 566 0 200 300 0 500 0 0 0 600 375 750 0 900 0 0 0 0 0 0 633 0 1000 727 666 337 527 666 1000 875 294 0 500 0 500 0 200 416 0 0 600 0 0 700 700 566 400 400 1000 600 400 0 200 400 833 454 600 350 0 0 0 350 300 400 600 650 0 0 325 0 1000 700 725 0 222 900 666 0 616 500 0 600 0 0 0 333 400 700 750 750 1000 0 400 0 400 0 0 314
#CFC 2014-01-01
0 49 466 0 0 0 333 0 0 59 0 0 500 533 136 425 0 -625 250 1000 0 187 250 0 0 200 0 500 468 568 0 187 0 227 0 0 0 0 -600 400 0 0 -388 0 0 791 -125 0 0 0 0 0 0 0 0 0 0 0 0 0 0 0 0 0 0 0 0 287 0 0 0 0 0 0 0 0 0 0 0 0 0 0 0 0 0 0 100 125 600 368 0 568 0 433 817 -750 0 0 0 66
0 450 666 1000 0 0 666 0 0 510 0 0 600 288 454 741 0 1000 550 300 0 250 200 0 0 300 0 600 727 400 0 250 0 545 0 0 0 1000 800 800 0 0 833 0 0 633 750 0 0 0 0 0 0 100 0 0 0 0 0 0 0 0 0 0 0 0 0 700 0 0 0 0 0 0 0 0 0 0 0 0 0 0 0 0 0 0 300 400 716 702 0 400 0 833 695 1000 0 0 0 866
#SCFC 2014-01-01
136 136 -150 -1000 -200 -175 -41 285 0 164 -18 -41 150 0 0 800 0 1000 0 0 350 285 0 125 600 -100 0 0 0 0 200 0 0 0 -520 322 500 0 -50 0 250 -50 266 -400 0 100 0 300 200 300 -325 400 100 0 0 -66 300 200 533 200 400 0 0 250 800 136 -49 -50 0 312 273 733 800 0 100 0 -500 0 0 -50 0 0 0 -625 66 257 0 100 0 625 -1000 -50 500 0 68 -100 -200 0 312 225
454 454 700 1000 250 525 266 535 0 598 491 533 100 0 0 750 0 300 0 0 600 535 1000 300 950 100 0 0 500 0 200 0 0 0 780 344 500 0 400 0 1000 400 433 600 0 200 0 200 200 200 425 1000 400 0 0 583 500 200 405 200 400 0 0 500 750 500 650 400 0 900 620 700 750 0 50 0 1000 0 500 400 0 0 0 900 633 633 0 50 0 762 1000 400 500 0 227 175 200 0 900 575
#EFC 2014-01-01
-500 400 -166 0 136 200 50 400 0 0 0 0 0 0 0 0 0 0 0 0 0 0 0 0 0 0 0 0 0 0 0 0 0 0 0 0 0 0 0 0 0 0 0 0 0 0 0 0 0 -500 500 0 0 0 0 0 0 0 0 0 0 0 0 0 191 0 0 0 0 0 0 0 0 -200 0 0 0 0 0 0 200 0 0 500 0 0 0 87 0 0 0 0 0 0 0 0 0 0 0 0
500 404 666 600 454 200 350 425 0 0 0 0 0 0 0 100 0 0 0 0 0 0 0 0 0 0 0 0 0 0 0 0 0 0 0 0 0 0 0 0 0 0 0 0 0 0 0 0 0 500 500 0 100 0 0 0 0 0 0 0 0 0 0 0 554 0 0 0 0 0 0 0 0 250 0 0 0 0 0 0 250 0 0 600 0 0 0 950 0 0 0 0 0 0 0 0 0 0 0 0
#SAFC 2014-01-01
250 83 136 66 -250 -220 0 500 0 166 285 0 0 0 0 166 250 0 0 166 0 0 0 -158 312 700 250 278 0 400 100 175 0 -111 0 136 0 0 -250 0 0 0 0 -500 178 250 250 -1000 18 500 -349 408 0 -1000 162 0 0 136 0 0 0 136 0 0 0 0 0 -150 350 318 433 -100 0 500 400 0 0 0 0 0 0 -300 0 0 0 0 0 0 0 170 250 500 250 0 -156 0 0 0 100 -468
500 1000 454 350 250 520 0 150 0 222 535 0 0 0 0 666 500 0 0 666 0 0 0 317 500 600 500 633 0 383 0 275 0 244 0 454 0 125 600 0 0 0 0 875 285 500 400 1000 277 500 333 458 0 1000 525 0 0 454 0 0 66 454 0 0 0 0 0 950 800 727 474 100 0 1000 1000 0 0 0 250 0 0 400 0 0 0 0 0 0 0 454 200 666 500 0 125 0 0 600 200 437
#AVFC 2014-01-01
0 450 -479 -250 500 1000 136 -800 -333 0 0 0 800 0 875 875 166 0 229 781 75 100 0 0 0 -42 150 500 0 0 600 168 250 0 136 437 0 500 0 0 0 0 142 0 500 63 -200 0 333 0 800 250 283 0 700 0 500 -750 175 500 400 125 0 0 504 150 -1000 100 0 -27 250 650 450 200 587 287 500 37 800 0 0 0 250 200 0 0 0 700 0 0 0 0 500 0 0 366 166 166 166 546
0 900 633 388 500 750 454 800 666 0 0 100 900 0 600 600 277 0 433 500 825 950 100 0 300 550 750 950 0 0 766 477 250 0 454 300 0 700 125 0 0 0 267 0 950 322 637 0 799 0 900 300 783 0 600 0 700 900 275 500 950 141 0 0 633 850 1000 350 0 666 150 700 250 500 825 637 700 139 825 0 0 0 750 100 0 0 0 950 66 0 100 0 700 0 0 466 277 277 277 650
#WBA 2014-01-01
0 0 250 -800 158 500 76 -600 0 136 0 652 0 0 1000 0 592 0 0 -62 -25 0 0 0 0 -312 0 199 0 283 800 500 0 250 -400 250 0 0 -333 0 91 458 0 650 -11 0 -1000 136 137 0 -400 700 0 -362 0 800 0 316 278 79 250 -25 0 250 0 0 0 291 0 0 -131 550 500 481 0 418 229 0 45 500 -125 0 0 500 187 200 -250 -114 166 -50 250 -149 -12 278 250 175 625 0 51 0
125 0 1000 900 254 475 430 1000 0 454 0 400 0 0 600 0 322 0 0 437 200 459 0 0 0 687 900 466 500 458 750 500 1000 500 400 425 0 0 1000 0 629 694 433 625 554 0 1000 454 787 0 400 600 66 950 0 700 0 683 367 766 1000 200 0 850 0 0 125 625 0 0 427 950 500 579 0 627 516 666 484 888 375 0 0 500 437 200 662 427 188 200 500 944 475 435 444 550 888 0 451 0
#NUFC 2014-01-01
0 136 0 170 800 0 500 112 0 650 -250 625 0 0 390 0 0 100 0 0 500 0 500 0 0 0 400 0 350 0 -75 375 166 0 0 1000 0 -158 0 1000 700 484 0 0 -300 500 0 0 0 375 136 400 0 178 250 0 -1000 -25 -1000 0 606 333 750 136 200 0 0 350 500 0 0 250 111 0 33 0 0 0 0 33 33 162 312 0 0 0 1000 0 500 187 800 0 -800 136 0 -125 0 0 100 0
0 454 0 454 400 0 600 522 0 600 250 775 0 0 250 0 100 1000 0 0 500 0 750 0 0 0 800 66 650 0 145 500 666 649 0 750 0 317 0 1000 600 760 0 0 400 833 0 0 0 775 454 700 0 285 400 0 1000 200 1000 0 625 566 500 454 200 0 0 300 150 250 100 500 500 0 366 0 0 0 0 399 399 525 540 0 0 0 300 0 150 437 400 0 800 454 0 375 0 0 1000 0
#Swans 2014-01-01
0 0 0 0 0 0 0 0 0 800 -200 250 925 0 0 500 0 0 500 0 312 -400 0 0 400 -333 -333 468 304 100 0 0 0 0 100 0 0 0 183 -49 1000 0 0 0 250 0 0 0 525 0 400 0 -400 160 600 0 -183 850 0 0 357 -600 500 -62 -62 100 0 0 -99 900 -600 -600 -400 125 0 250 0 500 68 136 125 33 250 0 0 0 50 183 0 0 0 0 0 0 100 0 0 0 0 -16
0 0 0 0 0 0 0 0 0 1000 250 200 1000 100 100 1000 0 100 1000 0 333 400 0 0 400 666 666 727 550 900 0 0 100 100 300 500 0 0 633 1000 300 0 0 0 408 0 0 0 400 0 400 0 500 539 800 0 266 1000 0 0 571 1000 500 237 237 100 100 0 800 350 800 800 700 291 1000 333 0 833 227 454 291 399 333 0 0 66 100 144 0 0 0 0 0 0 400 100 0 0 0 238
#MCFC 2014-01-01
-400 0 216 136 0 68 937 0 600 200 468 500 0 -73 0 0 0 0 0 0 0 0 0 0 0 0 0 0 0 0 0 0 0 0 0 0 0 0 0 0 0 0 0 0 0 100 0 68 0 0 -155 0 0 50 -333 0 0 0 0 0 0 0 0 0 0 0 0 0 0 0 0 0 0 0 0 0 0 300 0 0 500 0 0 0 83 0 0 0 575 0 0 0 0 0 0 0 -166 0 0 0
600 0 377 454 0 427 1000 0 1000 500 727 500 0 503 0 0 0 0 0 100 0 0 0 0 0 0 0 0 0 0 0 0 0 0 0 0 0 0 0 0 0 0 0 0 0 1000 0 427 0 0 288 0 0 500 1000 0 0 0 0 0 0 0 0 0 0 0 0 0 0 0 0 0 0 0 0 0 0 900 0 0 500 0 0 0 333 0 0 0 525 0 0 0 0 0 0 0 383 0 0 0
#CFC 2013-12-29
0 0 0 800 800 333 125 0 216 0 0 -41 0 0 0 80 100 850 0 149 0 -394 0 0 0 0 357 134 0 0 500 250 0 200 0 0 0 0 400 0 0 250 0 0 488 0 7 0 0 0 0 500 0 -400 0 0 325 0 0 50 100 0 0 100 0 333 0 300 0 700 0 0 0 186 600 250 125 -200 0 0 0 0 0 0 0 0 1000 100 0 500 0 0 0 500 0 0 333 0 0 500
0 0 0 400 400 533 666 0 616 0 0 158 0 0 0 279 150 450 0 500 0 616 833 0 0 0 571 463 125 66 750 375 0 300 0 0 0 125 500 0 0 250 0 0 250 0 750 0 400 0 0 500 0 600 0 0 416 0 0 191 383 0 0 300 0 666 100 441 0 600 0 0 1000 597 900 250 666 700 0 0 0 0 0 0 0 0 300 1000 0 150 0 125 0 500 0 0 666 0 0 833
#LFC 2013-12-29
-714 0 150 102 400 0 200 700 0 0 712 437 90 0 0 0 800 -750 -375 0 0 500 500 -150 402 0 222 0 275 0 -199 0 0 0 0 136 0 268 533 0 0 250 0 0 0 0 0 0 400 0 0 0 333 0 7 0 0 100 0 750 0 500 0 0 -210 0 0 500 566 0 -400 0 -200 83 500 325 187 136 0 400 0 325 0 491 0 -27 200 0 400 100 183 475 0 0 500 0 284 0 0 0
857 0 450 508 500 0 300 600 0 0 750 687 333 0 0 0 400 750 500 0 0 1000 500 700 672 0 644 0 370 0 900 125 100 250 250 454 0 500 700 0 0 250 125 0 0 0 0 100 500 0 0 0 333 0 750 0 0 1000 0 649 0 500 0 0 180 0 0 425 916 0 400 0 0 333 900 416 875 454 500 425 0 416 0 775 0 388 300 0 500 300 342 425 0 0 833 450 318 0 0 0
#COYS 2013-12-29
0 0 0 -400 0 0 0 0 0 0 0 0 125 0 169 0 100 0 0 -200 0 250 556 500 33 258 -133 443 200 -600 0 -107 0 200 0 500 266 0 0 30 -400 -500 142 -200 -200 500 781 0 0 500 0 0 0 0 0 500 0 0 0 0 0 0 0 0 -70 300 0 0 0 0 0 0 0 0 0 0 0 -312 416 400 0 0 0 0 40 0 207 459 425 -400 200 -500 0 534 -12 800 600 309 333 0
0 0 0 400 0 0 0 0 0 0 0 0 666 0 547 333 650 0 0 400 0 333 666 1000 799 593 133 600 200 800 0 767 0 100 0 500 488 1000 0 467 400 900 267 0 0 1000 600 0 0 800 0 0 0 0 0 800 0 0 0 0 0 0 0 262 549 700 0 0 0 0 0 0 0 0 0 0 0 700 666 600 0 0 0 0 227 0 385 620 500 400 450 1000 300 638 637 400 950 601 183 0
#SCFC 2013-12-29
500 -12 0 575 -300 700 -300 700 -400 500 -300 348 -300 475 -149 0 456 136 400 220 0 100 0 249 0 -21 425 0 0 0 0 500 133 -100 50 0 454 200 162 0 500 0 87 0 -500 616 -450 500 0 531 0 400 400 0 400 0 400 0 0 0 400 433 -312 0 400 0 0 400 -200 0 0 0 -16 0 550 0 750 -400 -100 0 0 0 -550 100 0 -500 875 400 0 175 0 0 0 520 0 -33 176 0 -354 88
500 575 400 825 200 600 200 600 400 1000 200 716 200 800 391 0 527 454 1000 846 1000 150 0 850 0 587 625 300 0 66 1000 1000 733 866 350 1000 690 300 333 0 1000 0 425 0 875 791 700 1000 0 708 0 1000 1000 0 1000 0 1000 0 0 0 1000 650 800 0 1000 0 0 1000 800 0 0 0 83 0 583 0 950 650 200 0 125 0 300 900 0 1000 650 1000 0 262 0 0 0 600 0 725 366 0 535 397
#EFC 2013-12-29
0 0 500 0 800 0 0 0 0 0 0 0 0 0 -1000 400 400 0 0 -155 -700 0 200 0 0 -100 425 33 33 68 0 0 250 0 -312 -125 250 139 0 0 0 500 0 0 0 0 400 0 0 250 250 976 250 0 250 0 -200 0 400 300 -77 0 0 0 0 466 0 0 0 233 600 50 0 0 0 -200 1000 279 0 544 0 -125 250 0 568 68 481 0 170 0 318 0 0 0 0 -125 227 -125 0 250
0 0 500 0 1000 0 0 0 0 0 0 0 0 0 1000 1000 1000 0 0 288 700 0 575 100 0 350 537 383 383 727 0 0 350 0 687 375 350 468 0 100 0 500 0 0 0 0 550 0 0 350 350 875 350 0 350 0 500 50 850 500 644 50 0 0 0 1000 0 0 0 233 1000 550 0 300 0 500 750 265 0 322 0 375 350 0 377 727 762 500 454 0 677 0 0 0 0 375 545 375 0 350
#SaintsFC 2013-12-29
-400 -85 100 500 350 250 333 -11 -100 100 0 800 -133 600 0 500 0 0 0 0 0 0 0 0 -512 976 0 402 0 -125 0 0 285 399 475 200 0 0 0 0 500 0 -200 -400 199 0 350 300 308 0 -125 -200 0 -41 350 200 -85 0 0 0 -650 200 -200 -100 0 625 700 -25 0 0 0 650 0 0 0 0 250 0 1000 0 700 0 200 -333 250 0 200 0 312 375 0 133 25 433 250 1000 0 0 0 0
512 579 1000 800 300 1000 500 277 350 400 0 700 166 900 0 833 0 0 0 0 0 0 0 0 537 500 0 680 0 850 0 0 535 600 549 400 0 0 0 0 500 0 500 400 845 0 300 200 516 0 375 600 0 541 333 600 562 0 0 0 1000 900 500 100 0 500 600 325 0 0 500 850 1000 0 0 0 100 0 1000 0 600 0 100 330 400 0 100 0 333 500 0 233 391 708 350 1000 0 0 0 0
#NUFC 2013-12-29
0 -50 209 0 0 483 -200 -393 500 0 0 433 187 166 0 0 0 500 166 0 500 50 375 0 0 0 625 750 0 0 -25 0 0 0 0 191 200 68 0 -600 0 -400 100 -400 0 0 -247 0 -400 250 0 800 24 0 600 -149 0 74 250 -99 0 136 0 -125 250 -83 0 -83 0 400 500 0 357 0 900 136 0 0 357 0 -937 0 0 0 108 -500 750 0 333 -100 250 0 500 24 0 0 600 -327 0 400
100 400 714 0 0 829 200 650 833 0 0 633 425 333 0 1000 0 900 333 0 566 200 750 0 0 0 500 650 0 0 475 0 0 0 0 575 100 260 1000 1000 125 400 400 400 0 0 567 0 400 250 0 400 775 0 600 391 0 548 750 600 0 454 0 375 750 216 0 216 0 200 900 300 571 0 725 454 0 0 571 0 800 0 0 0 558 900 400 0 1000 866 799 0 200 700 0 0 825 444 0 200
#AFC 2013-12-29
0 0 250 0 100 0 0 0 0 400 350 -100 172 212 -799 650 0 55 350 350 350 350 500 412 350 200 0 0 0 0 250 257 0 0 0 325 0 0 425 0 1000 0 -250 0 250 350 1000 350 0 500 500 0 500 -750 500 700 0 400 0 0 350 350 -125 -150 0 0 250 350 0 500 523 0 0 0 0 350 200 202 100 500 200 0 250 0 0 100 0 500 31 0 200 0 0 0 295 900 500 100 250 200
0 0 450 0 250 0 0 0 0 400 500 200 594 484 1000 750 0 500 300 300 300 300 900 625 300 300 0 0 0 0 450 421 0 0 0 637 0 0 471 0 1000 0 500 0 450 300 700 500 0 500 900 0 900 1000 900 600 1000 900 0 0 300 300 375 300 0 0 450 350 0 900 500 500 0 0 0 300 300 385 400 500 300 0 450 0 0 250 0 900 224 0 100 0 0 0 300 875 900 250 450 300
#cardiffcity 2013-12-28
-33 0 -331 -649 0 0 0 0 774 0 250 16 0 0 0 0 0 0 0 0 700 152 0 800 0 -62 -62 -200 225 -234 0 -240 0 0 0 0 0 0 0 0 0 0 25 0 0 700 0 178 500 111 -103 0 0 750 375 0 -1000 0 0 111 200 0 -200 -500 0 1000 -200 0 266 0 -300 0 575 0 136 -75 0 600 0 0 0 0 0 0 116 0 49 0 -400 -770 0 0 0 616 700 0 -200 900 500 0
333 0 627 1000 0 0 0 0 837 0 366 416 0 0 0 0 0 675 0 0 825 300 0 400 0 237 237 500 644 380 400 720 0 0 0 0 0 0 0 0 0 0 50 0 0 650 0 767 500 683 483 62 0 550 500 0 1000 0 0 388 750 0 500 1000 0 750 400 0 600 0 900 1000 475 0 500 512 0 900 0 0 0 0 0 0 250 0 550 0 600 987 400 400 0 616 800 0 0 700 500 0
#SAFC 2013-12-28
0 500 166 -200 700 0 700 800 0 -377 183 800 0 0 400 600 425 0 -875 9 300 890 500 118 800 183 341 0 500 0 0 500 -29 325 -250 500 285 -244 133 800 1000 0 0 200 0 0 300 233 0 0 333 -155 1000 -200 250 500 166 208 -144 -1000 0 600 136 100 236 500 100 0 450 0 341 0 -57 0 -50 0 700 0 800 0 169 400 0 -350 0 0 -243 250 0 328 0 266 300 0 800 -83 -400 0 0 625
0 500 188 800 600 0 600 1000 333 555 350 750 0 0 233 500 700 0 1000 550 350 1000 500 418 1000 383 916 500 475 0 0 627 450 520 888 500 535 438 633 1000 1000 0 0 900 0 0 633 330 500 1000 833 288 1000 800 450 183 466 666 333 1000 0 1000 454 383 422 600 383 0 750 0 916 0 567 0 150 0 600 0 1000 0 347 550 0 450 0 0 550 333 0 457 66 266 562 0 516 83 483 0 0 1000
#AVFC 2013-12-28
0 -250 133 433 0 223 500 0 -300 0 0 0 -249 800 112 -699 0 350 200 0 266 200 0 -199 -175 -500 -63 0 600 0 133 0 850 0 0 0 500 0 -200 0 0 0 -122 0 -800 -166 -1000 -583 0 -127 49 -208 350 150 0 68 -212 16 -1000 -243 0 -700 -899 -337 0 -937 500 0 0 100 500 406 324 0 0 -20 -600 -26 -200 -37 100 600 200 -400 0 97 100 142 500 400 0 0 -350 0 0 0 0 0 449 0
250 750 222 733 62 267 500 125 400 0 0 0 637 700 479 666 100 300 200 0 200 900 66 950 550 400 480 0 1000 300 300 0 1000 0 0 0 500 0 800 0 0 0 477 0 800 166 1000 583 0 244 733 166 650 429 0 527 550 729 1000 678 0 1000 1000 500 0 700 500 1000 50 1000 1000 750 600 0 500 516 900 421 100 287 200 900 100 700 0 470 400 267 500 900 0 0 675 0 0 0 1000 0 550 0
#Swans 2013-12-28
0 0 0 500 0 1000 -333 166 0 500 50 266 178 0 -200 0 0 0 0 0 0 -100 150 0 -325 0 0 305 0 0 0 0 0 468 375 0 375 -62 250 0 49 500 0 0 -250 -230 0 473 33 0 0 0 0 -100 170 0 0 0 0 0 0 0 0 0 0 33 0 350 -262 0 0 0 0 0 0 99 -8 0 0 0 0 0 0 0 0 0 400 0 0 0 0 0 0 -300 0 0 0 0 0 -427
0 1000 0 600 0 300 600 166 0 500 500 511 285 0 200 0 0 0 0 0 0 400 600 0 425 0 0 306 0 0 0 0 0 427 750 0 750 237 200 0 644 500 0 0 550 713 100 478 108 0 0 0 0 0 500 0 0 0 0 0 0 0 0 0 500 108 0 550 458 0 0 0 0 0 0 216 600 0 0 0 0 0 0 0 0 0 800 0 0 0 500 0 0 550 0 0 0 0 0 477
#hcafc 2013-12-28
0 -874 0 -388 600 1000 0 0 74 -133 -250 -133 0 -24 0 625 100 360 -50 0 166 320 -400 -750 350 -203 333 -93 0 600 600 -191 125 -1000 500 49 0 -400 584 169 433 -400 700 0 0 -750 -100 0 0 -400 -200 -100 0 -100 250 312 446 0 0 291 1000 616 -133 -297 200 142 -62 346 -400 -400 0 100 0 0 625 0 50 50 50 0 450 350 0 -49 600 133 600 0 0 400 600 511 0 0 -300 -375 0 -375 185 404
0 666 0 433 550 750 0 0 675 258 400 633 100 700 0 500 200 800 650 500 533 590 400 1000 400 638 833 300 400 975 1000 341 100 1000 1000 700 0 483 737 406 533 400 600 0 0 1000 500 100 0 600 800 216 0 500 400 250 535 0 0 570 300 799 477 740 575 417 237 635 600 400 0 400 1000 0 475 0 700 700 700 0 650 550 1000 650 800 766 550 0 0 550 1000 588 0 0 400 600 0 625 490 662
#FFC 2013-12-28
500 239 -400 0 -188 -625 -400 0 300 -400 500 -200 -333 136 400 700 233 557 0 0 -75 190 800 0 -16 -250 -200 0 0 133 0 562 -383 0 -500 700 0 250 0 0 0 100 -200 0 0 0 0 0 0 666 166 461 0 0 -22 500 500 0 416 500 0 300 0 0 0 385 385 333 128 600 277 500 -1000 0 136 0 0 -200 0 200 -200 0 0 0 -625 700 0 0 0 0 0 0 0 900 0 0 0 0 700 750
900 492 600 0 788 625 400 125 100 600 500 800 750 454 450 600 766 672 0 0 312 700 575 750 517 500 800 1000 0 308 0 775 358 0 300 600 66 275 0 0 0 400 800 0 50 0 100 0 125 666 533 572 0 0 433 500 500 0 583 666 0 550 150 0 0 750 750 350 267 800 433 600 1000 0 454 0 0 800 0 200 800 0 0 0 1000 700 0 0 0 0 0 0 0 1000 0 500 500 0 683 675
#MCFC 2013-12-28
500 500 0 0 0 322 133 -375 350 -1000 227 0 0 0 -350 500 500 0 800 0 300 233 -1000 250 0 0 0 600 0 750 0 0 650 0 0 -1000 0 0 195 0 500 0 0 0 0 0 625 0 0 0 0 0 0 400 700 0 -100 -28 66 99 500 0 0 0 100 266 66 0 44 800 0 0 400 0 1000 0 1000 -500 0 900 200 333 0 0 300 0 0 100 0 0 0 160 0 600 0 175 -75 350 0 700
500 500 0 0 0 500 325 375 550 1000 527 0 0 0 400 500 500 700 750 0 591 433 1000 283 0 0 0 600 0 475 0 0 875 0 0 1000 0 0 700 0 800 0 0 0 0 0 650 1000 0 0 0 0 0 900 650 0 200 671 483 583 1000 0 0 0 1000 633 616 0 309 400 0 0 500 700 300 0 1000 1000 0 575 200 633 0 0 533 450 0 633 0 0 100 539 0 1000 0 325 562 550 0 512
#CPFC 2013-12-28
833 0 283 40 150 850 608 0 0 -1000 700 0 -155 200 700 -500 -100 -155 0 375 37 544 0 111 111 0 0 0 -500 0 0 -466 200 0 266 566 -500 0 250 0 400 100 239 0 -63 600 0 450 200 0 850 0 800 0 -750 -600 125 0 800 261 0 0 0 0 0 500 800 0 0 516 0 0 875 0 625 0 0 0 500 0 666 0 0 200 0 0 625 0 0 -166 566 150 0 0 0 -208 0 -57 0 500
666 0 483 700 566 1000 733 0 0 1000 600 0 288 575 600 1000 300 288 0 550 510 577 0 683 683 0 0 0 200 0 33 572 200 0 200 733 1000 0 300 0 233 1000 308 0 480 600 0 700 900 0 1000 0 750 0 800 800 1000 0 400 719 0 0 0 0 0 500 750 0 0 542 0 0 800 0 500 0 0 0 750 0 666 0 0 400 0 0 500 0 0 166 733 392 0 0 0 166 0 467 0 750
#ncfc 2013-12-28
-150 -171 193 250 -185 -377 -400 1000 -188 0 115 -400 66 0 41 500 -277 -200 0 -100 -1000 -51 -43 17 -16 -75 0 400 -500 0 0 -699 312 0 -16 -250 -200 500 225 133 -1000 356 -1000 1000 0 200 350 136 677 -348 -500 -600 0 0 433 0 300 136 0 -232 95 0 -600 461 500 350 375 437 683 0 385 385 178 -155 750 0 1000 0 50 -200 0 -200 333 0 203 -200 400 -57 0 0 0 0 0 131 -300 -116 0 -133 0 0
300 478 343 300 396 655 600 900 788 0 650 400 422 0 833 500 444 800 0 700 1000 396 466 160 783 312 0 800 1000 1000 0 666 250 0 517 500 800 683 225 308 1000 750 1000 1000 0 300 767 480 545 751 299 900 0 0 466 0 750 454 0 394 367 125 650 572 500 600 700 300 650 0 750 750 257 288 800 0 300 0 483 800 0 800 833 0 393 800 900 520 0 0 100 0 0 379 200 388 0 688 0 0
#MUFC 2013-12-28
1000 1000 1000 503 -200 12 0 22 437 325 -312 0 0 178 400 0 500 -300 500 200 -175 -300 175 625 0 350 900 1000 0 200 200 0 0 0 300 0 0 0 -300 -500 0 0 136 0 500 0 150 0 0 -800 166 0 0 0 0 0 500 0 118 0 0 0 -1000 600 0 0 -1000 0 0 -81 437 0 0 0 0 50 250 0 500 0 0 0 -23 39 0 0 214 -150 0 650 625 363 0 -81 0 0 0 0 150 250
300 300 300 575 266 511 0 294 375 387 500 0 0 418 233 0 500 399 700 370 175 600 399 425 0 477 1000 750 0 533 800 0 0 0 544 0 0 0 733 500 0 0 500 0 500 0 900 0 0 800 833 0 0 0 0 0 500 0 327 0 0 0 1000 1000 0 0 1000 0 0 327 687 0 0 0 0 450 350 0 437 0 0 0 404 591 0 0 571 300 0 450 500 522 0 327 0 0 0 0 400 350
#WHUFC 2013-12-28
200 200 200 0 0 0 281 125 -125 136 0 0 0 66 266 0 0 0 250 200 0 0 -699 -975 -324 325 0 0 0 166 33 85 -400 50 0 -750 0 41 -333 -24 0 -366 0 0 0 616 0 0 700 0 -400 0 0 800 -195 -400 0 0 0 -250 500 0 0 0 -400 -200 800 0 0 -133 0 -750 -88 0 0 350 200 0 250 -400 0 0 -625 0 0 0 468 -500 0 700 357 108 -500 800 0 8 0 0 0 0
550 550 550 0 0 0 476 387 375 454 0 0 0 466 133 0 0 0 250 200 0 0 666 1000 500 462 0 100 0 916 166 717 483 162 0 900 0 416 666 575 0 766 0 500 0 916 66 0 550 0 600 0 0 400 1000 400 0 0 0 487 550 0 0 0 600 800 400 0 0 441 1000 800 404 0 100 400 500 0 495 700 0 0 1000 0 0 0 500 900 0 600 571 262 900 400 0 483 0 250 0 0
#WBA 2013-12-28
-333 -150 25 -781 300 0 166 0 0 0 400 -750 0 700 350 0 677 500 0 433 -699 0 -273 0 800 0 0 -63 0 437 100 0 100 -187 500 800 0 0 50 0 400 733 75 99 0 0 400 0 0 0 -50 0 0 -112 0 350 -200 0 250 0 0 0 0 781 666 206 156 149 300 0 0 250 0 0 400 0 0 99 0 0 0 0 0 400 0 0 0 433 500 600 0 287 533 -812 0 0 208 -49 199 0
700 450 616 299 577 0 508 0 0 0 200 1000 0 600 300 0 1000 600 550 633 666 0 175 0 1000 66 0 480 0 687 1000 0 150 312 500 700 0 0 483 0 550 883 358 488 66 0 350 500 0 0 150 0 0 422 0 650 233 0 250 0 125 0 1000 1000 333 866 200 500 550 0 0 250 0 0 562 50 0 466 0 0 0 0 125 375 0 100 0 466 1000 250 0 487 500 700 66 0 366 416 450 0
