#LCFC 2017-02-05
0 0 -121 375 0 0 0 0 -250 145 357 0 0 0 -21 -313 0 200 86 178 178 88 200 0 0 700 -121 0 68 -155 400 80 0 0 356 99 800 0 300 275 -199 0 133 1000 0 0 0 -549 0 68 0 650 136 0 136 200 0 0 -505 0 -62 650 0 0 300 500 -500 316 0 200 0 136 0 0 0 0 0 800 0 1000 0 0 433 0 -121 -89 227 212 0 0 0 300 0 0 500 433 0 433 0 500
100 0 451 387 0 0 0 0 149 500 571 95 0 0 216 580 125 300 268 285 285 394 300 0 125 600 451 0 727 288 400 767 100 0 575 500 400 125 433 710 333 0 433 300 0 0 0 633 0 277 0 450 454 0 454 200 0 0 1000 0 297 450 0 0 400 500 1000 716 125 312 0 454 0 0 100 0 0 400 0 300 66 500 833 0 451 474 545 550 0 500 0 433 0 0 500 733 0 833 0 500
#MUFC 2017-02-05
136 0 136 136 93 -291 0 800 800 800 800 0 0 136 -1000 400 900 900 318 178 800 178 -316 0 278 0 0 900 500 0 0 -131 318 0 -100 0 50 50 0 0 0 200 0 0 0 136 136 400 400 0 0 250 800 500 0 0 300 0 0 0 0 650 0 0 0 278 0 -64 1000 683 0 450 500 500 0 136 136 100 500 800 -312 200 300 500 0 100 100 566 66 0 333 -125 0 649 500 278 0 0 136 300
454 66 454 454 441 541 500 400 400 400 400 0 0 454 1000 800 1000 600 677 285 400 285 300 0 584 0 0 600 900 0 0 427 677 0 500 0 50 100 0 0 0 400 0 0 0 454 454 800 800 0 0 200 400 600 0 0 575 0 0 0 0 450 600 0 1000 584 1000 427 1000 650 0 750 800 600 0 454 454 200 500 400 888 300 400 500 0 0 0 600 83 100 333 375 0 800 500 584 0 0 454 475
#MCFC 2017-02-05
136 136 0 612 -121 0 136 400 900 178 178 0 278 0 0 900 -131 0 136 136 400 400 250 500 0 -121 136 136 0 68 100 100 83 312 0 0 0 0 250 900 0 400 400 0 136 136 435 0 0 900 900 0 0 500 0 278 400 136 500 400 136 0 0 -100 0 0 136 -250 0 0 0 0 0 542 400 0 0 0 1000 136 136 0 0 -312 800 -400 0 683 0 0 136 136 0 136 136 -121 0 900 900 300
454 454 0 762 451 0 454 800 600 285 285 0 584 0 0 600 427 0 454 454 800 800 500 400 0 451 454 454 0 727 0 0 208 1000 0 0 0 0 400 1000 1000 800 800 0 454 454 403 0 0 600 600 0 0 150 125 584 800 454 150 800 454 0 0 600 125 0 454 250 0 0 100 0 0 767 580 0 0 0 300 454 454 0 0 687 400 700 0 683 0 125 454 454 0 454 454 451 0 600 600 100
#Swans 2017-02-05
-1000 250 0 200 -1000 0 0 -250 350 350 291 0 -133 0 0 44 0 -50 0 1000 0 0 250 468 566 0 0 200 -400 -400 -400 -400 -600 0 0 0 0 0 0 0 136 0 500 0 0 0 136 0 350 0 0 100 0 0 0 1000 0 0 500 650 0 0 0 0 0 -500 -166 0 0 0 0 0 0 1000 0 0 0 0 0 0 0 0 333 0 0 0 0 0 0 200 200 100 200 0 0 100 933 0 0 0
1000 450 0 200 1000 0 0 450 550 550 570 0 199 0 0 22 0 350 0 1000 0 0 850 602 300 0 0 500 400 400 400 400 1000 0 0 0 0 0 0 0 500 0 500 550 0 0 500 0 300 0 0 400 550 0 0 1000 0 0 500 750 0 0 0 0 0 1000 250 0 0 0 0 0 0 1000 0 125 0 0 0 0 0 0 666 0 0 0 0 0 0 500 233 400 500 0 0 400 683 0 0 0
#COYS 2017-02-04
0 350 731 100 337 400 0 500 0 0 0 0 -100 0 -166 800 312 0 0 573 146 0 0 50 45 0 0 0 0 400 400 166 0 -300 483 0 550 483 1000 231 0 350 250 481 0 0 500 0 200 150 0 350 600 200 0 0 0 483 0 700 225 0 600 0 0 260 800 0 750 800 0 700 274 0 0 -699 0 0 0 -500 250 800 600 250 0 250 300 0 0 293 0 500 100 0 100 0 0 0 0 199
0 300 575 550 687 800 0 1000 0 0 0 0 100 0 1000 900 575 0 0 800 293 0 0 550 525 0 0 0 0 800 474 333 0 300 541 0 575 708 1000 327 0 550 250 479 0 0 500 0 200 450 0 550 950 500 0 0 0 666 0 799 600 0 737 0 0 253 750 0 400 1000 0 800 700 0 0 666 0 0 0 1000 300 900 950 250 0 333 100 0 1000 393 0 500 400 0 200 50 0 0 0 483
#boro 2017-02-04
100 -121 136 136 136 1000 0 0 33 0 136 136 550 136 136 350 0 568 0 50 0 136 -216 136 136 0 0 283 0 -125 62 375 136 136 136 136 136 0 568 0 223 -364 50 0 0 136 600 0 199 225 450 -200 400 0 136 0 -121 300 0 0 0 0 0 136 136 136 400 136 136 150 500 0 350 0 136 0 -166 0 0 0 0 136 400 500 255 0 136 0 -250 -250 0 0 -187 0 0 136 136 136 136 0
200 451 454 454 454 300 0 0 66 0 454 454 750 454 454 500 0 377 0 500 0 454 572 454 454 0 0 466 0 300 233 750 454 454 454 454 454 0 377 0 484 541 450 0 0 454 1000 0 233 762 800 400 1000 0 454 0 451 750 0 0 0 0 0 454 454 454 375 454 454 649 1000 0 650 0 454 1000 333 0 0 0 0 454 800 800 602 0 454 0 375 375 0 0 500 0 0 454 454 454 454 0
#CPFC 2017-02-04
0 350 16 0 0 495 500 0 0 600 33 0 0 0 500 0 0 -500 0 -52 136 -666 0 0 0 0 0 800 0 350 232 500 0 0 0 0 -375 1000 68 0 633 100 1000 0 0 500 0 300 500 0 400 0 0 0 0 0 500 0 -93 0 268 0 125 890 -155 0 125 0 0 21 300 400 0 0 200 225 0 600 0 0 0 200 0 -250 500 0 0 37 400 -200 0 0 250 0 133 -87 0 233 -250 0
0 800 566 0 0 468 666 125 0 1000 916 0 1000 0 888 0 0 1000 0 611 454 833 0 0 0 0 0 400 125 550 409 950 100 0 0 0 625 780 227 0 466 200 1000 0 0 888 0 350 550 0 1000 0 0 0 0 0 500 0 250 0 427 0 133 750 288 0 375 100 100 407 100 783 0 0 625 316 0 900 125 0 0 200 0 500 600 0 0 408 450 800 0 0 300 0 133 318 0 566 1000 0
#SAFC 2017-02-04
0 0 533 0 0 0 0 0 0 0 0 52 0 250 350 0 0 0 0 0 0 0 0 0 0 0 0 0 0 0 -200 600 0 500 0 0 350 0 0 0 0 625 0 0 0 400 550 -400 0 600 0 0 0 0 750 -277 160 0 200 0 0 0 24 500 -166 0 -400 0 -300 41 0 0 0 0 437 150 0 0 0 0 -21 400 0 0 -166 0 0 800 -250 550 -200 0 0 400 418 -166 -166 500 100 136
0 0 799 0 0 0 0 400 0 0 0 457 0 250 400 0 0 0 0 0 0 650 0 0 0 0 100 0 0 0 800 900 0 625 0 0 450 0 0 0 0 275 0 0 0 900 825 400 300 800 0 250 0 0 800 344 440 0 200 0 0 0 525 888 433 0 400 0 400 333 0 0 0 0 350 700 0 0 0 0 218 875 0 0 433 0 0 900 250 375 800 0 0 700 527 122 122 1000 400 454
#EFC 2017-02-04
400 183 0 0 -121 0 136 400 282 0 0 0 0 100 400 400 400 400 136 0 136 0 0 0 0 0 0 0 100 400 400 0 0 0 0 400 0 100 0 350 400 136 400 136 136 0 -200 250 0 0 0 0 0 0 0 0 0 0 250 400 400 136 136 0 0 500 380 0 0 500 136 0 168 -25 292 0 0 400 350 0 0 0 400 0 500 0 562 0 -200 400 0 227 0 0 0 -500 0 136 0 193
800 592 0 0 451 0 454 800 565 0 0 0 0 0 800 800 800 800 454 0 454 0 0 0 0 0 0 125 100 800 800 100 0 0 0 800 0 100 0 500 800 454 800 454 454 66 300 250 0 0 1000 100 0 0 0 0 0 0 399 800 800 454 454 125 0 500 477 0 0 500 454 0 327 200 267 0 100 800 544 0 0 0 800 0 900 0 516 0 100 800 0 545 100 0 0 900 0 454 0 477
#AFCB 2017-02-04
0 -200 0 0 100 0 -50 500 0 0 0 33 0 350 1000 -750 0 0 0 0 0 0 0 500 0 0 -133 0 0 0 350 -1000 1000 266 0 0 400 875 0 0 0 0 0 0 75 130 0 100 0 -400 0 -600 600 125 0 -500 0 500 0 0 -500 -327 136 400 500 0 500 0 0 0 166 0 0 350 0 243 575 0 0 -333 0 1000 0 0 -143 -624 0 66 0 0 0 0 1000 0 0 0 0 500 210 285
0 200 0 100 250 125 162 1000 0 550 0 533 0 500 300 750 100 0 0 1000 0 0 500 500 0 0 633 0 0 0 800 1000 300 641 0 0 474 600 0 0 1000 500 0 0 400 390 825 275 100 600 0 1000 900 125 600 400 0 500 0 0 1000 594 500 250 750 0 888 0 0 0 666 100 0 650 0 502 725 0 0 666 1000 300 0 66 726 722 0 566 0 0 500 0 750 0 0 0 0 500 393 535
#hcafc 2017-02-04
166 800 272 325 0 0 500 0 500 300 0 318 400 0 50 0 250 500 0 0 0 -125 0 0 0 0 100 -500 0 0 -187 0 250 500 -500 292 272 0 0 -50 600 0 500 0 0 533 -155 0 0 0 0 500 0 0 0 0 500 300 -400 0 0 0 366 -140 0 0 0 0 35 0 -200 0 100 -183 136 0 800 166 0 0 0 -125 0 0 0 0 0 281 -100 -150 260 50 200 0 0 0 -200 0 -104 0
566 400 444 666 0 0 500 0 500 400 0 727 750 0 300 0 1000 1000 66 0 0 750 0 0 0 0 400 700 1000 0 500 0 254 900 875 267 444 0 0 233 1000 0 500 0 500 566 288 0 0 0 0 500 0 0 0 125 600 500 600 0 0 0 466 348 0 0 0 0 193 0 100 0 400 216 454 0 900 644 0 0 100 200 0 0 0 0 100 329 500 650 260 150 300 0 0 0 400 0 395 66
#LFC 2017-02-04
0 0 400 0 0 0 0 0 500 -72 0 0 -72 466 0 0 0 0 400 -72 0 278 900 900 166 500 200 0 0 1000 800 0 250 0 0 50 100 0 416 400 400 400 0 0 300 0 0 260 0 800 800 800 0 125 278 0 0 0 437 0 0 650 0 500 0 -121 500 500 458 0 -12 0 0 800 0 331 0 0 -121 100 100 0 0 0 50 800 278 -500 0 0 132 0 250 0 800 -400 1000 875 0 0
250 100 800 0 0 0 0 0 500 105 0 0 105 733 100 0 0 0 800 105 0 584 600 600 333 900 300 0 0 300 750 0 300 0 0 50 0 0 633 800 800 800 0 0 266 0 0 462 0 900 900 900 0 325 584 0 0 0 550 0 0 649 0 500 0 451 600 500 633 0 575 100 687 400 0 451 0 0 451 0 0 0 0 0 62 400 584 1000 0 0 467 0 300 0 400 700 300 600 100 0
#SaintsFC 2017-02-04
-225 0 349 0 83 0 133 -200 549 0 0 0 0 -455 -375 0 0 150 875 475 0 0 -49 0 357 0 0 -1000 700 0 500 0 500 333 0 150 0 0 500 200 500 350 -30 500 0 -50 213 0 0 489 136 0 0 0 0 433 500 -83 208 0 233 500 0 1000 781 0 0 0 0 0 -50 99 500 83 0 -4 -500 -102 708 0 388 61 0 425 0 166 91 -500 66 337 200 0 -700 0 0 1000 12 100 350 0
816 1000 383 500 166 1000 133 233 583 0 0 0 0 541 944 0 1000 300 600 450 0 66 975 0 535 1000 0 100 600 0 1000 0 500 833 0 650 0 0 1000 200 900 300 500 500 0 400 454 105 1000 818 454 0 0 0 1000 522 600 125 500 0 266 500 500 1000 500 0 1000 22 0 0 400 733 600 144 0 495 700 594 833 0 755 361 0 575 0 333 666 550 588 734 675 0 1000 275 0 300 600 100 577 1000
#WHUFC 2017-02-04
-200 -500 250 349 0 0 0 375 250 0 0 200 -121 -121 0 208 0 300 166 625 400 0 111 216 0 0 266 0 0 -625 0 0 0 800 0 0 0 0 -416 0 0 0 0 525 -400 1000 1000 153 0 0 0 0 100 0 0 166 66 200 500 74 0 -700 1000 170 0 700 -121 0 800 66 0 0 433 -250 0 33 0 0 1000 800 500 1000 0 1000 0 0 0 -121 0 -180 0 100 -241 -512 1000 0 0 -212 0 0
300 299 550 666 0 0 0 465 300 0 0 500 451 451 100 416 0 100 199 600 408 0 533 559 0 0 300 0 66 300 0 0 0 1000 100 0 0 0 1000 0 0 0 0 875 600 300 300 454 0 0 0 0 133 0 0 333 588 675 500 184 0 1000 300 500 0 600 451 0 400 100 0 450 466 888 1000 288 0 0 900 400 400 300 0 300 0 0 0 451 0 220 0 100 421 350 300 0 0 200 0 0
#WatfordFC 2017-02-04
0 500 400 0 0 0 400 0 0 -750 68 875 416 0 0 1000 250 433 0 0 -33 -62 0 -750 800 250 250 500 0 800 -41 -125 -200 500 400 500 450 0 0 0 276 0 0 0 214 -200 0 0 0 0 0 68 333 900 500 0 -166 0 200 0 500 -400 0 200 0 -307 0 200 -250 500 500 0 0 0 0 575 0 800 800 466 400 656 0 0 0 -100 0 0 450 0 178 150 500 0 400 0 666 0 0 0
0 600 800 0 0 0 800 0 0 750 727 600 344 0 0 1000 400 799 0 1000 399 237 0 750 1000 400 200 500 400 400 125 375 700 500 900 500 950 100 0 0 643 0 0 0 571 550 0 0 0 0 0 727 433 1000 500 0 300 0 500 0 300 700 0 200 0 769 0 933 750 500 750 0 0 0 0 625 0 400 400 566 900 650 0 0 0 250 0 0 750 0 335 450 500 0 800 0 608 0 250 250
#Clarets 2017-02-04
0 -700 0 136 0 -500 48 0 0 0 0 -400 0 0 0 0 0 0 0 0 0 0 0 -800 -100 -66 -66 0 412 0 0 343 100 0 200 0 85 0 625 100 0 0 0 200 0 0 0 250 0 600 0 0 115 0 0 0 0 0 136 625 0 0 0 0 600 200 0 900 0 0 0 625 600 66 -408 0 0 800 100 1000 0 0 0 0 0 0 416 1000 0 0 0 0 0 525 600 0 0 0 0 -100
0 800 0 454 0 1000 362 0 0 0 0 400 0 0 0 0 0 0 300 0 0 100 0 850 250 233 233 0 550 0 0 625 400 0 200 0 250 0 900 1000 0 0 0 300 0 0 666 450 125 488 0 0 522 750 0 0 0 1000 500 744 0 0 0 0 488 225 100 1000 0 0 0 900 488 433 300 0 0 750 800 1000 0 0 0 0 0 0 600 1000 0 0 0 0 0 366 700 0 0 0 0 100
#WBA 2017-02-04
0 214 178 99 -200 0 250 166 0 0 0 500 46 -500 562 0 0 250 575 800 0 -375 150 -307 0 1000 -100 700 0 0 130 0 275 0 0 304 0 0 0 0 107 0 -500 0 62 500 -400 100 -699 -177 250 -150 0 -250 0 0 337 250 0 0 350 250 136 0 0 0 0 99 300 0 700 0 0 0 333 -200 800 0 136 -56 0 262 0 100 375 0 800 1000 0 0 0 166 -500 0 0 100 0 0 0 0
0 571 418 366 288 0 500 333 0 0 0 1000 688 300 712 0 0 300 550 750 0 850 411 464 0 300 200 600 0 0 498 0 687 0 0 500 0 0 0 0 488 0 300 100 125 600 400 900 666 469 944 900 0 150 1000 0 400 312 0 1000 750 650 454 0 0 0 0 350 550 0 600 333 500 1000 666 100 1000 0 454 0 0 700 0 200 375 0 1000 1000 0 0 0 833 500 0 0 200 0 0 0 1000
#SCFC 2017-02-04
550 468 0 500 0 800 800 800 136 0 0 -500 0 0 166 0 0 0 250 0 0 0 0 224 -250 1000 400 136 400 500 -400 250 0 400 0 0 0 0 0 400 800 100 0 250 0 0 550 0 0 0 0 0 -300 0 650 0 0 0 0 -54 800 500 100 800 0 0 0 0 0 78 -200 0 300 0 174 50 0 375 0 0 0 -300 -300 0 0 500 400 0 -200 275 0 0 0 0 0 0 -500 0 700 700
750 602 0 833 0 750 750 750 454 0 0 400 0 0 333 0 0 0 900 0 0 0 0 675 400 900 900 454 408 183 800 575 0 400 0 0 0 0 0 1000 400 200 0 550 650 0 850 0 0 0 0 0 400 0 750 0 0 125 0 399 900 500 400 750 100 0 0 0 0 301 500 0 650 55 525 100 0 416 66 0 0 400 400 0 0 500 650 0 400 525 0 100 0 0 0 0 1000 0 1000 1000
#CFC 2017-02-04
-625 0 175 0 400 0 550 0 0 -121 116 0 0 497 338 500 333 0 0 0 1000 0 250 366 0 350 159 300 0 220 344 350 400 33 0 0 136 175 136 0 0 0 0 -300 500 0 0 0 116 0 400 400 400 800 0 700 331 700 1000 175 0 291 1000 0 0 83 0 0 0 0 0 125 466 312 333 0 100 116 100 0 279 800 0 0 1000 0 136 0 283 500 0 0 175 333 575 0 0 200 175 500
1000 0 441 0 800 0 700 0 0 451 327 0 100 863 661 500 666 0 0 0 300 0 450 466 0 525 255 650 0 523 463 650 800 533 500 0 454 441 454 0 0 0 0 200 600 0 0 0 327 0 800 800 800 1000 0 650 700 700 300 441 0 266 1000 0 0 111 0 0 0 0 0 666 616 900 666 0 0 327 0 0 559 1000 0 0 1000 0 454 0 416 328 0 0 475 666 700 125 0 200 441 750
#AFC 2017-02-04
0 0 0 0 0 312 0 0 136 136 0 0 0 250 0 0 0 166 83 0 500 466 500 136 0 0 0 500 500 0 0 83 -500 0 0 636 0 0 166 0 0 0 142 125 -160 0 0 0 0 433 100 1000 136 0 250 66 0 50 0 0 0 800 -266 68 0 0 136 500 500 375 0 625 0 0 0 250 500 0 800 68 0 0 136 0 0 0 0 0 466 0 233 0 -187 357 0 47 0 0 -1000 200
0 0 0 0 0 558 0 0 454 454 0 0 0 300 0 0 0 333 111 0 900 616 500 454 0 0 0 500 500 1000 0 355 200 0 0 626 1000 0 700 0 0 0 267 158 472 0 0 0 0 300 400 300 454 1000 875 383 66 50 0 0 0 400 633 727 0 100 454 600 600 375 0 500 0 0 0 483 600 0 400 750 0 0 454 0 1000 0 100 0 616 0 366 0 500 571 0 610 0 0 1000 550
#MUFC 2017-02-01
100 0 0 0 250 433 400 250 0 -121 0 0 0 500 400 100 316 136 1000 0 0 500 136 400 0 0 -383 333 0 325 0 0 300 900 0 178 136 136 178 0 136 136 136 199 366 0 366 900 278 -100 350 0 0 400 1000 1000 168 0 50 0 0 800 400 0 0 400 -200 0 0 0 0 0 0 400 400 400 278 0 -125 68 1000 0 0 136 0 500 136 136 100 0 0 136 136 -200 400 0 136 136 0 700
400 0 0 0 500 733 800 333 0 341 0 0 66 833 425 200 508 454 1000 0 0 600 454 800 0 0 366 366 0 566 0 875 100 600 0 285 454 454 285 1000 454 454 454 650 333 0 333 600 584 233 300 0 0 800 300 300 427 0 50 0 0 1000 800 0 0 800 399 0 0 0 0 0 0 500 800 800 584 0 375 727 1000 0 0 454 0 600 454 454 200 0 0 454 454 400 800 33 454 454 0 550
#hcafc 2017-02-01
0 -200 0 500 -800 -100 400 550 0 0 200 0 166 283 -250 53 0 250 0 0 625 0 0 0 500 -475 0 200 100 -62 0 500 875 -155 -150 106 0 0 0 0 -650 50 0 300 500 0 0 700 550 500 800 625 -250 175 333 500 212 25 -300 625 -155 0 0 0 700 500 0 0 0 0 0 379 540 0 0 211 600 0 -1000 0 800 0 350 0 0 0 0 0 0 0 0 0 200 62 157 500 0 100 0 0
100 100 0 500 900 233 800 750 0 66 200 0 433 458 750 500 0 333 206 0 500 0 0 0 888 900 0 200 250 687 0 700 600 288 600 518 0 0 0 0 1000 550 0 500 500 0 0 600 350 888 750 500 500 775 1000 500 404 350 600 500 188 0 0 375 600 500 0 50 0 0 100 550 480 0 0 322 550 0 1000 0 750 100 333 0 0 0 0 0 0 0 0 0 900 262 471 875 0 400 100 0
#SCFC 2017-02-01
199 100 0 0 0 200 500 0 0 0 0 349 225 0 -50 700 0 -100 800 266 0 0 -175 0 0 0 0 250 900 -133 0 1000 0 0 0 0 149 0 -312 -155 566 0 100 100 0 700 -100 700 149 0 0 193 224 100 95 0 0 0 0 0 0 333 100 68 0 193 0 0 0 500 -66 193 0 -100 50 350 -25 350 -83 142 0 -66 100 0 500 0 100 199 0 0 149 600 -100 0 -155 -25 0 -400 -77 49
466 100 0 0 0 100 500 0 0 0 0 666 393 300 400 800 0 0 400 333 100 0 350 0 0 0 0 416 700 166 0 1000 0 600 0 0 500 0 1000 288 916 0 100 1000 0 600 0 600 500 0 0 393 425 100 178 0 0 0 633 0 0 466 400 227 0 393 0 0 0 200 0 393 0 50 200 550 200 500 83 267 0 300 100 0 550 0 100 466 1000 0 500 900 50 0 288 200 0 400 144 750
#EFC 2017-02-01
0 0 600 500 400 800 0 700 700 0 0 68 136 0 166 400 125 0 0 0 400 0 0 0 0 0 0 0 0 0 0 0 0 0 0 0 0 100 400 0 0 0 0 136 0 400 0 400 0 400 1000 0 700 0 285 0 0 -600 0 0 136 136 700 0 0 400 -121 0 0 0 -600 0 500 -699 0 400 1000 -500 -500 0 0 800 0 0 0 400 0 250 0 0 0 333 500 500 0 0 625 0 400 0
166 0 550 900 800 1000 0 600 600 0 0 277 454 0 633 800 300 0 0 0 800 0 0 0 0 0 0 0 0 0 0 0 0 0 100 0 0 0 800 0 0 0 0 454 0 800 0 800 0 1000 300 0 600 0 535 0 0 950 0 0 454 454 600 0 0 800 451 0 125 0 950 0 500 666 0 800 300 500 500 0 0 1000 0 0 0 800 0 512 1000 0 0 333 750 750 0 0 900 0 800 0
#WHUFC 2017-02-01
400 321 0 0 99 0 0 0 0 0 0 -75 700 400 0 700 0 0 400 0 121 -125 -121 0 0 0 0 200 0 0 -300 0 -350 466 368 0 0 -27 0 200 100 -150 0 500 0 -200 136 274 68 392 0 0 250 -131 -250 0 -16 -224 468 468 -125 0 -600 600 0 0 -121 0 1000 500 800 0 -281 0 400 0 325 0 400 0 0 0 0 0 700 0 0 -77 0 0 -50 -50 -100 0 0 80 0 171 142 -327
800 535 0 0 950 0 0 83 0 0 0 250 600 400 0 600 0 0 562 0 308 375 451 0 0 400 125 500 0 0 600 0 100 400 750 0 600 638 0 400 400 750 0 600 0 350 454 775 227 712 100 0 250 427 500 0 533 825 427 427 375 0 800 1000 0 0 451 0 300 500 400 1000 627 0 1000 0 375 0 575 0 0 0 0 0 600 0 0 394 550 0 400 400 100 0 0 272 0 626 267 644
#MCFC 2017-02-01
400 0 0 0 68 136 500 136 400 500 900 0 178 136 136 178 136 900 278 0 0 400 0 518 333 0 0 400 0 400 0 0 250 0 0 0 136 136 136 136 136 136 400 133 -121 136 0 136 700 0 -200 -800 -291 0 0 136 400 136 300 0 0 333 0 199 0 136 0 0 100 0 0 0 0 0 0 0 0 200 -699 0 666 900 900 568 568 400 0 300 0 0 468 0 0 0 136 400 136 400 278 0
800 0 0 0 727 454 500 454 800 500 600 0 285 454 454 285 454 600 584 0 0 800 0 727 508 0 0 800 0 800 0 0 750 0 0 0 454 454 454 454 454 454 800 166 451 454 0 454 550 0 400 900 541 100 0 454 800 454 433 0 0 508 0 500 0 454 0 1000 200 0 0 0 0 0 0 0 333 900 666 0 608 600 600 377 377 800 0 375 0 0 427 0 0 0 454 800 454 800 584 0
#LFC 2017-01-31
0 400 0 0 0 136 99 0 136 -285 0 0 0 149 0 0 -121 -237 0 0 0 0 0 -150 875 325 0 -22 0 0 125 0 0 136 0 625 0 78 900 0 136 900 136 136 327 0 0 -204 0 900 0 900 0 278 0 40 0 0 0 400 1000 0 0 136 200 0 0 0 50 100 136 0 0 200 -78 0 500 241 0 0 0 0 0 -400 0 0 278 150 -100 0 0 0 0 227 850 50 0 0 428 136
0 800 0 0 0 454 800 0 454 446 0 0 0 600 0 0 451 575 0 0 0 0 0 650 800 250 0 555 0 0 550 0 0 454 0 500 0 358 600 0 454 600 454 454 283 0 0 725 0 600 0 600 0 584 0 583 0 0 0 800 300 0 0 454 200 0 0 0 50 0 454 0 0 200 400 0 600 500 0 0 0 0 0 600 0 500 584 833 200 0 0 0 0 545 650 150 0 0 553 454
#CFC 2017-01-31
0 400 0 0 0 0 0 0 200 200 0 0 0 0 0 0 0 0 0 0 0 -150 0 0 0 446 0 0 0 0 0 0 0 0 0 0 0 0 0 -600 0 0 400 0 0 -275 0 300 0 0 0 0 0 200 0 200 -125 0 0 0 150 -145 0 0 0 0 0 150 0 0 -145 466 500 0 0 -181 200 400 0 -250 500 0 0 0 0 0 0 0 -181 -500 0 0 450 0 200 0 136 0 500 0
0 800 0 0 0 75 75 0 100 100 0 0 0 0 0 0 0 0 0 0 0 650 0 0 0 433 0 0 0 0 0 0 0 0 1000 0 50 0 0 1000 0 0 800 0 0 550 0 450 0 0 0 0 0 300 0 300 375 0 1000 0 50 270 0 0 0 0 0 50 1000 0 270 711 500 0 400 727 900 700 0 475 500 0 0 0 0 0 400 0 727 1000 0 0 625 0 900 0 454 0 500 0
#AFC 2017-01-31
800 0 800 0 800 0 800 800 0 800 0 800 800 800 800 -1000 800 0 800 0 800 200 800 800 800 212 500 800 800 800 0 800 0 800 800 800 800 0 300 0 800 800 800 0 800 800 300 800 0 0 800 800 0 0 0 800 800 800 800 800 -100 0 800 800 200 800 800 800 800 800 800 800 800 800 0 800 0 800 800 800 800 800 800 800 800 800 800 0 800 0 0 800 68 0 0 800 518 800 800 800
400 0 400 0 400 0 400 400 0 400 0 400 400 400 400 1000 400 0 400 0 400 439 400 400 400 400 900 400 400 400 0 400 0 400 400 400 400 0 500 0 400 400 400 0 400 400 500 400 0 0 400 400 0 0 0 400 400 400 400 400 0 0 400 400 300 400 400 400 400 400 400 400 400 400 0 400 0 400 400 400 400 400 400 400 400 400 400 0 400 0 0 400 727 0 0 400 775 400 400 400
#WatfordFC 2017-01-31
0 400 300 68 333 199 300 750 0 500 -39 400 800 -288 0 0 0 0 270 1000 1000 0 0 300 -62 -75 -100 0 400 199 0 0 0 0 -100 0 214 0 300 0 400 0 800 0 500 66 850 0 262 -200 500 -200 0 0 450 136 0 25 800 0 100 0 100 0 350 -300 -50 50 0 0 -150 -175 0 225 0 71 416 0 -52 150 -466 800 -95 -500 309 250 0 0 0 -145 0 500 83 -325 -300 337 0 300 0 0
0 800 200 727 666 466 575 500 0 366 440 800 650 655 0 0 0 1000 916 300 300 0 0 566 650 199 766 0 875 433 0 125 0 0 200 0 571 0 0 0 800 0 650 0 888 300 450 0 375 500 500 400 0 0 500 500 0 50 400 0 400 0 383 0 544 450 400 950 0 200 400 550 1000 600 0 523 583 100 394 50 633 750 663 649 559 1000 0 1000 0 541 0 900 333 1000 550 325 0 200 0 0
#AFCB 2017-01-31
0 0 0 0 399 250 0 0 -300 0 -175 0 250 0 0 0 125 0 100 412 0 0 390 200 0 -200 0 0 -100 200 416 250 -49 -159 0 0 0 312 625 0 0 0 1000 -700 0 0 -1000 400 0 0 0 0 0 0 0 0 0 0 1000 600 0 0 -400 550 0 137 -350 300 0 266 0 0 625 0 0 0 -500 -300 0 0 200 800 625 0 400 600 312 208 0 0 100 100 0 0 0 0 433 0 0 -35
0 0 0 0 366 300 125 0 400 0 666 0 333 100 0 0 500 0 50 495 0 0 200 200 0 800 0 0 400 100 583 400 500 593 0 0 0 850 500 0 0 100 300 700 0 0 1000 800 625 0 0 0 0 0 0 0 0 0 1000 1000 0 400 400 500 100 600 650 166 0 533 0 0 500 0 100 0 900 600 0 0 900 750 500 0 800 550 562 333 0 0 950 1000 0 0 0 0 750 0 0 571
#CPFC 2017-01-31
0 0 0 33 -550 0 -38 0 400 -400 68 100 0 0 68 0 0 -66 0 433 100 0 0 0 0 0 750 0 0 0 130 136 1000 658 136 0 500 0 0 0 0 425 0 0 312 0 520 0 -78 0 0 0 0 250 1000 -155 -62 -400 0 0 175 0 0 100 0 175 800 0 333 136 0 0 0 0 68 -50 0 -133 392 400 0 100 0 0 800 0 0 0 133 0 0 0 0 0 -66 0 0 -166 200 0
0 0 0 66 1000 0 572 125 600 600 227 300 0 125 227 0 0 66 0 500 400 33 0 0 0 0 800 100 0 0 777 500 300 1000 454 0 500 0 0 0 0 775 0 0 400 0 666 0 687 0 0 0 0 500 300 288 187 400 0 0 150 0 0 400 0 700 400 0 833 500 0 0 0 0 277 400 0 766 717 433 0 200 0 0 750 0 0 0 375 0 100 0 0 0 633 1000 0 66 200 0
#Clarets 2017-01-31
0 0 400 0 312 0 0 0 0 55 -133 516 100 0 0 0 0 -133 0 500 0 0 0 -225 0 166 700 100 800 0 0 0 0 12 -9 0 0 0 800 0 0 0 200 0 0 83 0 0 200 0 0 341 0 -100 350 62 0 0 0 0 0 0 136 250 0 -400 -9 0 0 0 0 0 0 0 0 0 0 625 625 136 172 0 136 0 0 625 0 274 0 218 250 -77 500 200 0 0 -100 586 0 -400
0 0 600 0 850 0 0 0 0 666 600 450 400 0 1000 0 0 600 0 600 0 0 0 325 0 166 700 400 400 0 1000 0 0 287 300 0 0 0 400 0 0 0 200 0 0 500 0 0 200 0 0 554 0 200 550 200 0 0 0 0 0 0 500 333 0 400 300 0 0 66 0 400 0 0 66 250 0 900 900 500 519 0 500 0 0 900 0 233 0 450 450 144 500 100 66 0 200 700 0 400
#LCFC 2017-01-31
-121 0 0 0 200 0 1000 0 -383 0 0 68 136 437 0 0 200 0 0 0 0 0 -225 -350 0 -83 100 0 100 0 250 100 316 0 200 357 144 -100 -121 250 -100 270 500 0 0 0 0 0 0 -56 0 0 0 1000 433 0 0 0 -121 0 0 178 178 0 0 0 300 0 0 0 0 0 250 0 0 62 800 227 0 0 400 0 0 200 -50 0 -125 0 0 0 0 0 -200 0 0 -150 -121 400 0 0
451 0 0 0 400 0 300 0 566 0 0 727 454 650 0 125 300 0 0 0 0 500 289 900 0 166 300 0 300 0 333 300 716 125 312 535 444 900 451 444 400 452 500 0 100 0 0 0 0 427 0 0 0 600 833 0 0 0 451 0 0 285 285 125 66 0 700 0 1000 0 0 0 500 0 0 575 400 545 0 0 900 0 0 900 200 1000 375 66 0 0 0 0 400 0 0 700 451 600 0 0
#boro 2017-01-31
0 0 0 1000 0 137 0 0 800 100 0 0 0 -225 -100 500 166 100 0 566 1000 300 136 -121 -100 600 0 0 500 500 400 0 0 -200 0 100 0 -291 216 -50 600 136 0 0 375 200 1000 525 225 700 0 0 0 0 0 500 -700 -300 100 136 -200 204 336 0 -200 16 0 0 0 -121 0 800 -100 0 0 62 62 100 0 0 0 285 -100 0 125 -98 250 500 0 800 124 0 0 0 0 0 0 -350 -49 0
0 0 0 300 0 466 0 400 750 100 0 1000 0 316 400 500 366 200 0 566 300 100 454 451 200 600 0 0 900 600 600 0 0 400 0 400 0 541 416 200 900 454 0 0 750 200 300 366 350 900 0 0 0 0 0 750 200 1000 200 454 400 550 444 0 650 244 0 0 0 451 0 400 200 0 0 500 500 100 0 0 1000 535 200 0 400 727 733 888 0 400 275 0 0 0 0 0 0 900 750 0
#WBA 2017-01-31
0 0 178 454 0 150 166 0 500 500 0 136 0 500 0 178 1000 0 400 0 -200 0 0 250 0 568 568 300 50 0 0 100 0 100 333 285 500 0 0 100 0 0 166 202 -714 700 0 0 568 568 500 -500 166 1000 0 0 1000 0 136 0 0 700 0 0 1000 0 178 500 0 0 800 0 -600 0 0 250 0 0 0 -4 285 178 -699 0 900 -34 149 800 0 0 0 0 0 0 500 333 0 500 0 62
0 0 418 390 0 50 799 0 500 500 0 454 0 888 0 418 300 0 400 0 200 0 0 500 0 377 377 500 500 0 0 400 0 400 399 535 900 0 0 400 0 0 666 843 857 600 0 0 377 377 500 1000 233 300 0 0 900 0 454 0 0 600 0 0 1000 0 418 1000 50 0 400 0 900 0 0 512 0 0 0 478 535 418 666 0 1000 727 500 750 0 100 0 0 0 0 888 666 0 1000 1000 312
#SAFC 2017-01-31
0 0 700 0 0 -25 -62 0 0 0 0 0 -300 -187 -266 0 -800 0 200 0 233 0 -166 125 333 -250 0 200 -30 500 166 416 125 0 0 55 500 -200 0 0 149 0 500 0 449 0 0 -62 199 0 0 -50 -100 -625 136 136 136 0 0 650 -200 0 200 0 -166 0 0 -600 1000 0 0 0 0 0 500 300 625 233 59 0 -16 0 0 0 95 0 0 -155 0 0 266 200 0 0 -500 0 16 -1000 -22 37
0 357 600 0 0 87 687 0 0 0 0 0 533 500 633 0 900 100 300 0 199 0 433 458 916 800 0 750 596 750 666 783 458 250 0 222 600 400 0 0 500 0 1000 1000 400 0 0 187 550 0 0 200 400 625 454 454 454 0 0 450 800 0 500 0 433 1000 0 800 300 0 0 0 0 0 600 900 500 266 540 0 433 0 0 0 200 100 0 288 0 0 611 200 0 0 1000 0 366 1000 177 397
#COYS 2017-01-31
0 0 200 0 150 0 0 400 0 -125 175 0 0 0 0 366 0 104 0 0 -16 -100 0 400 0 -166 393 625 285 0 -172 650 50 0 250 -83 0 0 0 750 0 0 0 0 0 375 600 0 -125 450 57 403 400 200 0 1000 0 0 0 -100 0 0 633 -699 0 0 -155 525 0 0 0 400 308 800 966 170 0 466 187 0 0 -71 0 0 150 -400 0 100 99 0 0 0 0 200 200 0 300 800 0 -194
0 0 350 0 100 0 100 800 0 333 549 0 0 0 0 500 0 570 0 0 766 200 100 800 0 266 466 1000 535 0 285 750 500 0 300 83 0 0 0 450 0 0 0 0 0 400 800 0 200 262 443 457 500 333 0 300 1000 0 0 200 0 0 650 666 0 0 288 524 0 0 0 500 516 750 799 454 0 600 500 0 0 384 1000 0 100 400 0 200 450 0 0 0 0 1000 300 0 500 750 0 288
#Swans 2017-01-31
0 0 900 200 500 0 0 0 259 200 0 0 0 0 0 0 500 0 0 500 300 0 0 0 0 0 500 0 0 0 300 -125 45 0 350 600 1000 0 0 625 0 600 0 0 0 300 266 -700 0 0 0 0 0 200 0 0 450 0 0 0 0 0 0 0 300 0 0 0 0 0 0 0 -199 500 933 100 0 0 0 0 0 0 0 283 0 0 0 0 0 700 400 0 112 0 700 0 1000 800 800 800
0 0 1000 100 500 0 125 0 480 100 0 0 0 0 0 0 500 0 0 1000 100 0 0 0 0 0 833 0 0 0 500 375 500 0 333 1000 1000 1000 0 500 0 750 0 100 0 650 166 1000 125 0 0 0 357 500 0 0 533 0 0 0 0 0 0 0 700 0 0 0 0 0 0 0 416 250 683 400 0 0 0 0 0 0 0 300 0 0 0 0 0 600 600 0 668 50 600 0 1000 750 750 750
#SaintsFC 2017-01-31
212 -875 -637 -875 -637 -875 -637 500 0 -500 -250 83 -300 0 0 600 75 700 -68 0 0 -49 0 196 0 0 250 0 -700 1000 118 250 -500 0 175 400 -100 0 0 0 125 0 -150 0 0 -133 -225 0 0 156 500 -100 0 420 200 0 0 0 0 0 0 0 51 200 0 400 0 166 0 0 400 500 500 0 1000 324 500 0 0 0 125 0 0 316 0 0 100 575 -62 -283 0 0 0 -600 0 0 0 150 -400 0
651 1000 700 1000 700 1000 700 500 0 200 500 583 750 0 0 1000 181 900 454 0 0 700 0 401 400 1000 250 0 200 900 427 1000 533 0 337 400 0 0 0 0 229 66 800 0 0 133 275 0 0 750 500 400 0 760 700 0 0 0 0 0 0 1000 681 450 300 400 0 833 0 0 800 833 378 0 1000 503 500 0 0 0 812 1000 0 477 0 0 200 643 166 383 0 0 0 900 0 0 0 247 400 0
#CFC 2017-01-22
0 400 400 400 400 0 0 0 0 0 0 0 0 0 0 400 485 500 500 0 250 0 0 744 0 0 500 500 800 0 0 0 0 0 0 -121 0 1000 500 0 0 0 500 500 0 475 0 0 0 0 0 0 500 0 0 -200 0 0 -200 0 0 0 0 0 0 400 214 0 0 1000 500 -100 400 500 500 0 0 0 0 744 100 136 800 136 0 800 450 0 200 450 136 200 800 0 450 200 1000 0 318 0
0 800 800 800 800 0 0 0 0 0 0 0 0 0 0 800 563 500 600 0 500 0 0 744 0 0 833 833 400 0 0 0 0 0 0 451 0 300 833 0 125 0 833 833 0 466 0 0 0 0 0 0 888 0 0 700 0 0 700 0 0 0 0 0 0 200 571 0 0 300 500 500 200 500 500 0 0 0 0 744 450 500 400 500 0 400 750 0 100 750 500 100 400 0 750 100 600 0 477 0
#hcafc 2017-01-22
266 0 0 537 343 0 300 0 300 0 66 312 175 -750 0 800 1000 0 100 500 -200 -250 500 300 305 0 0 1000 0 200 426 187 300 250 0 0 0 750 1000 0 430 200 296 -74 204 0 0 800 250 0 625 333 800 159 0 333 -166 1000 500 350 0 395 -400 800 0 0 0 0 0 0 0 0 -400 136 375 0 250 0 500 0 350 500 0 0 0 0 0 0 700 49 0 600 0 0 0 0 0 0 0 0
799 0 0 400 518 0 100 100 200 0 466 333 375 800 0 400 390 0 0 345 250 375 1000 333 388 0 0 300 0 700 536 650 650 350 0 0 0 400 300 0 570 200 666 613 570 0 0 700 612 0 500 500 750 465 0 500 66 300 500 350 0 545 400 750 0 0 0 0 0 0 0 500 1000 454 500 0 333 850 500 0 362 500 0 0 0 0 0 0 600 850 0 425 0 0 0 0 0 0 0 1000
#AFC 2017-01-22
0 0 -133 -133 0 0 49 250 187 0 0 -400 718 0 -181 250 0 0 625 -49 0 0 112 0 0 0 1000 0 0 0 0 0 0 200 0 0 0 0 0 151 0 1000 0 500 200 0 -200 0 -600 0 445 -166 400 0 1000 500 250 0 0 -400 400 -155 400 0 49 400 0 0 -400 0 -250 0 0 350 323 400 0 0 500 200 562 0 -400 0 0 0 -63 0 68 850 0 0 0 0 0 0 0 446 0 0
500 0 133 133 0 0 700 625 437 0 0 400 825 0 727 262 0 0 900 600 1000 0 184 683 0 0 300 0 0 0 0 0 0 500 0 0 0 0 0 393 0 300 0 525 500 0 700 0 900 0 601 433 200 0 300 500 500 0 0 633 200 288 800 0 450 800 0 0 400 0 750 0 0 650 385 1000 0 1000 675 200 500 0 400 0 0 0 464 0 727 1000 0 0 0 0 0 0 0 535 0 0
#Clarets 2017-01-22
0 0 0 200 0 400 0 0 66 0 500 0 0 -200 -200 -400 -150 0 0 0 250 0 0 0 250 500 136 525 0 100 0 0 0 0 0 625 0 0 0 0 0 -400 0 0 0 0 0 0 250 437 0 -175 250 250 0 800 0 0 -200 -250 625 0 0 0 800 39 -50 -400 100 800 -50 500 322 0 800 0 0 0 0 0 -100 0 0 -100 500 0 25 -125 -50 -166 0 -50 0 0 -100 0 0 0 0 0
125 0 0 100 0 200 0 0 433 0 650 0 0 50 50 400 200 0 0 0 500 0 0 0 333 500 454 366 0 400 0 0 0 0 0 900 0 0 0 0 0 400 0 250 0 0 0 0 500 300 250 529 333 300 500 1000 0 0 400 1000 900 0 0 0 1000 497 300 700 400 1000 400 500 644 0 1000 0 0 0 0 0 200 0 0 200 500 0 400 375 400 166 0 300 0 0 200 0 0 0 0 0
#SaintsFC 2017-01-22
0 -400 200 250 350 0 237 200 100 -37 300 500 0 0 150 0 -125 0 166 875 0 0 -400 400 800 0 -312 366 175 0 400 0 200 0 300 625 0 323 275 0 0 300 233 -66 0 -213 -275 500 0 0 800 -75 244 -400 -25 0 0 0 400 483 0 -500 300 0 -83 800 0 550 300 245 -233 0 -600 -900 1000 220 200 0 -500 -500 -1000 500 0 200 136 -668 -600 0 11 206 0 250 -250 0 0 -625 733 33 0 0
0 600 200 250 650 0 449 200 383 384 433 888 0 750 350 0 444 0 833 600 0 750 500 900 1000 1000 800 796 262 0 375 0 300 0 100 575 500 284 847 0 0 483 362 1000 0 434 600 750 0 0 1000 641 477 700 700 66 0 750 600 277 125 1000 500 125 433 400 0 800 100 384 283 0 900 1000 1000 390 200 0 900 1000 1000 600 0 550 454 850 700 0 522 666 0 200 250 100 0 1000 700 433 500 0
#LCFC 2017-01-22
350 500 -121 0 0 568 568 178 178 0 0 400 500 0 0 0 -121 -121 0 400 0 0 0 0 0 0 0 0 -388 0 0 700 -500 0 316 0 200 -600 500 -121 0 -416 328 0 0 0 0 0 0 160 0 -270 0 -500 0 -1000 600 0 500 556 -194 0 100 433 300 68 0 0 0 178 178 0 200 0 0 250 175 66 415 433 500 -200 0 0 250 29 500 0 75 233 500 0 0 450 200 0 800 0 200 -77
550 550 451 0 0 377 377 285 285 0 0 200 500 0 1000 400 451 451 0 600 125 0 250 0 0 0 0 0 833 0 0 600 500 0 716 125 312 400 600 451 0 1000 600 100 0 0 0 0 0 539 0 395 0 700 0 1000 508 0 600 616 288 0 200 833 450 727 0 0 0 285 285 0 100 0 100 325 350 133 400 833 700 300 0 0 500 358 1000 0 133 566 550 0 0 750 200 0 400 0 100 144
#MCFC 2017-01-21
339 0 68 68 0 0 625 136 625 0 0 0 136 500 0 400 0 500 0 178 178 900 0 900 278 0 500 0 500 200 666 0 68 0 0 -121 136 -121 136 136 0 700 0 0 0 0 0 0 0 475 475 475 475 0 0 1000 0 -400 0 -1000 0 212 0 0 400 0 207 68 0 900 900 175 0 -600 68 18 500 0 650 0 0 0 136 250 0 0 0 0 -121 100 0 278 -300 -400 0 0 0 0 -400 0
659 0 227 227 0 0 600 454 600 50 0 1000 454 500 0 800 0 888 0 285 285 600 0 600 584 0 500 0 650 200 879 0 227 0 0 451 454 451 454 454 0 600 0 0 0 0 500 0 0 700 700 700 700 0 0 300 0 700 1000 1000 0 400 0 0 600 50 514 227 0 600 600 275 0 1000 227 427 1000 0 450 50 0 0 454 1000 0 0 0 0 451 400 0 584 300 400 0 100 0 0 400 0
#COYS 2017-01-21
243 1000 0 -100 0 400 0 500 500 466 0 0 250 0 0 166 525 250 400 0 256 1000 422 600 266 0 262 800 1000 0 0 0 1000 0 0 600 49 0 400 0 490 800 500 700 207 -66 0 -400 -150 416 0 0 166 500 0 0 0 -250 -133 500 156 156 156 156 156 156 -437 575 -266 1000 0 156 0 800 -149 -400 0 0 0 0 0 170 0 0 0 -155 0 0 1000 100 674 183 200 0 0 0 559 0 0 1000
552 300 0 500 0 800 0 600 650 666 0 0 200 0 0 166 818 333 800 0 550 600 294 1000 672 0 818 1000 300 0 0 0 300 0 0 950 575 66 800 0 618 900 600 600 514 433 0 400 366 461 1000 0 166 500 0 0 0 250 166 625 500 500 500 500 500 500 333 825 300 400 0 500 0 400 583 400 0 400 0 0 66 454 0 0 333 288 0 0 400 200 833 416 200 125 0 100 668 0 0 1000
#AFCB 2017-01-21
1000 0 0 0 350 500 0 0 0 0 0 354 -400 0 -155 0 1000 250 0 0 0 0 0 200 0 0 0 466 300 0 285 500 0 0 0 375 500 650 1000 0 0 -100 650 200 0 0 700 0 0 0 99 0 1000 0 0 153 300 84 0 0 0 350 200 0 0 -195 1000 312 0 0 0 0 0 0 0 0 0 800 0 0 166 600 -600 250 0 0 500 0 500 -166 125 2 800 0 0 -155 0 0 275 0
1000 0 0 0 650 900 0 125 0 0 0 670 400 0 288 0 1000 250 0 0 100 0 0 300 125 0 0 596 533 66 535 550 0 0 0 449 600 450 350 0 0 650 625 300 0 0 600 0 416 0 733 0 300 0 0 446 450 188 0 0 0 550 300 0 0 100 1000 333 0 0 0 0 0 0 0 500 0 1000 0 0 633 900 750 200 0 0 500 0 1000 166 416 244 750 0 0 288 0 0 425 0
#WatfordFC 2017-01-21
0 0 68 400 0 0 400 0 250 -500 500 200 416 400 283 -300 0 0 250 0 0 200 0 300 -200 0 0 0 650 170 0 0 100 0 500 0 68 300 93 500 -13 150 47 333 200 0 300 375 500 0 -50 0 500 45 500 0 0 250 700 0 0 400 0 0 166 250 0 0 0 183 183 300 400 400 250 200 100 262 66 250 350 357 49 1000 0 300 -77 700 500 -349 100 0 312 0 500 0 0 -500 305 200
0 0 343 800 0 0 800 0 283 400 350 100 516 700 350 600 0 1000 1000 0 0 500 0 533 500 0 0 0 450 454 0 500 550 0 625 0 727 100 324 500 372 62 396 500 500 0 500 750 600 0 500 0 625 595 625 1000 0 1000 600 0 1000 800 500 0 33 1000 0 500 0 375 375 500 400 400 333 500 0 416 266 283 550 571 612 1000 0 500 144 875 600 458 0 0 944 1000 500 0 0 400 566 500
#CPFC 2017-01-21
68 0 0 475 249 0 0 0 0 141 136 136 0 47 0 0 284 500 0 -33 -1000 0 0 0 0 104 -600 0 0 650 0 400 0 -500 213 666 0 0 0 500 0 0 -500 0 -140 0 0 0 0 -300 -300 0 0 0 0 700 0 500 0 0 0 0 0 875 0 400 0 -799 0 716 100 0 68 -300 -400 0 -349 0 233 500 0 199 0 -50 233 -231 0 0 0 375 136 0 0 500 -125 -333 0 400 0 333
750 0 0 400 700 0 0 0 66 683 454 454 0 311 125 0 463 500 0 133 1000 0 0 100 0 770 700 0 0 450 0 400 0 900 372 799 100 0 0 500 0 0 1000 0 684 0 650 0 0 399 399 0 0 0 0 600 0 500 0 0 0 0 0 600 0 375 0 1000 0 566 300 0 750 399 400 0 333 0 466 500 0 700 0 244 466 518 0 0 0 750 454 0 0 1000 500 666 0 375 0 666
#EFC 2017-01-21
68 0 0 0 136 0 700 0 0 700 0 0 700 0 0 700 0 400 0 400 100 -200 500 0 0 0 0 0 249 0 -121 136 136 0 0 0 212 136 -121 -200 0 0 0 0 0 200 0 0 -200 249 0 0 0 250 800 0 400 0 0 0 0 250 136 600 250 0 68 -512 136 0 500 266 0 212 212 212 212 400 0 0 0 0 0 0 400 0 0 0 400 136 0 0 0 0 0 0 0 0 0 0
750 500 0 0 454 0 600 0 0 600 0 0 600 0 0 600 0 800 0 800 0 0 900 0 0 0 0 0 500 0 451 454 454 500 500 0 318 454 451 0 125 0 0 0 0 100 0 0 100 500 1000 0 0 500 400 0 800 0 0 0 0 500 454 1000 500 0 477 700 454 0 888 166 100 318 318 318 318 1000 0 100 0 0 0 0 800 0 500 0 800 454 533 533 533 533 0 0 0 100 0 0
#boro 2017-01-21
16 0 83 500 700 -121 0 500 1000 500 250 500 500 0 0 0 0 0 400 0 54 0 0 0 0 0 122 500 0 0 100 500 323 0 350 0 1000 400 0 375 0 0 750 0 0 0 250 0 -125 66 45 0 50 -100 50 50 0 50 400 0 325 650 375 0 375 116 0 0 136 0 142 0 291 136 0 -121 -500 0 -500 0 0 66 0 350 0 700 -50 -125 0 400 0 0 200 0 212 142 212 142 0 0
316 0 466 900 1000 451 0 1000 300 1000 450 500 500 0 0 500 0 0 875 0 633 50 0 0 0 56 644 500 0 0 1000 600 520 0 416 0 300 1000 0 750 0 0 400 229 0 0 550 500 500 541 595 0 100 400 100 100 0 100 700 0 700 450 575 0 750 666 0 750 454 0 449 0 625 454 0 451 700 0 700 0 0 266 0 550 0 700 200 275 0 700 0 0 200 0 818 449 818 449 100 0
#WHUFC 2017-01-21
337 150 233 0 0 200 0 500 200 0 0 0 0 0 0 0 -121 0 -211 800 0 1000 0 0 0 0 0 500 -1000 0 250 162 357 0 0 0 568 568 0 0 0 0 0 -121 0 0 0 0 0 0 0 -500 0 150 375 0 0 -383 0 0 -121 -311 0 800 0 -150 163 1000 0 0 285 700 380 0 0 0 166 0 -100 -750 0 136 0 0 800 0 -534 0 400 233 0 0 0 0 0 250 0 -333 0 0
525 700 366 0 0 900 0 500 200 0 0 0 0 50 0 1000 451 0 355 750 0 300 0 0 0 0 0 1000 1000 0 200 418 571 0 0 0 377 377 0 0 0 0 0 451 0 100 0 0 100 0 100 1000 0 425 750 0 100 549 0 1000 451 622 0 800 0 400 519 1000 0 562 535 716 601 0 0 0 666 0 50 800 200 454 100 125 1000 0 770 0 600 566 0 0 0 100 0 750 0 666 0 130
#SCFC 2017-01-21
0 416 800 0 0 100 200 0 0 0 0 337 399 16 0 100 0 0 136 125 0 0 650 0 0 0 0 -650 0 0 0 0 0 0 -300 0 600 0 0 433 0 0 0 250 0 600 -200 250 -500 0 -174 -250 0 0 0 0 0 -500 166 0 0 0 500 0 -400 0 0 0 0 0 -200 0 500 0 0 0 600 600 -400 400 -300 500 500 250 221 -155 188 -100 600 500 -200 -200 200 0 0 0 -400 433 0 242
0 500 1000 0 0 100 100 0 0 0 0 512 799 316 0 100 0 0 454 1000 0 0 450 0 0 0 0 700 0 0 0 0 500 0 1000 0 950 0 0 833 0 0 0 333 0 900 950 300 1000 0 643 250 1000 0 0 0 0 900 166 500 1000 0 500 0 400 0 0 1000 0 0 950 0 750 0 0 0 900 900 400 500 1000 500 750 650 664 288 484 799 900 500 950 950 300 0 0 0 400 833 0 348
#MUFC 2017-01-21
1000 0 0 0 0 0 0 700 500 766 0 136 500 170 100 0 0 -750 268 400 0 200 325 178 178 268 900 0 900 278 300 0 0 625 200 625 0 0 50 136 136 136 250 0 436 0 200 200 0 0 -200 0 625 800 278 328 0 -185 0 625 0 500 100 136 0 0 400 -200 800 625 700 625 0 170 0 136 136 0 0 200 0 62 0 0 278 0 50 0 0 0 0 128 0 0 0 0 1000 0 0 0
300 0 0 100 0 0 0 600 500 833 0 454 500 500 300 0 0 800 627 800 0 500 566 285 285 627 600 0 600 584 766 0 0 1000 500 1000 0 0 50 454 454 454 450 0 661 0 200 150 0 0 350 0 1000 750 584 545 0 412 0 1000 0 600 433 454 0 0 800 650 700 1000 600 1000 0 500 0 454 454 0 0 200 0 595 0 0 584 0 550 0 0 1000 0 700 0 0 0 125 750 0 0 66
#WBA 2017-01-21
136 178 568 568 0 0 0 0 27 0 208 350 0 0 0 -699 0 568 568 399 0 0 0 0 0 0 666 178 0 136 0 -93 0 0 0 250 150 0 0 -712 0 250 0 0 0 0 -300 0 500 100 200 0 50 200 0 666 0 500 0 0 -400 225 0 1000 255 0 0 0 0 500 0 0 -800 0 0 0 -166 99 0 -14 625 437 399 0 -141 -500 500 100 0 350 0 99 136 333 0 0 0 0 0 136
454 418 377 377 0 0 0 0 566 0 333 362 0 0 0 666 83 377 377 399 0 0 100 50 0 0 199 418 0 454 500 375 0 0 0 800 750 0 0 1000 0 250 0 0 0 0 400 0 625 1000 100 500 500 300 0 666 0 500 0 0 400 500 0 300 411 562 500 1000 0 625 0 0 800 0 0 300 500 580 0 348 700 650 500 0 274 900 600 200 0 550 0 550 454 666 0 0 0 0 0 454
#SAFC 2017-01-21
200 0 600 0 170 227 400 0 492 -312 0 750 125 0 0 284 0 0 0 250 0 1000 700 0 150 73 0 0 0 0 0 0 -110 0 0 0 800 0 0 -250 125 -325 500 437 0 -400 800 40 1000 -66 450 0 0 0 0 0 1000 500 0 800 0 0 -500 0 0 0 277 400 0 400 -200 800 0 650 600 0 -600 0 0 0 0 0 -400 -400 0 0 0 0 0 -600 0 0 0 0 -338 0 233 136 0 0
300 0 800 0 454 545 400 0 567 687 0 750 687 0 0 463 0 0 0 500 0 300 350 0 533 497 100 0 0 0 500 0 616 0 125 0 750 0 0 1000 625 650 500 350 0 400 750 500 300 722 350 0 0 0 0 0 300 900 0 400 0 0 900 0 0 0 477 900 0 700 100 400 400 450 600 0 1000 0 0 0 0 0 649 400 0 0 100 0 0 800 0 0 0 500 585 500 366 454 0 0
#LFC 2017-01-21
-233 0 303 0 0 0 0 214 0 0 -500 0 -83 0 600 0 0 136 -206 0 0 0 0 0 0 0 800 568 568 0 0 0 500 0 400 0 300 0 300 0 0 77 0 100 333 0 178 178 900 0 900 278 156 0 100 0 0 0 200 0 0 50 100 0 0 500 -57 0 625 500 0 -57 250 -57 -200 0 278 875 -177 0 500 -121 0 0 0 390 500 500 0 0 0 0 -214 136 136 0 1000 0 0 0
433 0 500 1000 0 0 1000 642 1000 0 800 0 375 0 800 125 0 454 843 50 0 0 0 533 125 0 750 377 377 0 0 0 1000 0 800 0 450 0 710 0 0 310 0 400 416 0 285 285 600 0 600 584 300 0 350 0 0 0 300 0 0 50 0 0 1000 900 617 1000 500 850 0 617 306 617 0 0 584 700 518 0 600 451 0 0 0 784 500 500 0 125 0 0 394 454 454 0 1000 0 0 0
#Swans 2017-01-21
0 0 200 0 0 144 0 0 0 0 0 0 0 0 0 200 0 0 350 375 200 200 0 0 0 0 500 -166 468 500 0 65 875 -50 0 357 700 -155 168 228 200 200 200 -300 850 0 0 0 0 -300 0 0 0 0 0 700 0 0 -187 500 650 0 650 0 65 0 160 0 0 -69 0 250 0 0 0 17 0 65 0 412 0 500 909 0 0 0 0 500 0 -81 0 136 318 -300 0 0 266 -300 0 0
0 0 100 0 0 344 0 0 0 0 0 0 0 0 0 100 0 0 650 350 100 100 0 0 0 0 500 166 602 500 0 228 900 244 0 571 600 288 327 478 200 200 200 600 1000 0 0 500 0 1000 0 0 0 0 0 600 0 0 500 500 150 300 400 0 412 0 539 0 0 253 0 800 0 0 0 738 0 412 500 541 0 500 780 0 0 0 0 600 0 727 0 454 727 1000 0 0 799 1000 0 0
#MUFC 2017-01-15
0 0 461 -400 700 266 550 500 233 0 0 578 578 578 0 800 625 0 0 0 0 71 625 0 625 0 0 0 0 0 500 0 445 625 578 578 578 0 0 500 500 500 0 0 500 0 800 -243 0 100 268 0 0 0 0 0 375 600 0 0 0 0 278 0 900 900 0 625 100 0 0 100 0 50 0 350 578 578 578 69 500 0 0 675 0 625 100 100 0 0 0 600 0 99 0 0 0 625 0 0
0 0 397 700 533 233 850 850 583 0 0 418 418 418 0 400 1000 0 0 0 0 857 1000 0 1000 0 0 0 0 0 600 0 551 1000 418 418 418 0 0 500 500 750 0 0 600 0 1000 550 0 200 627 0 0 0 0 0 541 950 0 0 1000 0 584 0 600 600 0 1000 400 0 0 200 50 50 0 550 418 418 418 347 375 0 0 700 0 1000 400 0 125 0 0 1000 0 850 0 0 0 1000 0 0
#LFC 2017-01-15
0 0 300 550 500 0 812 136 -266 578 578 578 0 0 -500 650 0 0 136 0 0 0 0 0 0 -266 0 0 0 0 100 445 578 578 578 204 500 500 0 0 500 0 1000 100 493 268 0 0 0 700 909 0 278 0 900 493 900 500 0 136 350 78 643 0 100 50 350 0 0 100 0 578 578 578 -66 200 500 127 0 0 493 450 350 -66 0 0 200 0 278 0 578 578 578 500 100 0 350 -194 0 400
0 100 500 850 850 0 594 454 733 418 418 418 0 0 1000 875 0 416 454 0 0 0 0 50 0 288 300 0 1000 0 300 551 418 418 418 657 800 500 0 0 1000 0 300 200 500 627 0 0 0 600 780 0 584 0 600 500 600 791 0 454 550 338 775 0 200 50 650 0 0 0 0 418 418 418 55 425 600 607 1000 0 500 550 550 766 0 0 200 0 584 0 418 418 418 900 0 0 550 416 500 800
#EFC 2017-01-15
500 0 136 0 800 0 0 0 650 -99 -99 -99 -99 0 136 0 100 400 0 200 850 0 0 -121 500 800 -121 0 -125 0 -125 -125 0 0 -125 0 1000 0 239 0 0 -85 0 136 0 136 0 500 0 368 0 468 0 268 0 0 400 0 0 0 -125 0 400 160 0 0 -125 0 433 160 0 0 -100 -66 136 0 0 0 0 0 250 0 37 0 136 500 -200 0 0 -140 125 0 0 0 0 0 500 0 -15 -500
500 0 454 0 750 0 0 0 600 488 488 488 488 0 454 0 0 800 0 200 800 0 0 451 500 400 451 0 187 0 187 187 0 0 187 0 1000 0 456 125 0 268 0 454 0 454 0 500 0 727 0 327 0 627 0 0 800 0 0 0 187 0 800 539 0 0 187 0 500 539 0 0 450 50 454 0 0 0 275 0 333 0 800 0 454 500 300 125 0 309 250 100 0 0 0 0 766 0 727 500
#MCFC 2017-01-15
0 136 0 0 136 0 0 0 0 278 0 900 900 136 0 0 0 0 0 0 375 0 0 0 -121 0 0 -121 0 225 0 0 0 0 0 0 0 0 0 136 400 136 -500 0 268 0 0 0 0 0 -66 900 900 0 136 -125 250 136 -500 0 380 136 0 0 500 -125 -121 0 278 0 0 -200 0 0 0 0 0 400 0 125 712 136 449 0 0 0 1000 0 -300 500 136 136 -121 1000 0 111 -500 -500 900 900
0 454 0 0 454 0 0 0 0 584 0 600 600 454 0 0 50 0 0 0 466 0 0 0 451 0 0 451 0 475 0 0 0 0 0 0 0 0 0 454 800 454 500 0 627 0 0 0 0 0 50 600 600 0 454 187 333 454 500 0 440 454 0 0 500 375 451 0 584 0 0 350 100 0 0 0 0 500 0 300 625 454 500 0 0 125 300 0 600 600 454 454 451 300 0 388 500 500 600 600
#LCFC 2017-01-14
0 0 0 0 0 800 68 0 500 0 0 800 0 541 300 0 0 0 0 500 0 0 0 0 0 500 100 0 0 0 716 300 500 0 0 0 0 -625 -500 0 350 -416 0 575 -874 0 500 433 136 500 0 0 0 96 0 -121 500 0 89 500 200 -100 350 0 -12 100 500 0 0 350 0 0 0 0 0 330 0 -892 0 500 0 0 403 350 0 285 0 0 -600 523 -184 700 350 500 0 0 0 0 0 600
0 466 0 0 0 900 727 0 500 0 0 900 0 733 100 0 100 0 0 500 0 0 750 100 0 500 0 0 1000 0 516 500 500 0 0 0 0 1000 1000 0 550 666 100 650 666 0 500 733 454 500 0 0 0 608 0 451 500 0 642 500 400 350 550 125 112 0 583 0 0 650 0 0 0 0 0 520 0 857 0 500 0 0 700 650 0 535 0 0 900 651 449 600 650 600 0 0 0 0 0 900
#CFC 2017-01-14
0 0 0 0 0 0 0 0 0 0 800 0 0 259 0 800 800 0 0 250 0 0 0 600 600 0 0 600 0 0 0 0 68 68 0 68 0 0 0 0 0 800 0 375 0 328 0 -600 60 0 700 0 0 500 66 136 0 100 0 200 200 500 0 0 261 500 0 0 500 -150 0 0 0 0 0 0 550 0 200 500 0 0 200 403 0 0 0 0 0 0 0 400 -178 500 250 0 0 0 0 600
0 0 0 100 0 0 0 0 0 0 900 0 0 438 0 900 900 0 0 500 0 0 0 900 900 0 0 900 0 0 0 0 227 227 0 227 0 0 0 0 0 750 0 616 0 645 0 900 402 0 700 0 0 500 358 454 0 1000 0 100 100 500 0 0 419 500 0 0 500 679 0 0 125 0 100 0 850 0 500 600 0 0 500 700 0 0 0 0 0 0 0 800 285 600 450 0 0 0 0 900
#Clarets 2017-01-14
0 100 0 0 300 0 0 568 -400 0 0 800 0 0 0 0 283 0 0 0 419 0 500 0 625 0 318 -90 0 0 0 0 0 0 0 0 0 1000 625 200 0 0 200 0 0 0 0 0 800 0 0 250 0 137 0 625 0 -1000 0 0 200 0 0 800 0 0 0 0 200 237 0 0 406 -155 1000 625 250 0 500 0 400 0 0 0 625 100 0 200 0 0 0 0 49 -100 0 400 500 0 0 0
0 0 0 0 100 0 0 700 400 0 250 1000 0 0 0 0 616 0 0 0 690 0 500 0 900 0 477 104 650 100 0 0 0 0 0 0 0 400 900 500 0 0 300 0 250 0 0 0 1000 0 0 500 0 475 0 900 0 1000 0 0 200 0 0 1000 0 0 0 0 100 437 0 0 416 288 1000 900 300 0 500 100 1000 0 0 0 900 400 0 100 0 0 0 0 316 200 0 400 500 0 0 0
#SaintsFC 2017-01-14
350 0 0 0 16 0 0 100 0 433 0 0 -25 0 488 62 0 500 0 0 500 0 31 0 0 0 250 -1000 0 0 600 3 62 0 199 500 -357 500 527 0 33 125 -125 0 0 0 0 0 0 0 0 0 0 0 -68 500 136 0 0 0 0 0 0 500 0 99 500 616 0 0 0 0 0 -200 0 900 0 0 312 0 -21 250 0 -400 0 500 200 0 0 -150 0 0 0 800 0 0 0 0 0 0
550 100 0 0 600 0 0 300 100 600 0 0 700 0 900 500 0 1000 0 0 500 0 312 0 0 0 300 1000 0 0 1000 661 500 0 585 500 478 600 872 0 133 600 375 0 0 0 1000 0 0 0 500 0 0 0 454 700 500 0 0 0 0 0 0 341 0 700 500 833 0 0 0 0 500 800 0 1000 0 1000 637 0 375 500 550 400 0 900 600 0 0 450 0 0 0 400 0 0 0 0 0 0
#hcafc 2017-01-14
-49 -250 125 312 550 0 400 85 600 0 0 200 -163 0 0 650 171 0 460 700 159 0 0 1000 66 -625 0 0 0 0 0 -566 166 0 100 -66 0 500 0 -16 0 0 -157 0 0 0 0 300 0 -333 400 0 0 372 50 0 0 200 700 500 -50 187 -93 100 -83 -799 0 -100 -500 318 0 400 0 0 0 0 -400 400 0 0 -166 -200 0 380 66 0 0 0 0 100 0 500 0 -20 0 800 0 200 0 0
216 888 625 300 550 0 1000 260 1000 0 0 200 480 0 0 550 414 0 805 600 480 0 0 300 55 1000 250 66 0 0 0 800 383 0 1000 388 0 500 500 377 0 0 388 0 0 400 0 550 0 1000 1000 0 0 594 528 0 0 300 900 600 400 391 300 200 166 1000 0 400 500 677 0 350 0 0 0 0 400 1000 0 0 166 400 0 700 466 0 0 0 0 761 400 1000 0 324 0 400 0 200 0 0
#AFCB 2017-01-14
0 0 0 0 0 0 0 450 1000 0 300 -30 -600 250 333 0 0 0 0 0 0 0 0 0 0 0 300 500 50 -230 -591 0 0 0 1000 0 0 0 0 0 0 0 0 0 -166 350 0 0 0 -131 0 350 -50 -300 0 0 0 0 0 0 0 233 800 400 0 0 400 -250 0 0 0 444 0 0 0 0 0 0 175 0 550 0 0 -155 250 300 0 0 25 -54 500 136 0 300 0 500 0 0 145 -20
100 0 0 1000 0 125 0 850 1000 0 500 625 800 200 833 100 0 0 0 0 0 0 0 0 0 0 720 500 200 670 755 0 0 0 400 0 0 0 0 0 0 0 0 0 333 300 0 0 0 427 100 649 375 550 0 0 0 0 0 0 0 600 750 800 0 0 400 500 0 0 0 500 0 0 0 0 0 1000 275 0 500 100 0 288 500 166 0 0 225 657 500 500 0 200 0 600 0 0 318 633
#SAFC 2017-01-14
-400 0 208 0 0 -400 0 500 0 0 600 290 0 -400 -799 -166 -66 437 379 360 -155 0 300 0 -96 86 50 300 -50 -141 158 214 12 125 50 0 50 0 0 300 750 0 0 550 0 -83 162 500 -172 312 0 0 0 -191 250 0 166 0 -25 136 199 166 0 0 49 415 0 0 250 -277 600 0 -51 1000 0 -600 250 -103 0 800 0 49 1000 0 500 333 500 450 500 -99 -400 333 800 0 -600 0 0 0 0 300
600 0 308 0 0 400 100 900 250 100 1000 657 0 400 1000 433 133 608 409 500 288 0 200 0 253 263 350 100 400 758 229 346 762 366 250 0 250 0 0 500 1000 1000 0 625 0 83 450 550 535 750 0 0 100 758 333 0 833 0 508 454 300 833 0 0 500 710 100 0 333 494 1000 900 96 600 0 900 450 480 0 750 0 700 1000 0 500 433 900 875 900 900 700 305 750 0 1000 0 0 0 100 200
#SCFC 2017-01-14
200 500 500 0 0 0 500 0 1000 0 0 250 0 172 500 0 0 0 875 500 0 0 0 -300 0 100 0 0 0 0 -250 0 0 350 750 0 0 -200 0 0 0 0 0 0 142 400 412 0 250 0 0 0 0 0 0 0 0 0 0 0 0 0 415 0 100 193 0 0 350 68 250 0 0 0 0 -200 0 0 0 335 0 0 0 275 0 162 200 -99 200 200 100 1000 0 335 0 0 0 0 -400 0
200 500 500 0 0 0 500 0 300 0 0 312 0 583 500 0 0 0 600 500 0 0 0 400 0 400 1000 0 0 0 250 0 0 550 750 100 0 400 0 0 0 125 0 0 267 700 350 0 312 125 0 0 0 0 0 0 0 0 0 0 0 0 710 0 1000 393 0 0 550 250 250 0 0 0 0 400 0 250 0 700 0 0 0 487 100 395 250 250 250 250 400 600 0 700 0 100 0 0 400 0
#Swans 2017-01-14
500 500 866 100 0 200 500 61 0 0 200 200 0 1000 200 0 0 258 -178 0 0 277 1000 -400 0 0 0 0 500 550 0 227 0 0 0 0 0 0 0 0 0 128 0 0 0 0 0 0 250 0 0 -155 0 125 0 0 0 149 0 193 0 0 266 0 250 0 0 344 100 312 0 0 0 0 0 0 0 0 625 0 1000 0 250 350 0 -166 333 0 0 -100 0 -156 162 250 350 0 1000 -200 0 850
500 500 650 400 0 900 500 349 0 600 100 100 0 300 100 0 0 516 285 0 0 375 300 400 104 0 0 0 500 600 0 545 0 0 1000 1000 0 0 0 0 1000 262 0 0 0 0 0 0 500 0 0 288 0 400 100 0 500 500 0 393 0 0 466 0 100 0 0 588 150 333 0 0 0 0 0 0 0 0 600 0 1000 0 333 550 0 333 366 0 0 50 0 343 395 333 550 0 600 400 125 450
#AFC 2017-01-14
-125 0 0 0 0 0 68 0 375 0 0 400 200 0 -400 0 0 0 0 0 0 0 0 250 0 0 1000 0 -178 -200 0 0 0 0 -400 -300 -50 0 100 0 0 0 0 375 375 375 375 375 450 0 0 800 0 500 -400 0 150 0 0 0 350 500 0 0 0 0 0 500 434 -375 0 750 400 0 200 0 136 341 0 0 250 418 200 0 0 0 0 0 0 0 0 0 1000 800 0 0 0 0 168 350
375 100 0 0 0 0 727 100 750 0 0 300 300 0 400 0 0 0 0 0 0 0 0 333 0 0 300 0 285 200 0 0 0 0 400 100 400 0 50 0 0 0 0 750 750 750 750 750 750 0 0 700 0 750 400 0 300 0 0 0 400 500 0 0 0 0 0 500 613 500 0 750 800 0 450 0 454 658 0 0 750 527 200 0 0 0 0 0 0 0 0 0 300 750 0 100 0 0 277 333
#WatfordFC 2017-01-14
133 350 350 68 0 -500 500 261 0 -500 450 500 -50 -355 -50 400 150 0 -200 0 0 0 633 270 -500 0 533 0 1000 42 316 0 330 195 0 0 166 533 600 200 0 175 0 370 233 0 400 0 0 66 350 175 -25 -100 1000 700 1000 781 0 400 0 0 100 375 0 0 -575 1000 0 200 255 0 600 500 625 450 0 0 750 300 133 437 333 300 0 0 500 250 10 300 0 0 275 500 83 -375 283 175 0 700
600 475 475 727 0 300 888 420 0 500 500 1000 716 706 200 800 400 0 100 0 0 0 683 659 300 0 366 100 750 448 500 0 702 478 0 0 333 549 600 500 0 825 300 469 741 0 800 1000 0 533 550 775 525 933 1000 600 1000 600 0 575 0 0 162 850 0 0 700 1000 0 200 300 0 1000 650 541 500 0 0 950 712 300 675 833 1000 0 0 625 333 592 550 0 0 450 500 1000 625 783 449 0 875
#boro 2017-01-14
375 100 0 350 100 0 250 0 0 0 -121 0 0 0 850 0 0 0 0 0 0 0 0 0 250 350 0 149 150 0 500 0 0 0 350 800 0 0 500 335 -166 800 0 0 -200 -200 0 335 0 0 250 250 0 -300 -121 133 0 0 335 335 335 100 285 142 0 337 150 0 0 0 0 0 0 0 0 100 -200 0 0 500 1 500 500 500 0 150 400 0 500 500 0 0 200 0 136 0 0 200 0 0
750 500 0 750 300 0 416 0 0 50 451 0 0 0 1000 0 0 0 0 0 0 0 0 0 300 750 0 500 649 0 600 500 0 0 300 750 0 0 600 700 333 1000 0 0 50 400 0 700 0 0 200 200 0 400 451 433 0 0 700 700 700 0 535 767 0 799 300 0 0 0 0 0 0 0 0 300 400 0 0 900 527 500 500 750 0 250 800 0 500 600 0 0 200 0 454 0 0 700 0 0
#WHUFC 2017-01-14
0 250 200 800 -349 -617 200 -262 136 1000 0 0 533 0 583 16 136 300 49 0 0 0 0 500 0 200 0 100 -500 0 -66 0 -999 266 0 250 250 -500 500 66 -250 0 300 -121 286 0 -25 0 0 0 0 0 55 0 250 0 0 0 100 -166 200 450 0 650 100 0 600 0 -62 300 700 0 250 375 0 0 0 0 113 0 200 -699 133 0 0 0 285 90 300 0 0 0 0 271 500 -300 125 1000 0 1000
0 600 150 1000 383 750 200 466 454 300 0 0 700 0 783 600 454 500 186 0 0 0 0 300 0 200 66 183 1000 400 400 0 1000 500 0 333 333 900 600 358 650 0 200 451 722 0 700 0 0 0 0 0 518 0 944 0 0 0 400 366 400 850 0 625 383 0 900 0 400 500 600 0 350 625 0 0 0 0 772 0 900 666 200 0 0 0 535 750 200 0 0 0 0 358 1000 500 750 750 0 300
#CPFC 2017-01-14
50 0 0 -41 0 0 156 0 -300 500 136 0 -24 0 -77 136 250 0 0 0 500 350 83 0 -250 0 0 400 50 0 0 333 0 0 0 0 -625 0 0 404 0 0 -125 0 212 283 0 100 0 -200 216 0 145 0 0 200 27 0 0 0 0 500 0 300 0 0 0 239 300 0 350 0 0 0 600 -33 -50 0 0 0 111 0 25 350 549 0 0 0 0 437 0 500 0 0 0 0 0 0 520 200
350 0 0 566 0 0 300 0 500 550 454 1000 587 0 144 454 1000 0 0 0 300 650 833 0 888 0 66 375 200 0 0 333 1000 0 216 0 1000 0 0 686 0 0 375 0 637 650 0 200 0 200 491 0 583 0 125 200 208 0 0 0 0 800 0 350 0 0 0 642 825 0 650 0 0 0 687 366 300 0 0 0 222 0 50 650 750 0 0 0 300 650 0 600 0 0 0 0 0 1000 454 300
#COYS 2017-01-14
0 0 0 0 0 1000 -500 0 0 875 500 0 0 400 0 900 -200 0 0 0 -125 0 0 75 0 0 383 0 800 500 500 300 0 850 400 500 0 0 0 400 0 0 0 -115 178 800 0 250 0 0 1000 0 0 300 0 100 320 0 0 0 250 0 0 433 3 300 200 333 0 500 533 0 428 0 0 0 800 375 200 200 0 -875 500 250 0 625 0 0 0 0 183 0 0 136 0 166 800 312 -359 0
0 0 0 0 0 750 1000 0 0 600 550 0 0 800 0 1000 800 0 0 0 500 0 0 300 0 0 454 0 750 400 600 200 0 1000 800 600 0 0 0 675 0 0 0 723 317 750 0 375 0 100 900 0 0 100 0 300 534 0 0 0 283 0 0 300 443 475 500 500 0 500 541 400 517 0 0 0 750 500 400 400 0 1000 300 300 0 600 0 0 0 0 311 0 100 454 0 333 625 1000 625 0
#WBA 2017-01-14
0 0 178 -600 -77 -27 0 0 0 100 0 200 0 0 136 0 0 0 -27 0 0 0 0 200 0 0 0 -62 133 700 -200 0 0 -250 -400 -166 0 0 0 0 0 200 -350 0 -125 -187 250 -43 541 0 0 143 0 0 0 0 0 0 0 0 -300 500 200 200 0 0 0 -155 0 0 0 500 -500 0 200 0 0 300 0 0 0 -600 136 333 136 333 136 333 -128 400 -125 350 700 800 125 500 371 387 0 136
0 0 418 525 144 244 0 0 0 400 0 100 0 0 454 0 0 0 244 0 0 66 0 100 0 0 0 837 400 600 300 250 0 1000 400 500 0 0 0 0 0 500 500 0 750 500 75 350 833 0 0 593 0 0 0 0 0 0 0 0 425 525 400 400 0 0 0 288 0 0 0 694 1000 0 300 0 0 575 0 0 0 800 454 666 500 666 500 666 500 400 250 550 600 750 229 500 383 425 0 500
#COYS 2017-01-04
-12 0 186 0 0 0 136 566 250 200 600 -155 0 0 -166 125 1000 0 0 500 100 19 1000 -155 500 66 400 400 0 0 437 0 0 0 0 0 633 0 0 500 400 -1000 285 0 184 0 213 337 0 213 399 0 0 399 0 0 400 287 0 300 277 0 0 0 0 0 500 0 500 -150 0 192 0 -76 600 0 50 400 364 -50 -166 400 0 0 0 400 -300 0 0 0 0 0 475 -155 0 0 500 0 0 0
575 0 405 0 0 66 454 666 333 300 300 288 0 0 166 200 1000 0 0 600 650 60 1000 288 500 341 800 900 0 0 650 0 0 1000 0 0 600 0 0 150 800 1000 535 0 466 0 500 562 0 454 816 0 0 650 0 0 700 487 0 700 366 0 0 0 0 0 900 0 500 400 0 467 0 269 1000 600 191 900 607 400 66 375 0 0 100 600 600 0 0 0 0 0 950 288 0 0 500 0 0 0
#CFC 2017-01-04
500 0 0 300 0 0 0 -125 0 1000 -500 0 0 1000 0 0 -33 200 -200 0 -125 500 0 0 500 0 0 -121 -500 0 0 0 -83 0 0 800 400 0 0 0 478 100 328 0 478 0 0 0 400 400 400 0 166 0 0 -400 0 900 0 0 -400 -400 0 0 0 213 0 0 120 0 449 600 -333 800 0 0 0 0 233 136 136 0 150 250 0 0 0 0 150 0 -100 -500 0 0 0 -3 666 250 145 0
500 0 1000 700 0 0 600 375 0 1000 700 0 0 1000 0 0 683 700 250 0 200 1000 0 0 500 0 0 451 1000 0 0 0 83 0 0 1000 800 0 125 0 735 475 1000 0 735 33 0 0 800 800 800 0 188 0 0 400 0 900 750 50 400 400 0 0 0 500 0 0 633 0 400 1000 666 1000 0 0 0 0 600 454 454 0 391 283 0 0 1000 1000 850 0 400 800 100 0 0 558 483 400 550 0
#CPFC 2017-01-03
112 112 0 112 0 -400 357 0 100 0 -400 -400 100 0 -400 0 283 0 -15 -400 0 -50 0 68 -150 0 250 -250 -300 0 637 -499 0 104 0 -166 0 1000 -312 0 0 0 -285 108 -278 -200 750 900 900 900 0 0 -50 500 -12 -500 0 400 -50 0 700 -100 -97 0 475 250 0 0 254 254 500 500 566 566 0 0 425 425 0 500 -500 0 1000 -500 0 1000 0 0 254 500 566 0 425 500 0 -500 1000 -354 0 0
318 318 0 318 0 1000 571 0 400 0 1000 1000 100 0 700 0 666 0 455 700 0 717 0 500 299 0 250 800 400 0 687 622 0 500 125 491 100 300 433 0 0 0 429 566 387 700 650 900 900 900 0 0 400 500 0 1000 0 1000 50 1000 900 450 144 0 595 200 0 0 590 590 500 500 616 616 0 0 775 775 0 750 900 0 300 900 0 300 0 0 590 500 616 0 775 750 0 900 300 438 100 0
#Swans 2017-01-03
0 112 -100 250 0 68 0 -155 0 112 0 0 0 0 0 0 0 0 433 0 22 0 250 -150 136 0 170 0 0 66 224 0 0 250 0 0 0 49 0 1000 0 528 333 0 136 0 1000 357 84 250 0 0 0 0 0 136 37 0 0 166 400 0 0 0 0 250 -250 0 0 0 0 -400 0 -300 -194 100 -194 136 -194 0 -166 -31 0 -162 -166 95 50 -16 142 68 400 400 0 114 363 0 -1000 0 0 49
100 318 250 750 1000 227 0 288 33 318 0 0 0 0 0 0 333 0 466 0 294 0 333 400 454 0 454 0 0 850 550 0 0 450 0 0 0 550 0 300 0 595 1000 0 454 0 300 571 613 500 0 0 0 0 0 500 850 0 0 188 600 0 0 0 0 500 383 0 0 0 0 850 0 400 416 100 416 454 416 0 333 427 0 541 799 295 378 716 767 377 900 650 0 396 522 125 1000 0 0 600
#SCFC 2017-01-03
0 0 0 0 0 1000 0 0 -562 200 0 100 0 0 0 0 0 250 0 100 0 84 500 -400 0 850 0 0 0 0 0 0 0 0 0 0 44 0 33 -400 412 0 1000 100 1000 0 0 0 0 0 241 0 0 -160 -200 0 0 -400 0 0 150 450 -200 400 0 343 0 0 0 100 -194 100 -400 0 166 -333 0 0 76 0 500 1000 0 -75 0 0 0 0 700 0 0 0 625 141 0 400 0 0 0 0
0 0 0 0 0 1000 0 0 687 200 0 300 0 0 0 0 0 250 0 100 0 613 500 650 0 450 0 0 0 0 0 0 0 0 0 0 455 0 583 600 550 0 1000 100 1000 0 0 0 0 0 416 0 0 534 400 0 0 600 0 0 550 750 400 250 0 625 0 0 0 162 288 162 400 0 633 666 0 0 221 0 500 500 0 366 0 0 0 0 700 0 0 0 500 420 0 378 0 0 0 0
#WatfordFC 2017-01-03
0 200 -353 300 250 -50 0 500 0 400 0 450 0 0 0 0 -125 0 0 45 0 0 272 700 400 66 79 0 500 0 0 -1000 -306 1000 0 -520 0 800 0 400 -125 0 608 500 68 0 500 100 0 24 0 -400 650 -66 600 600 600 600 -400 0 0 0 0 87 500 186 1000 0 99 136 43 0 75 0 0 100 0 0 166 120 14 175 0 136 -50 0 0 0 0 500 0 -225 -1000 0 -100 -250 0 333 136 -486
0 200 805 900 651 850 0 800 0 800 1000 500 0 0 0 1000 375 1000 0 184 0 1000 444 799 800 366 440 0 700 0 0 1000 727 1000 0 780 0 400 0 900 1000 0 787 500 727 50 500 400 0 600 0 400 750 600 1000 1000 1000 1000 400 0 0 0 0 450 600 440 1000 0 750 454 521 0 713 0 0 1000 0 0 625 383 229 765 750 500 400 100 0 0 0 500 0 325 1000 0 400 750 0 350 454 833
#AFCB 2017-01-03
0 0 0 0 0 0 0 0 0 666 0 0 500 0 0 0 250 0 0 0 0 0 130 550 0 0 0 178 0 1000 0 1000 -874 0 550 500 -750 800 0 225 75 0 -156 0 0 0 -95 250 250 0 200 0 0 500 -208 -300 0 0 600 0 -200 -166 0 0 0 0 468 -100 0 0 100 300 0 800 0 77 0 -388 178 0 0 0 400 0 136 0 0 500 0 200 500 550 0 0 134 -62 300 0 0 250
0 0 0 500 0 0 0 0 0 666 76 125 1000 0 0 0 200 100 0 0 0 0 470 700 0 0 0 507 0 1000 0 300 666 0 800 550 750 700 0 300 494 0 393 0 0 0 420 500 250 66 200 0 0 600 833 450 0 0 266 0 100 333 0 250 0 0 427 200 500 100 400 100 0 400 0 570 0 833 507 0 0 0 800 0 454 0 0 600 0 250 1000 500 100 0 280 437 166 0 0 500
#AFC 2017-01-03
800 500 875 0 352 0 -50 0 633 781 0 800 0 0 468 468 250 0 0 0 0 0 0 199 -131 250 0 850 0 0 800 0 0 0 -150 0 1000 0 0 49 0 0 158 -155 0 300 0 0 533 -500 500 0 500 -100 0 800 0 1000 0 0 0 32 0 250 0 0 0 0 637 0 378 -333 500 166 611 133 1000 0 783 750 500 175 500 -77 136 0 600 1000 144 0 -50 0 0 -400 0 0 433 -333 0 734
550 700 600 0 305 0 400 0 566 500 100 400 0 0 427 427 450 100 0 0 0 0 750 600 840 750 0 1000 0 0 750 0 0 0 500 0 700 0 0 500 0 76 483 288 0 200 0 0 727 1000 750 0 500 400 0 400 0 300 0 0 0 556 0 700 0 0 100 100 687 0 716 1000 500 188 907 633 1000 0 600 400 500 1000 500 777 454 0 600 750 533 0 400 0 0 400 0 0 733 583 0 550
#WHUFC 2017-01-02
485 -121 -121 -50 -50 -50 -750 136 -180 -50 -121 312 -121 -121 600 0 0 0 0 300 0 0 0 -180 -200 1000 -121 250 0 0 0 -121 -121 0 900 -400 0 0 136 136 -260 0 0 -781 0 625 0 0 0 0 0 -200 0 -399 0 0 -121 0 0 0 0 323 500 534 300 300 159 0 0 0 285 349 555 0 0 600 0 300 0 200 -141 0 -121 -121 0 -121 712 600 0 600 0 -131 -131 -400 0 -166 160 0 -250 0
727 451 451 400 400 400 1000 454 480 400 451 1000 451 451 600 0 0 1000 0 500 0 0 0 480 100 750 451 200 0 0 0 451 451 100 350 400 0 0 500 500 520 0 0 600 125 800 0 0 0 0 0 250 0 399 0 0 451 0 0 1000 0 484 1000 530 650 650 400 0 0 0 535 641 726 0 0 1000 100 0 0 500 391 0 451 451 100 451 750 600 0 700 0 427 427 400 0 333 673 650 250 0
#MUFC 2017-01-02
485 400 233 0 117 468 0 0 625 0 0 0 500 506 312 312 312 0 0 0 0 483 0 312 362 700 866 0 0 533 0 0 0 625 0 520 25 33 1000 0 1000 387 136 136 136 578 0 350 266 -650 366 0 567 0 0 333 625 812 0 41 0 0 0 0 500 0 656 800 268 268 268 468 1000 0 608 0 0 266 250 0 468 837 0 667 12 250 400 0 0 0 0 468 433 625 722 312 312 625 312 200
727 350 866 0 525 727 0 100 1000 0 0 0 678 727 284 284 284 0 0 0 0 511 600 1000 475 600 633 0 0 727 0 0 0 1000 300 333 683 675 750 0 900 520 454 454 454 350 0 300 416 800 466 0 588 0 0 333 1000 650 0 791 500 875 0 0 500 0 584 633 627 627 627 727 300 0 727 0 0 388 366 0 727 500 0 750 718 500 800 100 0 0 0 727 733 1000 488 284 284 1000 284 300
#EFC 2017-01-02
0 433 468 445 408 -121 485 0 0 136 136 136 300 0 -22 645 0 100 400 0 -121 250 -121 671 0 791 0 0 0 0 83 0 0 0 400 -155 784 0 0 0 0 0 136 136 136 0 0 468 0 136 136 136 159 0 -121 0 0 -15 0 -400 578 0 500 75 1000 400 500 -121 169 537 0 -41 -230 0 0 0 568 1000 0 500 321 0 1000 1000 1000 0 375 136 136 136 0 -375 378 -121 0 0 30 125 0 500
0 500 727 784 533 451 727 0 0 454 454 454 100 1000 111 584 0 0 800 0 451 333 451 818 0 566 125 0 0 0 333 0 0 0 800 288 588 0 0 0 0 0 454 454 454 0 0 727 0 454 454 454 755 0 451 0 0 138 0 400 734 0 475 525 300 800 450 451 300 680 0 799 713 0 100 0 727 300 0 500 581 0 300 300 300 500 416 454 454 454 0 375 251 451 0 0 520 1000 0 500
#SaintsFC 2017-01-02
0 399 -300 534 205 0 136 0 -450 -500 0 0 0 533 -400 0 -1000 0 0 400 -33 -274 -550 0 -400 -50 100 100 0 100 0 0 700 0 0 -500 1000 -200 -300 41 207 -100 100 0 0 0 -400 545 -466 0 510 0 100 136 125 -150 1000 781 -188 -50 0 312 -1000 -207 0 0 -99 0 225 0 -187 700 100 -650 0 0 0 0 455 -233 0 0 -150 0 -250 -500 500 0 -50 400 250 -650 -50 50 -562 -652 0 -150 -400 -50
66 433 900 676 647 0 454 0 725 1000 0 500 0 727 600 0 1000 0 0 1000 600 666 550 0 700 400 450 450 0 450 0 357 580 0 0 900 900 600 500 250 550 666 0 0 0 0 1000 651 541 0 750 100 1000 454 466 399 300 600 255 850 0 333 1000 601 0 0 600 100 741 0 537 600 350 1000 0 0 550 66 521 183 0 0 350 0 500 1000 500 0 200 700 283 600 231 500 649 758 0 800 600 400
#MCFC 2017-01-02
0 800 800 -121 -121 0 0 68 390 0 578 0 136 136 136 -155 0 500 592 223 0 0 0 350 -99 0 -71 1000 0 800 500 428 333 -431 -400 0 0 100 136 -121 136 -121 136 136 366 0 468 0 -200 68 -121 -121 0 700 -12 0 -83 0 -25 0 400 -1000 0 0 0 0 45 0 200 300 0 753 0 0 -300 0 31 444 0 0 481 650 0 0 0 125 366 100 800 400 400 0 -400 -200 0 -433 0 -375 -283 -596
0 400 1000 451 451 0 0 727 300 0 818 0 454 454 454 288 0 500 570 484 0 0 0 450 700 0 142 750 0 400 350 577 583 727 400 0 0 200 454 451 454 451 454 454 566 0 727 0 500 727 451 451 0 550 387 0 450 0 350 0 800 800 0 0 0 0 383 0 500 441 0 538 0 0 600 0 750 594 0 0 612 450 125 0 0 166 700 50 750 800 800 125 600 800 0 633 0 625 433 0
#Clarets 2017-01-02
0 0 334 468 0 -300 0 1000 616 0 0 645 0 0 1000 1000 0 200 0 0 0 0 350 0 0 0 0 0 -131 0 0 -131 0 0 0 0 0 400 500 425 400 0 0 0 -114 -131 500 0 0 -131 136 0 0 0 -10 0 -131 0 0 0 0 0 0 0 0 0 0 0 0 0 0 0 0 0 0 0 0 0 0 0 0 0 0 0 0 612 625 350 0 0 0 -400 50 0 550 133 -150 0 0 568
0 0 563 727 0 700 0 650 616 0 0 818 0 1000 300 300 0 300 0 0 0 0 550 0 0 0 0 0 450 0 0 450 0 0 0 0 0 900 900 616 900 0 0 0 366 450 500 0 0 450 500 0 0 0 222 0 450 0 0 0 0 0 0 0 0 0 0 0 0 0 0 0 0 0 0 0 0 0 0 0 0 0 0 0 0 700 900 300 0 0 0 400 100 0 700 466 399 0 0 377
#SAFC 2017-01-02
0 585 -227 -162 -1000 -300 312 -350 900 0 0 -433 150 468 -449 500 -350 333 0 -350 0 0 0 325 0 -200 237 190 -100 180 -512 0 250 0 -583 500 0 -125 156 -333 100 187 175 50 700 0 0 0 250 850 -250 0 0 -200 0 0 -500 -500 1000 172 100 500 350 150 0 357 0 152 311 -61 83 -401 0 0 0 0 0 0 -166 0 800 112 -275 -381 -194 250 150 0 0 200 -497 0 0 0 -349 0 0 0 0 0
650 727 344 475 1000 400 651 350 400 66 0 550 650 727 750 500 350 833 0 350 0 0 125 750 0 333 633 594 1000 900 500 0 250 0 583 1000 400 375 500 562 150 375 487 450 600 0 300 0 333 500 1000 0 0 800 0 0 1000 550 300 394 250 500 633 950 0 571 0 488 455 657 800 484 0 0 125 0 0 0 433 0 750 218 600 525 479 400 1000 0 0 500 677 0 0 0 333 0 0 0 0 0
#LFC 2017-01-02
0 400 800 400 0 112 83 875 412 468 136 578 800 0 0 0 245 0 356 0 506 800 -71 355 -121 523 -121 0 0 68 0 -168 468 0 350 -750 1000 0 1000 0 575 0 0 662 485 575 -150 662 228 0 0 0 268 268 0 800 268 0 766 312 323 1000 0 483 0 0 468 645 592 0 400 744 0 0 0 49 333 0 800 0 0 0 0 83 600 -8 633 459 -9 1000 645 227 0 50 500 100 0 0 0 0
1000 800 750 350 0 751 666 600 550 727 454 734 750 0 0 0 451 0 357 0 727 400 545 455 451 818 451 0 0 727 0 602 727 0 550 700 300 650 1000 0 325 0 0 350 727 475 345 818 651 0 0 0 627 627 0 400 627 333 600 512 484 300 750 283 0 0 727 651 570 0 800 316 0 0 0 450 450 0 400 0 0 0 0 1000 650 266 633 538 818 300 584 645 0 50 500 0 0 0 0 0
#WBA 2017-01-02
0 468 645 0 -258 1000 500 500 0 0 0 0 333 100 0 0 350 200 468 0 136 0 0 100 1000 250 0 0 -1000 0 800 0 1000 800 134 37 0 -155 250 0 0 0 405 0 0 0 0 0 0 700 468 136 187 0 0 0 0 300 0 0 -100 200 127 100 470 0 -93 1000 0 0 -466 0 800 0 -46 412 0 0 -1000 284 -183 468 660 -99 -200 0 468 0 170 0 0 0 0 400 0 -233 0 -100 -100 250
0 727 818 0 766 300 500 1000 0 0 0 0 666 400 0 0 650 200 727 0 454 0 0 1000 300 333 0 0 1000 0 750 0 300 750 480 611 425 288 500 0 0 0 593 0 0 0 0 0 0 900 727 454 1000 0 0 0 0 200 0 0 666 200 630 0 549 0 750 1000 0 0 541 0 400 0 286 518 0 0 1000 838 300 727 727 600 700 0 727 0 454 0 0 0 0 425 0 183 357 516 433 200
#hcafc 2017-01-02
700 0 478 -600 485 0 0 -800 0 132 687 456 456 0 0 500 0 0 0 -300 485 428 437 -62 468 468 0 0 85 450 -250 850 976 -232 468 0 -699 -400 -400 485 659 437 0 178 1000 0 -155 38 -232 0 0 -300 -600 -516 200 125 0 200 0 -362 0 -600 125 500 216 0 183 0 0 -12 -166 -250 0 -249 -125 0 -199 -400 -500 0 -249 -400 500 800 250 -156 -1000 -125 500 -16 0 625 -21 0 -700 136 0 250 183 0
200 0 651 800 727 0 0 900 100 538 900 818 818 0 0 600 0 0 0 350 727 601 300 187 727 727 0 0 227 750 500 250 500 559 727 0 666 400 400 727 801 687 0 311 300 0 288 472 559 0 0 475 800 600 200 300 0 400 500 900 0 900 375 600 916 0 400 0 0 687 66 250 0 383 250 0 266 600 400 0 383 600 500 750 250 343 900 750 600 255 0 700 184 0 900 454 0 750 363 0
#boro 2017-01-02
609 546 462 600 500 -800 -155 0 0 -121 0 371 1000 0 434 412 0 300 0 0 0 0 468 0 0 468 0 -874 500 0 93 0 -200 258 -121 250 500 800 437 800 -10 800 120 50 484 766 1000 306 0 -66 950 0 0 -50 0 0 633 166 166 166 0 -166 399 0 1000 -121 656 8 0 99 0 100 -51 49 0 0 0 500 0 -305 0 500 -400 500 0 0 -300 0 0 100 -400 0 450 33 589 100 395 500 -121 527
588 684 449 1000 650 800 288 0 0 451 0 601 750 500 563 950 0 750 0 0 0 0 727 0 0 727 66 666 433 0 675 0 800 525 451 200 500 400 650 400 716 400 473 600 457 433 300 425 0 533 1000 0 0 200 0 0 799 333 333 333 0 222 500 0 300 451 734 566 100 650 0 383 658 450 0 1000 0 600 0 500 0 500 800 875 0 0 600 0 0 200 400 0 1000 675 592 100 696 750 451 713
#LCFC 2017-01-02
0 0 1000 130 160 648 568 -121 -121 68 0 277 112 0 0 0 0 478 0 0 0 0 0 1000 350 0 0 -133 0 1000 150 400 -121 -121 136 253 0 166 312 68 -121 -121 345 333 1000 0 100 0 0 150 -700 655 733 0 453 0 0 0 0 700 325 1000 0 0 0 0 0 0 0 0 750 0 350 0 900 -16 316 200 225 609 -156 -121 136 -121 0 86 0 0 800 0 1000 0 250 0 133 -187 -158 -600 0 0
0 0 300 546 539 738 750 451 451 727 0 644 233 0 66 0 0 735 500 200 0 0 1000 750 425 0 0 422 0 300 950 900 451 451 454 522 0 500 1000 727 451 451 612 566 300 1000 1000 0 125 650 200 700 766 0 488 0 0 0 0 800 525 300 0 0 0 0 0 0 0 50 583 0 700 0 550 277 716 312 700 626 375 451 454 451 100 647 125 0 400 0 1000 0 450 0 399 500 466 1000 0 0
