#ncfc 2016-03-01
0 800 800 0 0 500 0 0 0 0 0 0 0 50 -400 250 0 -400 800 800 800 400 0 0 0 -99 -125 136 0 0 0 781 0 0 0 0 136 100 250 0 0 -166 0 0 0 0 -375 -499 0 0 -291 0 0 0 0 136 278 -400 -99 -300 0 0 -382 0 0 0 0 700 125 -125 0 0 0 800 170 -375 250 0 0 0 400 0 0 50 -300 0 700 0 0 0 0 800 0 800 0 -50 0 50 136 0
0 400 400 0 0 500 0 0 0 0 0 0 100 200 400 1000 0 400 400 400 400 200 0 0 0 500 125 500 0 0 0 500 0 0 0 0 500 400 875 0 0 66 0 0 0 0 600 633 0 0 541 0 0 0 0 500 485 400 500 600 0 0 470 0 0 0 0 600 666 375 0 0 0 1000 500 400 533 0 0 0 700 0 0 500 600 0 600 1000 0 0 0 750 1000 400 66 400 0 500 454 0
#CFC 2016-03-01
0 0 0 136 49 49 49 100 68 100 0 0 -600 0 500 500 0 -600 -75 83 95 168 0 800 400 400 0 0 136 475 0 49 100 0 100 100 1000 0 0 350 0 700 0 0 0 0 0 0 104 300 0 136 68 0 0 0 0 0 0 500 136 0 0 0 0 0 0 0 0 300 -433 0 0 156 0 0 0 345 1000 0 0 0 0 0 448 -232 0 65 -116 0 0 200 0 350 -699 0 250 -458 0 0
0 0 0 454 450 450 450 200 727 200 0 0 900 0 150 625 0 900 275 385 379 327 0 750 400 400 0 0 454 687 0 450 200 0 200 200 400 0 0 400 0 600 0 0 0 0 0 0 216 475 1000 454 227 0 0 0 0 0 0 500 454 0 500 125 0 0 0 0 0 500 600 0 0 666 0 0 100 529 300 0 0 0 0 0 683 371 0 500 416 1000 300 500 0 450 666 1000 333 458 1000 0
#SAFC 2016-03-01
46 0 0 500 -125 -166 0 0 0 -166 0 0 0 0 0 300 -65 0 0 1000 0 575 400 -400 132 0 0 -99 0 0 302 0 0 275 -72 0 66 0 1000 0 -300 250 0 0 358 0 16 -468 0 500 0 0 800 0 0 0 0 -166 500 0 0 0 366 0 976 0 0 150 -1000 0 0 700 100 0 0 -200 0 0 0 0 194 0 -166 0 0 0 0 0 0 0 0 0 -400 0 0 350 0 0 0 300
416 500 0 650 300 433 0 0 100 433 0 0 0 125 100 666 550 0 0 300 0 525 400 400 500 0 66 400 0 0 562 0 0 300 477 0 433 0 300 0 400 333 0 0 591 0 366 400 1000 600 0 1000 750 0 0 0 0 366 750 1000 0 0 274 1000 1000 0 0 550 1000 0 125 800 400 0 0 800 0 1000 0 0 333 0 433 0 100 0 0 0 0 0 0 1000 700 0 0 700 0 0 0 950
#CPFC 2016-03-01
0 0 0 -200 0 -1000 0 -1000 0 0 0 0 0 0 0 0 0 0 0 0 0 0 0 0 250 0 -333 0 400 100 0 0 0 0 300 -305 0 0 0 333 440 0 400 0 0 525 -700 1000 0 433 0 0 -41 0 0 -83 -500 0 -333 -800 -300 0 -760 500 0 -150 133 0 0 0 0 0 -375 0 0 0 -699 0 -138 0 100 800 -400 0 400 0 0 0 0 400 -155 170 0 136 0 0 0 0 0 400
0 0 0 800 0 1000 0 1000 0 0 0 0 0 0 0 0 1000 0 0 0 0 0 0 1000 333 0 633 0 455 150 500 0 1000 100 900 500 0 400 0 416 705 0 900 0 0 716 800 300 0 733 0 0 416 0 0 83 1000 66 500 900 399 0 1000 500 0 600 216 125 125 125 0 0 225 250 0 0 666 333 466 0 0 750 600 0 450 0 0 0 100 200 288 500 0 500 0 0 0 0 0 408
#MUFC 2016-02-28
200 0 -100 0 0 800 1000 500 0 0 0 -500 -300 0 800 -600 500 100 1000 500 750 0 0 200 0 0 0 1000 0 750 0 400 0 0 0 0 0 1000 0 0 400 0 1000 750 -600 400 0 0 1000 0 1000 -200 250 900 0 0 750 0 1000 400 1000 0 1000 0 0 136 1000 0 1000 337 1000 0 1000 0 0 200 0 0 400 300 600 222 300 900 800 750 50 1000 1000 525 1000 1000 222 0 0 166 0 0 0 0
533 0 400 0 0 400 300 500 125 125 0 1000 400 0 400 800 500 150 1000 500 500 0 0 900 0 0 0 1000 0 500 0 500 0 0 0 0 0 1000 0 0 800 0 1000 500 900 500 0 125 300 312 1000 233 250 1000 0 0 800 0 1000 500 1000 0 1000 0 0 454 1000 0 1000 512 1000 0 1000 0 0 233 0 125 550 500 1000 644 550 525 750 800 150 1000 1000 366 1000 1000 588 0 50 333 0 0 0 0
#AFC 2016-02-28
-200 1000 0 0 0 0 419 250 0 0 0 0 0 357 0 -60 0 0 0 275 0 0 0 0 -368 100 0 0 0 0 500 357 0 100 1000 1000 800 0 -500 1000 0 0 800 433 233 0 0 0 318 319 319 357 375 0 0 0 366 0 0 -500 419 228 0 419 136 600 0 57 0 250 375 100 0 0 100 500 -200 0 0 0 500 0 433 433 0 433 0 0 0 178 0 0 0 0 0 -625 0 0 0 0
400 650 100 0 0 0 390 1000 0 0 0 0 0 571 0 575 0 0 0 625 0 0 0 0 600 1000 0 0 0 1000 500 571 0 300 1000 1000 1000 0 1000 1000 0 0 400 300 500 0 0 0 727 507 507 571 700 0 0 0 700 0 0 1000 390 385 0 390 454 1000 0 368 500 250 700 200 0 500 200 500 100 0 0 0 1000 0 733 733 0 733 0 0 0 750 0 0 0 0 0 900 0 0 283 0
#COYS 2016-02-28
0 0 0 0 350 141 237 350 0 635 0 300 0 612 0 400 0 0 200 400 0 136 766 1000 0 136 800 136 0 500 303 0 0 0 0 0 0 0 800 205 328 -200 0 0 0 750 150 100 200 -87 0 0 1000 0 0 0 0 0 0 0 800 0 0 0 0 -187 -116 0 566 -150 900 500 0 650 0 0 500 0 400 400 0 200 500 0 0 158 0 0 400 0 600 -71 250 186 0 366 0 200 0 136
133 0 0 0 425 799 537 300 0 620 0 266 0 750 0 800 0 500 750 233 0 500 850 300 0 454 400 454 0 649 562 0 0 0 100 0 0 66 575 616 558 300 0 0 66 750 400 100 750 850 0 50 750 0 100 0 0 0 0 0 750 0 0 0 0 500 350 0 500 141 700 600 0 583 211 0 300 0 500 900 0 366 408 0 0 216 0 0 700 0 825 214 375 473 0 600 0 200 0 500
#Swans 2016-02-28
0 1000 1000 0 400 -150 0 0 700 0 0 0 0 850 0 200 200 0 200 300 0 625 136 200 -166 136 675 68 0 100 0 0 100 0 0 0 600 100 0 11 24 83 600 600 600 0 0 0 0 500 0 0 800 0 0 0 -600 0 0 0 0 500 0 0 0 500 0 0 0 -200 0 0 0 -200 0 500 781 500 -750 166 0 675 0 -500 500 0 0 500 0 0 133 0 0 0 0 0 0 0 0 0
0 300 300 0 900 400 0 0 500 1000 0 0 0 1000 0 100 500 0 500 766 0 888 500 500 166 454 1000 560 0 400 0 0 150 0 0 1000 900 200 0 711 550 300 900 900 900 0 0 0 33 500 300 0 750 0 0 0 900 0 0 0 0 500 0 0 0 500 0 0 0 0 0 0 0 450 0 1000 900 888 1000 166 0 1000 33 1000 500 0 0 500 0 0 422 0 0 500 0 0 0 0 1000 0
#WBA 2016-02-27
500 0 0 333 136 0 0 0 0 550 -231 0 0 0 250 156 0 0 -625 0 0 0 0 0 216 166 0 0 0 0 0 250 0 0 0 99 0 0 75 500 0 0 0 500 0 0 500 525 0 0 449 250 200 375 -500 750 300 250 250 375 16 -200 900 200 -22 387 -225 68 0 200 500 400 366 0 -83 100 500 0 350 0 0 -300 -208 0 500 -100 250 250 -500 0 -450 0 -250 0 0 0 0 308 350 600
666 0 100 666 454 125 0 0 400 600 727 0 0 0 700 500 0 0 1000 100 0 0 0 0 544 300 0 0 0 0 0 200 0 0 0 500 500 0 675 500 125 0 100 500 125 125 500 366 0 100 600 350 700 750 900 800 100 250 250 700 683 400 1000 200 355 875 775 227 433 200 900 900 616 0 829 400 562 0 700 0 125 400 166 650 900 393 750 750 525 0 1000 0 500 0 0 0 0 255 550 1000
#CPFC 2016-02-27
1000 800 600 0 0 0 500 300 -400 466 136 0 0 800 800 0 325 325 700 0 0 0 -93 1000 0 0 333 -625 0 -625 0 -625 0 0 562 525 0 525 0 525 0 0 200 0 0 0 0 -468 0 0 976 450 0 0 0 0 -400 0 0 0 800 700 0 0 0 750 0 400 0 0 0 -400 -400 -400 0 300 0 308 -325 0 500 0 0 0 0 0 0 0 800 -62 -133 318 418 250 0 0 0 300 0 0
1000 750 1000 0 0 0 500 0 400 366 454 0 0 875 1000 0 616 616 600 466 466 466 366 1000 0 0 416 1000 0 1000 0 1000 0 0 750 366 0 366 0 366 0 0 500 0 0 0 0 600 750 0 500 1000 0 0 0 0 500 0 0 0 1000 900 541 0 0 750 0 525 0 0 0 400 400 400 1000 800 0 255 550 0 625 0 0 0 0 0 0 0 400 187 466 718 550 1000 0 0 0 341 0 0
#LCFC 2016-02-27
100 136 0 0 0 250 0 0 0 250 -100 -500 0 0 0 -125 0 0 240 -200 0 600 800 0 333 0 0 0 0 25 350 0 0 0 500 0 0 400 500 0 357 650 0 200 0 0 0 250 600 0 0 0 0 0 -155 0 25 0 0 0 0 400 0 -500 0 800 0 0 800 0 500 -625 183 0 0 -500 300 0 233 -166 233 0 0 136 0 800 0 -500 58 0 0 -500 1000 900 0 -83 -354 0 0 0
400 454 0 500 0 875 0 0 0 470 600 1000 0 0 0 375 0 0 450 100 0 900 400 0 522 0 0 0 0 425 550 100 0 0 600 0 500 875 500 0 571 625 0 200 0 0 0 1000 1000 0 0 0 0 0 288 0 700 0 0 0 100 400 0 1000 1000 400 1000 0 400 0 500 700 725 0 0 1000 316 0 516 433 516 0 0 454 0 400 0 1000 533 0 0 1000 300 900 0 216 416 0 0 0
#ncfc 2016-02-27
1000 0 0 0 0 0 0 0 500 0 100 500 0 0 400 175 0 0 172 0 -155 208 66 0 100 50 0 -750 -155 0 0 0 0 -150 400 -500 -47 0 0 0 25 250 0 183 400 -77 0 0 0 976 0 0 -150 -125 0 0 0 1000 100 250 0 700 0 500 187 0 0 0 0 800 0 400 0 0 0 0 500 0 0 -333 300 0 0 0 0 0 0 0 187 312 227 -250 400 0 0 -200 300 0 0 625
300 0 0 100 0 0 66 0 625 0 0 500 66 0 800 691 0 0 394 0 288 291 666 0 162 150 0 1000 288 0 0 312 0 250 950 1000 249 0 0 0 575 200 0 725 800 144 0 0 0 500 0 0 250 375 0 0 0 750 400 875 0 600 0 1000 187 0 0 0 0 400 0 800 0 0 0 0 500 0 0 1000 100 0 0 550 0 0 0 0 400 500 455 533 800 525 0 900 622 100 0 900
#SaintsFC 2016-02-27
0 0 -400 875 -166 136 600 136 0 0 0 0 0 500 175 175 0 1000 0 0 200 0 -312 500 800 0 0 0 284 -175 250 800 0 -291 100 200 122 0 200 0 0 -187 0 -291 -200 400 100 375 -699 0 -111 500 0 -291 0 136 375 -250 -400 -400 0 250 142 400 1000 0 0 0 -137 -200 400 639 544 1000 1000 500 0 0 -200 -50 500 200 318 0 1000 500 0 0 0 -200 0 0 0 0 700 0 1000 0 -62 107
0 0 400 625 166 454 900 500 0 0 0 0 0 500 275 275 0 300 0 0 500 0 250 1000 750 0 0 0 437 1000 250 1000 0 541 300 500 344 0 500 0 0 399 0 541 200 750 900 100 666 0 253 900 400 541 0 454 500 250 400 433 0 250 767 900 300 0 0 0 526 200 647 683 861 300 300 666 1000 0 528 400 666 500 727 0 1000 500 0 0 1000 200 0 0 0 0 600 0 300 0 300 319
#CFC 2016-02-27
0 112 -66 1000 0 318 0 180 -400 100 100 375 0 500 200 200 0 0 0 0 200 0 0 100 0 107 159 -100 0 0 100 0 0 0 500 0 0 0 399 0 109 0 200 0 0 0 0 500 0 0 0 0 0 0 0 400 0 -100 -193 322 0 0 100 -400 0 250 333 0 0 0 68 0 -66 0 0 136 0 -100 -100 600 24 100 0 0 -250 0 -221 0 0 159 -54 0 0 0 -100 50 700 0 107 0
0 351 799 300 0 477 0 300 400 50 50 500 0 900 100 100 0 0 0 0 500 66 0 400 0 285 286 400 0 0 50 1000 0 0 183 0 0 0 433 0 488 0 100 0 0 0 0 500 0 0 0 0 0 0 0 700 0 400 335 629 500 0 50 400 0 333 833 0 0 125 227 0 175 0 0 454 125 400 400 1000 250 50 0 0 250 0 784 125 0 286 384 1000 125 0 400 150 600 0 285 0
#SCFC 2016-02-27
0 0 0 0 0 0 0 0 -133 -100 0 0 0 153 500 0 0 0 0 -625 0 0 0 200 0 0 -400 100 0 0 -400 976 -168 0 136 153 0 -400 0 0 -168 -178 0 100 0 0 -168 500 300 -200 50 0 -168 0 100 -400 -400 0 0 0 0 300 0 0 0 0 625 0 -75 0 0 0 0 0 200 0 0 200 -400 -400 0 62 50 500 0 0 0 300 0 0 500 0 50 0 0 400 500 0 0 0
0 0 0 0 0 0 0 0 155 300 0 0 0 292 1000 0 0 0 0 1000 0 0 0 500 0 0 400 100 0 500 400 500 450 0 454 292 0 400 0 500 450 400 300 100 0 0 450 750 350 322 466 0 450 300 100 400 400 0 0 0 0 0 0 0 0 500 575 0 366 0 0 0 0 0 300 0 0 200 400 700 0 500 50 833 1000 0 0 0 0 500 833 0 50 0 0 900 833 0 0 0
#AVFC 2016-02-27
483 800 0 500 250 0 0 0 100 0 250 250 100 700 -200 -200 0 0 169 0 0 0 0 0 0 0 0 0 256 0 -200 -200 0 500 0 0 -400 -400 -400 0 433 100 550 0 -200 0 0 0 500 0 -400 0 0 0 0 0 350 0 0 -349 0 0 50 -166 350 0 500 0 -33 0 250 0 0 113 0 100 0 -250 0 0 0 -500 0 0 0 0 0 0 0 1000 0 -250 0 0 200 0 0 0 0 0
708 700 66 625 250 0 0 0 133 1000 250 250 100 600 100 100 0 500 547 0 0 0 0 0 0 0 0 0 216 0 100 100 0 900 0 0 900 900 900 0 600 400 725 357 550 0 0 0 500 0 400 0 0 0 0 0 362 0 0 333 0 0 162 355 361 350 1000 125 322 0 1000 0 0 772 0 1000 0 1000 0 0 500 1000 0 0 0 0 0 0 0 300 0 950 211 0 200 0 0 0 0 0
#WatfordFC 2016-02-27
1000 0 0 0 300 0 600 250 0 550 0 0 250 0 550 41 0 0 100 33 0 200 -488 500 0 0 0 0 625 0 100 0 500 500 -61 0 0 -250 300 0 419 0 0 800 300 100 100 500 0 233 340 -299 875 0 500 500 625 350 -83 650 700 0 0 0 0 600 0 0 800 133 0 800 0 650 0 0 -87 0 0 278 0 0 0 0 0 0 0 0 0 366 125 0 150 0 650 353 0 550 0 600
1000 0 0 0 716 0 1000 533 333 600 750 400 500 0 650 866 500 1000 383 311 0 200 722 500 0 0 0 0 888 0 200 0 600 750 323 0 0 500 633 0 478 0 0 1000 400 1000 383 888 0 600 240 600 600 0 500 1000 500 750 916 450 600 0 0 0 0 800 0 0 1000 466 0 1000 125 662 500 250 587 0 0 734 0 0 0 0 0 100 0 0 0 866 750 500 649 1000 450 759 105 1000 0 800
#AFCB 2016-02-27
0 0 -227 -400 0 -312 95 442 -175 0 0 0 284 0 250 -500 0 625 83 0 -488 -100 0 650 0 0 0 500 437 0 0 225 -200 0 0 100 500 199 0 350 350 -300 100 0 0 350 0 0 0 508 400 400 -300 100 -194 150 136 150 0 0 0 0 0 0 0 0 -200 -200 -62 0 375 -400 200 0 0 0 600 0 200 0 0 -400 0 0 0 0 0 -400 0 0 -16 0 275 -699 400 250 0 0 300 375
0 0 444 400 0 250 178 767 566 0 0 0 437 0 250 400 0 500 833 0 722 200 0 700 0 0 0 750 800 0 0 475 700 0 0 1000 888 600 0 750 550 500 1000 125 0 550 0 0 0 566 425 800 500 100 288 250 454 250 0 0 0 0 0 0 0 0 400 400 200 66 800 700 200 0 0 0 625 0 200 0 0 700 0 0 0 0 0 700 0 0 300 0 325 666 200 425 0 0 200 800
#WHUFC 2016-02-27
250 0 0 0 136 0 -33 600 0 0 0 0 0 0 0 0 400 -388 -200 700 0 500 700 0 0 199 0 500 -375 250 0 0 -291 0 333 606 0 0 0 0 0 0 500 0 100 0 0 199 268 0 268 0 0 250 0 0 800 0 268 -125 900 200 625 437 22 750 0 0 100 136 333 199 0 136 0 0 0 100 800 0 0 0 319 -225 0 0 0 -250 600 500 1000 0 0 500 0 0 -400 0 125 0
250 0 0 0 500 0 366 900 0 0 1000 0 0 0 0 0 900 833 233 600 0 500 600 0 0 799 0 700 687 250 0 0 541 533 416 720 0 0 0 0 0 0 500 1000 1000 0 100 799 427 0 427 0 0 500 0 0 750 0 427 625 1000 100 1000 487 244 900 0 283 200 454 416 799 100 454 0 0 0 300 750 0 0 0 310 250 300 0 0 250 900 600 1000 0 0 875 0 0 550 100 425 0
#SAFC 2016-02-27
-155 0 0 0 136 0 0 400 1000 0 0 0 0 -87 0 500 0 0 500 250 200 350 350 350 350 0 0 1000 -266 0 400 0 0 0 0 337 0 -129 153 0 400 0 -200 0 0 0 0 0 0 0 0 0 0 0 0 0 0 0 0 0 0 0 0 0 0 0 0 0 0 0 0 -166 -166 -166 0 0 75 0 0 600 0 0 0 0 0 0 0 500 -133 0 0 400 0 -150 250 -50 153 0 0 600
288 0 0 0 500 0 0 500 300 333 0 0 0 75 0 700 0 125 600 200 200 450 450 450 450 1000 100 1000 666 0 650 0 0 0 0 562 0 766 292 0 766 0 250 1000 0 0 0 0 0 0 0 0 0 0 0 0 0 0 0 0 0 0 0 0 0 0 0 0 0 1000 0 433 433 433 0 0 616 100 0 950 0 1000 125 0 800 0 0 625 733 0 0 700 0 500 250 400 292 0 0 900
#MCFC 2016-02-14
500 0 500 0 0 0 100 -155 0 0 0 0 1000 700 0 0 400 0 0 0 0 0 0 0 0 0 1000 0 0 0 -500 800 0 700 1000 -155 0 0 600 -400 0 0 -25 438 0 0 0 136 400 0 575 0 0 0 0 0 231 200 250 0 0 500 250 194 625 0 0 0 0 0 250 250 0 250 250 250 250 250 0 0 100 -333 0 -333 0 0 400 500 -66 0 0 0 800 0 0 -100 0 0 416 -155
500 0 500 0 0 0 200 288 0 1000 0 0 1000 600 0 100 400 0 0 0 0 0 0 0 0 0 300 100 0 0 400 1000 1000 550 600 288 0 1000 825 400 0 0 233 466 0 0 0 454 900 0 525 0 0 0 0 0 450 500 333 0 0 500 200 466 900 0 0 0 0 0 200 200 0 200 200 200 200 200 0 0 100 666 66 666 0 0 450 500 366 0 0 0 400 0 0 350 0 0 483 288
#COYS 2016-02-14
-200 1000 600 500 462 800 800 0 0 0 0 0 600 0 0 0 416 0 200 0 0 0 0 78 600 200 0 0 0 0 0 0 130 136 0 0 800 0 0 0 322 0 909 0 0 800 0 137 68 0 0 0 0 0 428 800 -400 800 800 -312 0 0 0 500 0 136 0 0 300 500 0 -250 0 -400 0 50 566 566 400 62 322 350 0 0 0 0 0 0 0 0 408 800 521 0 0 0 -366 800 1000 600
250 1000 600 633 550 400 750 0 0 75 0 0 900 0 0 0 666 0 500 0 0 0 0 284 600 200 0 0 0 0 600 0 1000 500 0 0 1000 0 0 0 644 0 780 0 0 750 0 500 227 0 0 0 0 0 478 750 600 750 400 250 0 0 100 600 0 500 100 0 550 150 0 250 0 700 0 100 466 450 266 500 433 400 0 0 0 0 0 100 0 0 650 400 483 76 0 0 633 400 1000 600
#AVFC 2016-02-14
50 133 -256 -33 0 -250 -1000 -1000 -1000 -1000 -1000 0 0 -250 -250 0 0 -1000 0 0 0 -250 700 800 0 0 0 0 0 0 0 0 0 0 -250 0 0 66 125 125 -250 -250 0 0 0 0 350 350 0 0 0 800 285 500 0 0 0 -151 -400 0 0 0 0 0 500 700 0 0 0 0 0 345 0 1000 -187 -400 700 0 0 -200 -400 0 225 800 800 0 0 100 0 -150 0 0 0 0 100 1000 0 0 1000 0
100 250 300 375 300 1000 1000 1000 1000 1000 1000 0 0 1000 1000 0 0 900 0 0 0 1000 600 400 0 0 0 0 0 0 0 0 0 0 1000 0 0 533 575 575 1000 1000 0 0 0 0 550 550 0 0 0 400 535 500 0 0 0 596 600 0 0 0 0 0 500 600 0 0 0 66 0 950 0 400 500 400 600 0 0 200 400 0 414 400 400 0 0 100 0 350 0 0 0 0 900 300 0 0 300 0
#LFC 2016-02-14
1000 800 312 50 50 0 0 0 133 0 0 -390 -178 0 0 0 144 0 199 700 1000 0 0 285 900 0 -50 0 0 0 0 400 395 0 0 250 0 0 -97 0 0 151 0 0 0 -145 -142 0 0 700 350 0 0 0 500 0 0 0 -575 0 0 0 400 0 0 0 800 0 0 625 0 0 0 122 122 0 200 0 0 0 0 0 500 0 0 600 -71 0 0 0 0 50 0 -97 0 18 0 0 -97 0
300 750 534 100 100 0 1000 0 366 333 500 50 285 0 0 0 322 0 500 600 300 500 0 650 1000 500 800 0 0 0 0 800 700 0 0 600 0 0 513 0 0 393 0 0 333 770 535 500 0 550 550 500 0 333 500 0 500 0 700 100 0 0 500 0 0 0 900 0 0 500 0 0 0 344 344 0 200 0 0 0 500 0 600 0 0 1000 142 0 500 0 0 450 0 513 333 513 0 0 513 333
#AFC 2016-02-14
0 0 0 0 0 136 0 93 0 -200 -500 700 0 136 136 0 0 0 0 0 37 0 0 136 0 0 400 0 0 -51 0 350 -250 0 0 0 100 0 0 -500 100 0 0 0 0 -250 0 0 0 0 166 0 0 0 0 0 0 0 0 327 -500 144 144 0 0 66 0 437 0 0 0 0 -500 0 0 0 100 0 0 0 0 0 0 -166 0 0 0 0 0 0 0 0 400 0 0 0 -166 -166 0 0
0 0 0 1000 0 500 1000 568 0 700 1000 600 0 500 454 0 0 0 0 66 283 1000 0 613 0 0 250 1000 0 129 0 650 400 0 0 0 800 0 0 700 383 0 0 1000 0 250 0 0 0 0 166 1000 0 0 0 100 0 0 0 372 900 549 549 0 0 433 0 550 0 0 0 0 550 0 0 0 800 0 0 0 0 0 0 395 0 0 0 0 0 0 0 0 900 0 0 0 433 433 0 0
#LCFC 2016-02-14
800 0 0 0 800 0 200 400 0 800 0 500 0 -666 500 0 300 0 136 1000 800 0 400 0 568 140 -375 100 0 0 357 0 0 250 0 0 0 350 0 -500 800 600 0 50 200 0 0 400 0 169 0 0 166 0 0 0 -200 0 100 200 83 0 0 800 0 500 300 136 0 125 400 0 0 0 0 357 -166 -375 0 -64 0 0 0 0 0 250 0 250 0 0 0 0 -383 -350 166 750 0 -100 0 500
750 0 0 0 400 0 900 250 0 400 0 300 0 1000 500 66 500 0 613 1000 400 0 250 0 727 475 375 800 0 0 571 0 0 500 0 0 0 544 0 700 900 950 1000 533 200 0 0 800 0 390 0 0 166 1000 0 0 400 0 800 200 633 0 100 400 0 500 475 500 0 300 900 0 0 0 0 571 395 375 0 318 0 0 0 0 0 562 0 950 0 0 0 0 729 550 699 900 0 200 0 500
#CFC 2016-02-13
700 0 0 0 0 0 158 0 0 0 0 0 0 0 0 0 0 0 0 0 0 400 0 0 221 0 0 375 75 0 0 0 0 0 1000 111 0 1000 0 0 0 200 0 0 0 0 -500 1000 -50 500 0 0 0 800 33 0 0 0 0 0 0 612 100 0 250 0 -49 -250 100 0 172 -50 112 0 -49 -77 172 0 -250 100 -97 0 0 0 0 0 172 0 0 0 0 0 0 0 0 -97 0 0 0 112
600 0 0 0 400 0 283 0 0 0 0 0 0 0 0 0 100 1000 0 0 500 800 0 0 189 0 0 547 335 366 0 0 0 0 300 222 400 300 0 0 0 300 0 0 0 0 500 1000 200 500 0 0 0 400 366 0 0 0 0 0 0 650 200 0 333 0 750 250 383 533 394 200 279 0 750 294 394 0 250 383 513 0 0 533 0 0 394 0 0 500 0 0 0 0 0 513 0 1000 0 279
#NUFC 2016-02-13
136 -400 277 0 258 0 -244 500 300 976 -12 0 0 0 600 0 0 0 0 312 -1000 0 80 0 -416 425 166 -153 500 750 0 0 0 -200 600 909 250 285 -266 0 -100 -892 400 0 0 200 -100 178 1000 200 0 -199 0 0 203 -625 83 0 -99 400 400 433 0 0 0 0 0 -449 800 0 0 0 33 0 0 0 258 500 250 0 0 233 0 68 136 100 781 0 850 1000 43 250 0 99 99 100 200 0 0 0
454 400 507 0 500 0 727 1000 300 800 575 0 0 0 1000 0 0 125 0 300 1000 66 394 0 625 625 166 658 833 750 0 0 0 0 1000 780 850 535 766 0 1000 857 900 400 0 200 400 335 300 500 0 766 0 500 442 600 111 0 350 800 800 833 100 0 0 0 0 600 900 0 0 0 962 0 0 0 508 1000 250 0 0 216 0 727 500 100 600 500 600 1000 833 1000 0 966 966 100 100 0 0 0
#AFCB 2016-02-13
250 0 0 68 250 291 0 0 200 50 500 0 300 68 570 0 -66 350 0 500 0 700 1000 0 0 0 -175 50 500 -600 -200 350 268 591 400 0 0 0 0 233 0 0 0 -166 0 0 -300 0 286 312 0 0 0 136 136 0 0 100 136 136 0 0 1000 0 0 0 0 100 136 120 0 0 0 0 0 500 175 0 500 0 0 -100 250 -300 0 -699 -12 0 -400 0 -700 0 -650 0 625 0 136 700 -155 300
750 0 0 227 200 650 0 0 200 441 500 0 800 477 677 0 549 350 0 500 1000 950 300 0 0 0 425 450 500 600 50 350 677 566 450 0 0 0 0 200 0 0 66 333 0 0 450 0 422 451 0 0 0 454 454 0 66 400 454 454 100 0 400 0 0 0 0 400 454 433 0 0 0 0 0 600 381 0 900 0 0 350 1000 450 0 666 287 0 700 1000 800 0 600 0 450 0 454 600 288 800
#SCFC 2016-02-13
0 -150 -350 0 0 0 0 350 -500 0 0 0 200 278 -187 68 0 300 0 0 250 278 333 333 112 -500 112 0 -166 400 0 350 50 100 136 0 500 49 0 0 68 0 0 0 192 166 250 0 136 0 800 0 136 200 0 0 0 0 0 0 0 -400 0 200 518 170 312 0 0 0 136 0 -291 136 450 0 0 0 0 0 0 0 0 400 0 136 -150 0 0 500 0 168 0 0 330 136 136 1000 0 0
0 577 700 0 1000 500 500 600 900 0 500 1000 900 518 500 227 0 491 0 0 250 518 700 1000 359 500 359 0 600 900 0 600 441 100 454 0 500 400 0 0 289 125 0 0 397 566 250 0 454 0 1000 0 454 233 0 0 0 0 0 0 0 400 0 400 727 454 500 100 0 0 454 0 541 454 700 0 0 0 0 0 0 0 0 350 0 454 333 125 0 500 0 377 1000 0 718 454 454 1000 0 100
#CPFC 2016-02-13
0 68 0 375 -500 0 400 0 0 0 0 0 350 0 0 350 0 0 350 0 0 150 0 0 0 0 171 250 0 -500 0 350 350 350 0 0 0 -200 0 136 -266 0 0 0 0 68 433 0 100 500 0 500 700 700 700 0 0 800 0 0 0 0 49 -300 500 0 0 433 0 500 400 0 136 0 175 0 0 0 0 0 0 357 357 -61 -166 0 0 0 0 0 0 0 49 0 0 0 216 216 216 400
0 227 0 479 1000 0 400 0 1000 0 0 1000 800 0 1000 800 0 1000 800 0 0 700 0 0 0 0 487 200 0 1000 0 800 800 800 0 0 0 900 158 454 799 0 0 0 0 227 555 0 100 500 0 700 600 600 600 0 0 1000 0 0 66 0 650 100 500 0 0 533 0 500 1000 0 454 0 600 0 0 0 0 0 0 571 571 530 333 0 0 0 0 0 0 0 450 0 0 66 377 377 377 650
#WatfordFC 2016-02-13
400 0 0 0 0 0 0 0 250 0 333 0 0 0 0 0 0 400 0 0 0 0 0 0 0 400 295 50 600 0 600 300 0 150 -166 0 150 400 0 49 50 0 0 -937 0 0 166 1000 0 500 0 250 50 50 0 200 200 200 200 0 350 200 367 0 0 250 400 -150 250 0 -100 0 550 400 -600 0 200 500 0 0 0 -699 0 550 513 100 400 125 0 0 0 200 0 0 0 200 550 400 227 0
800 0 0 0 0 0 0 0 200 0 833 0 0 0 0 0 0 1000 0 0 0 100 0 0 0 1000 400 500 900 0 650 0 0 0 333 375 500 1000 0 450 500 0 0 800 0 0 355 1000 500 500 0 333 500 500 0 500 500 500 550 0 550 500 457 0 0 200 800 200 450 0 200 0 350 800 1000 0 500 500 0 0 66 666 0 350 472 133 800 158 0 0 0 100 0 0 0 100 350 800 545 600
#EFC 2016-02-13
0 333 218 218 218 218 500 400 0 0 250 0 218 218 218 218 0 100 227 0 0 0 0 0 136 0 200 357 68 0 0 0 200 200 200 200 -31 0 357 0 200 0 500 0 0 136 0 0 0 100 200 200 0 0 500 -137 1000 400 300 31 333 100 0 0 0 0 0 900 0 0 600 0 250 900 21 0 0 0 500 357 0 0 100 0 800 0 0 0 0 0 0 302 166 142 500 475 0 111 200 133
0 366 227 227 227 227 600 800 0 0 750 0 227 227 227 227 0 450 545 0 0 0 0 0 500 0 100 571 727 0 0 0 100 100 100 100 277 0 571 0 100 0 750 0 0 454 0 0 0 150 100 100 0 0 500 700 750 400 533 200 833 400 0 0 0 0 0 1000 0 0 900 300 300 700 199 0 0 0 500 571 0 0 100 0 400 0 0 0 100 0 0 533 566 513 500 425 688 555 463 266
#WBA 2016-02-13
285 -400 0 0 350 227 0 0 0 0 0 0 0 300 53 0 0 625 0 0 0 0 0 0 0 0 333 0 -200 -133 0 0 0 0 -200 0 250 200 0 0 0 -500 100 0 -150 500 0 0 0 136 0 0 400 333 0 0 0 0 0 0 0 0 -400 500 0 0 0 666 -194 0 -250 -250 -200 0 0 -50 0 -71 266 0 500 -150 466 -150 0 0 0 1000 0 500 0 0 250 -62 0 0 117 1000 0 -125
535 400 0 0 700 545 0 0 0 0 0 0 0 403 363 0 0 600 0 0 0 0 0 0 0 0 666 0 250 533 0 0 0 0 362 0 500 200 0 75 0 900 400 0 233 1000 0 0 0 454 0 0 800 833 0 0 0 0 0 0 0 0 400 900 0 100 0 733 577 0 888 888 400 0 0 266 0 845 283 0 600 399 799 333 0 0 0 300 0 500 0 0 250 220 0 0 644 300 0 375
#ncfc 2016-02-13
0 0 0 0 0 0 250 0 0 0 0 0 475 0 0 0 0 0 0 0 0 0 333 -750 100 0 437 0 0 0 0 0 -750 0 0 0 136 200 400 700 -250 0 0 0 0 -1000 550 -44 0 200 136 0 0 600 136 0 -50 0 0 0 0 0 875 1000 0 136 0 0 0 500 0 0 0 0 366 0 0 306 -150 400 0 0 0 285 0 0 200 0 0 0 0 0 0 0 -200 0 0 -500 0 0
600 0 0 0 0 0 444 0 0 0 0 1000 527 0 0 0 1000 1000 1000 0 0 0 666 1000 300 0 500 0 0 0 0 0 1000 0 0 0 500 400 1000 600 500 0 0 66 0 900 400 388 0 500 500 0 0 650 500 0 400 0 0 0 0 0 600 1000 0 454 0 0 0 500 0 66 0 0 700 0 0 450 333 375 0 0 0 535 0 0 300 1000 0 0 0 0 0 0 50 0 0 900 100 0
#WHUFC 2016-02-13
250 0 250 0 0 68 625 600 -50 136 0 168 0 150 350 136 0 350 350 0 0 0 0 0 0 136 0 0 33 170 68 1000 136 250 250 0 0 228 -225 250 136 0 0 100 500 0 500 0 0 575 318 600 0 0 300 0 0 0 0 0 21 -200 278 0 0 193 800 0 527 578 478 0 0 0 -8 0 0 300 0 136 0 0 318 0 98 800 200 0 568 0 500 111 445 0 0 341 0 -250 500 750
633 500 700 0 0 677 900 666 800 454 0 377 0 466 550 454 0 550 650 0 0 0 0 0 0 454 0 0 216 454 289 900 454 200 200 0 0 367 445 250 454 0 0 300 600 0 500 0 0 900 477 600 0 0 400 0 0 0 0 0 199 400 518 0 0 393 1000 0 551 485 684 0 0 0 666 0 0 550 0 454 0 0 677 0 562 750 200 0 377 0 600 255 584 0 0 608 0 100 600 1000
#Swans 2016-02-13
350 1000 0 0 0 0 250 -218 0 175 200 -700 -600 0 0 0 0 0 149 0 -500 300 192 0 0 0 0 384 0 218 0 0 66 0 0 850 266 100 0 0 625 0 0 0 0 0 0 0 0 0 0 0 -166 0 0 0 0 0 0 0 0 475 0 0 0 0 400 0 0 575 0 0 125 500 0 0 0 0 0 -150 -433 0 0 266 0 0 0 0 0 0 0 0 0 0 95 700 0 0 0 0
300 1000 0 0 0 0 250 566 0 275 400 1000 1000 0 0 0 0 500 600 0 500 450 767 100 0 500 0 463 0 500 0 0 100 0 66 1000 633 200 0 0 1000 0 0 0 0 0 100 0 0 0 0 0 333 0 100 0 0 0 0 0 0 925 0 0 0 0 700 0 0 750 0 0 625 1000 0 0 0 0 100 333 600 0 0 633 0 0 100 0 0 0 0 0 0 0 645 600 0 0 0 0
#SaintsFC 2016-02-13
700 0 100 700 700 0 0 175 250 0 400 0 -700 33 250 0 357 0 400 437 100 -500 625 300 192 0 0 400 0 0 0 500 0 0 0 -1000 0 550 800 454 0 250 50 600 0 216 0 0 0 -316 -83 375 0 0 68 400 0 0 0 400 0 542 0 0 0 0 177 0 0 600 0 0 0 0 0 0 0 0 0 500 0 133 766 0 49 366 -166 312 0 600 600 0 0 0 0 0 0 0 0 0
700 0 150 700 700 0 0 275 416 0 400 0 1000 216 200 500 571 0 400 350 250 500 833 450 767 0 0 400 0 0 0 900 0 500 0 1000 33 400 400 845 0 333 125 1000 0 366 100 0 0 266 83 100 0 0 289 400 0 0 0 400 0 467 0 1000 0 0 622 0 0 900 0 0 0 0 0 0 0 0 500 500 0 416 799 0 450 700 333 500 0 900 900 0 0 0 0 0 0 0 0 0
#SAFC 2016-02-13
500 0 0 0 250 0 -100 0 0 0 250 500 0 -500 125 0 258 250 -208 0 600 457 0 0 0 0 142 0 0 285 -119 -500 -155 -350 149 285 0 0 -600 0 -1000 0 92 0 0 -250 0 0 166 0 0 -125 -3 41 500 0 0 0 0 1000 0 268 350 0 800 0 0 -200 0 0 172 250 250 250 285 -47 242 -225 0 500 160 -500 0 200 0 166 0 136 0 0 107 -500 -300 250 0 -200 250 0 600 0
500 250 0 0 333 0 83 0 0 33 250 1000 0 900 694 0 800 333 500 400 1000 690 0 0 357 0 767 125 0 535 527 1000 288 950 500 535 0 0 800 375 1000 0 533 66 0 500 0 0 166 0 0 500 558 250 833 0 0 0 1000 400 0 425 300 0 700 0 0 0 0 100 561 333 450 333 535 88 467 250 0 500 539 1000 1000 200 0 666 500 454 0 0 502 1000 600 200 0 100 333 0 800 0
#MUFC 2016-02-13
0 0 156 27 250 500 800 -41 300 50 0 0 0 0 101 500 0 0 -155 500 0 0 0 27 300 0 92 27 500 0 0 0 -375 0 0 350 0 363 0 1000 0 0 0 0 363 0 600 691 500 0 0 0 500 500 300 -187 0 300 0 0 0 62 0 169 169 0 400 1000 221 316 800 0 0 -200 500 136 600 413 238 238 -62 -93 -93 -62 -125 200 200 0 0 0 0 328 328 0 0 87 -650 -650 0 0
0 0 694 305 250 750 750 125 550 350 0 0 1000 0 448 500 0 100 288 500 0 0 0 305 541 33 267 305 833 0 0 0 500 1000 1000 300 0 522 0 300 0 125 125 125 522 0 900 366 500 0 0 0 500 500 541 500 0 450 0 66 66 500 0 560 560 0 400 1000 189 311 700 0 0 700 500 500 1000 772 690 690 687 554 554 687 375 575 575 0 0 0 0 727 727 0 0 412 1000 1000 0 0
#CFC 2016-02-07
0 250 0 0 -200 200 0 166 0 -566 0 0 0 200 0 -500 0 500 411 0 300 0 0 0 0 800 400 0 -77 0 -500 0 200 500 -500 800 0 800 0 0 0 1000 411 0 166 0 800 400 0 600 0 -166 0 400 0 -306 0 0 0 33 50 33 199 50 343 50 -566 -200 27 150 0 -500 1000 350 -500 0 500 0 0 34 750 0 25 0 0 50 -200 0 266 350 250 1000 0 200 400 350 49 -599 0 0
0 333 0 0 300 500 0 333 0 888 0 0 0 433 0 1000 0 500 611 0 0 0 0 0 0 900 1000 0 144 0 1000 0 433 500 1000 1000 0 1000 0 0 0 300 611 0 333 100 400 800 0 800 0 166 0 875 0 727 0 0 0 0 0 0 300 0 687 100 888 300 305 649 0 1000 300 650 1000 0 500 0 0 438 566 0 375 0 0 0 100 0 466 550 500 1000 0 200 1000 550 450 833 0 0
#MUFC 2016-02-07
200 0 0 300 0 -200 0 0 0 0 0 500 0 285 0 -500 0 0 -312 -312 0 -312 0 0 0 0 0 0 312 700 500 0 0 199 0 0 0 0 750 60 1000 -250 0 100 0 500 50 0 0 0 0 328 161 -312 50 0 -500 -77 0 -500 0 0 0 0 0 0 0 0 53 0 0 150 150 500 0 0 0 0 -312 0 500 0 0 400 0 0 0 0 75 87 285 0 400 350 0 -133 -500 -400 0 0
500 0 0 450 1000 300 0 0 0 0 0 500 0 535 0 1000 0 0 687 687 0 687 500 0 1000 0 0 0 250 650 500 0 0 566 0 0 0 0 1000 710 1000 888 0 400 0 888 350 0 0 0 1000 534 245 687 600 0 900 144 0 600 0 0 0 0 0 0 0 400 712 500 0 649 649 750 500 0 0 0 687 0 500 500 0 800 0 0 500 0 460 400 535 0 400 550 500 700 900 400 0 0
#AFCB 2016-02-07
0 0 -388 0 303 0 0 -400 500 600 66 202 400 0 116 0 0 -125 500 350 166 700 83 -262 -50 250 398 0 600 200 300 0 -390 0 0 0 -33 225 0 50 0 0 249 0 0 0 250 200 166 -400 0 0 0 875 625 133 300 237 700 300 0 155 -500 200 500 -333 0 0 0 166 199 450 500 0 0 250 -400 136 -700 0 0 100 0 800 0 -166 0 0 -400 -799 0 136 -49 80 0 -799 -799 0 0 -799
0 0 833 0 682 0 0 400 600 600 400 485 800 0 516 0 0 250 1000 550 666 600 700 387 100 200 596 0 950 600 583 0 200 0 0 0 616 766 0 150 0 0 800 0 0 0 850 200 333 400 0 0 125 600 625 233 200 308 600 450 0 595 600 575 500 666 0 0 0 333 408 900 833 0 0 350 400 500 700 0 0 250 0 400 200 333 0 0 400 1000 0 454 566 645 0 1000 1000 0 0 1000
#AFC 2016-02-07
0 0 0 800 125 285 0 250 -77 0 0 0 0 0 0 100 0 100 100 100 138 0 0 0 50 0 0 0 0 111 250 0 0 66 0 0 800 -600 250 0 400 -250 0 166 0 0 0 0 250 0 0 250 285 136 50 0 350 -62 -216 0 50 0 0 1000 416 650 0 0 595 1000 166 0 45 300 45 300 187 0 400 0 400 600 350 0 300 149 214 0 0 1000 0 0 0 0 0 800 0 0 0 285
0 0 0 900 433 535 250 333 144 0 0 0 0 0 0 400 0 400 400 400 463 0 0 0 216 0 0 0 0 422 300 0 100 400 0 0 400 800 333 100 600 250 0 333 0 0 0 0 333 0 0 333 535 500 0 0 800 750 483 0 300 0 0 300 666 450 0 0 574 300 333 0 533 300 533 300 625 0 1000 0 500 600 375 0 300 500 428 0 0 300 0 0 0 0 0 400 0 100 0 535
#SaintsFC 2016-02-06
700 136 0 400 400 0 308 0 0 118 0 -178 1000 0 0 0 0 1000 0 250 350 500 900 0 490 250 250 0 283 -62 0 0 800 0 0 0 0 375 125 0 500 0 0 0 0 200 0 0 -100 0 0 0 0 99 537 0 400 525 183 0 0 350 251 800 0 78 0 0 0 0 600 170 -92 250 0 500 0 0 0 0 0 0 1000 0 0 0 0 0 0 -49 0 468 0 100 0 0 500 -400 0 500
950 454 0 400 400 0 516 0 600 687 0 285 300 0 0 0 100 300 0 375 800 500 1000 0 600 200 200 0 666 375 0 0 400 0 0 400 0 575 229 0 500 400 0 100 0 469 0 0 100 0 0 0 0 533 487 0 200 750 494 0 0 462 577 750 0 435 0 0 0 0 1000 454 485 200 0 300 0 0 0 0 0 0 300 50 0 0 0 0 0 900 0 100 0 400 0 0 500 600 0 500
#WHUFC 2016-02-06
0 -233 568 0 0 400 100 0 625 -178 0 399 200 500 550 170 250 400 250 0 250 0 136 0 550 0 -300 400 -145 216 500 0 0 500 0 350 172 -33 0 0 0 0 136 0 800 -666 0 -125 166 0 600 0 0 500 0 650 0 0 0 0 0 0 600 0 250 0 0 -250 -250 250 0 0 200 500 0 800 250 0 333 0 0 0 0 1000 500 0 333 0 -166 500 800 0 0 400 -155 0 0 -833 700 0
100 466 377 0 100 1000 175 0 725 285 0 650 339 600 700 454 333 1000 200 0 250 0 454 0 700 0 450 900 333 494 600 0 0 500 0 338 394 799 0 0 0 0 500 0 400 1000 0 825 633 0 900 0 0 500 0 575 0 0 0 0 0 0 900 0 333 0 1000 600 600 333 0 0 500 600 0 1000 333 0 500 0 0 0 0 300 500 0 500 0 333 900 1000 0 0 900 288 0 0 1000 600 0
#AVFC 2016-02-06
0 0 0 350 1000 0 300 475 0 0 0 -400 0 0 200 400 400 -200 700 206 504 0 0 350 0 450 0 233 0 129 -79 250 0 0 -100 450 0 0 0 174 0 -150 0 0 0 0 -66 50 500 -104 333 -400 233 -233 0 1000 350 100 -106 500 0 0 800 0 600 14 0 100 296 99 500 -151 62 -150 -150 0 400 66 0 0 -200 -162 -4 0 0 -150 0 0 0 -600 0 0 -300 800 0 0 -100 0 700 0
0 0 0 333 300 0 800 600 0 0 0 400 0 0 200 900 400 300 600 286 691 0 100 650 0 644 625 350 0 559 393 250 0 0 200 500 0 0 0 717 0 350 0 0 0 0 600 350 500 229 666 700 662 755 0 1000 650 400 487 600 0 0 1000 0 900 662 0 1000 455 900 500 262 392 350 350 0 700 494 1000 0 100 483 845 1000 825 350 0 66 0 900 66 66 400 400 1000 0 100 0 600 0
#ncfc 2016-02-06
0 0 0 0 0 700 0 0 300 0 0 0 0 900 -52 0 500 0 250 -125 -125 -125 -125 -125 -125 -125 -125 -125 0 800 500 0 -699 -151 0 400 0 0 0 0 0 400 0 -400 0 1000 400 0 0 0 0 0 0 0 0 0 0 136 0 -200 0 0 0 0 0 0 0 0 -200 0 500 0 375 400 0 1000 0 0 0 0 500 0 95 233 0 -200 0 279 145 0 -250 0 362 0 -75 0 0 137 0 800
0 0 0 0 0 600 0 0 750 0 0 0 0 1000 595 1000 600 0 300 375 375 375 375 375 375 375 375 375 0 400 500 0 666 262 0 300 0 0 1000 0 0 600 0 400 0 300 375 0 0 0 0 0 0 0 500 0 0 500 0 50 125 0 0 0 0 0 0 0 233 0 500 0 750 633 0 300 0 0 0 0 500 0 716 566 0 200 0 312 618 0 400 0 750 0 322 0 0 470 0 400
#LFC 2016-02-06
0 200 875 0 0 0 0 375 0 0 0 0 0 0 650 0 0 0 421 -750 1000 500 -410 500 200 -312 0 0 25 0 0 0 -155 0 -166 400 0 0 -282 -600 166 0 0 -166 0 -118 0 0 357 3 0 0 0 0 100 1000 -50 0 100 0 700 194 500 -400 -100 27 0 0 0 0 200 433 0 0 66 600 0 0 400 166 -102 0 250 0 0 -333 0 -250 212 250 0 -174 0 175 0 0 -600 350 0 0
0 500 600 0 0 0 0 625 1000 550 100 750 0 0 800 0 1000 0 337 750 300 625 269 500 200 687 0 0 175 0 0 1000 288 0 66 400 100 0 750 1000 333 0 0 344 0 700 0 0 571 600 0 0 0 0 250 300 400 0 400 100 600 497 350 700 525 470 0 0 0 0 100 833 0 0 433 1000 0 0 800 588 344 0 750 1000 0 1000 0 1000 362 300 0 658 0 525 0 0 800 650 0 0
#SAFC 2016-02-06
500 0 -50 0 0 300 800 550 -400 -400 233 100 83 900 22 0 1000 0 0 0 0 0 250 250 0 0 333 281 0 0 0 400 400 0 750 -150 0 100 0 0 0 0 0 136 0 0 0 0 0 0 124 1000 0 245 0 300 118 0 0 -155 583 -24 0 0 0 21 -222 400 68 0 0 0 500 0 399 0 100 0 0 400 0 400 500 350 800 0 425 400 500 -350 0 250 0 -166 0 0 0 800 0 285
550 0 900 0 0 0 400 900 400 400 366 700 383 1000 244 500 1000 0 0 0 0 0 200 200 0 0 1000 500 0 0 0 500 250 0 1000 300 0 1000 100 0 0 0 500 454 0 0 0 0 0 0 369 300 0 551 0 450 327 0 500 288 850 300 0 0 0 532 588 400 227 0 0 0 1000 433 566 325 300 0 0 450 0 450 500 550 1000 0 625 550 500 500 600 750 100 333 0 0 0 750 0 457
#NUFC 2016-02-06
-250 0 -175 333 -512 0 733 0 0 192 500 500 0 350 0 160 600 0 0 -155 550 -500 -500 350 237 0 500 0 0 300 -21 449 800 0 166 0 392 0 400 533 0 -200 800 500 0 0 200 -155 -155 0 0 400 450 500 -600 0 -500 -364 0 100 0 400 -408 -166 1000 -199 -50 0 0 1000 178 -100 -100 0 45 0 -400 0 0 0 0 -200 250 200 400 375 0 200 0 0 250 475 200 0 -233 -78 0 0 136 -33
700 0 550 666 800 0 466 0 0 767 500 500 0 550 0 539 1000 0 0 288 650 600 600 600 637 0 499 0 0 200 368 550 875 500 283 0 712 0 900 833 533 100 700 750 0 0 950 288 288 0 812 900 850 750 900 0 500 541 100 600 0 900 400 66 300 566 150 0 0 1000 335 300 516 0 151 0 400 0 0 0 0 800 200 200 450 625 0 950 0 0 500 620 950 216 600 233 0 0 454 316
#WBA 2016-02-06
0 -250 285 0 500 0 0 500 -250 283 200 100 0 0 0 300 0 -57 -57 875 0 0 -781 0 0 900 0 0 750 218 -133 0 0 0 525 0 0 -155 0 550 0 316 500 333 0 800 100 -187 -500 550 550 550 300 0 0 150 0 0 500 500 500 0 500 0 -400 166 0 0 0 0 0 200 0 0 250 0 0 300 0 200 250 500 0 500 0 68 550 0 0 0 0 0 700 0 0 0 0 0 0 0
0 250 535 0 750 0 0 500 888 366 200 200 0 0 0 100 366 567 567 600 0 0 900 0 0 1000 0 0 449 737 133 0 0 0 366 0 0 288 0 475 0 799 1000 666 0 750 400 500 300 475 475 475 500 0 0 275 0 0 500 500 500 0 500 0 400 274 0 0 0 0 0 300 0 0 300 0 0 500 0 500 405 900 0 500 0 277 650 0 66 0 0 0 600 0 0 0 0 0 0 0
#SCFC 2016-02-06
0 0 0 0 0 0 0 1000 0 -125 0 -125 0 0 0 0 1000 250 0 0 0 -155 0 -155 500 0 0 200 0 250 125 0 0 350 0 375 0 0 170 250 -400 250 0 0 0 0 0 0 700 0 250 250 0 0 0 0 250 250 0 300 300 0 250 0 250 400 0 0 0 0 0 0 0 0 0 0 375 -200 -25 125 250 0 0 0 0 0 0 0 0 0 0 375 0 0 -200 -25 0 0 0 -155
0 0 0 0 400 0 0 1000 0 375 0 375 0 0 0 0 1000 333 0 0 0 288 500 288 500 0 0 700 0 333 666 0 0 450 0 300 0 100 454 250 550 333 250 0 0 250 0 0 900 0 900 333 0 0 0 0 333 333 0 0 0 0 333 0 333 100 0 0 0 0 0 0 0 0 0 0 475 200 475 316 333 0 0 0 0 0 0 0 0 0 0 475 0 1000 200 475 0 0 0 288
#EFC 2016-02-06
0 250 0 250 250 0 400 65 0 0 160 160 160 160 650 125 550 250 0 0 0 0 238 -62 366 433 148 211 160 160 160 0 0 0 0 0 488 400 400 317 0 0 1000 100 0 800 433 0 0 0 0 0 0 0 1000 -200 0 125 383 0 0 0 0 0 0 0 0 0 0 0 50 0 0 0 0 0 0 68 500 0 -400 0 350 0 0 0 0 0 0 0 0 0 0 0 0 500 0 0 0 0
0 300 0 300 500 0 800 750 0 0 539 539 539 539 700 400 750 500 0 0 0 0 494 437 533 555 497 422 539 539 539 0 0 0 0 0 638 900 900 657 0 0 1000 400 0 750 833 0 0 66 500 1000 0 500 300 188 0 300 469 0 0 0 0 0 0 0 66 0 1000 0 300 0 150 0 0 0 0 727 500 0 700 0 300 0 0 0 1000 0 0 0 500 0 0 0 0 500 0 0 0 0
#Swans 2016-02-06
500 0 350 0 0 0 0 0 200 0 500 666 0 500 100 -187 0 -200 100 300 0 200 0 500 0 0 0 0 0 325 -75 0 0 0 0 0 0 0 0 300 0 0 0 0 0 0 0 0 500 0 0 0 0 500 0 0 0 -166 100 250 250 382 -166 -400 133 500 0 227 0 0 0 0 0 0 350 0 500 0 400 316 0 -400 200 200 0 100 109 0 0 0 0 250 0 0 0 0 250 0 0 0
600 0 750 0 0 0 0 0 350 0 500 666 0 1000 750 99 0 50 750 0 0 225 0 600 0 0 0 0 0 562 366 0 0 0 0 0 0 0 100 200 0 0 0 0 0 0 0 0 500 0 0 0 0 500 0 250 0 333 100 375 300 750 433 550 700 1000 0 545 250 0 0 0 0 250 550 0 888 250 500 350 0 700 500 500 1000 200 406 0 0 0 0 300 0 0 0 0 500 0 0 0
#CPFC 2016-02-06
0 275 -175 366 0 -200 -200 -300 0 -200 -333 0 0 500 0 0 500 200 0 0 150 0 -400 -400 0 -200 0 433 0 0 -357 0 0 0 0 0 0 0 50 0 270 200 0 0 130 77 0 0 0 0 500 -343 0 500 0 -133 625 416 250 700 24 0 0 -699 0 0 700 0 0 0 0 377 0 0 0 0 0 0 0 0 375 0 166 0 0 700 0 0 -199 0 0 0 0 0 350 250 -150 0 0 0
0 700 691 450 0 50 100 1000 0 200 549 0 0 500 0 0 500 200 0 0 500 0 400 400 100 50 0 500 0 0 767 0 0 500 0 0 0 0 191 300 541 200 0 0 333 322 0 0 0 0 750 750 433 500 0 133 900 500 200 600 191 166 0 666 0 0 600 66 0 0 0 744 0 0 0 0 0 0 0 0 416 0 533 0 50 600 0 0 466 0 0 0 0 0 400 750 475 0 0 0
#COYS 2016-02-06
-100 300 0 0 533 -315 0 0 250 0 0 0 0 700 49 -874 300 675 200 390 0 0 166 -155 357 0 500 0 1000 0 625 99 0 700 -388 0 150 -399 450 0 900 0 700 100 0 -800 1000 395 -388 750 0 0 500 350 -155 -155 500 -388 0 350 0 0 0 0 0 800 0 0 0 500 0 0 -100 0 200 0 0 0 100 300 200 0 18 0 442 0 0 0 250 136 -200 0 -291 0 0 0 800 0 625 233
1000 100 0 0 799 687 0 500 250 0 0 0 0 600 450 666 100 1000 300 900 0 0 311 288 571 0 1000 0 750 0 500 420 0 900 833 0 150 760 500 0 1000 0 600 100 0 800 1000 561 833 1000 0 0 700 550 288 288 600 833 100 400 0 0 0 0 0 700 0 0 0 600 0 0 400 0 200 0 300 0 600 200 900 0 327 0 767 0 0 0 250 454 233 0 541 0 0 0 400 0 600 300
#WatfordFC 2016-02-06
0 0 -1000 -1000 -350 422 -250 666 0 -1000 419 0 500 0 300 0 0 0 93 422 0 0 500 0 350 0 0 -400 300 0 0 0 170 0 99 0 0 0 1000 400 400 0 0 0 -1000 -1000 937 800 0 0 400 0 -71 1000 0 158 255 -400 0 500 0 0 0 0 0 -1000 0 100 -155 -400 0 -166 500 0 0 0 0 400 0 0 0 -1000 525 312 0 -291 0 500 -325 400 0 -77 -25 0 0 -200 0 -625 250 -400
0 0 1000 1000 100 644 1000 700 0 1000 503 0 500 0 200 0 0 0 441 644 0 0 500 0 550 0 0 400 575 0 0 0 500 0 400 0 0 0 300 400 400 0 0 0 1000 1000 800 750 0 0 550 0 214 300 0 549 677 400 0 600 0 0 0 0 0 1000 0 400 288 700 0 333 500 0 0 0 0 400 0 0 0 1000 766 250 0 541 1000 625 600 400 0 144 625 0 0 366 0 900 550 700
#MCFC 2016-02-06
200 71 0 0 0 0 0 0 -200 0 0 0 0 0 0 0 0 0 0 375 -24 0 0 0 125 -500 131 0 0 0 700 333 345 0 800 0 0 0 200 625 350 0 0 0 0 350 0 0 0 0 500 0 0 -250 0 875 0 125 625 0 0 0 -1000 0 400 350 0 0 -400 0 250 0 0 0 0 0 107 133 0 500 0 0 0 400 416 416 0 600 0 0 266 0 0 0 0 0 0 0 300 0
500 557 0 0 0 0 0 0 100 0 0 0 0 0 750 0 0 0 0 750 325 0 0 0 750 1000 150 0 0 0 550 776 950 0 750 0 0 0 400 500 575 0 0 750 0 300 0 1000 0 0 500 0 0 400 0 600 500 650 900 0 750 0 1000 0 900 500 125 0 400 0 333 0 0 0 0 0 535 466 0 500 0 0 0 1000 483 483 0 550 0 0 300 0 125 0 0 0 0 0 0 0
#LCFC 2016-02-06
550 0 0 550 550 0 0 0 0 800 0 0 0 0 458 350 500 0 516 800 0 0 470 625 0 136 0 700 101 400 800 -155 325 0 0 0 800 250 800 625 0 0 68 433 800 837 150 625 0 0 900 0 0 0 0 606 200 136 133 136 583 142 0 0 0 136 0 0 366 0 0 0 200 0 0 199 500 100 700 250 500 200 0 -155 728 136 0 750 546 800 587 -125 800 0 175 350 0 0 0 318
866 0 0 866 866 50 0 0 0 400 0 0 0 0 627 350 500 0 616 1000 0 0 485 500 0 454 0 600 429 233 400 288 625 0 0 0 400 250 400 600 100 0 727 300 400 900 450 500 0 0 350 1000 0 125 0 762 512 454 466 500 583 417 0 0 0 454 0 0 799 0 0 0 200 0 0 300 500 300 650 312 600 500 0 288 715 500 0 900 650 700 550 375 400 0 650 400 0 0 0 477
#EFC 2016-02-03
0 800 0 500 0 125 0 0 0 0 700 -131 0 400 125 0 0 136 400 0 -75 193 193 193 0 0 166 0 0 59 -50 -99 500 500 500 500 0 0 0 500 0 500 -92 500 0 -166 0 136 217 200 350 500 400 250 0 700 -50 -100 0 0 0 -500 461 600 200 800 0 0 0 0 0 246 -51 0 68 -250 246 246 0 253 224 136 285 0 224 -129 0 500 0 337 399 68 700 400 1000 200 0 0 0 0
0 900 0 500 0 250 0 500 0 0 600 427 0 1000 250 0 0 454 800 0 700 393 393 393 0 0 833 0 0 676 150 500 900 900 900 500 0 0 0 500 0 900 585 500 0 66 0 454 388 200 650 500 1000 525 0 825 350 100 0 0 0 1000 661 433 300 1000 0 0 0 0 0 512 596 0 300 550 512 512 0 700 475 454 535 0 475 296 0 500 100 537 400 727 600 1000 650 200 0 1000 0 0
#NUFC 2016-02-03
-154 0 -100 -118 0 0 0 0 130 562 -400 500 750 0 83 350 0 0 0 212 266 300 17 -250 0 300 500 650 0 0 0 399 0 175 0 800 0 68 295 -33 0 0 0 245 68 0 468 -200 0 177 850 -95 700 166 0 -483 0 233 0 -450 0 0 285 170 0 500 -77 100 400 0 312 0 0 550 318 1000 976 250 100 100 -400 -125 0 -175 -600 1000 1000 0 250 625 -156 0 0 0 337 0 500 291 0 -200
551 0 100 462 0 0 0 0 277 850 700 500 950 0 583 450 399 0 0 351 733 0 469 200 0 500 500 750 0 0 600 433 0 550 0 1000 0 727 624 33 0 0 0 766 750 0 602 695 0 607 950 183 600 833 1000 450 250 700 0 800 0 100 535 454 1000 900 394 900 500 0 651 0 0 600 500 300 500 300 900 650 400 375 0 650 700 300 300 0 550 725 843 0 0 0 550 0 500 489 0 50
#WatfordFC 2016-02-03
0 625 700 600 116 0 0 0 50 150 0 58 0 0 500 112 500 208 0 500 300 0 0 250 600 332 0 1000 0 200 166 175 0 0 400 0 0 800 0 0 275 502 0 0 0 0 66 500 1000 200 0 200 0 0 136 1000 0 136 0 -400 500 166 250 0 349 616 -166 89 -275 349 0 0 0 300 500 0 0 0 136 0 150 300 125 250 367 0 0 0 666 0 0 800 0 349 500 0 0 0 0 0
0 500 600 900 458 0 0 0 333 500 0 333 0 125 500 600 500 833 0 1000 341 0 0 1000 900 734 0 1000 0 450 366 275 0 0 900 0 0 750 0 0 650 711 0 0 0 112 375 750 1000 200 0 300 0 0 500 600 0 454 0 400 888 833 900 0 666 711 666 417 644 666 0 0 600 100 200 100 0 0 454 0 566 800 200 250 645 0 0 0 799 750 0 900 0 666 700 0 0 0 0 0
#CFC 2016-02-03
0 200 50 0 0 0 0 0 0 0 0 0 0 0 200 500 500 0 0 0 500 0 303 0 100 1000 0 500 500 500 0 0 600 -131 166 0 0 0 0 -550 0 -349 0 1000 0 0 -550 0 0 166 -131 400 214 166 0 400 0 -550 136 500 0 69 500 0 -400 0 0 0 166 0 -208 0 0 0 285 766 0 0 0 0 0 0 37 0 0 0 0 0 0 0 0 0 200 -131 1000 -145 0 0 166 0
0 300 500 0 0 0 0 0 0 0 0 0 0 0 300 500 500 0 0 0 500 0 452 0 583 300 0 500 500 500 0 0 650 577 333 1000 300 0 0 649 0 333 0 600 0 100 649 0 0 333 577 1000 500 333 0 800 300 649 454 1000 0 480 500 0 400 0 0 0 833 0 225 0 0 0 535 916 0 0 0 0 0 0 237 500 0 0 0 125 0 0 0 0 100 527 1000 270 0 0 333 0
#CPFC 2016-02-02
0 475 0 -714 0 0 0 0 0 1000 0 0 250 0 -800 0 0 0 0 0 49 0 0 126 500 0 0 0 366 425 0 0 0 0 500 0 0 -168 0 -600 0 -400 0 150 0 1000 0 125 -299 0 250 1000 0 250 250 55 300 0 -49 1000 500 0 0 0 0 0 0 99 125 0 -500 400 0 0 -166 500 550 0 0 0 -600 0 0 0 250 -400 0 250 0 0 250 0 625 246 350 43 -400 800 100 -364
0 475 0 857 100 0 0 0 0 300 333 0 500 397 800 0 0 0 0 0 500 322 0 746 500 0 0 600 666 475 0 0 0 0 500 0 0 441 100 577 0 600 0 450 0 1000 0 666 524 125 333 300 0 200 200 277 400 0 400 300 1000 0 0 0 0 0 0 333 229 0 299 500 0 300 166 700 650 0 0 0 800 0 100 0 500 400 0 600 0 0 200 0 600 756 750 427 400 1000 1000 541
#AFCB 2016-02-02
100 0 400 250 0 550 0 0 166 136 0 -77 127 0 -299 0 0 0 0 200 0 -200 0 0 -200 0 0 -474 0 0 -1000 1000 0 500 162 0 0 0 0 -425 0 500 275 0 0 0 0 0 -200 162 0 -66 0 -200 -200 0 -200 100 -200 400 0 0 -200 100 -100 0 -400 0 -200 250 116 800 -25 800 -400 0 0 0 -166 550 208 66 0 0 0 0 0 800 0 0 316 258 -155 125 0 0 700 -62 0 0
100 500 400 440 0 750 0 0 666 454 0 305 300 449 524 0 0 0 0 100 0 222 0 0 400 0 0 458 0 0 1000 300 0 500 575 0 0 0 0 431 0 500 775 0 0 0 0 0 400 130 0 518 0 400 400 0 400 100 400 616 0 0 400 50 200 0 400 0 400 500 233 400 475 1000 400 0 0 0 333 1000 702 527 0 0 0 0 0 400 0 125 583 435 288 437 0 0 600 187 0 0
#MUFC 2016-02-02
0 0 0 0 0 0 -200 0 -200 -166 0 0 0 0 283 -166 0 0 -500 0 0 500 -500 -549 -549 312 0 0 -200 333 250 -300 700 333 0 0 533 -49 750 0 1000 0 0 0 350 600 625 0 425 0 700 0 0 533 400 -200 0 0 0 0 0 700 0 625 0 0 500 0 0 0 0 300 0 0 333 0 300 0 0 -486 -200 109 0 0 0 -200 168 500 0 136 200 136 -166 0 700 400 0 375 0 -300
0 0 0 0 0 0 400 0 400 116 0 0 0 0 633 116 0 0 1000 0 0 1000 400 683 683 200 0 0 400 466 250 399 600 466 0 0 700 400 900 0 300 0 0 125 700 1000 500 1000 725 0 550 0 0 883 700 400 0 0 0 0 0 350 0 500 0 0 500 0 0 0 0 750 0 0 516 0 750 533 0 833 400 481 0 0 0 400 354 500 1000 500 300 454 66 0 550 800 0 1000 0 400
#SCFC 2016-02-02
0 100 0 0 0 0 250 0 100 500 400 200 0 0 0 0 0 0 500 0 81 -125 0 0 150 0 -62 900 0 -93 83 0 500 0 0 0 0 0 0 -100 95 -99 0 1000 -125 392 0 -33 0 0 0 300 33 0 500 133 0 100 500 0 0 250 0 0 0 -125 0 0 400 0 500 0 500 0 145 0 0 0 99 0 -333 0 400 274 0 -166 0 0 -155 224 -250 -600 0 -416 0 75 0 0 400 0
0 300 0 0 1000 0 500 0 400 900 600 100 0 0 0 0 0 0 500 0 729 375 0 0 450 0 687 1000 0 550 300 0 500 0 0 0 0 0 0 550 511 166 0 1000 375 433 0 900 0 0 0 100 616 0 900 399 0 200 600 0 0 477 0 0 0 375 0 0 350 0 900 0 900 0 451 0 0 0 900 0 633 0 800 366 0 166 0 0 288 744 283 900 0 666 0 575 0 0 900 0
#WBA 2016-02-02
0 500 0 24 900 250 500 0 250 -200 200 -10 516 0 250 100 625 0 102 100 0 400 0 350 -250 0 350 0 0 0 300 500 250 0 0 875 -166 100 500 0 0 500 0 375 700 -300 0 0 0 0 0 500 0 150 0 -66 0 0 -66 250 0 42 42 166 0 0 0 0 500 700 272 -5 0 100 0 0 0 0 -434 0 0 0 375 -200 250 200 -62 68 -200 600 250 0 0 500 0 500 0 350 0 0
0 500 0 550 1000 750 888 0 666 100 312 429 550 0 250 300 500 0 605 700 0 600 0 650 500 0 100 100 0 0 900 888 477 0 0 800 688 200 500 0 0 500 300 800 600 200 0 0 0 0 0 600 0 650 0 600 500 500 600 300 0 467 467 550 300 0 0 0 750 600 766 268 0 500 0 0 0 0 815 0 0 0 100 0 333 100 687 750 400 666 283 0 0 500 1000 500 0 300 0 0
#Swans 2016-02-02
0 850 0 0 0 0 150 0 -500 -500 -500 213 366 171 0 1000 -100 250 0 -600 0 -300 850 450 350 0 0 0 0 0 0 0 0 -77 1000 -300 0 0 0 0 0 100 0 0 0 100 0 600 333 360 0 0 136 0 0 0 0 0 0 0 250 -166 0 -375 0 500 0 0 100 0 800 0 0 300 0 0 625 0 0 0 0 0 -164 0 -233 -500 1000 0 0 0 0 0 0 0 0 500 333 750 0 0
0 1000 0 0 0 0 300 0 299 299 299 511 466 722 0 400 300 200 0 900 0 600 1000 650 425 0 1000 0 0 0 0 0 0 144 400 600 0 0 1000 0 0 400 0 0 0 750 0 950 350 516 0 0 454 0 0 0 0 0 0 0 449 333 0 850 0 633 0 0 200 0 1000 0 0 200 0 0 900 0 0 0 694 0 540 0 383 1000 750 500 0 0 0 0 0 0 0 600 566 800 0 0
#AFC 2016-02-02
200 0 0 -66 0 0 0 0 0 0 -500 0 -50 -300 194 0 0 0 100 -51 0 -500 0 100 500 111 0 1000 0 1000 50 0 0 0 89 0 -100 260 0 100 -100 0 -300 0 -233 0 175 0 84 0 0 0 -400 0 -369 0 500 0 327 0 -100 199 -486 0 500 0 0 0 0 0 0 0 -125 541 0 500 600 0 0 0 278 0 0 0 1000 0 0 285 -291 -291 0 0 333 -291 0 0 0 500 800 100
400 0 0 533 0 66 0 0 0 0 1000 0 400 200 461 0 0 0 750 684 0 299 0 100 500 352 0 390 0 500 100 0 0 0 232 0 250 260 0 100 300 125 200 0 316 0 325 0 509 1000 0 0 400 0 644 0 500 0 485 0 200 700 833 0 500 0 0 0 0 0 0 0 500 833 0 1000 1000 0 0 0 751 0 0 0 600 0 0 535 541 541 0 0 533 541 0 0 1000 500 750 750
#SaintsFC 2016-02-02
-875 -875 -875 -875 -875 -875 0 -875 0 -550 -550 0 0 0 0 400 0 200 250 -700 800 0 0 0 171 200 0 -875 0 -1000 0 170 204 0 550 0 550 375 0 0 0 0 0 425 0 0 366 500 0 0 0 100 0 976 0 0 0 0 -148 -58 250 -700 0 -166 25 -500 0 0 0 200 0 0 0 0 0 318 0 0 0 75 800 0 0 350 0 -600 25 500 0 0 0 0 -475 700 -50 0 0 0 0 0
1000 1000 1000 1000 1000 1000 250 1000 0 700 700 0 0 0 0 250 0 200 200 1000 700 0 0 0 814 300 0 1000 0 1000 66 500 533 0 850 0 650 750 0 0 100 0 0 950 0 0 766 650 1000 0 0 200 0 600 0 0 0 0 151 474 533 1000 0 333 250 600 0 0 0 300 0 0 0 0 0 477 0 0 0 383 400 0 0 300 0 900 400 250 0 0 0 0 883 600 0 0 33 0 0 0
#LCFC 2016-02-02
0 500 0 250 200 199 358 -500 0 333 0 0 130 150 0 100 100 -155 -349 0 800 0 399 500 0 0 0 333 0 200 500 -600 350 -50 0 433 700 0 -700 333 700 0 0 0 -83 -268 24 0 0 83 350 142 50 50 0 357 200 0 68 118 255 285 0 0 0 466 550 1000 0 200 -500 250 937 214 0 85 100 0 0 104 0 443 0 67 21 0 0 109 0 0 0 0 0 0 -312 -294 0 262 83 316
0 500 0 500 500 266 700 300 500 583 0 0 400 350 0 500 400 288 383 0 750 100 750 500 0 0 66 233 0 900 433 900 750 100 0 811 600 0 800 500 600 0 0 0 216 450 491 0 0 444 700 267 550 350 0 571 400 0 727 400 500 535 0 0 0 633 650 300 0 100 1000 500 900 428 0 227 200 0 0 520 0 487 0 520 287 0 0 547 0 0 0 0 0 0 687 533 0 700 333 416
#LFC 2016-02-02
-121 -218 0 0 0 0 0 -187 0 233 0 0 -625 0 250 468 -300 -300 0 500 250 -500 0 136 -250 0 -500 0 433 0 433 225 -183 255 0 0 400 -71 0 0 166 -400 0 0 227 0 0 191 -250 -99 0 500 0 0 375 700 0 416 533 0 0 350 125 0 0 0 0 168 225 500 0 0 -450 -325 0 0 0 0 500 625 0 375 -325 378 0 0 400 -486 0 -156 -600 -59 0 500 0 -400 0 400 225 -137
440 406 0 0 0 0 0 362 100 700 0 0 299 100 900 750 399 600 0 500 300 1000 0 454 1000 0 1000 0 750 0 566 525 666 522 0 1000 800 545 0 0 666 600 0 0 545 0 0 358 850 250 0 500 0 0 750 550 0 252 883 0 0 700 100 0 0 0 0 727 525 500 0 250 1000 575 66 0 0 1000 500 500 100 800 575 499 0 0 500 833 0 100 1000 760 0 500 0 600 0 800 525 412
#ncfc 2016-02-02
166 0 0 0 0 -100 0 0 -50 214 650 0 0 -300 0 0 0 0 400 200 0 0 -200 0 0 0 -327 0 0 0 0 437 0 0 -400 500 0 -200 500 0 0 0 0 0 660 166 0 400 133 -187 0 0 550 500 250 1000 267 812 0 -262 253 0 625 0 0 500 0 -155 587 -155 0 275 0 0 500 0 0 -155 -155 455 0 400 170 283 500 780 0 350 -155 300 -800 -155 -500 0 0 0 0 -250 562 0
466 0 0 0 0 100 76 0 400 500 650 0 0 533 0 0 0 0 233 200 0 400 700 0 0 0 594 0 0 0 0 333 0 0 400 500 0 700 500 0 0 0 0 0 700 799 0 450 199 500 0 0 650 1000 700 300 571 650 0 387 441 0 900 0 0 1000 0 288 750 288 0 500 0 0 500 0 0 288 288 566 0 900 454 600 500 890 333 700 288 433 900 288 900 33 0 0 0 350 1000 0
#COYS 2016-02-02
0 0 0 0 0 0 0 1000 0 425 0 0 -162 -155 0 0 0 285 50 0 0 -100 0 766 100 -75 350 -133 0 0 0 0 0 700 0 166 0 0 -33 0 200 0 159 0 0 -379 0 378 1000 909 0 300 0 0 0 -175 0 0 300 0 0 -125 0 100 -106 -125 300 800 600 312 0 285 -150 400 333 0 700 1000 -374 100 0 0 0 -125 0 433 0 -600 0 250 0 216 0 0 300 0 500 -250 217 -200
0 1000 0 125 0 0 0 300 0 769 0 0 537 288 0 66 0 535 500 0 0 650 0 396 400 375 650 600 0 0 0 0 0 600 0 333 0 0 416 0 300 0 319 0 0 288 0 762 1000 780 0 0 0 0 0 875 0 0 450 0 0 375 0 100 454 200 0 750 700 200 100 378 800 900 233 1000 600 300 833 400 0 0 0 375 0 833 0 900 0 333 178 591 0 0 0 0 888 700 577 250
#SAFC 2016-02-02
0 0 0 662 500 0 0 -399 -300 250 -155 0 0 0 0 250 100 0 -375 0 0 -100 0 50 0 0 0 0 0 0 -12 1000 700 0 750 0 0 0 500 250 0 0 0 150 0 233 0 312 -31 0 500 0 -166 0 -454 -400 700 0 0 0 0 0 -155 400 0 0 0 0 -500 100 -500 0 400 166 0 0 0 500 0 156 500 0 0 399 -466 257 0 500 100 1000 0 51 83 0 0 0 0 0 -433 250
0 0 0 642 600 0 0 322 747 500 288 0 0 0 0 250 300 0 400 0 0 0 0 350 0 0 0 0 0 0 1000 300 600 0 825 0 0 0 500 200 0 0 0 300 0 300 0 300 277 0 500 0 333 0 466 600 600 0 0 0 0 355 288 650 0 0 0 0 500 300 500 0 900 533 0 0 0 500 0 500 500 0 0 437 816 377 0 500 300 1000 0 227 566 0 0 0 0 0 600 250
#MCFC 2016-02-02
0 136 0 0 -400 500 0 283 0 -500 0 150 0 0 0 400 0 0 -300 0 -262 0 366 0 0 0 -300 700 400 0 22 0 0 -166 -200 -241 -24 0 0 285 0 0 0 170 900 0 0 -250 0 0 800 0 0 0 0 0 0 50 145 0 900 0 0 625 0 500 0 0 0 0 0 0 0 500 50 0 0 0 0 200 394 0 200 0 0 199 199 0 0 0 0 0 -62 0 -300 0 0 500 0 0
0 454 0 0 400 500 0 633 0 1000 0 700 0 0 0 500 0 0 600 0 411 0 566 0 0 0 400 550 800 0 414 0 0 166 400 591 712 0 0 535 0 0 1000 454 1000 0 0 400 0 0 750 0 0 0 0 0 0 650 666 0 1000 0 1000 900 0 500 0 0 0 125 0 0 0 900 533 100 0 0 550 200 200 0 300 0 0 466 466 0 0 0 0 0 187 0 400 0 0 500 0 0
#WHUFC 2016-02-02
500 0 577 0 0 781 0 0 -200 156 33 350 -200 0 0 500 355 0 62 0 0 136 700 0 0 0 0 0 183 0 -750 0 -200 0 667 800 500 0 762 0 500 -133 0 750 0 0 0 237 0 0 350 0 311 800 -625 300 250 250 0 300 800 0 -250 0 0 1000 -750 0 0 333 0 762 1000 0 0 0 0 0 0 0 0 478 0 -400 125 0 0 0 62 762 0 0 -200 622 0 491 -87 700 0 800
600 0 616 0 0 400 0 0 100 200 588 950 100 0 0 500 799 0 133 375 0 454 600 0 0 0 0 0 366 125 1000 1000 400 0 500 900 500 0 908 0 650 566 0 725 0 0 0 562 0 0 650 0 444 900 900 500 200 200 0 350 900 0 1000 0 0 300 600 0 0 777 0 908 600 0 0 0 0 1000 0 0 0 601 0 600 416 0 0 0 625 908 0 0 400 766 0 791 387 600 0 875
#AVFC 2016-02-02
-333 62 500 0 -375 0 366 0 516 0 0 0 233 600 0 0 0 -105 333 0 0 118 0 -400 0 125 0 781 0 550 375 0 0 0 -399 0 175 0 800 -300 0 150 -700 166 -250 0 0 0 -400 0 0 -155 183 0 350 0 375 -100 0 0 80 0 0 0 0 -200 -187 0 0 0 -354 500 140 500 375 800 -16 0 500 0 0 0 0 0 -155 0 250 700 175 200 500 0 -343 200 -25 -200 0 358 -800 -500
500 687 888 0 400 100 500 0 600 0 0 0 266 900 0 0 0 122 500 0 0 427 500 433 0 425 0 900 0 700 775 125 0 0 322 0 150 0 750 600 0 750 800 470 500 0 1000 0 600 0 0 288 850 0 300 0 750 500 0 0 830 33 0 0 0 625 500 500 0 0 375 1000 330 888 875 750 329 0 500 0 0 0 175 0 288 0 250 600 900 900 500 400 600 200 561 500 0 366 800 1000
#AFC 2016-01-24
200 0 136 -400 0 800 200 0 0 1000 0 0 466 0 0 466 0 -400 0 0 0 0 0 466 0 100 0 0 0 0 -200 -200 0 156 136 1000 0 100 0 0 0 375 550 -250 0 0 600 100 -600 0 136 140 0 0 99 0 0 49 0 -125 0 0 0 0 0 500 1000 0 0 -100 0 0 0 0 300 -400 500 0 500 0 0 136 -200 637 0 0 0 0 200 0 0 0 200 0 -125 250 200 0 0 0
800 0 454 400 0 400 500 0 0 300 0 0 300 0 0 300 0 700 0 0 0 0 0 300 0 250 0 0 0 0 250 250 0 459 454 300 0 100 0 0 0 475 700 1000 0 0 300 250 900 0 454 330 0 0 366 0 0 450 1000 375 0 0 0 0 0 750 400 1000 0 400 0 0 0 0 750 700 500 0 500 0 0 454 200 722 0 0 0 0 800 0 0 0 800 0 375 250 800 0 0 0
#CFC 2016-01-24
0 120 -100 0 0 -200 0 0 650 366 0 0 -250 0 0 0 200 0 0 0 -200 -250 300 0 0 0 200 -200 200 200 -100 200 0 0 0 388 -250 0 388 0 -250 0 0 388 0 -250 0 0 0 0 250 0 66 0 388 0 0 0 0 0 0 100 0 -333 250 -200 -200 0 -200 0 0 66 100 250 -107 0 0 0 250 -250 200 -333 250 136 0 475 150 -300 0 -650 0 0 0 0 -600 -250 -333 0 104 0
0 268 500 0 0 100 0 0 450 466 0 0 1000 0 0 0 300 0 0 0 100 1000 100 700 0 0 200 100 800 800 100 800 0 0 0 466 1000 0 466 0 1000 0 0 466 0 1000 0 0 0 0 333 0 400 0 466 1000 0 0 0 0 0 50 0 666 250 250 250 0 300 0 300 400 50 416 417 0 0 0 750 274 750 666 250 454 0 800 650 250 0 1000 0 0 0 0 800 400 316 0 566 0
#EFC 2016-01-24
0 0 200 0 -450 325 125 355 355 0 400 0 700 233 0 388 0 -450 -500 500 166 166 166 166 166 0 136 367 166 500 700 0 233 750 200 500 500 500 0 400 0 300 -83 0 50 285 0 0 333 333 14 350 275 200 -349 300 230 0 0 -1000 0 0 357 500 0 0 0 500 0 -100 233 400 0 0 0 0 800 800 -83 0 0 0 0 187 366 0 200 -156 0 500 0 0 0 375 700 0 0 520 0 0
0 0 300 0 350 250 350 500 500 66 900 0 600 450 0 466 0 350 299 500 500 500 500 500 500 0 454 631 500 750 600 0 450 675 300 900 900 900 0 500 0 300 133 0 200 535 0 0 1000 1000 549 300 525 150 833 441 533 0 0 1000 0 0 571 500 762 0 0 750 0 150 400 500 0 0 0 0 400 400 116 0 0 0 0 437 500 0 700 435 0 650 0 0 0 375 600 0 1000 679 0 0
#Swans 2016-01-24
-160 0 0 0 0 550 -125 0 0 0 0 268 800 136 0 212 0 0 0 318 0 625 -388 0 0 0 -166 -83 0 0 136 0 0 0 0 0 301 0 0 0 0 0 0 0 0 0 125 0 0 250 200 0 0 268 0 0 500 140 87 800 0 800 0 0 200 0 0 0 169 0 0 250 -125 -166 0 300 0 0 500 0 136 0 395 0 0 0 100 0 250 0 133 0 0 0 -20 200 0 267 0 -166
271 0 0 0 0 350 300 0 0 0 0 677 1000 454 400 484 0 0 0 477 0 1000 833 0 0 0 333 83 0 0 454 0 1000 0 0 0 727 0 0 0 0 0 0 0 0 0 250 0 0 500 500 0 0 677 0 0 800 330 437 400 0 700 0 0 200 0 0 0 347 0 0 500 825 333 0 0 0 0 900 0 500 0 411 0 0 0 200 0 350 0 266 0 0 0 373 500 0 417 0 433
#WHUFC 2016-01-23
136 0 0 0 500 500 0 0 0 625 700 0 400 400 0 0 0 0 0 -400 83 0 0 0 0 250 -100 0 0 312 166 900 125 400 0 244 500 0 0 0 0 0 29 0 3 500 0 131 136 136 136 136 136 136 136 136 136 0 0 275 250 -166 350 250 0 0 -50 0 0 -5 399 0 0 0 0 0 582 0 0 500 0 125 483 0 0 500 0 166 300 0 0 136 0 -100 500 172 0 333 300 500
454 0 0 0 500 1000 0 0 0 500 600 0 1000 562 0 0 0 0 0 400 383 0 0 0 0 312 150 66 0 200 666 1000 800 737 0 588 500 0 0 0 0 0 529 0 734 1000 0 335 454 454 454 454 454 454 454 454 454 0 0 191 575 166 362 200 0 0 400 0 0 655 496 0 0 0 0 0 671 0 0 1000 0 375 766 0 0 1000 0 600 100 0 0 454 0 400 700 416 0 175 950 491
#MCFC 2016-01-23
0 0 800 0 800 0 -300 0 0 500 0 136 0 125 0 400 0 0 625 0 -100 350 0 -100 0 0 0 500 -100 0 50 500 -100 400 700 0 0 25 -100 0 57 0 -100 400 0 0 0 25 136 0 -100 0 0 -100 0 0 0 0 0 0 0 0 0 0 0 0 0 666 0 0 144 0 0 31 0 0 500 0 0 600 100 0 136 0 0 350 0 300 0 0 0 700 0 0 300 0 0 0 0 0
0 0 400 0 1000 66 600 0 0 500 0 454 0 166 66 562 0 0 900 0 200 650 0 200 0 0 0 500 200 0 350 500 200 500 550 0 0 175 200 0 335 66 200 650 0 0 0 175 454 0 200 0 0 200 0 0 0 0 100 0 0 0 0 0 0 0 0 666 0 0 486 0 0 312 0 0 500 100 0 600 383 0 454 0 0 400 0 100 0 0 0 600 0 0 600 0 0 0 0 250
#CPFC 2016-01-23
125 0 268 0 170 0 0 400 233 0 0 0 700 100 0 -50 -600 0 -50 -125 0 0 1000 0 0 392 200 -366 100 0 0 -375 0 0 -124 -150 200 0 -316 700 437 75 0 0 585 -49 0 0 1000 0 -31 0 0 0 0 0 0 0 0 0 250 250 250 250 250 250 0 0 0 0 -300 -200 250 0 136 200 -100 -31 162 0 500 500 500 0 0 0 250 400 600 0 250 0 -35 0 0 0 136 0 0 200
166 0 475 0 454 100 0 300 379 0 0 0 600 508 0 400 900 0 400 550 0 0 300 0 0 517 300 355 508 0 0 600 0 0 441 300 750 500 300 600 300 475 0 0 100 700 0 0 300 0 268 0 0 0 0 0 0 0 0 0 850 850 850 200 200 200 0 0 0 0 399 100 500 0 454 200 650 450 279 0 500 500 500 0 0 66 311 400 1000 0 900 0 446 0 0 0 454 0 0 100
#COYS 2016-01-23
-150 0 266 500 250 0 183 487 400 0 0 0 0 166 149 800 0 650 0 0 266 0 0 800 0 0 -160 0 500 0 0 250 0 0 500 0 0 75 0 166 -100 0 0 -300 366 0 500 521 0 0 0 0 0 0 0 200 78 0 225 1000 0 0 0 0 0 296 75 0 0 -375 0 200 0 0 800 322 100 0 800 0 -125 425 500 1000 800 1000 0 250 260 352 0 0 345 100 0 0 0 543 0 0
350 0 600 500 250 0 850 1000 233 100 0 0 0 333 500 750 0 450 0 0 300 0 0 1000 0 0 640 0 500 0 0 291 0 0 600 0 0 600 0 416 200 0 0 550 900 100 1000 747 0 0 0 0 0 0 0 300 633 0 200 1000 0 0 0 76 0 463 866 0 0 400 0 200 0 500 400 241 0 0 750 0 250 422 900 750 750 300 0 850 559 601 0 0 517 1000 0 0 0 812 0 0
#LCFC 2016-01-23
0 0 0 -400 0 650 449 0 0 -487 0 -50 600 800 -400 -400 200 625 250 0 0 0 0 0 -750 166 0 0 0 0 250 233 -300 0 0 400 0 0 214 0 0 0 500 170 100 0 250 -400 0 0 136 136 -700 0 0 375 -100 -700 -388 0 0 -200 0 -250 0 400 0 0 333 100 0 0 400 -400 136 -57 0 0 228 500 0 -250 68 0 0 -450 -166 549 0 -400 150 38 300 0 400 -400 455 -533 0 393
0 0 0 400 0 450 600 0 0 537 0 400 894 1000 400 400 200 500 500 0 0 0 0 0 700 400 0 0 0 0 250 200 400 0 750 375 0 1000 642 0 76 0 500 500 600 1000 333 628 0 0 500 454 200 0 0 479 300 200 833 0 0 800 0 533 0 800 0 0 155 900 0 0 900 400 500 567 0 0 525 500 0 1000 727 0 0 450 625 1000 0 400 575 688 100 0 300 400 517 633 0 727
#SCFC 2016-01-23
0 0 0 0 0 0 0 0 0 0 399 0 0 0 450 0 0 0 -699 -699 0 875 0 136 0 0 125 0 0 0 712 -300 0 50 800 0 16 -150 200 200 -125 0 0 -300 0 -700 0 0 80 500 0 0 0 200 0 0 -700 0 700 0 0 0 0 -500 875 875 875 875 875 875 875 875 875 875 875 875 875 875 875 875 875 875 875 160 0 200 200 143 200 0 500 633 0 0 136 0 500 0 0 0
0 0 0 0 0 266 0 266 0 0 500 0 0 0 450 266 0 0 666 666 0 600 0 454 0 0 166 0 0 0 625 450 0 191 900 0 566 300 500 500 125 0 300 600 0 200 0 0 319 900 0 0 0 100 0 0 200 0 600 0 0 0 0 700 600 600 600 600 600 600 600 600 600 600 600 600 600 600 600 600 600 600 600 539 0 400 400 666 750 0 500 633 0 0 454 0 500 0 0 0
#MUFC 2016-01-23
433 -750 0 0 -500 -750 -125 -104 0 600 0 0 0 0 0 136 0 0 -275 0 125 350 -8 166 0 500 0 400 0 0 0 500 0 100 142 0 1000 0 0 0 0 136 361 0 300 800 0 0 0 0 500 0 0 0 0 -675 100 800 0 -166 0 0 180 0 0 0 0 0 0 0 0 0 0 0 -433 0 0 0 375 375 375 375 375 375 375 375 375 375 375 214 66 0 700 0 24 -125 625 0 -699 600
266 1000 0 0 1000 1000 375 83 0 950 0 0 0 0 0 454 0 0 700 0 250 550 375 283 766 600 500 800 500 0 500 600 0 200 330 0 1000 0 0 0 0 454 345 0 550 875 0 0 0 0 1000 0 0 0 0 1000 162 700 0 500 0 0 750 66 66 0 0 0 0 0 199 125 0 0 600 0 500 0 925 925 925 925 925 925 925 925 925 925 925 500 185 0 600 0 375 425 1000 0 666 1000
#SaintsFC 2016-01-23
0 0 0 0 0 100 0 0 100 -54 -700 0 0 199 0 500 400 0 -18 0 -70 33 500 0 500 100 250 250 -400 100 0 -50 0 700 -50 0 0 -875 0 -125 283 136 0 0 199 -875 750 -875 0 43 500 0 0 0 100 0 0 200 200 200 -121 0 0 0 0 500 400 0 400 -250 400 100 0 0 176 400 0 365 0 -700 -125 0 0 0 375 125 0 0 233 400 0 0 0 0 0 100 0 1000 0 0
0 250 0 0 0 200 0 0 200 551 800 0 0 294 250 900 233 0 224 0 217 358 600 0 600 200 200 200 400 100 0 400 100 600 400 0 0 1000 0 1000 966 454 0 0 294 1000 675 1000 0 427 500 0 1000 0 300 0 0 100 100 100 651 0 50 0 0 500 233 0 233 750 633 450 0 125 465 233 0 520 0 1000 200 0 0 0 400 200 0 0 388 233 0 0 0 0 0 200 0 1000 0 0
#SAFC 2016-01-23
400 0 0 -49 0 0 250 -500 392 0 0 -600 -400 183 -99 0 0 250 0 0 0 0 712 136 250 550 200 0 0 0 -166 0 0 0 400 -350 -699 350 0 83 625 100 300 166 0 250 0 136 0 0 500 800 0 99 0 200 0 -500 283 0 781 175 0 100 0 -500 0 136 0 250 250 100 0 83 700 0 -600 -166 -699 0 0 157 568 118 500 -500 600 350 150 98 0 0 157 0 0 0 0 0 125 300
700 0 0 833 0 0 500 1000 767 0 0 900 400 233 550 100 100 500 0 500 0 1000 625 454 200 500 100 0 0 0 433 0 0 0 600 500 666 800 0 850 750 1000 450 333 0 300 0 454 0 0 500 900 0 449 0 200 0 1000 658 0 500 750 0 200 0 600 0 454 0 550 550 400 0 550 600 0 950 333 666 0 0 469 727 418 500 1000 1000 300 300 496 0 0 469 0 0 125 0 500 550 100
#AFCB 2016-01-23
700 0 -33 -468 0 250 -250 0 0 216 250 250 0 0 0 0 285 0 100 136 0 200 0 0 300 200 283 600 500 0 400 400 -45 0 0 83 200 19 -166 136 0 -520 600 0 520 0 700 0 0 0 875 0 -651 0 99 162 0 393 800 0 45 0 0 400 -9 0 1000 0 125 500 0 0 0 300 268 150 0 166 1000 400 400 0 168 400 400 -400 400 0 550 -183 433 1000 500 400 100 250 575 0 0 0
900 1000 425 600 750 500 400 0 0 466 200 200 66 500 66 0 535 600 1000 454 0 200 0 0 500 100 658 1000 1000 0 1000 550 370 0 0 550 300 608 333 454 0 780 950 1000 909 0 600 0 0 0 1000 0 666 0 800 325 0 525 750 0 184 0 0 400 371 0 300 0 375 900 0 0 0 200 750 577 0 333 300 1000 1000 0 350 1000 1000 400 1000 0 700 377 633 300 1000 550 600 1000 475 0 1000 0
#WatfordFC 2016-01-23
-71 250 0 0 0 0 0 0 0 0 0 550 0 500 0 0 0 0 380 0 -12 333 0 136 -400 250 -200 250 0 0 125 -400 49 0 0 136 0 500 203 49 0 -400 0 0 500 0 300 68 133 0 136 0 0 70 125 0 0 150 0 0 500 0 0 0 0 500 -166 466 500 136 -125 0 -131 0 0 0 0 0 0 0 -266 0 0 -150 0 -400 0 0 0 49 85 250 0 0 0 250 0 0 0 500
142 375 0 600 0 0 0 0 1000 0 0 425 0 212 0 0 0 0 477 0 475 527 0 454 400 200 200 500 0 0 166 400 550 0 0 454 0 500 618 600 0 400 0 0 800 0 800 552 466 0 500 0 66 313 437 0 0 425 0 0 900 0 0 0 0 625 333 666 625 454 425 0 450 0 0 0 0 0 0 0 733 0 0 775 0 400 0 0 0 450 227 444 0 0 0 375 0 0 0 500
#NUFC 2016-01-23
136 250 -600 0 -300 0 399 0 0 268 0 0 0 252 0 -349 -50 0 0 400 0 -166 188 136 600 600 16 106 200 -113 0 0 600 500 200 -549 -379 404 -284 136 -166 484 0 200 -250 0 50 -85 -202 0 650 0 -260 0 400 -125 800 0 1000 0 0 0 233 0 250 183 0 446 200 -12 0 200 -291 0 976 500 0 0 0 0 0 0 0 0 0 500 0 136 136 -500 0 -116 100 118 0 600 0 0 0 0
454 444 1000 0 600 400 400 0 0 627 0 0 0 513 0 833 700 0 0 500 133 166 288 454 900 800 350 725 200 334 0 0 900 500 500 633 704 466 427 454 500 675 0 200 250 0 300 162 269 0 625 0 415 0 800 200 1000 0 300 0 0 0 266 0 750 233 0 535 550 325 0 750 541 0 800 1000 0 0 600 600 0 0 0 0 0 800 0 454 454 750 0 500 600 277 0 800 0 0 0 0
#WBA 2016-01-23
0 250 0 455 800 25 -200 0 1000 0 0 0 0 700 0 0 0 0 136 0 200 -400 781 -400 -125 0 71 -75 0 -41 0 216 500 -130 250 9 0 -99 566 0 -500 -700 200 100 250 150 -71 600 0 700 800 937 0 -1000 0 316 0 0 0 625 62 -130 0 -130 0 325 250 250 200 250 133 -125 68 449 700 250 320 312 0 0 -250 312 166 0 0 166 0 550 500 0 392 1000 0 -500 0 625 0 -345 0 0
0 900 0 562 400 412 0 0 300 0 0 0 100 775 0 0 0 0 454 0 400 600 500 400 125 0 508 516 0 583 0 515 500 520 500 486 0 494 341 0 600 800 200 100 644 475 608 900 0 600 400 1000 66 900 0 500 0 0 0 750 200 520 0 520 0 516 500 500 250 500 666 375 227 900 600 300 516 687 0 0 400 200 333 0 500 208 0 650 500 0 517 1000 0 1000 0 625 300 470 0 0
#AVFC 2016-01-23
267 75 625 375 0 100 -151 -77 -286 -133 0 166 41 33 0 166 0 -600 -250 0 368 -177 69 370 -399 0 0 -125 0 700 112 20 -431 -431 136 136 0 -152 0 0 0 -431 0 0 1000 0 0 0 250 136 -431 136 136 -390 800 375 0 136 200 80 0 0 -500 524 0 0 0 -431 -99 0 213 136 136 136 136 136 136 0 136 0 -166 700 136 0 99 0 0 500 273 -500 0 445 -500 -400 0 112 25 0 0 -131
428 550 600 750 0 550 484 323 625 263 0 500 347 758 500 666 0 900 437 0 677 511 625 700 383 0 0 375 0 900 512 277 727 727 454 454 0 604 0 0 0 727 0 0 1000 0 0 0 250 454 727 454 454 250 700 944 0 454 300 319 0 0 1000 625 0 0 0 727 733 0 454 454 454 454 454 454 454 0 454 0 333 600 454 0 550 0 0 1000 622 900 0 384 1000 600 0 284 208 100 0 443
#ncfc 2016-01-23
0 0 625 700 -100 -66 1000 245 700 -400 400 0 0 -33 0 0 0 900 -122 100 0 0 1000 0 0 -400 -66 0 0 25 200 125 500 0 175 0 58 68 566 1000 -162 136 350 1000 0 0 300 0 -150 250 150 0 0 33 -200 0 800 500 -500 0 400 400 400 400 400 400 400 400 400 400 400 400 400 400 400 400 400 400 400 400 400 400 400 400 400 400 400 400 400 400 400 400 400 400 400 400 0 400 400 0
0 0 600 600 191 522 400 674 600 400 400 0 0 425 0 1000 0 1000 219 150 0 500 1000 0 0 400 799 0 0 690 447 950 1000 0 325 0 766 277 700 1000 387 454 300 1000 0 0 466 0 500 566 300 0 0 696 100 0 750 900 500 650 900 900 900 900 900 900 900 900 900 900 900 900 900 900 900 900 900 900 900 900 900 900 900 900 900 900 900 900 900 900 900 900 900 900 900 900 0 900 900 0
#LFC 2016-01-23
0 0 500 0 600 500 500 0 500 0 500 0 -49 0 -49 500 136 375 200 0 1000 136 0 -244 166 135 500 0 0 0 0 0 136 416 0 375 0 285 1000 500 -400 250 750 -400 0 -24 100 142 0 -250 0 625 200 0 0 0 0 -49 0 500 600 200 178 466 0 -500 500 0 283 0 213 900 125 0 787 0 200 400 200 200 -156 300 0 0 0 625 0 -500 268 0 0 200 0 0 -500 0 208 500 283 350
112 0 1000 0 708 900 500 0 500 0 500 0 750 0 750 500 454 750 333 1000 600 454 0 422 666 227 500 1000 0 0 0 0 454 591 0 325 0 650 300 750 600 750 400 600 0 925 400 267 130 100 0 500 700 0 100 0 0 583 0 500 900 200 433 762 0 900 900 300 650 0 454 400 616 0 600 100 200 900 200 262 543 450 0 0 0 750 1000 1000 627 0 0 100 0 357 400 0 625 600 433 350
