#FFC 2019-01-20
125 0 83 0 0 5 250 0 0 -200 0 0 83 0 0 0 0 50 -44 452 133 0 0 0 0 22 650 0 0 0 0 0 433 0 0 122 141 0 412 225 -312 800 0 0 300 0 154 0 0 200 187 0 0 580 0 0 0 -100 333 116 116 -625 0 0 208 -133 0 383 0 425 445 800 800 0 0 0 0 200 33 17 -500 0 666 0 0 375 0 0 333 -166 0 397 0 -166 -77 -33 -155 500 0 -155
644 0 283 0 0 300 312 0 0 800 0 0 333 0 0 0 0 500 653 628 294 0 0 0 0 266 650 0 0 0 0 0 733 0 0 233 458 0 777 200 500 900 0 0 100 0 523 0 0 100 887 0 0 770 0 0 0 400 366 250 250 1000 400 0 458 600 0 650 0 650 600 900 900 0 0 0 0 375 429 590 900 0 483 0 0 500 0 0 399 166 0 460 0 166 144 633 288 500 0 288
#COYS 2019-01-20
0 1000 875 450 0 0 0 650 218 0 0 0 136 0 459 0 0 750 100 0 0 0 518 0 0 637 -666 0 -500 0 -133 364 0 800 20 0 175 -33 650 644 -300 700 0 0 200 233 500 0 0 0 483 200 -131 208 375 0 400 575 650 468 310 600 450 0 500 0 585 0 544 399 200 75 0 505 400 0 -650 0 400 -312 558 0 487 0 100 700 0 -200 500 -500 -699 -36 0 0 800 400 0 0 136 49
0 1000 600 775 0 0 0 550 472 0 0 0 500 0 603 0 0 900 50 0 0 0 481 0 333 850 1000 0 900 500 500 457 0 1000 147 0 800 716 612 822 650 600 0 0 233 687 1000 0 0 0 716 500 420 833 425 0 550 650 300 602 516 650 750 100 600 0 100 62 522 650 233 350 0 527 500 0 1000 0 250 687 712 0 756 0 1000 600 0 399 900 500 666 411 0 0 750 494 0 0 454 550
#HTAFC 2019-01-20
0 666 0 0 -375 470 233 50 650 0 -16 -25 178 0 0 250 -500 -200 633 425 250 229 340 33 -150 170 500 866 0 166 -250 369 1000 500 266 0 0 315 0 100 875 0 0 0 245 845 0 0 476 0 0 0 450 -400 0 500 1000 118 350 0 -50 -625 0 -160 210 0 0 0 800 300 850 136 0 0 0 900 -300 375 0 -133 25 287 0 900 0 0 180 0 -91 0 0 0 0 0 0 0 333 0 0 500
0 799 0 0 400 386 200 350 750 0 1000 125 400 0 50 450 900 500 366 500 575 580 200 391 524 500 500 966 762 333 500 641 1000 500 549 0 0 504 0 400 600 0 0 0 484 933 0 0 675 0 0 0 750 700 0 500 700 327 300 0 244 1000 0 173 560 0 0 0 750 100 1000 500 0 500 500 350 725 575 0 200 750 642 0 1000 0 0 697 0 266 0 0 0 0 0 0 0 500 0 0 694
#MCFC 2019-01-20
217 443 507 347 666 0 350 309 345 0 0 489 1000 700 81 800 355 212 0 0 0 0 0 400 0 0 0 -250 0 0 0 340 489 450 212 0 507 0 446 568 700 490 212 0 0 347 0 489 500 0 333 400 0 0 355 0 0 -50 -200 0 0 0 0 1000 0 0 0 0 61 -150 0 489 0 0 0 217 0 225 0 0 507 -93 0 450 0 0 489 0 0 0 0 0 0 0 0 0 41 300 489 0
500 538 570 484 733 0 675 538 799 0 0 609 1000 550 479 750 543 418 500 0 0 0 0 711 0 0 0 412 0 0 0 200 609 750 418 0 570 0 571 427 550 809 418 0 0 484 500 609 500 0 283 400 0 0 543 0 100 833 400 0 0 0 0 1000 0 0 0 0 488 650 0 609 0 0 0 500 0 349 0 125 570 250 0 750 125 0 609 0 0 0 0 0 0 0 0 0 300 700 609 0
#AFC 2019-01-19
-400 300 0 0 0 0 0 25 0 0 0 0 0 0 0 0 0 0 566 566 0 0 -200 0 130 0 150 0 0 -16 422 0 0 0 372 -49 0 14 0 62 0 0 0 500 0 -156 136 440 0 0 0 136 0 0 -319 -187 0 0 300 0 -499 0 -100 700 200 0 75 0 283 0 179 0 -400 0 650 0 468 100 0 250 0 -185 212 0 0 600 0 148 1000 175 0 99 320 0 0 500 130 0 0 0
700 350 0 500 0 0 100 283 0 100 0 0 0 0 0 0 0 0 500 500 0 0 700 833 470 0 650 0 0 466 294 0 250 0 588 550 0 372 0 500 0 500 0 500 0 500 454 682 0 0 0 454 0 100 666 618 0 0 462 0 533 0 100 600 300 500 387 0 413 0 341 0 400 500 700 0 427 100 0 1000 0 271 574 0 100 616 0 490 300 475 0 644 700 100 125 819 470 0 0 0
#CFC 2019-01-19
0 0 166 178 0 309 0 150 68 0 329 0 800 325 87 0 0 166 0 450 66 150 0 0 0 -25 650 -100 0 650 0 0 333 0 0 0 0 318 0 0 0 300 0 150 0 0 -62 0 350 0 500 -300 -400 300 0 175 -93 0 250 450 625 0 0 0 0 -400 100 0 0 350 0 0 0 0 0 0 0 0 0 0 0 0 0 0 533 360 -500 200 0 -500 0 -125 800 0 133 0 75 58 0 0
0 0 500 751 500 538 0 112 227 1000 443 0 900 450 270 0 0 166 0 550 674 650 0 500 0 449 894 200 0 894 0 0 99 0 0 0 0 477 0 0 0 100 0 112 0 0 187 0 300 150 900 400 400 450 100 275 300 0 250 750 600 0 0 0 0 400 200 408 0 400 0 0 0 0 0 0 0 0 0 0 0 0 0 0 416 500 500 100 0 500 0 375 200 0 450 0 387 455 0 0
#AFCB 2019-01-19
166 350 600 0 0 200 0 -131 0 133 350 0 350 166 0 300 350 0 0 0 0 0 0 0 250 0 0 0 208 -141 -1000 800 550 -120 200 90 0 0 0 300 0 200 0 284 0 0 -100 0 0 0 500 500 250 0 -699 0 0 0 0 0 0 0 285 90 250 200 71 0 750 0 0 68 0 250 0 -99 533 173 0 233 70 625 300 600 199 -200 244 0 0 0 318 0 0 100 388 -333 0 0 0 333
500 550 1000 0 0 400 0 450 0 566 550 0 550 333 0 700 266 0 0 0 100 0 0 0 944 0 0 100 300 650 600 1000 518 619 483 501 0 0 0 100 0 400 500 455 0 0 200 0 0 0 500 500 333 0 666 0 0 0 0 0 0 0 535 501 750 400 690 0 400 0 0 400 0 500 0 399 605 460 0 616 355 888 550 1000 508 400 466 750 0 0 488 0 0 400 700 666 0 0 0 666
#WHUFC 2019-01-19
0 600 285 285 285 285 0 0 73 600 0 500 0 0 0 500 -166 300 375 0 -203 216 0 250 250 250 250 500 0 133 0 -216 0 0 0 0 0 -62 0 0 0 0 0 -116 175 250 400 125 33 0 360 1000 0 -137 0 -500 -500 -500 -500 0 100 72 0 400 300 375 -500 500 0 507 0 175 -155 90 60 -155 0 0 -600 0 -66 137 300 0 100 386 0 0 350 250 500 166 0 0 -333 -62 500 0 500 0
166 1000 535 535 535 535 0 0 474 550 0 275 1000 125 0 533 355 512 500 0 766 399 0 500 500 500 500 833 0 566 0 208 0 0 0 0 100 187 0 0 0 0 0 350 399 500 320 525 766 0 603 400 0 800 0 300 299 299 299 0 1000 194 0 800 450 500 500 833 0 433 0 275 288 501 120 288 0 0 1000 0 200 487 450 0 1000 755 0 0 570 333 833 333 0 1000 500 187 833 0 500 0
#LFC 2019-01-19
1000 0 0 357 500 0 166 239 0 178 268 0 309 775 -200 0 1000 318 400 45 142 250 420 0 0 875 200 -100 0 87 0 -79 0 68 0 212 68 1000 485 0 800 0 -166 83 50 -400 433 0 0 0 248 316 0 485 0 500 0 0 200 449 -244 176 1000 68 800 151 0 91 0 0 0 0 0 268 -50 0 0 0 0 0 1000 492 485 -400 -266 0 650 500 500 1000 625 0 -50 500 568 136 500 0 -194 0
400 0 0 535 600 0 500 479 0 751 427 0 538 675 450 0 400 527 700 193 634 333 558 0 0 600 200 400 250 270 0 913 0 727 0 651 300 1000 450 0 1000 0 300 708 25 400 833 0 0 0 439 633 0 450 0 888 0 0 200 470 125 350 400 277 400 524 0 650 0 0 0 0 0 677 400 0 0 0 0 0 650 463 450 400 333 0 825 600 600 400 600 0 322 500 625 454 600 0 288 0
#CPFC 2019-01-19
260 199 312 -125 0 166 178 0 132 0 242 0 72 0 0 300 0 0 75 0 0 0 150 700 -150 0 0 0 0 0 0 0 0 250 0 0 568 0 220 0 150 447 -291 0 0 500 150 250 533 700 0 -400 -150 -800 -93 100 -200 0 0 0 0 0 125 0 375 449 136 0 125 250 0 -33 0 200 97 0 141 0 0 400 -500 400 250 160 900 0 72 72 0 72 400 83 0 -95 -291 -291 -291 900 -312 366
318 512 333 375 0 199 347 0 389 0 367 0 544 0 0 100 0 0 281 0 0 0 490 600 800 0 0 0 0 0 0 0 0 550 0 0 750 0 340 0 450 604 541 0 0 1000 50 250 583 850 0 700 300 900 250 100 50 0 0 0 0 0 166 0 500 550 454 0 50 333 0 433 0 900 564 0 387 0 0 400 500 800 416 370 875 0 544 544 0 544 628 355 400 470 541 541 541 1000 637 477
#MUFC 2019-01-19
16 0 300 0 16 320 0 16 239 700 16 0 0 178 300 136 16 250 625 0 309 -212 0 500 24 0 450 -83 0 625 217 -349 0 0 -205 -900 400 -50 0 250 550 175 0 0 0 0 0 0 233 500 87 -100 0 700 0 172 0 0 712 0 0 232 0 0 0 400 0 0 0 400 -125 0 293 208 800 250 0 500 0 0 0 77 500 -125 383 0 500 112 320 0 237 0 -166 -400 0 0 166 350 200 333
233 0 450 0 233 358 0 233 845 600 233 0 0 751 900 454 233 500 556 0 538 722 0 900 516 0 597 83 0 556 463 533 0 0 616 700 550 200 0 333 350 775 0 0 0 0 500 0 233 500 270 500 0 600 66 394 0 0 825 0 0 360 0 0 0 375 0 0 0 375 375 0 477 333 200 690 0 583 0 0 0 549 550 375 542 0 500 484 625 0 687 0 66 400 0 0 166 300 600 433
#BHAFC 2019-01-19
0 0 178 309 0 800 112 0 0 0 -33 812 0 0 -150 0 0 0 -150 0 0 83 166 0 540 0 0 357 0 350 0 0 0 0 0 0 0 0 0 0 500 312 0 178 0 0 -50 309 0 0 100 566 500 166 300 0 0 0 0 93 500 0 0 142 0 0 166 295 200 0 0 166 0 0 0 400 0 0 0 0 500 392 0 0 130 16 350 0 -156 -183 0 0 -100 350 0 0 33 375 0 475
0 100 751 538 0 1000 210 0 0 0 266 750 0 0 800 0 0 0 800 0 0 472 416 0 543 266 0 571 0 300 0 0 0 0 0 500 0 0 0 0 500 800 0 751 0 0 450 538 0 0 600 500 500 433 200 0 66 0 33 470 500 0 0 267 0 0 272 650 1000 0 0 533 0 0 0 1000 250 0 0 0 500 565 0 1000 130 399 600 0 375 133 0 0 400 650 0 0 66 550 0 625
#NUFC 2019-01-19
500 0 136 178 0 0 309 800 136 275 0 1000 700 87 1000 200 -350 300 -375 -250 46 111 0 -194 400 700 0 712 166 175 -1000 0 187 -400 -625 -200 0 312 -400 348 0 112 216 0 650 -160 0 0 500 -8 0 0 0 233 0 0 0 268 480 200 0 518 0 19 -400 62 150 267 0 120 0 -75 178 0 400 1000 0 -68 650 0 0 372 500 0 0 0 300 0 68 0 268 342 0 0 625 0 130 225 500 250
1000 0 454 751 0 0 538 750 454 225 0 300 800 270 600 200 475 300 500 400 622 488 0 288 1000 600 0 875 199 350 1000 0 425 400 1000 100 0 425 400 556 0 319 616 1000 1000 375 0 0 500 224 0 0 0 566 100 0 0 677 710 900 0 550 83 347 600 1000 364 571 0 538 0 41 516 0 900 1000 66 454 550 0 0 609 500 0 0 0 331 0 500 375 588 717 0 0 500 0 240 462 400 312
#cardiffcity 2019-01-19
0 700 0 0 500 0 350 200 0 0 49 49 225 49 0 -100 0 350 200 1000 0 100 0 0 0 0 0 0 0 0 -125 100 -250 0 0 500 0 0 400 0 0 375 0 0 0 550 -400 0 0 -266 800 550 0 0 0 166 0 0 1000 0 350 0 0 250 0 0 0 136 0 -400 237 550 750 600 350 200 396 150 -175 0 0 500 0 200 -100 250 375 0 159 0 300 0 250 0 350 27 0 0 100 400
0 600 0 0 900 0 300 100 0 0 366 366 625 366 0 600 0 550 650 300 0 250 0 0 0 0 1000 0 0 0 700 133 888 0 0 500 0 0 900 0 0 500 0 0 100 700 400 0 178 833 750 700 0 0 614 211 125 0 300 0 411 1000 0 500 0 112 0 454 0 600 368 500 550 1000 550 533 533 575 566 0 0 500 0 300 400 500 475 0 459 0 525 0 750 0 650 753 0 0 400 600
#SaintsFC 2019-01-19
625 625 0 393 0 100 -44 0 0 0 0 0 162 0 350 0 0 0 0 -72 0 0 259 850 0 0 457 666 50 0 733 -272 -168 0 0 0 -637 -637 285 0 0 0 350 -700 18 212 200 -250 0 254 350 0 199 -100 -100 0 600 60 -187 175 114 700 633 0 -600 338 -125 -150 166 0 800 334 750 -400 0 0 166 400 25 312 0 250 100 212 124 -88 208 0 0 0 0 0 0 -50 0 500 0 0 0 0
900 900 500 591 0 450 322 0 0 0 0 0 450 0 600 0 0 66 0 434 0 0 676 600 0 0 500 199 100 350 500 395 492 0 0 0 700 700 535 0 0 66 550 1000 506 316 200 750 0 572 462 0 322 200 1000 0 1000 220 500 475 396 833 549 600 800 461 125 399 400 0 1000 577 950 600 0 0 566 700 213 200 0 350 1000 450 525 488 250 0 0 0 0 0 0 244 0 1000 0 1000 0 0
#EFC 2019-01-19
0 178 -137 309 0 0 87 0 0 49 253 0 0 0 500 -62 0 0 0 0 350 0 312 0 0 0 0 419 0 0 400 338 0 0 -650 0 0 0 0 0 234 0 0 0 0 0 500 575 0 0 516 0 0 0 250 250 -125 0 0 0 200 175 633 331 -25 468 0 0 0 0 1000 1000 1000 1000 1000 566 0 0 0 -25 200 -450 125 100 500 0 0 400 375 325 0 0 0 200 250 0 0 0 250 0
500 751 475 538 0 0 512 0 0 525 584 0 0 0 500 187 0 0 0 0 600 0 250 0 0 371 0 557 0 0 800 633 0 350 650 0 0 0 0 0 763 0 0 0 0 0 800 550 0 0 983 0 0 0 250 500 375 0 0 0 500 475 549 605 575 100 0 1000 0 0 300 300 300 300 300 399 0 0 0 575 500 700 525 575 500 0 0 333 575 675 0 0 0 500 750 1000 0 1000 350 0
#WatfordFC 2019-01-19
-200 -16 514 0 200 0 0 -600 88 0 0 0 0 0 -100 200 136 133 125 -125 133 0 -300 0 70 0 0 50 0 325 0 0 100 500 0 -39 0 0 0 -100 0 0 -166 -100 0 0 33 0 208 -141 0 133 500 133 0 -300 113 0 0 0 1000 0 800 225 0 308 1000 0 -250 105 0 -100 0 100 700 0 0 0 -250 800 0 -699 440 -200 -25 510 0 468 262 0 250 625 0 -100 0 -200 -200 0 0 750
950 660 712 0 400 1000 0 400 883 0 0 0 0 0 200 266 500 266 166 125 266 0 488 100 449 0 0 425 0 675 0 0 1000 750 0 513 0 0 0 233 0 0 166 200 0 0 466 100 300 650 0 266 1000 266 0 488 738 0 1000 0 1000 0 900 283 500 350 1000 0 400 217 100 566 0 1000 600 0 0 0 400 900 0 666 720 400 166 633 0 625 433 0 750 500 0 228 0 400 400 0 100 400
#Clarets 2019-01-19
250 266 0 0 0 75 0 -36 0 0 0 -699 500 0 -36 -100 266 -100 0 583 -237 100 700 75 0 -36 0 80 333 625 -116 294 -16 0 -36 0 136 0 -36 400 194 0 0 -500 0 400 0 400 133 0 500 0 0 0 0 0 0 63 0 333 0 0 0 8 318 199 -416 318 800 0 0 1000 0 0 800 250 250 0 0 0 0 800 250 -100 104 0 0 170 100 -400 500 400 0 1000 0 0 59 0 0 0
500 333 0 0 0 325 0 354 0 0 100 666 900 0 354 255 355 200 0 550 550 200 600 325 0 354 0 640 500 500 399 500 250 0 354 1000 500 291 354 400 472 0 0 300 0 450 0 900 233 1000 900 0 0 0 0 0 0 425 0 133 0 0 0 306 700 533 750 700 400 0 0 300 0 0 400 493 333 0 0 0 0 400 333 425 591 0 0 500 100 700 283 725 0 300 0 0 400 0 0 0
#wwfc 2019-01-19
0 0 0 0 47 -300 0 -300 0 0 900 450 200 0 585 0 0 0 357 500 136 136 800 -125 400 0 100 0 0 -600 -291 400 0 0 0 0 0 0 0 25 291 0 0 0 -266 200 0 83 199 0 800 420 0 -24 103 0 0 100 0 0 0 0 250 0 0 0 260 100 0 0 0 625 0 0 250 0 0 250 100 0 0 92 500 450 800 625 124 0 0 0 -166 316 -83 0 0 0 0 100 0 -125
0 0 66 0 505 700 500 250 0 100 1000 750 100 0 377 0 0 0 571 500 454 454 900 125 400 0 275 0 0 1000 541 900 0 0 0 0 100 0 0 675 416 0 0 0 266 100 414 555 358 200 666 663 437 700 306 66 1000 112 0 66 0 0 100 0 0 0 593 1000 390 0 0 888 0 0 850 0 0 250 1000 0 0 628 500 750 400 500 500 0 0 0 250 549 125 0 0 0 1000 400 0 700
#LCFC 2019-01-19
387 309 0 500 254 366 350 0 0 68 1000 -212 1000 0 0 0 0 0 -46 0 0 0 0 0 333 500 -400 0 -183 600 45 0 500 0 0 0 200 700 0 0 21 0 0 0 0 250 0 700 400 0 100 780 0 500 0 0 156 66 0 0 0 0 0 850 700 250 302 83 125 -205 0 0 0 0 0 0 83 -54 800 0 0 0 0 83 125 800 0 0 800 0 0 0 0 0 0 -291 600 0 0 625
575 538 0 833 450 366 516 0 0 227 300 950 750 0 0 0 433 0 417 0 100 0 0 125 833 200 400 0 691 1000 618 0 900 0 0 0 187 600 0 0 564 0 1000 0 66 333 0 600 500 0 633 1000 0 900 0 0 175 399 100 1000 0 0 0 1000 600 333 477 750 166 539 0 0 0 0 0 0 444 437 750 0 0 0 100 111 166 750 0 0 1000 0 0 0 0 0 0 541 1000 0 0 875
#MCFC 2019-01-14
0 0 307 0 -93 0 200 307 500 0 -6 100 500 264 307 150 0 -250 399 0 0 0 0 0 -395 0 481 0 399 433 0 -500 0 0 0 309 -250 0 0 -145 0 800 0 0 0 333 550 200 0 300 0 307 0 0 0 0 133 0 0 407 0 0 -166 400 -699 0 0 0 500 -291 0 178 0 800 318 87 0 550 307 0 0 100 0 0 0 524 0 400 33 -195 0 0 0 0 -400 112 800 1000 800 650
400 0 570 0 300 0 100 570 500 0 247 200 400 550 570 200 0 533 616 0 0 0 0 100 757 0 500 0 533 700 0 900 0 0 1000 538 888 0 0 687 0 400 0 0 0 283 650 300 0 600 0 570 0 0 400 1000 596 0 0 391 0 0 666 1000 666 0 0 0 500 541 0 751 0 1000 577 270 0 341 570 0 0 383 0 0 1000 575 0 700 461 520 0 0 0 0 400 125 700 300 1000 450
#wwfc 2019-01-14
0 0 0 0 200 150 0 -500 293 0 500 0 0 512 0 500 0 625 0 16 0 400 -50 91 0 0 0 0 0 800 0 0 -500 200 600 -305 246 0 0 0 0 -125 -125 -42 400 0 250 600 0 -300 693 0 0 850 -781 350 0 800 -250 0 212 -99 0 0 41 0 312 0 200 500 650 60 392 100 500 0 0 0 738 -546 -16 329 0 0 0 38 600 0 -600 0 0 0 516 0 0 0 350 0 -166 170
0 0 66 1000 200 666 0 900 700 0 550 0 0 543 0 390 0 500 0 133 0 425 300 458 0 0 0 0 0 750 0 0 1000 200 950 561 356 0 0 420 0 125 125 557 400 0 600 900 0 400 783 0 0 800 1000 550 533 750 750 1000 799 600 0 0 66 0 200 0 200 200 466 260 517 200 200 0 1000 0 625 875 441 318 0 0 0 657 900 0 800 0 0 0 550 0 0 0 625 0 433 359
#COYS 2019-01-13
357 0 250 0 100 160 1000 0 -29 0 0 0 360 -425 41 150 339 0 -49 0 0 449 0 850 -16 0 466 450 -83 75 116 24 0 0 276 0 0 0 500 0 0 0 500 1000 -400 -262 0 0 0 229 0 -166 -388 68 0 500 300 900 -178 -400 125 -449 0 418 400 -155 266 16 0 0 250 0 400 67 400 0 625 50 400 -225 0 200 0 0 0 0 625 0 0 0 0 312 -154 80 316 -93 0 0 900 1000
606 0 316 0 200 539 750 0 344 33 0 0 471 400 425 291 658 0 418 0 0 400 0 812 633 0 394 375 233 495 816 537 0 0 646 0 0 100 600 0 0 41 500 1000 400 700 0 0 0 420 0 533 833 277 0 500 166 1000 675 700 300 600 0 550 500 288 325 311 0 0 500 500 500 514 375 0 888 200 633 700 0 425 0 0 0 0 1000 66 416 0 0 900 618 645 633 250 0 0 1000 1000
#MUFC 2019-01-13
350 1000 0 275 150 216 120 -178 39 0 0 -203 -29 0 0 136 392 -298 0 0 250 0 0 500 142 0 0 333 250 350 0 400 -155 212 212 -250 427 0 0 -75 0 57 225 169 0 0 0 0 0 -195 100 0 400 1000 136 -400 -74 0 392 700 0 0 0 0 700 602 392 800 0 500 800 0 0 0 238 0 333 0 0 250 133 500 400 1000 434 0 100 0 0 -106 0 394 0 0 0 -400 333 0 500 500
550 300 0 674 562 716 333 285 400 0 0 325 344 33 0 500 462 421 0 0 866 0 0 500 476 0 0 600 750 650 0 1000 288 418 418 650 650 0 0 325 1000 447 512 250 0 0 0 0 0 470 175 0 950 1000 500 400 679 0 462 600 0 0 0 0 900 541 462 1000 0 650 1000 125 0 0 690 0 600 0 0 1000 566 1000 950 300 613 500 625 66 0 368 125 537 0 0 0 400 600 0 650 1000
#EFC 2019-01-13
416 136 375 0 300 525 136 250 500 1000 0 49 -137 0 300 0 0 -93 800 -125 0 0 0 0 0 800 -600 346 -125 0 -31 -500 -500 -500 50 100 400 250 200 216 400 0 178 0 0 0 0 -250 0 750 -49 309 -50 218 0 234 -28 0 0 433 234 0 0 250 0 0 0 0 -50 175 37 200 0 50 0 0 0 -66 0 0 0 0 0 0 0 200 250 158 80 0 21 0 100 500 0 250 -152 0 0 0
444 454 625 0 0 800 454 312 600 750 0 649 579 0 100 0 0 250 750 900 0 62 0 0 0 900 700 501 375 0 693 500 500 500 166 300 800 500 500 666 250 0 751 0 0 0 0 500 0 750 600 538 50 277 0 338 671 0 0 600 763 0 0 500 0 0 0 0 50 375 393 950 0 500 0 100 250 133 0 0 0 0 0 0 125 350 300 465 599 0 701 0 0 900 0 500 344 200 0 0
#AFCB 2019-01-13
125 0 250 0 150 133 400 -400 0 125 0 0 0 0 0 0 0 136 0 0 125 300 0 0 100 -155 100 0 0 0 66 200 0 350 525 100 -155 500 37 222 0 0 -155 181 0 700 61 200 0 0 600 169 0 136 0 461 20 500 0 400 0 500 0 136 0 187 0 0 0 650 0 0 0 -166 100 -500 700 0 100 100 321 -116 0 337 0 0 0 0 0 0 0 0 0 0 0 0 0 0 100 200
416 0 300 0 649 166 550 750 500 416 0 0 0 250 0 0 0 500 0 0 50 400 0 0 400 288 700 0 0 0 450 380 0 550 541 300 288 562 637 594 50 66 288 362 0 600 349 650 0 0 1000 325 0 500 66 429 243 500 0 400 0 500 0 500 0 400 125 0 0 150 0 0 0 166 400 1000 600 0 750 750 687 266 125 500 0 0 0 188 0 0 0 0 0 0 0 0 0 0 750 650
#CFC 2019-01-12
100 408 0 49 197 0 0 141 0 0 500 -116 500 225 220 0 225 340 -155 0 200 0 500 0 0 0 -278 -500 0 0 0 100 136 228 0 700 -500 -250 0 -292 87 225 650 0 0 59 600 0 333 22 500 0 291 0 -250 9 -318 0 -200 -30 316 108 0 250 0 0 -500 433 700 0 850 0 600 125 0 0 400 0 0 40 104 462 524 -500 0 0 0 0 0 0 0 350 0 -166 300 -1000 0 136 0 0
50 494 0 616 604 0 0 579 0 66 500 366 500 300 488 0 300 676 288 0 100 0 500 0 0 0 437 1000 0 0 0 200 454 711 0 600 900 800 0 416 725 300 675 0 0 425 900 0 766 570 500 0 533 0 750 465 629 0 850 645 550 316 0 288 0 0 1000 833 600 0 1000 0 900 750 0 0 408 0 0 287 402 533 625 600 0 0 0 0 0 0 0 500 0 166 483 857 0 454 0 0
#NUFC 2019-01-12
125 1000 0 468 500 0 285 800 125 400 0 0 125 218 -56 300 160 0 0 25 0 200 100 200 136 500 -100 0 0 0 0 -97 -33 403 124 100 -462 0 0 -117 0 625 0 0 250 411 -150 345 61 250 -250 250 -33 0 0 425 0 0 22 0 81 500 0 0 -66 -600 -399 0 143 -266 0 -116 83 0 500 160 -300 0 199 -78 37 250 0 425 -125 0 0 0 212 0 0 0 -500 -10 -250 -700 0 -277 0 0
250 400 0 562 600 0 535 1000 416 400 0 0 166 375 518 450 539 0 0 625 0 300 300 633 454 625 200 0 0 0 0 100 500 777 314 400 687 0 0 393 1000 600 50 0 1000 399 950 584 611 950 687 100 500 0 0 375 0 0 766 1000 523 500 0 0 600 1000 500 0 443 500 0 625 216 0 500 392 600 0 300 625 425 500 0 607 650 0 0 0 318 0 0 0 700 595 750 1000 0 444 0 100
#BHAFC 2019-01-12
199 -200 -125 0 216 300 0 64 0 -800 0 -400 0 0 100 -200 0 0 0 0 0 0 375 0 450 0 0 0 0 156 0 0 0 -350 -91 64 0 100 250 -388 0 250 -750 0 0 0 -125 166 -77 350 224 0 0 0 41 0 -133 0 0 -200 0 -395 -21 0 0 0 -150 0 0 -291 0 57 540 1000 250 -250 -200 0 0 800 1000 178 0 -250 0 -80 0 0 0 500 0 -400 0 113 675 -400 250 0 0 750
489 300 375 0 244 483 0 655 433 900 0 400 0 0 400 0 0 0 0 0 0 0 550 0 475 0 400 0 0 666 500 0 0 600 520 544 0 138 333 833 0 500 1000 0 0 1000 125 600 144 650 449 0 0 1000 250 1000 466 0 0 300 0 770 73 0 0 0 500 0 0 541 0 456 840 300 500 250 400 0 0 900 1000 539 0 250 0 247 0 100 0 500 0 400 0 702 750 450 250 0 0 700
#LFC 2019-01-12
520 0 0 200 99 0 190 800 -180 0 150 94 0 -100 0 150 0 0 1000 152 350 1000 0 -297 343 875 -4 1000 0 400 0 875 318 400 63 166 1000 400 1000 687 0 0 1000 400 0 366 0 0 1000 0 700 500 0 185 0 400 0 1000 1000 0 1000 0 1000 400 1000 -250 -66 1000 0 0 0 37 0 392 0 1000 0 0 -100 -600 0 1000 200 200 -295 500 200 0 500 0 130 0 0 0 0 300 450 600 -125 0
233 0 0 266 800 0 326 400 530 0 250 238 0 200 0 50 0 0 400 475 400 400 0 344 437 600 311 400 0 200 0 600 222 200 623 416 400 200 400 950 0 0 400 400 0 616 0 0 400 0 600 888 0 544 0 200 0 400 400 100 400 0 400 200 400 500 350 400 0 0 0 633 0 517 0 400 0 0 400 700 0 1000 600 450 570 500 900 0 500 0 688 250 0 0 0 450 712 750 750 0
#Clarets 2019-01-12
153 0 0 0 0 -400 3 400 425 0 200 0 0 12 400 300 500 0 0 200 425 270 400 75 -166 0 0 500 0 133 0 0 0 333 -41 0 0 208 250 0 0 558 333 337 0 0 1000 -125 280 0 0 0 58 -16 0 400 287 400 0 500 0 0 0 83 0 0 266 566 0 399 0 136 187 0 566 0 800 0 0 0 370 400 0 0 0 -166 0 136 0 0 171 211 0 0 0 0 187 0 -81 0
558 0 0 0 0 400 458 600 550 0 420 0 0 500 400 500 500 0 0 420 337 429 900 325 433 0 1000 1000 0 600 500 0 0 433 708 0 0 333 500 0 0 533 333 687 0 0 300 1000 216 0 0 0 583 300 0 900 468 900 0 900 0 0 400 350 0 0 333 833 66 583 0 454 300 0 600 0 750 0 0 0 280 875 0 0 0 166 0 454 0 0 403 528 0 0 0 0 308 0 218 400
#FFC 2019-01-12
0 0 0 0 0 0 0 0 136 0 0 87 0 0 68 83 0 -150 0 0 178 0 0 0 -68 -83 0 200 166 0 136 0 0 0 100 0 -175 333 0 -200 -400 700 0 136 0 -400 -57 -77 142 650 0 -400 400 0 16 11 0 -77 700 100 0 0 -312 0 0 250 250 0 200 800 0 0 125 0 0 500 93 250 0 0 400 59 -244 0 0 0 0 0 -99 0 0 0 150 233 0 0 0 0 -600 0
0 0 0 0 66 0 0 0 454 0 0 600 0 0 377 455 0 350 0 0 289 0 0 0 454 229 0 200 300 0 454 0 0 400 200 0 450 462 1000 400 400 600 0 454 0 400 567 144 767 450 0 400 400 0 483 205 0 144 800 475 0 0 500 0 0 500 500 0 420 750 0 0 650 0 0 500 340 250 0 0 450 588 750 0 0 0 0 0 596 0 0 0 0 600 0 0 0 0 800 0
#cardiffcity 2019-01-12
0 0 0 350 0 0 1000 0 0 0 -400 500 133 0 0 50 0 208 -51 145 133 0 200 0 0 524 361 145 -208 0 0 0 0 145 433 0 145 -107 0 0 0 587 0 250 400 433 0 -82 0 7 780 0 -1000 780 800 191 -155 750 0 0 129 4 69 69 175 -400 -100 133 0 -100 700 300 300 0 0 0 133 -291 0 0 0 0 0 0 0 -24 0 0 -500 112 0 0 500 0 -100 0 0 0 500 0
0 0 0 550 0 0 1000 0 0 0 400 150 600 33 0 470 0 391 262 201 600 0 500 0 0 750 638 201 208 0 0 0 0 201 833 0 201 767 0 0 0 734 0 312 1000 833 0 140 0 593 1000 0 1000 1000 400 341 288 950 0 0 470 716 252 530 325 400 400 600 100 400 600 650 700 0 0 0 600 541 0 0 0 0 1000 0 66 700 0 0 1000 637 0 0 900 0 433 0 0 0 600 0
#HTAFC 2019-01-12
0 0 0 0 0 0 500 0 0 130 250 0 0 254 0 0 400 50 0 850 366 0 0 0 0 0 -116 0 0 -50 0 0 655 0 0 1000 -200 0 74 0 200 233 11 -40 0 0 0 0 0 0 -350 0 0 395 357 0 0 466 233 600 0 357 -400 0 446 0 0 0 249 6 0 12 616 0 0 0 150 263 0 212 350 0 0 125 0 187 0 0 0 0 75 536 0 0 0 0 93 -80 200 0
0 0 0 100 0 0 500 0 0 605 300 125 0 495 0 0 700 150 0 675 666 66 0 0 0 400 648 0 0 400 0 0 840 0 0 500 633 0 625 0 550 609 666 625 0 0 0 83 0 0 400 600 125 623 535 0 262 383 181 900 0 571 400 0 571 0 500 0 619 391 0 229 450 0 0 0 600 512 0 640 300 0 0 166 0 237 33 0 125 500 650 460 0 95 0 0 340 520 400 0
#CPFC 2019-01-12
237 114 -125 0 0 0 0 0 -400 0 0 800 100 285 294 -350 8 -400 0 554 136 625 0 0 100 100 100 500 275 -227 -187 625 0 0 0 -84 308 0 1000 0 0 366 250 -17 0 0 416 485 64 -600 500 400 400 0 0 -100 0 0 800 800 -200 0 0 0 400 0 500 214 -50 0 390 375 49 0 0 500 0 250 -333 150 0 0 -400 0 0 -312 850 -400 0 350 -200 0 0 0 0 0 0 0 0 100
500 454 375 0 0 0 0 750 850 0 0 750 666 535 366 550 666 400 0 880 500 500 0 0 400 400 400 600 562 655 972 888 1000 0 266 341 529 650 1000 0 0 966 250 571 0 0 366 639 479 950 500 600 1000 0 0 400 0 0 400 400 800 0 0 0 233 0 600 462 244 0 333 500 450 0 0 1000 0 250 666 550 0 0 400 0 0 687 775 400 0 350 700 0 0 0 0 0 0 0 100 483
#WatfordFC 2019-01-12
250 0 0 400 0 83 400 350 0 0 205 0 -500 172 0 -300 166 0 500 0 525 625 500 100 -500 500 0 178 0 121 250 800 625 68 0 100 400 0 0 -500 500 0 200 49 0 -306 0 0 175 0 -100 -75 -133 225 0 272 0 0 0 800 800 0 62 0 0 250 0 68 0 0 -466 0 0 0 0 0 -333 0 500 -416 0 0 100 0 0 0 575 0 366 500 136 -400 0 100 400 400 0 0 0 25
500 0 0 700 0 300 450 800 0 0 645 0 1000 711 0 475 291 0 1000 0 925 562 1000 950 1000 500 0 475 1000 492 750 1000 750 427 300 250 1000 0 0 1000 1000 0 356 485 100 515 0 0 475 0 550 655 733 325 0 300 1000 300 0 400 400 500 562 333 0 500 0 427 300 0 866 0 0 0 0 0 1000 300 500 950 0 0 600 0 100 0 733 0 566 700 454 400 300 250 1000 700 0 0 0 625
#LCFC 2019-01-12
0 0 150 2 0 0 -197 183 0 155 0 0 136 166 0 328 287 -637 0 -637 0 0 66 0 500 208 -400 0 0 -400 -500 0 200 200 200 0 0 -500 -133 -31 0 337 0 100 0 0 5 700 500 -700 0 0 -12 750 -175 0 0 0 250 -65 0 200 0 0 0 0 -8 400 166 0 52 458 100 0 69 400 0 0 -400 0 200 500 0 0 0 250 -200 200 0 0 700 0 -49 166 0 198 233 0 150 -31
0 0 550 447 0 0 580 372 0 716 0 0 500 166 0 711 575 700 0 700 0 1000 399 0 500 604 400 0 0 400 550 0 100 100 100 0 0 900 200 227 0 847 0 200 0 0 388 600 500 1000 0 0 288 400 175 250 0 0 333 663 0 187 0 0 0 0 458 500 622 0 235 583 300 500 466 800 0 0 400 0 200 625 0 125 0 533 0 400 0 0 600 0 850 666 0 519 466 0 600 227
#SaintsFC 2019-01-12
0 -250 -525 250 -100 0 400 -49 150 0 1000 -341 401 -400 0 333 0 533 -261 0 0 0 -400 -155 -637 -637 -400 136 500 0 -450 500 0 0 -400 0 0 0 0 0 0 -237 500 200 300 -58 -50 550 -500 0 0 0 0 250 0 0 0 0 350 500 49 500 0 0 500 400 0 0 0 0 0 216 -100 234 0 0 0 0 0 -66 0 0 237 250 0 2 125 175 -425 1000 500 0 0 0 -75 0 500 200 5 0
100 150 725 200 400 0 1000 700 300 0 1000 622 673 400 0 583 0 533 447 0 0 250 700 288 700 700 600 454 183 0 400 600 0 0 400 125 0 100 0 0 0 478 500 200 800 383 400 750 1000 0 0 0 0 500 0 0 0 0 475 500 350 1000 0 0 1000 1000 0 0 0 0 0 400 100 425 0 0 0 550 0 950 0 0 575 333 0 488 222 275 650 1000 500 0 0 0 516 0 500 200 388 0
#WHUFC 2019-01-12
266 0 320 400 0 0 0 0 0 0 0 0 0 0 100 0 0 73 0 0 0 170 -300 1000 0 83 -66 500 0 0 -600 -600 -600 600 -62 0 177 0 0 100 0 125 200 0 100 244 438 166 -99 0 136 0 136 0 250 136 250 0 68 136 0 250 136 66 0 500 -150 45 24 0 32 -111 0 0 0 200 0 0 205 300 0 0 384 -500 0 33 139 0 0 -200 258 0 311 200 200 175 175 175 175 0
316 0 365 400 0 0 0 0 0 0 0 0 0 0 1000 125 0 166 0 0 0 283 100 1000 0 458 383 500 0 0 700 700 700 1000 337 0 235 0 0 900 0 725 100 500 1000 255 436 333 300 0 500 0 500 0 333 500 312 0 500 500 0 525 500 366 0 500 600 518 696 0 465 214 0 0 0 587 0 0 255 512 0 0 551 700 0 269 260 0 0 800 487 100 433 100 100 358 358 358 358 0
#AFC 2019-01-12
-41 250 500 -291 0 0 0 0 0 0 0 0 99 -200 159 0 -200 0 122 575 5 500 430 -143 -133 272 0 0 66 333 50 0 0 -108 0 0 525 231 0 0 -71 0 0 0 -145 166 0 500 366 0 -600 133 -31 97 0 909 750 400 0 0 -125 0 -400 250 0 160 11 0 0 120 0 -124 33 500 0 0 -300 0 0 -62 0 0 270 -318 -250 500 83 260 154 0 800 250 0 0 29 -147 312 -62 0 66
600 250 500 800 0 0 0 0 0 0 0 833 550 800 625 0 350 0 609 700 362 500 775 202 441 639 0 0 466 555 629 0 0 716 0 0 712 650 0 0 214 0 0 0 686 258 0 1000 770 0 700 266 450 650 0 780 750 300 0 0 1000 1000 600 333 0 539 333 1000 0 290 0 700 150 500 0 0 400 0 0 333 1000 0 404 618 333 500 583 502 620 0 750 500 0 0 695 558 333 187 0 600
#MCFC 2019-01-03
-166 357 0 0 0 87 107 400 0 0 0 296 0 0 279 500 0 0 234 166 156 0 0 0 500 0 0 427 0 0 500 350 350 134 0 0 0 1000 0 87 0 0 0 19 309 0 0 0 188 279 50 106 0 0 -150 0 0 350 296 0 258 0 0 0 0 700 -120 427 0 0 321 107 234 227 211 0 0 0 258 250 329 134 261 0 0 309 0 0 0 0 312 251 0 223 -200 -133 0 500 107 427
66 571 0 0 0 270 670 500 0 0 0 596 250 400 300 833 0 0 763 666 700 0 0 0 500 0 0 650 0 0 500 550 550 813 0 0 0 1000 0 270 0 0 0 320 538 0 0 0 372 300 350 700 0 0 700 0 0 550 596 0 578 0 0 0 100 850 180 650 0 0 418 670 763 545 355 0 76 0 366 250 609 813 633 0 0 538 0 0 0 0 333 488 500 566 250 500 0 500 670 650
#LFC 2019-01-03
0 -200 0 0 -166 120 0 0 -91 0 131 0 0 0 0 238 0 0 0 0 87 0 0 214 533 0 -34 107 177 0 781 434 0 275 0 522 1000 200 -285 550 600 250 -200 300 -300 0 222 0 500 0 500 366 180 400 434 208 296 0 0 800 1000 1000 222 558 208 0 0 0 800 400 216 0 172 0 234 0 0 637 500 162 1000 0 400 0 0 525 -750 -750 -750 -750 25 600 99 434 434 300 0 68 233 0
0 500 0 0 66 579 0 0 541 0 599 0 0 0 50 472 0 50 0 0 270 0 0 457 383 0 494 670 388 62 600 613 0 366 0 642 400 500 702 875 1000 300 233 500 600 0 537 0 500 0 500 700 520 700 613 708 596 400 0 400 400 1000 537 535 166 0 0 0 1000 726 777 0 394 0 763 0 0 550 1000 321 400 0 200 0 750 541 1000 1000 1000 1000 700 825 88 613 613 500 0 260 200 0
#NUFC 2019-01-02
381 166 286 0 0 323 300 -100 -100 700 -75 112 0 93 0 0 250 334 0 276 468 700 25 -63 -393 -166 68 -386 456 312 0 0 134 -234 0 0 0 312 483 0 134 270 312 183 545 18 0 100 500 0 100 0 100 136 371 166 145 218 1000 445 181 -21 -600 178 68 568 -875 -116 178 1000 500 0 468 0 334 0 53 -166 700 150 0 485 506 -262 1000 100 0 166 250 0 250 291 296 600 0 -16 700 0 468 0
400 400 547 0 0 484 760 400 400 1000 537 751 0 620 0 125 500 838 0 579 727 600 400 580 727 166 727 772 751 300 0 0 813 399 0 0 0 618 400 0 813 609 484 283 684 800 191 400 412 0 225 0 50 679 431 400 535 825 300 751 434 818 800 684 250 727 1000 461 684 300 600 0 727 0 505 1000 575 66 600 558 33 727 727 433 300 400 0 400 750 0 333 318 521 700 0 366 900 0 727 66
#MUFC 2019-01-02
453 357 485 0 711 250 1000 0 1000 468 384 468 250 472 650 687 0 800 296 357 0 0 478 0 -50 0 0 0 234 133 212 468 0 487 136 0 -100 0 400 446 500 150 250 -63 0 234 0 150 204 -139 0 333 0 300 300 0 0 566 1000 0 0 170 0 416 454 0 0 800 0 224 580 0 0 0 500 170 0 0 -200 0 428 0 58 0 0 468 125 520 0 1000 357 0 0 490 -84 800 448 0 0 134
488 636 727 0 708 300 300 0 1000 727 484 727 300 550 675 462 0 750 596 636 0 0 651 0 50 0 0 1000 763 233 418 727 0 550 454 0 400 0 800 532 833 286 300 580 0 763 0 450 494 342 0 122 0 600 308 0 0 727 1000 0 0 454 1000 492 741 66 500 1000 750 575 520 0 400 0 500 454 0 0 100 0 451 0 141 0 0 664 166 651 0 300 553 0 50 684 257 1000 538 0 0 813
#AFCB 2019-01-02
416 -500 -75 -139 195 0 0 66 0 200 0 0 0 0 1000 468 297 200 0 395 0 300 0 650 0 500 0 0 0 0 0 478 66 200 -66 -233 300 285 0 139 0 0 0 196 0 750 0 468 500 0 399 99 -183 0 0 0 0 356 0 1000 0 900 0 0 500 0 500 350 -48 0 0 697 0 114 0 0 0 0 0 0 -200 31 0 -125 86 -224 142 0 0 8 0 391 25 0 200 -60 0 0 -569 400
551 875 175 342 345 0 0 200 0 580 0 0 0 0 300 727 662 725 0 570 1000 100 0 625 0 500 0 0 0 0 0 651 200 200 333 433 500 535 0 476 0 0 0 308 0 1000 0 727 600 0 291 762 325 0 0 0 0 600 0 300 0 900 0 66 500 0 600 550 514 625 0 571 0 262 0 0 0 0 0 0 100 414 0 500 313 427 267 325 0 662 0 358 300 666 600 260 1000 0 791 900
#WatfordFC 2019-01-02
500 0 421 159 321 468 -200 175 0 200 520 468 360 359 0 468 1000 0 0 -200 -200 170 82 497 578 300 354 100 -600 300 319 567 350 136 200 100 0 393 0 0 466 300 380 -166 -400 -133 400 -400 -200 125 -400 -250 0 500 0 -262 -400 -153 395 434 0 0 0 274 0 0 100 0 400 0 102 468 192 0 0 0 0 100 158 50 0 0 0 158 0 0 333 268 0 283 0 0 0 142 250 0 0 0 0 468
600 1000 863 513 408 727 700 350 0 400 651 727 441 738 0 727 1000 0 1000 700 700 734 495 712 734 200 621 100 800 200 602 770 650 500 400 1000 0 655 0 0 613 200 547 466 400 466 400 400 700 925 400 1000 0 500 0 387 400 583 651 450 0 0 0 333 0 500 450 600 400 0 379 727 255 500 0 0 0 400 425 533 0 416 0 425 0 0 583 505 0 444 0 0 0 267 512 0 0 0 0 727
#CFC 2019-01-02
1000 517 0 433 -116 212 1000 1000 0 485 0 400 -200 600 209 412 0 750 0 300 600 -800 187 183 0 1000 0 0 0 280 0 368 750 485 0 566 261 302 485 0 0 0 0 168 0 -155 0 -155 68 0 750 750 400 0 0 0 0 468 0 0 562 386 1000 0 0 0 434 0 -50 377 0 -41 473 0 500 0 0 75 0 325 250 0 100 0 500 0 438 212 781 0 600 0 0 0 0 200 200 0 0 0
300 663 0 450 533 418 900 300 0 727 0 800 200 900 513 525 0 900 0 250 1000 900 437 679 0 300 0 0 0 520 357 727 900 727 0 727 445 590 727 0 0 0 0 277 0 288 0 288 258 0 900 900 316 0 0 1000 0 727 0 0 801 610 400 0 100 100 576 0 50 450 0 555 493 0 750 66 0 316 0 537 283 400 100 0 750 0 516 418 500 0 800 0 0 0 0 300 300 600 0 0
#SaintsFC 2019-01-02
0 468 500 562 500 0 0 645 0 0 468 398 0 0 375 150 50 551 250 528 219 92 -333 506 468 0 0 19 121 16 150 409 0 -233 312 0 550 1000 800 0 312 0 0 500 0 468 0 0 0 100 0 242 0 50 66 200 240 383 0 500 248 250 550 68 -165 266 166 416 850 176 0 250 300 0 0 0 -85 0 503 0 559 0 -400 250 0 114 170 0 276 0 566 280 0 0 255 0 -98 0 172 166
500 727 472 801 500 0 0 734 0 0 727 448 0 0 200 100 350 688 250 734 459 238 300 727 727 0 0 420 198 433 581 563 0 600 518 0 650 300 750 533 800 0 0 500 0 727 0 0 0 400 0 393 0 350 521 600 429 510 0 700 557 300 422 277 494 641 366 458 800 629 0 650 800 0 0 0 590 0 690 0 738 0 400 312 0 603 585 0 285 0 449 320 0 0 507 0 411 0 375 666
#HTAFC 2019-01-02
485 428 400 0 166 0 0 227 180 0 468 500 110 0 1000 116 0 0 0 485 0 375 485 750 153 500 0 350 0 212 512 67 447 0 0 0 0 -133 450 0 0 562 256 136 50 500 0 234 0 0 389 182 92 50 155 0 0 0 0 127 400 143 233 618 0 506 0 0 0 92 320 0 443 312 0 1000 0 366 0 268 514 800 500 100 133 0 0 -500 358 0 -125 0 200 400 468 312 656 0 0 43
727 701 750 0 283 0 0 490 720 0 727 600 605 0 1000 266 250 0 0 727 0 450 551 400 542 888 0 650 0 519 784 393 470 0 500 0 0 600 400 1000 0 536 375 454 550 500 0 630 0 0 600 441 674 200 375 0 1000 0 1000 604 500 412 483 615 0 727 0 400 0 374 650 0 627 518 0 300 500 566 1000 513 631 750 500 200 412 0 0 1000 690 0 800 0 500 1000 727 200 436 0 0 427
#Clarets 2019-01-02
161 0 0 596 500 150 472 323 136 0 0 0 0 250 207 1000 0 0 160 0 333 449 345 433 -250 0 0 0 0 0 0 0 300 68 0 500 441 333 0 0 -175 0 311 0 900 -494 150 0 -23 125 0 29 0 1000 1000 800 -250 0 433 350 211 0 0 166 227 0 0 0 -166 450 0 400 0 0 0 0 -83 68 50 0 0 0 0 0 0 -400 0 14 0 500 0 0 -400 0 0 43 136 285 -375 68
499 0 0 813 500 283 690 484 500 0 0 0 0 250 350 300 0 0 539 0 333 350 619 500 250 0 0 0 0 0 0 0 200 727 0 500 399 666 0 0 550 466 484 0 1000 916 283 0 71 400 0 545 1000 300 300 400 250 0 727 550 377 0 0 622 405 0 0 0 166 750 0 233 0 0 0 0 583 227 562 0 0 0 0 0 0 400 291 276 50 378 0 0 400 0 0 232 500 445 600 227
#WHUFC 2019-01-02
0 0 478 0 700 0 0 181 0 0 349 100 460 0 400 0 181 0 153 0 307 0 78 500 118 427 0 0 733 0 340 0 50 0 136 0 200 0 1000 233 0 0 166 0 0 133 225 144 0 49 150 0 99 0 0 0 -600 562 -98 0 250 500 0 0 0 -100 0 0 0 0 0 0 0 321 700 700 433 0 0 400 500 33 400 0 0 400 500 600 0 0 0 500 100 -21 600 495 500 500 0 0
0 0 651 0 700 0 0 600 0 0 700 400 658 0 800 0 480 0 454 0 521 0 618 500 377 510 0 0 466 0 760 0 200 0 454 0 233 0 300 366 0 0 166 0 0 433 750 455 400 950 241 0 600 0 0 0 800 800 367 0 283 500 0 0 0 400 0 0 0 0 0 0 0 687 600 600 500 0 0 800 500 133 1000 0 0 800 500 900 0 0 0 800 400 292 900 537 375 500 0 0
#BHAFC 2019-01-02
166 0 0 -874 522 0 -399 -300 0 199 199 312 0 166 127 445 468 800 187 0 -208 534 0 0 800 0 241 0 309 369 332 285 500 492 309 122 578 -200 500 -1000 700 0 149 0 423 468 150 275 250 0 -100 0 0 0 0 500 0 0 -149 0 500 0 468 166 500 384 1000 -400 58 68 -225 0 150 0 0 0 318 -28 1000 875 300 0 0 0 800 145 18 0 456 500 -400 210 1000 -13 0 309 0 0 0 866
400 0 0 666 609 0 525 400 0 600 441 625 0 400 590 551 727 750 733 0 166 601 0 0 400 0 316 0 538 715 463 535 500 567 538 398 734 700 500 1000 733 0 500 0 707 727 366 546 522 0 100 0 0 0 0 500 0 0 750 0 825 0 727 400 500 588 300 400 427 227 750 0 649 0 0 0 477 686 1000 600 577 0 0 0 750 784 493 0 668 450 400 351 1000 673 0 538 0 0 0 683
#wwfc 2019-01-02
166 606 416 550 800 380 147 142 -900 380 0 1000 500 281 0 642 0 291 116 0 0 468 0 0 0 468 287 0 656 639 609 468 468 -124 0 0 468 0 -71 334 468 394 -116 485 0 0 -122 593 787 114 0 0 0 0 75 199 454 409 700 0 0 728 0 209 250 0 0 468 645 800 485 250 800 485 0 -197 468 445 645 -73 412 104 489 0 104 466 627 468 0 0 0 -187 468 100 506 0 0 -287 0 0
600 663 796 650 1000 370 710 404 1000 370 0 300 600 572 0 838 0 566 733 0 0 727 0 0 0 727 522 0 818 634 563 727 727 371 100 0 727 0 214 503 727 548 566 727 0 0 438 762 600 450 0 0 0 0 525 300 530 638 750 0 0 863 0 414 333 0 0 727 614 950 727 800 950 727 100 416 727 784 818 269 751 183 659 0 183 533 767 727 0 0 0 500 602 400 727 0 0 533 0 0
#CPFC 2019-01-02
468 412 468 312 0 250 0 0 222 0 433 437 -275 671 0 500 100 400 645 0 387 0 0 0 0 0 0 184 62 0 0 244 700 100 500 0 87 433 -93 0 266 311 0 0 427 0 503 350 625 0 234 0 0 0 0 750 0 625 0 0 100 0 333 0 0 0 0 0 366 0 0 350 357 100 0 380 0 0 434 325 634 0 -333 0 0 0 0 0 1000 0 0 0 500 0 0 0 0 -616 0 200
727 751 727 818 0 300 100 0 644 0 605 625 325 584 0 500 400 950 784 0 618 0 0 0 0 0 0 439 751 408 0 433 600 300 500 0 625 833 750 0 366 577 0 0 850 100 518 333 500 0 560 0 0 0 0 1000 0 500 250 0 1000 50 583 0 0 0 0 0 829 0 0 350 636 875 0 440 0 0 450 266 663 0 666 0 0 0 0 0 300 0 0 0 1000 0 0 0 0 683 0 900
#cardiffcity 2019-01-01
800 0 266 400 0 -143 232 0 0 0 -174 0 900 500 53 0 0 -333 400 -131 500 925 262 0 0 0 433 0 0 350 0 0 500 0 -200 0 0 1000 0 325 0 0 -131 462 766 170 0 0 387 -400 0 0 500 800 651 0 0 307 0 100 1000 0 566 433 0 0 195 500 214 0 175 0 325 525 500 240 425 350 0 800 -333 -400 0 0 0 0 0 250 0 -100 -200 650 0 0 -800 233 0 0 75 -200
1000 0 633 900 0 340 610 0 0 0 361 0 1000 500 303 0 0 666 512 427 766 1000 333 0 0 0 416 0 0 550 0 0 500 0 450 0 0 1000 0 575 0 0 427 344 875 454 0 0 458 400 0 0 600 400 577 0 0 670 125 750 300 100 333 451 0 0 483 800 357 0 275 0 433 337 1000 500 475 650 0 400 666 400 0 0 0 0 0 300 0 400 200 700 0 1000 800 550 0 0 175 400
#COYS 2019-01-01
175 49 0 0 0 0 118 375 325 359 -200 0 0 0 -81 0 0 0 0 0 0 0 1000 0 47 0 0 600 125 150 0 -62 -400 1000 0 -25 333 184 -87 200 137 -83 700 1000 50 175 -100 0 53 1000 226 351 433 0 -31 -4 333 11 0 266 1000 0 -155 0 -146 0 0 -300 500 0 225 1000 0 -250 250 100 300 178 449 -262 166 83 199 0 1000 200 233 600 104 250 -500 0 0 166 -14 466 -155 0 211 -125
400 662 0 0 0 0 518 750 600 426 800 0 0 0 693 0 0 0 0 0 0 0 300 1000 311 0 0 400 400 250 0 387 600 300 0 200 416 356 384 500 387 133 600 1000 150 441 1000 0 484 600 407 334 608 0 468 395 333 303 0 166 300 0 288 0 867 0 0 400 600 0 525 1000 0 400 250 1000 725 618 625 575 452 450 450 0 400 200 716 850 276 250 900 0 0 750 371 716 288 0 535 375
#AFC 2019-01-01
320 0 0 0 0 528 0 33 0 0 68 -75 488 0 0 68 -500 0 166 -244 0 -200 -75 36 0 300 0 -150 0 -52 0 0 338 0 0 0 0 -133 0 0 0 0 0 -250 0 0 -195 134 -66 -350 -100 0 -243 104 0 300 0 -315 0 0 0 0 0 0 433 0 0 208 -500 0 -250 0 0 0 0 0 283 0 -199 -50 700 200 0 437 30 0 0 0 0 0 50 100 0 0 800 0 0 -35 0 275
533 0 0 0 0 585 0 333 0 0 277 475 500 0 0 277 1000 0 833 502 0 300 366 411 0 100 0 200 0 725 0 100 726 0 0 1000 0 488 0 0 0 0 0 449 0 0 260 412 266 800 100 0 288 576 0 100 0 469 0 0 0 0 0 0 300 0 0 333 550 0 200 0 0 0 0 0 316 0 666 400 800 400 0 650 319 0 0 0 0 0 475 700 0 0 400 0 0 104 0 522
#FFC 2019-01-01
0 433 0 100 0 1000 1000 0 0 180 0 0 -250 -116 -155 0 -541 -1000 0 11 -24 0 266 500 0 -111 400 0 -333 100 100 200 33 175 -155 93 0 208 100 0 1000 0 -400 0 -266 200 -950 277 0 0 1000 500 0 -50 -22 232 0 0 0 0 0 650 0 0 25 -112 250 200 116 0 0 0 0 0 0 333 0 900 146 -4 -105 0 -100 500 0 0 93 125 750 0 433 45 433 0 200 88 0 366 800 -300
0 850 1000 200 0 300 300 0 0 513 0 0 399 216 288 0 733 1000 0 526 455 0 366 500 0 430 900 0 666 200 200 450 66 308 288 500 0 333 700 0 1000 0 400 1000 966 400 1000 457 0 0 1000 500 0 200 632 610 0 0 1000 1000 0 450 0 0 112 547 450 900 459 0 0 0 0 0 0 716 0 1000 501 449 488 0 400 750 0 0 493 287 850 0 850 151 850 0 500 252 0 333 400 400
#EFC 2019-01-01
-85 0 -450 500 100 -300 0 800 -99 0 0 0 0 0 -114 0 0 0 208 -333 0 0 0 0 50 0 0 142 0 0 0 0 0 0 0 0 283 0 200 -400 0 99 0 68 400 0 309 0 0 0 0 0 0 -400 0 136 0 196 136 232 0 -250 0 0 -500 250 100 0 250 0 500 500 0 0 0 0 0 250 955 250 562 0 0 500 400 500 400 136 -1000 125 0 234 240 0 0 800 0 0 0 250
461 0 500 875 150 600 0 400 1000 0 0 0 0 0 577 0 100 0 333 666 0 0 1000 0 550 0 0 267 0 0 0 0 0 0 0 0 516 0 600 600 0 316 0 252 700 1000 538 100 0 0 0 0 0 700 0 454 0 558 500 610 400 200 100 0 600 500 100 0 750 0 500 888 0 0 0 0 0 1000 890 450 600 66 500 500 400 500 800 454 1000 250 0 763 400 600 600 700 0 0 0 300
#LCFC 2019-01-01
0 500 292 -300 0 300 0 0 256 0 0 0 -250 0 0 307 278 293 208 95 400 0 0 0 0 0 0 0 125 533 266 0 -800 500 -333 100 125 0 550 309 0 0 0 0 222 0 -22 -166 0 -699 232 175 0 -300 388 0 642 0 62 0 -82 537 0 0 -500 -125 -50 250 500 377 -62 -200 0 0 33 136 0 99 187 0 400 0 0 -55 0 -37 0 136 0 500 175 0 -387 -123 -133 230 -5 -316 66 -597
0 500 628 383 0 750 50 0 603 500 0 0 750 0 800 618 385 443 333 511 900 0 0 0 0 0 0 1000 482 533 633 1000 900 600 533 400 581 0 650 538 0 0 0 0 722 0 730 500 0 666 610 603 0 350 444 0 417 0 187 0 737 787 0 0 500 187 400 450 500 547 237 250 0 0 546 500 0 350 575 1000 700 0 0 722 0 433 0 454 0 500 683 0 416 380 433 450 391 866 237 785
#MUFC 2018-12-30
0 336 -100 0 0 0 -100 -137 238 50 0 0 250 400 146 0 300 0 250 312 0 0 412 78 196 416 0 0 0 1000 0 270 400 500 0 0 322 0 0 850 0 0 0 -67 375 225 200 0 116 0 300 0 -62 0 500 0 0 0 0 0 0 0 0 -166 300 0 -66 0 166 66 83 0 150 0 125 800 275 312 650 0 0 0 0 800 0 0 0 0 0 0 68 149 0 500 400 399 -25 449 -400 0
0 534 400 0 0 0 400 510 536 350 0 0 450 550 375 0 500 0 500 450 0 0 734 646 405 683 0 0 0 1000 0 360 800 900 0 0 392 0 0 1000 0 0 0 459 550 225 380 0 708 0 657 66 400 0 500 0 0 0 0 0 0 0 0 66 562 0 666 0 277 454 355 0 361 0 900 1000 625 444 900 0 0 0 0 1000 0 0 0 0 0 0 227 440 333 500 800 700 200 737 600 333
#AFCB 2018-12-30
500 0 399 0 0 -166 0 -250 500 400 0 0 0 0 -87 125 0 300 -500 250 500 99 1 -400 99 -69 0 0 500 -138 -166 0 0 100 0 500 0 0 0 0 0 33 184 0 0 300 300 451 1000 0 0 0 234 0 800 0 -400 0 -600 150 1000 0 0 41 -66 0 1000 200 81 139 325 136 0 0 0 375 -312 193 0 -100 112 -300 750 81 187 500 0 167 0 800 -55 625 334 541 0 -750 325 0 -12 0
500 0 166 0 0 333 0 888 500 1000 0 0 0 300 633 200 250 750 666 275 500 305 622 400 733 424 0 0 500 522 333 0 0 400 0 694 0 0 0 0 542 450 251 0 0 200 50 612 300 1000 0 0 313 0 750 0 400 0 833 300 1000 0 0 250 233 0 1000 200 287 320 462 454 0 0 0 750 1000 318 100 400 573 678 400 287 333 516 0 557 66 875 388 700 622 388 0 1000 462 0 479 0
#Clarets 2018-12-30
0 200 200 200 24 350 0 200 200 200 -50 -400 0 250 0 0 -400 200 142 800 0 400 41 0 0 500 0 400 200 72 0 400 175 0 -400 -150 0 0 1000 1000 0 0 0 0 0 1000 0 250 -600 500 500 0 0 287 1000 500 199 0 250 0 250 0 0 0 -1000 0 200 0 0 0 -111 0 850 316 0 -99 500 0 0 -92 0 1000 1000 0 0 0 0 650 0 99 0 0 0 0 -250 0 900 350 666 0
0 200 200 200 491 475 0 200 200 200 238 400 0 500 0 1000 400 200 517 1000 0 400 250 0 100 500 0 550 450 483 0 700 425 66 400 399 0 0 300 300 0 0 0 0 0 400 0 250 400 350 500 0 0 487 300 500 429 0 416 0 416 0 0 0 1000 0 100 0 0 0 111 0 700 644 0 199 500 0 100 595 1000 300 300 0 0 100 0 500 0 650 0 0 0 0 562 0 1000 550 666 0
#WHUFC 2018-12-30
0 -250 418 244 0 0 400 100 -100 0 600 475 359 136 27 -50 159 0 1000 0 362 0 0 0 0 600 -50 0 0 300 162 500 -200 205 0 155 0 0 0 350 500 500 168 0 0 0 99 0 375 325 0 0 750 0 4 0 0 478 292 136 132 0 100 199 68 0 170 500 300 312 0 96 800 374 500 675 312 506 0 1000 0 0 105 525 488 68 68 900 -66 0 0 0 133 -25 545 0 233 700 -28 633
0 1000 577 511 0 533 900 383 716 0 900 438 213 684 547 400 644 0 1000 0 625 125 1000 0 0 516 400 0 0 100 584 700 500 520 0 397 0 0 0 300 500 600 677 75 0 562 733 0 231 241 100 0 600 0 505 0 0 648 713 454 633 0 198 441 227 0 454 600 450 401 0 663 750 381 900 550 818 602 0 300 1000 0 496 550 200 727 477 1000 255 0 0 0 400 483 651 0 666 600 613 466
#SaintsFC 2018-12-30
-250 100 600 275 0 6 0 -200 -800 0 100 0 -500 0 56 0 0 0 0 250 0 0 -800 46 0 0 -200 1000 0 0 0 0 0 175 0 -49 -49 -49 -49 0 -400 207 100 18 0 178 250 550 118 -500 0 500 0 300 0 100 233 0 100 1000 1000 136 0 0 399 516 250 -61 466 210 0 -400 175 0 0 -246 362 0 125 0 -33 59 300 316 100 100 93 -30 -133 0 -155 0 0 0 -325 399 -291 -66 0 0
1000 225 624 533 775 286 0 233 900 0 483 0 900 0 210 0 0 0 0 500 0 0 900 493 0 0 250 1000 0 0 0 1000 0 400 0 700 700 700 700 0 600 483 900 362 0 785 400 900 611 700 0 500 0 200 0 200 241 0 1000 1000 1000 454 0 0 466 477 375 523 422 420 66 400 366 0 0 466 708 0 375 0 441 458 800 741 400 400 525 395 200 0 288 0 0 0 500 625 541 75 0 0
#MCFC 2018-12-30
200 933 -100 250 0 0 100 0 0 0 0 400 1000 0 56 1000 0 0 0 0 500 0 225 0 0 256 0 83 0 -12 250 0 0 300 393 0 160 0 500 0 0 200 900 0 800 0 0 651 0 0 0 75 378 500 -500 0 0 0 0 0 650 0 0 269 0 100 -400 -75 0 800 200 0 200 0 0 225 0 187 -133 0 1000 66 99 -43 0 0 229 0 0 -250 279 0 750 0 -66 0 -71 0 0 279
200 733 50 450 0 0 100 0 0 0 500 800 300 0 210 1000 0 125 0 0 500 0 250 0 0 518 0 613 0 0 500 0 0 200 200 0 347 0 500 0 0 300 900 0 400 0 0 660 0 0 0 333 284 750 400 0 0 0 0 0 625 0 0 520 0 150 400 358 0 700 200 0 580 0 0 250 100 649 794 0 300 333 533 683 0 0 440 0 0 550 353 0 600 0 506 0 142 0 0 470
#CPFC 2018-12-30
-400 349 349 500 0 700 0 0 -400 0 0 250 200 -166 279 0 0 0 0 0 378 -781 233 0 0 0 0 0 0 0 262 250 283 100 261 0 0 0 -200 0 900 0 0 0 500 0 0 -266 0 0 0 0 750 0 200 0 125 0 0 500 0 484 183 136 -400 -327 -500 125 -19 0 -50 500 0 0 0 -400 0 0 137 0 0 0 0 0 0 125 50 0 0 0 238 400 800 0 339 0 0 0 0 0
600 716 666 500 300 600 0 0 700 0 0 312 200 333 659 125 125 0 0 0 511 400 516 0 0 0 0 0 0 0 383 100 411 1000 611 1000 0 766 100 0 1000 0 0 0 600 0 0 361 0 0 66 0 600 0 327 0 750 0 0 500 0 601 383 500 400 294 1000 750 459 0 400 500 0 1000 0 400 0 0 316 0 0 0 650 0 0 1000 62 0 0 0 518 400 1000 0 570 0 0 0 0 0
#CFC 2018-12-30
-175 0 350 0 0 312 0 320 0 0 -233 0 0 350 400 336 400 0 0 116 -208 0 0 400 318 0 0 458 0 0 -75 427 0 350 0 0 -600 136 325 450 0 275 0 0 0 0 0 208 441 75 0 0 107 0 0 62 0 0 0 300 -600 0 233 0 0 0 0 0 0 78 399 -250 0 0 316 33 427 -25 0 150 800 0 -200 0 0 0 0 427 68 1000 392 0 0 0 0 0 75 -83 166 100
450 0 650 0 0 404 0 620 0 0 274 0 0 650 700 447 699 0 600 566 625 0 0 450 527 0 0 483 0 100 366 650 0 350 0 0 1000 454 650 750 0 350 0 0 300 0 0 250 549 450 0 0 571 0 0 550 0 0 0 950 800 0 466 0 0 250 0 0 0 458 188 500 0 125 516 700 650 200 0 375 400 0 725 0 0 0 0 650 289 300 517 0 0 0 0 0 300 766 166 0
#LFC 2018-12-29
-600 0 0 227 800 253 0 328 33 -33 100 0 0 500 0 500 0 500 500 134 1000 -50 0 0 0 0 0 0 283 62 700 625 303 800 91 0 875 0 -75 24 200 212 0 0 543 0 0 99 0 0 100 583 -100 0 68 -400 -366 166 0 0 0 0 0 0 0 0 202 -150 24 0 800 366 -600 -100 107 144 22 500 97 339 0 500 425 -250 0 0 0 260 166 800 168 0 890 650 0 250 216 103 0 0
900 0 50 308 700 846 266 594 654 400 300 0 0 500 0 650 0 500 325 813 300 475 0 0 750 0 0 0 783 262 600 600 424 1000 693 0 600 0 325 375 900 418 0 0 391 1000 500 494 0 0 250 600 50 1000 457 400 508 493 1000 0 0 0 0 0 0 0 483 750 550 0 400 700 900 224 670 550 320 888 311 200 0 1000 575 250 0 1000 0 260 448 1000 277 0 400 700 0 400 530 670 0 0
#AFC 2018-12-29
549 33 0 0 0 543 0 0 0 105 242 0 50 0 0 0 275 0 0 0 98 0 68 0 575 -125 0 0 0 -68 0 50 312 0 312 28 0 406 500 -34 -100 500 0 0 -28 -400 0 433 0 0 0 0 96 -116 625 800 0 130 0 93 0 123 0 0 0 450 194 -400 118 0 0 700 0 0 -41 177 0 0 0 208 0 0 0 0 0 136 -98 100 304 0 0 1000 200 200 200 0 625 0 -125 0
650 654 0 400 0 391 0 0 100 628 405 0 162 1000 0 0 325 0 300 0 646 0 477 0 512 375 0 0 0 243 0 62 593 0 333 768 0 416 750 460 200 900 1000 0 608 600 0 833 0 0 0 0 581 408 500 750 0 410 0 437 0 443 650 0 0 325 500 400 418 0 0 600 0 0 241 366 0 0 0 666 0 0 0 0 275 454 205 200 557 0 0 400 300 300 300 0 500 0 450 1000
#BHAFC 2018-12-29
-200 166 0 140 166 0 -200 0 0 52 750 -333 800 136 0 -43 0 -25 309 -125 166 1000 -125 62 0 250 0 600 0 -81 500 -108 166 1000 0 733 166 500 13 375 800 500 266 0 0 100 1000 1000 166 350 166 0 0 200 416 0 416 152 200 266 -400 187 49 -312 0 -116 103 389 -156 339 -200 0 0 1000 -500 750 0 -300 -200 0 0 262 0 -23 0 0 0 0 -800 0 0 0 0 0 0 0 0 0 0 0
300 400 0 380 400 0 400 1000 0 385 900 1000 400 454 1000 550 0 250 538 375 400 1000 375 50 0 500 0 550 0 533 600 433 400 400 0 766 400 700 257 416 750 616 466 0 0 1000 300 1000 400 450 400 0 0 200 716 0 833 560 500 559 900 437 300 450 0 666 845 405 375 630 233 0 0 300 400 241 112 400 100 0 0 214 0 547 0 0 0 0 900 0 0 0 100 0 0 0 0 0 0 0
#EFC 2018-12-29
-187 150 -50 500 0 600 333 0 0 -458 500 0 -100 97 200 500 0 0 800 5 0 0 0 500 800 375 200 0 357 200 -400 166 150 1000 0 500 625 0 340 309 0 12 0 -139 393 0 0 -50 0 0 100 568 0 0 0 53 0 0 5 0 300 100 0 0 0 0 0 0 100 0 0 -500 -500 200 99 -200 258 0 0 500 225 0 181 -50 285 500 5 800 0 116 0 0 0 0 0 0 0 0 0 0
500 250 475 350 0 483 666 0 0 625 500 0 100 311 400 500 0 100 400 485 0 0 0 600 400 700 100 0 500 100 400 416 550 300 0 433 900 0 400 538 0 560 0 690 683 0 125 400 0 0 400 400 0 0 0 179 0 0 625 0 800 400 0 0 0 0 0 0 200 100 400 500 500 300 66 600 658 0 0 600 450 0 429 450 535 650 625 1000 0 454 400 0 0 0 0 300 125 500 125 125
#FFC 2018-12-29
244 600 0 0 0 0 0 0 200 170 -41 0 7 222 0 1000 277 800 0 233 -600 200 333 0 -250 371 -8 57 400 400 500 1000 -375 250 0 83 275 0 250 179 -59 0 0 400 342 0 0 0 0 0 500 267 136 500 0 318 -400 0 164 800 0 200 -302 0 648 0 -74 -168 0 90 0 0 200 166 21 600 300 252 183 285 0 400 285 0 83 -625 0 0 0 400 0 0 0 0 0 250 101 219 800 -12
1000 700 0 0 0 0 0 0 100 454 375 0 667 386 0 1000 610 400 0 566 1000 100 322 0 750 751 516 456 900 500 888 400 508 797 75 633 500 0 333 615 600 0 0 500 717 0 0 0 400 0 500 500 454 500 0 527 400 0 276 1000 0 100 544 0 678 0 701 550 0 480 0 75 100 500 521 800 333 314 463 535 0 500 535 700 633 1000 0 0 0 500 0 0 0 0 0 200 429 679 1000 130
#HTAFC 2018-12-29
-37 162 0 700 0 -200 -100 125 900 52 134 -66 266 -85 -113 0 -251 0 227 800 0 0 375 -75 0 133 781 0 325 -150 250 100 500 -125 0 -500 0 -750 0 342 0 0 0 0 168 133 -200 1000 0 0 0 200 -22 0 250 0 0 -200 149 0 0 0 0 0 0 437 103 400 225 216 9 200 100 50 0 0 -49 275 600 0 -49 -100 0 125 0 250 0 49 24 0 -69 340 550 0 0 0 137 150 545 170
375 500 0 600 0 400 450 100 875 385 388 133 366 129 360 0 383 0 545 400 0 0 575 325 0 200 500 0 352 800 750 475 500 650 0 1000 0 1000 0 467 0 0 0 0 427 533 200 400 0 0 0 300 300 0 797 100 0 400 600 0 66 1000 0 350 0 687 577 800 675 533 638 355 200 250 0 0 327 550 550 0 800 187 1000 375 0 200 0 300 475 0 520 226 600 0 0 0 409 250 684 454
#LCFC 2018-12-29
500 0 -500 0 0 -200 199 500 487 93 180 100 0 0 0 52 500 0 -325 -150 250 1000 309 0 233 -231 455 0 0 262 0 343 500 349 0 0 0 0 193 133 0 136 0 362 337 -111 666 1000 0 0 0 166 62 220 0 285 0 -125 700 -133 285 -291 100 100 0 350 0 0 500 0 250 25 202 520 419 0 250 136 0 391 0 0 250 0 0 0 0 0 0 211 0 166 266 174 500 0 -16 500 0 0
833 0 1000 0 0 400 333 600 712 241 335 50 1000 66 0 385 200 0 500 466 333 1000 538 0 280 677 712 0 0 400 0 500 550 383 0 0 0 0 393 600 0 454 700 684 550 522 433 400 0 0 0 633 725 475 0 535 0 750 600 450 535 541 200 200 0 300 1000 0 500 0 333 258 345 1000 636 0 444 454 0 601 0 0 300 0 0 0 0 0 0 297 0 633 333 833 200 333 666 500 0 0
#cardiffcity 2018-12-29
1000 0 0 0 0 1000 0 0 0 600 0 500 0 0 -400 0 0 479 125 350 0 0 500 250 250 0 500 0 -51 500 0 0 0 345 0 0 218 -90 325 0 -125 0 0 1000 1000 0 0 0 0 0 227 0 0 -200 0 0 0 0 -66 -375 516 800 900 0 83 800 0 -55 500 350 483 200 0 1000 0 0 0 455 111 216 -200 0 0 800 0 0 750 0 0 0 -24 136 500 0 0 136 334 0 0 33
400 0 0 0 0 400 0 1000 0 700 0 600 0 0 700 0 0 750 875 377 0 0 500 416 416 0 500 750 96 800 0 0 550 722 0 0 425 386 458 0 666 550 1000 300 300 0 0 1000 0 100 510 0 0 400 0 0 0 0 300 600 183 400 733 1000 799 750 0 411 500 600 708 520 0 1000 1000 0 0 733 888 553 600 1000 0 1000 0 0 750 0 0 0 674 500 500 0 0 500 555 0 0 233
#COYS 2018-12-29
500 0 170 0 0 0 500 0 600 166 416 500 0 400 0 312 900 0 266 266 266 266 0 266 533 0 650 43 291 0 532 0 83 800 0 0 0 0 200 0 112 0 0 0 0 0 197 0 900 239 100 136 0 170 0 0 550 300 0 68 600 200 110 -54 0 -55 0 0 0 400 400 500 0 300 0 0 500 0 500 140 0 500 299 433 91 0 1000 400 650 0 0 0 0 0 0 -125 100 265 483 392
500 0 500 0 0 0 500 0 1000 666 483 600 0 1000 0 650 900 0 454 454 454 454 0 454 602 0 500 450 316 0 633 0 111 400 0 0 100 0 500 0 184 0 0 0 0 0 315 0 800 341 1000 454 0 220 0 0 437 300 0 227 900 200 341 550 0 583 0 0 0 800 700 500 0 541 0 0 500 0 150 560 0 900 766 700 233 0 300 262 500 0 0 1000 0 0 0 125 700 637 233 517
#wwfc 2018-12-29
0 0 66 0 327 285 183 23 0 0 -100 0 0 0 250 237 0 0 0 400 136 1000 -250 0 0 62 25 213 -166 -166 0 193 0 -171 512 0 0 45 0 -100 500 512 312 285 0 0 -150 800 -18 -150 -79 0 229 -500 0 -333 0 0 0 0 0 502 400 400 250 -150 337 -1000 0 250 1000 0 -51 37 -51 500 100 0 800 29 500 -111 0 600 625 100 -400 0 0 562 0 0 562 0 -400 380 150 -106 609 0
0 0 199 0 658 535 305 551 0 0 600 0 0 0 500 379 0 0 0 500 500 400 600 0 0 725 283 454 166 166 0 466 0 300 818 0 0 368 0 550 575 800 300 535 0 0 300 900 310 300 333 0 630 1000 0 549 0 0 0 0 0 576 1000 1000 450 300 535 900 0 200 1000 0 596 800 596 900 400 0 1000 366 600 375 0 800 600 466 400 0 0 500 0 0 500 0 400 570 133 225 588 0
#WatfordFC 2018-12-29
0 0 0 0 122 -200 52 500 0 0 666 0 340 0 0 321 500 1000 0 0 316 -100 150 0 100 0 0 1000 500 200 933 0 500 466 400 0 0 0 291 700 -750 0 -50 0 0 -200 0 0 260 0 250 0 0 0 0 0 0 0 69 0 0 136 0 -24 0 0 233 0 0 0 1000 0 0 0 50 760 0 637 458 200 150 400 -200 0 300 192 0 0 0 0 0 83 0 -155 650 100 0 0 0 500
0 0 47 0 311 400 385 600 0 100 1000 0 400 0 0 558 900 300 0 0 566 700 0 0 200 0 0 400 900 500 916 0 500 399 1000 0 50 0 625 600 700 0 420 0 0 233 0 0 333 0 300 0 0 0 0 0 0 0 611 0 0 500 0 175 0 0 366 0 0 0 300 0 0 0 483 559 0 537 433 400 600 400 250 0 500 564 0 66 0 0 0 199 500 288 450 1000 100 0 0 900
#NUFC 2018-12-29
0 0 166 0 0 0 -162 134 0 0 -219 -230 -233 -400 68 -600 0 0 0 166 0 0 -416 0 -155 0 0 0 0 -200 244 -447 -200 -449 -62 -166 83 -150 -74 -100 59 0 1000 0 0 0 3 60 -77 -33 52 0 24 250 158 -66 363 0 -39 0 -287 275 0 0 0 0 -500 0 0 0 0 -250 300 162 325 0 150 0 0 0 0 181 0 100 0 200 0 142 800 500 166 166 40 200 0 0 333 0 309 -200
357 0 400 0 0 0 666 813 0 0 533 610 813 600 457 800 0 0 0 400 0 100 583 0 288 0 0 0 0 400 1000 666 800 700 387 633 716 950 725 650 483 0 300 0 0 1000 207 580 394 266 385 0 491 850 425 355 506 0 200 0 684 462 0 125 0 0 900 0 0 0 0 800 750 375 462 0 600 0 0 0 0 552 0 400 750 100 1000 438 750 500 500 666 600 266 0 0 633 0 538 800
#SaintsFC 2018-12-27
0 600 256 -50 0 0 0 0 0 -699 0 1000 -41 400 -99 0 0 -200 0 0 1000 500 -187 0 700 -68 0 0 0 0 0 0 0 225 220 -25 -66 350 0 0 0 0 0 433 170 0 800 -500 445 -700 -400 0 550 366 270 400 -32 0 0 -54 -12 0 0 0 1000 800 0 0 0 0 -600 0 450 0 -50 -25 -66 0 400 250 700 0 1000 0 200 -400 781 900 49 0 0 136 224 0 650 0 800 0 225 0
0 750 535 400 0 0 0 0 0 666 0 1000 525 200 450 50 0 800 0 0 390 200 325 0 1000 900 0 0 0 0 0 0 0 150 408 100 188 550 0 0 0 0 0 500 500 0 400 900 604 1000 400 0 600 554 799 400 438 0 422 366 300 400 0 0 1000 733 450 0 0 0 1000 0 450 0 200 100 188 0 487 300 866 0 1000 0 500 700 500 875 144 0 0 454 300 0 450 0 1000 0 250 0
#WHUFC 2018-12-27
0 0 267 0 0 0 0 0 -200 0 -41 0 0 -99 450 0 500 100 0 177 0 0 -29 220 170 0 -700 0 333 -54 -12 0 0 0 -29 -29 450 -100 0 -100 -139 -100 350 0 523 0 0 800 0 0 0 -104 0 -687 0 600 412 0 0 0 78 650 187 0 0 0 62 0 100 0 -100 0 800 534 0 1000 100 0 0 400 0 170 25 250 0 0 0 100 900 0 0 433 650 0 712 0 0 625 156 62
0 0 571 0 0 0 0 0 600 0 525 0 0 450 750 0 750 400 0 544 0 50 319 408 500 50 1000 0 433 366 300 0 0 450 600 319 450 400 50 400 342 400 400 0 784 0 0 1000 0 0 0 233 0 675 0 850 525 0 0 0 451 450 400 0 0 0 500 0 400 0 400 0 1000 263 0 1000 1000 0 0 200 0 500 770 416 0 0 0 383 1000 0 0 600 650 0 650 0 0 500 300 500
#WatfordFC 2018-12-26
66 0 0 500 250 583 800 0 500 0 0 0 0 0 0 25 0 250 0 0 0 0 187 250 0 0 0 433 562 562 0 158 387 375 160 -216 0 275 0 0 622 0 500 -1000 294 0 360 136 0 450 0 659 633 0 500 326 0 0 0 -170 250 500 -1000 24 0 250 -187 0 -100 400 444 0 0 -77 35 400 500 0 -250 800 0 200 250 200 -100 -21 -49 139 800 66 0 0 700 -23 0 0 -21 300 0 0
266 0 0 650 375 449 750 0 500 0 0 0 0 0 357 770 0 375 0 0 0 0 550 375 0 0 0 600 500 500 0 591 608 575 539 333 0 425 0 0 646 0 500 1000 700 0 540 500 0 575 100 500 433 0 1000 572 0 0 1000 466 375 775 1000 412 1000 750 500 0 400 375 888 0 0 144 434 600 500 0 400 750 0 600 375 100 400 451 400 363 1000 433 0 0 650 559 0 0 451 559 650 0
#CFC 2018-12-26
0 0 0 1000 0 0 427 0 493 0 240 738 -364 87 0 1000 0 156 100 0 0 212 166 0 0 250 -200 1000 0 318 0 0 300 0 -66 0 225 0 0 400 0 0 212 0 427 0 337 83 0 66 -66 0 100 0 650 457 0 0 1000 0 309 200 212 0 180 62 62 0 309 700 172 800 -18 325 0 0 0 0 0 -22 0 1000 0 100 0 800 0 0 0 0 170 0 0 0 700 -100 0 400 0 0
0 0 0 300 0 0 650 0 700 0 311 500 597 270 0 300 0 339 1000 0 0 418 312 0 100 375 200 300 0 475 0 0 750 1000 522 0 525 0 0 200 0 0 418 0 650 0 225 416 0 83 783 0 150 0 625 712 0 0 300 0 521 300 418 0 454 500 500 1000 538 600 394 700 329 666 0 0 0 0 0 384 0 300 0 1000 0 1000 0 0 0 0 500 0 0 0 600 550 0 550 0 0
#BHAFC 2018-12-26
250 250 250 0 0 250 250 160 1000 500 337 250 309 -250 0 250 0 -300 0 250 250 0 -300 -533 125 500 600 399 1000 800 250 250 0 125 0 -155 0 1000 60 0 0 27 250 250 0 0 0 229 250 500 0 309 250 500 250 0 622 250 625 -388 0 0 0 0 0 622 0 0 0 125 187 1000 -250 500 0 0 0 -250 0 45 0 0 -250 399 0 200 -600 800 250 0 0 0 0 1000 0 433 0 0 -100 0
600 600 600 0 0 600 600 305 1000 500 687 600 538 250 0 600 0 400 0 600 600 0 400 466 666 775 1000 600 1000 400 600 600 0 300 0 288 0 300 587 0 0 496 600 600 0 333 1000 475 600 500 0 538 600 775 600 0 646 600 666 833 0 0 0 142 0 646 0 0 0 125 634 1000 888 833 0 0 0 400 0 500 0 0 888 675 0 600 850 1000 583 0 0 0 0 300 0 322 0 0 400 1000
#AFC 2018-12-26
625 0 600 260 125 62 100 0 -200 0 0 0 0 0 -162 0 -150 -112 0 0 0 0 325 0 100 0 0 0 100 0 0 0 0 0 -100 0 606 200 0 0 0 0 0 62 136 0 0 80 0 483 0 0 0 1000 -100 -100 -139 -100 64 1000 500 0 0 0 85 0 250 0 0 0 0 -12 250 468 0 500 365 0 0 -4 0 0 312 750 800 -112 217 500 85 0 0 50 0 0 137 0 466 86 0 -113
500 0 900 166 330 500 150 0 262 0 0 0 0 0 300 0 600 518 0 0 0 0 600 0 400 0 0 100 150 0 0 0 0 0 560 0 727 400 0 0 0 500 0 650 454 0 0 360 0 516 0 1000 0 1000 400 400 342 400 361 300 500 0 0 0 417 1000 443 142 0 100 0 0 250 727 0 500 596 0 0 366 0 0 333 950 400 470 330 550 725 0 0 250 0 0 387 0 566 456 0 595
#Clarets 2018-12-26
500 100 0 100 0 800 500 0 800 50 675 400 0 0 0 0 500 166 0 500 0 0 0 1000 0 0 500 0 650 0 0 0 200 200 0 0 700 700 0 800 800 -37 0 45 0 -500 0 458 166 600 650 -100 800 204 650 0 1000 1000 -104 650 0 0 0 650 -55 250 99 350 300 450 0 0 295 0 0 0 58 800 0 0 9 0 0 500 0 650 0 0 0 90 0 -125 650 90 650 0 0 -150 -50 400
500 1000 0 1000 0 1000 800 0 400 216 875 200 0 0 0 1000 500 416 0 750 0 0 0 300 0 0 700 0 850 0 100 0 100 100 0 0 700 700 0 400 400 568 0 566 0 1000 0 666 466 850 850 500 1000 609 850 1000 300 300 83 850 0 0 0 850 55 333 483 550 533 750 0 0 600 0 0 66 258 400 0 0 295 0 0 500 0 850 0 0 0 350 0 625 850 350 875 0 0 333 400 549
#EFC 2018-12-26
0 0 0 0 0 500 0 378 500 -175 234 0 0 0 0 214 324 0 0 1000 500 250 700 0 162 0 0 0 309 0 -274 0 0 -200 0 100 -100 -175 300 242 0 0 0 0 0 0 357 -400 0 500 -200 0 0 0 -11 0 -40 0 136 0 900 450 0 0 -99 400 390 0 250 500 0 250 125 0 0 200 120 0 158 -500 0 0 387 700 -44 226 0 234 325 250 -200 0 0 0 0 0 -41 -200 0 0
0 0 0 0 0 500 0 651 500 458 763 0 0 1000 0 500 500 0 100 1000 500 500 700 0 250 0 0 0 538 0 433 100 1000 800 0 1000 400 458 100 467 0 0 0 125 0 0 385 400 0 888 50 0 0 0 534 0 300 0 500 0 1000 875 0 0 666 700 900 0 500 888 0 250 466 0 0 500 480 100 591 500 0 0 608 700 277 613 0 763 566 500 0 0 0 0 0 1000 58 300 100 0
#CPFC 2018-12-26
-77 300 100 -54 301 -450 750 433 -112 0 500 -191 500 600 -700 650 0 100 200 0 400 0 500 500 0 391 700 0 400 480 350 0 -100 -99 -100 -50 -50 -375 -600 0 800 520 0 400 125 100 650 0 633 -69 433 0 650 100 142 0 73 0 150 1000 500 0 -262 640 500 50 49 0 250 240 168 500 0 -250 0 1000 193 128 0 0 0 0 0 250 0 0 0 0 0 -156 200 0 0 116 -100 500 1000 450 0 0
371 437 200 375 338 800 400 833 612 0 500 725 283 583 800 700 0 1000 200 0 1000 0 150 500 0 316 600 0 675 470 475 0 400 583 400 200 410 400 800 0 1000 909 300 1000 175 1000 700 0 566 590 633 0 800 450 440 0 412 0 649 1000 833 0 437 950 500 650 700 0 750 625 277 500 130 500 0 1000 643 575 0 0 0 0 0 333 0 0 0 0 0 510 300 0 0 608 100 600 1000 700 0 0
#cardiffcity 2018-12-26
0 0 100 500 -400 0 155 200 137 155 500 500 1000 0 500 0 500 327 80 244 650 340 158 0 170 -100 466 0 0 150 -195 500 0 800 160 150 0 0 0 0 500 100 0 354 500 0 0 -74 0 500 233 541 0 51 0 0 0 0 0 0 0 500 -500 0 68 1000 500 -64 -75 300 175 300 0 0 0 0 0 0 0 0 500 0 285 0 56 0 400 0 500 307 0 250 0 650 500 0 650 320 -75 250
0 0 1000 500 400 0 390 500 711 390 800 900 1000 0 500 0 500 462 269 552 450 459 350 0 454 400 600 0 0 550 455 500 0 400 539 341 100 0 0 0 1000 200 0 817 1000 0 0 279 0 1000 633 666 0 627 1000 0 100 0 0 0 0 1000 1000 0 252 400 1000 608 366 500 566 500 0 0 0 0 0 0 0 0 500 0 677 0 500 0 400 0 700 414 0 200 0 850 500 0 450 430 366 500
#LCFC 2018-12-26
800 -250 0 625 800 150 0 0 0 0 350 100 0 552 400 232 500 0 100 42 309 0 0 0 200 0 200 400 266 0 -1000 0 187 1000 0 0 357 400 -600 0 200 359 0 500 712 200 38 500 -145 500 140 375 150 333 500 200 500 500 -125 400 -69 -137 0 -200 0 0 337 318 0 170 0 0 0 366 357 0 309 -166 400 0 465 0 0 300 0 49 18 0 250 16 136 -137 500 156 178 100 500 0 378 0
400 250 0 500 750 300 0 0 0 0 550 1000 0 785 675 790 500 0 1000 535 538 0 0 0 300 0 500 375 388 0 1000 0 565 300 428 0 628 900 1000 0 300 438 0 500 614 500 408 500 270 500 436 350 283 799 500 500 550 500 600 800 423 587 0 800 0 0 718 477 0 459 0 0 0 783 628 0 538 250 900 0 510 500 0 900 0 528 343 0 494 483 454 312 500 600 785 400 500 0 674 0
#MCFC 2018-12-26
1000 0 87 0 0 1000 296 433 212 28 234 1000 0 0 244 0 292 134 212 0 0 0 0 0 500 107 0 1000 0 250 -100 -100 212 -150 309 -16 250 0 0 0 0 1000 -99 0 625 0 0 0 0 400 -699 133 1000 212 0 0 1000 345 0 0 0 100 -50 0 134 134 134 134 134 134 134 134 134 0 0 1000 87 30 0 250 500 0 0 296 500 500 500 212 0 234 325 375 0 0 100 1000 700 333 0 587
300 0 270 0 0 300 596 616 418 761 763 300 0 0 416 0 534 813 418 0 0 0 0 0 500 670 0 300 0 425 400 400 418 333 538 383 333 0 0 0 0 300 583 0 750 0 0 0 0 250 666 280 300 418 1000 0 750 451 0 0 0 200 150 0 813 813 813 813 813 813 813 813 813 0 0 300 270 279 0 500 500 0 0 596 500 750 750 418 66 763 325 350 0 1000 100 300 550 333 0 361
#LFC 2018-12-26
1000 250 256 -375 21 0 0 500 0 0 212 -62 433 875 100 100 433 87 -388 0 625 400 0 0 0 0 1000 1000 -325 600 0 0 0 0 0 0 200 0 450 642 0 300 0 0 -100 296 500 483 550 250 0 -100 0 -125 356 212 300 0 0 249 506 234 500 0 0 1000 -61 0 0 781 500 0 631 0 0 750 300 0 600 0 -125 0 1000 -66 0 0 600 0 666 0 250 0 600 0 666 0 0 0 0 500
300 250 597 525 450 0 0 500 0 100 601 400 666 600 100 1000 833 270 833 0 500 900 25 0 0 0 1000 300 775 550 100 0 0 0 0 0 200 0 287 428 0 500 0 0 500 596 888 583 700 750 0 83 0 325 375 418 950 0 0 350 727 763 325 0 0 300 326 0 0 500 888 0 525 0 0 750 750 0 550 0 325 0 300 522 0 1000 550 0 700 0 637 1000 733 0 533 0 1000 1000 0 500
#NUFC 2018-12-26
0 0 571 0 100 -250 250 250 250 87 363 440 -241 250 0 0 666 333 -100 -100 -100 400 -200 -291 -166 0 0 100 149 0 -248 390 254 49 937 425 134 -62 0 0 500 0 250 350 250 183 0 -750 500 0 68 0 110 0 154 0 84 250 423 1000 500 0 250 309 600 0 0 -250 250 -312 500 0 0 0 0 84 150 136 366 300 0 166 369 187 250 113 250 0 352 0 400 -327 0 -500 0 0 322 100 0 233
0 0 1000 0 150 450 300 600 600 270 520 459 833 600 0 0 666 833 400 400 400 541 800 541 166 0 0 1000 500 0 727 500 471 450 950 750 813 400 0 0 1000 0 600 350 600 325 0 800 500 0 227 0 488 0 422 275 268 250 562 300 888 0 600 538 1000 0 0 500 600 687 600 0 0 0 0 391 525 454 916 380 0 727 516 500 600 306 600 50 545 0 700 594 0 1000 0 0 644 250 0 716
#MUFC 2018-12-26
0 1000 0 0 1000 500 -625 500 0 0 0 0 600 487 0 24 68 791 800 125 0 0 0 0 0 0 250 800 0 166 0 1000 224 87 0 0 0 0 212 0 224 0 1000 60 0 0 1000 1000 209 209 733 733 0 0 0 0 0 0 93 93 295 -1000 -97 -97 411 411 0 80 80 0 0 -97 0 0 218 1000 218 435 435 500 360 360 0 0 0 1000 93 733 296 209 500 400 -97 1000 209 500 271 1000 80 200
0 300 0 0 1000 600 1000 600 0 0 0 0 900 625 0 336 477 700 1000 475 0 0 0 0 0 0 850 1000 0 500 0 300 775 270 0 0 66 0 466 100 475 0 300 320 0 0 300 300 513 513 483 483 100 100 0 0 0 0 543 543 611 1000 180 180 394 394 0 494 494 0 0 180 362 362 593 300 593 582 582 500 659 659 0 0 0 300 543 483 596 513 500 900 180 300 513 500 632 300 494 100
#HTAFC 2018-12-26
-100 500 205 1000 0 0 500 0 0 0 -500 900 629 187 -200 50 -130 625 0 225 500 0 41 400 500 0 1000 900 76 0 700 300 500 0 500 0 0 0 210 0 0 0 0 0 -31 0 450 0 0 800 -625 0 0 -2 -95 316 0 0 0 0 0 400 200 0 0 50 0 0 0 -100 0 0 0 0 79 0 0 250 0 0 500 -399 0 0 68 0 -40 -400 875 -75 1000 366 200 0 0 66 0 0 0 0
600 600 540 1000 0 0 500 0 0 0 200 1000 583 682 100 950 300 500 0 450 600 0 716 1000 500 0 750 1000 371 0 600 666 600 0 500 0 0 0 473 0 0 0 0 0 466 0 550 0 0 400 1000 0 0 476 716 666 0 0 0 0 0 400 200 0 0 100 0 0 0 400 0 0 0 0 700 0 0 333 1000 0 500 622 0 0 289 0 379 600 599 366 750 466 233 0 0 75 112 0 0 0
#COYS 2018-12-26
323 0 270 170 0 -350 136 300 0 200 800 -62 400 0 0 733 650 0 600 -500 0 0 700 0 700 0 0 0 250 500 850 -25 0 267 800 0 1000 233 0 38 0 0 0 800 0 25 185 618 618 618 618 0 618 0 -250 0 0 0 0 0 0 500 0 0 200 0 0 0 650 800 333 -100 0 0 0 136 0 600 0 0 107 0 635 100 -20 800 627 -288 700 800 500 800 300 0 500 168 300 0 400 0
439 0 866 500 0 600 454 100 0 200 750 250 600 0 0 883 750 0 950 600 0 0 600 0 712 0 0 0 700 550 1000 400 0 750 900 0 300 700 0 554 0 0 0 1000 0 175 377 475 475 475 475 0 475 0 350 0 0 0 0 0 0 625 0 0 200 0 0 0 625 875 833 250 1000 0 0 454 0 712 0 0 264 0 635 1000 312 750 610 666 600 750 500 1000 350 0 1000 359 825 0 500 0
#AFCB 2018-12-26
800 0 0 150 0 216 0 200 0 250 -283 170 0 0 100 0 -400 0 0 0 83 625 500 0 221 0 0 0 0 0 0 0 0 300 462 500 0 316 375 316 0 0 0 500 458 0 0 0 500 625 345 0 0 0 122 0 0 -83 500 95 -200 0 -400 0 0 0 0 211 0 100 0 300 0 0 0 0 100 475 -400 0 0 0 0 200 170 -400 16 200 0 0 0 0 437 400 -400 -50 0 -400 625 0
1000 0 0 133 0 866 0 525 250 616 283 304 0 750 400 0 400 0 0 0 506 600 500 0 823 0 1000 0 0 0 0 0 0 400 591 500 0 566 750 566 0 0 0 875 700 0 0 0 875 600 618 66 0 75 451 0 0 83 500 418 325 0 400 0 0 0 0 711 0 200 0 559 650 0 0 0 150 400 400 0 0 0 0 200 304 400 616 500 0 0 0 0 533 1000 600 150 0 400 500 125
#FFC 2018-12-26
256 0 152 0 0 0 750 0 0 0 0 133 133 400 500 0 400 0 133 0 300 -100 -400 800 83 500 223 224 0 0 0 0 600 625 0 659 625 200 -250 285 500 375 0 75 0 0 0 0 0 285 0 285 196 0 0 0 525 375 -200 75 250 250 500 0 0 212 177 0 0 0 125 700 250 -244 0 136 0 -125 0 0 500 0 333 0 250 9 0 0 0 0 300 0 472 285 0 0 0 0 0 200
597 0 410 0 0 0 1000 0 0 0 0 466 688 250 500 0 500 0 688 0 538 400 633 1000 333 500 573 488 0 0 0 0 650 1000 0 550 583 100 400 535 500 625 0 231 0 0 0 0 0 535 0 535 211 0 0 0 366 100 200 975 250 500 500 75 0 300 316 0 0 0 166 600 450 750 0 500 0 375 0 0 600 0 666 666 425 288 0 0 0 0 538 0 550 535 0 0 0 650 0 650
#wwfc 2018-12-26
0 0 0 0 0 136 533 500 0 -400 0 0 500 0 0 0 0 300 -800 500 0 0 0 0 0 0 468 250 0 136 136 0 250 600 0 107 0 191 0 0 0 552 0 0 100 -125 0 0 0 183 435 0 0 0 500 0 0 0 1000 -100 0 -100 75 0 88 312 0 77 99 250 0 0 0 800 300 0 0 0 0 0 200 142 75 -1000 0 0 33 0 364 0 -393 700 0 500 0 0 0 0 0 0
0 0 0 0 0 454 750 600 0 400 0 0 500 0 0 0 66 538 900 500 0 0 0 0 0 0 727 350 0 500 500 683 350 650 0 428 0 427 0 0 0 607 0 0 518 362 0 0 0 433 523 1000 0 0 750 125 0 0 750 500 0 500 231 0 561 300 0 422 600 283 0 0 0 1000 200 0 0 0 0 0 399 317 450 1000 0 0 566 0 517 0 541 600 0 600 0 0 0 0 500 0
