#MCFC 2016-04-09
0 0 500 0 400 307 0 0 0 0 625 127 0 500 700 0 0 0 25 500 0 0 0 0 0 0 274 1000 400 0 0 0 0 324 250 0 399 0 0 0 0 0 0 0 0 0 0 0 0 0 31 0 0 0 358 0 0 0 0 0 31 0 0 500 0 31 0 500 0 0 700 0 0 0 0 0 0 0 0 0 0 0 0 500 0 250 0 0 0 0 0 500 0 0 0 0 566 0 0 0
0 0 666 0 600 496 0 0 0 0 900 606 0 500 600 0 0 0 300 500 0 0 0 0 0 0 466 1000 1000 0 0 0 0 325 333 0 500 0 0 0 0 0 0 0 0 0 0 0 0 0 300 0 0 0 675 0 0 0 0 100 300 0 0 500 0 300 0 500 0 0 550 0 0 0 0 0 0 0 0 0 0 0 0 500 100 500 125 0 0 0 0 900 0 0 0 0 641 0 0 0
#WBA 2016-04-09
0 0 -25 0 0 0 0 0 0 0 0 62 0 100 0 266 0 0 500 350 0 0 0 0 -699 550 650 83 800 850 -264 650 0 500 700 136 0 0 0 0 0 0 0 0 450 0 0 0 0 166 0 0 0 0 0 0 200 0 166 0 500 166 166 166 0 -155 0 0 -625 516 83 0 -250 0 0 -262 0 0 700 66 62 0 136 0 525 133 142 0 -20 400 0 -212 0 0 318 0 0 0 0 136
0 0 233 0 0 0 0 0 0 0 0 750 0 900 100 391 0 0 1000 700 0 0 0 0 666 700 454 791 750 1000 417 454 0 500 600 454 0 0 0 0 625 625 625 625 550 0 0 562 1000 833 0 0 0 125 125 0 500 0 833 0 900 833 833 833 0 288 0 0 1000 716 791 1000 700 0 0 1000 0 0 600 66 500 0 454 0 700 199 267 0 466 900 0 800 0 125 643 0 0 0 0 454
#AVFC 2016-04-09
-187 0 0 0 0 0 500 22 0 0 0 675 500 0 0 0 0 400 0 0 0 0 0 -300 0 0 0 -699 -300 700 100 -200 0 0 0 0 50 700 33 183 500 0 550 0 0 -150 0 166 0 500 -71 0 0 0 10 0 500 0 0 0 1000 166 -200 -200 -200 -200 -150 -200 -33 0 0 650 0 0 0 0 0 500 0 0 200 0 166 0 0 0 0 305 1000 700 0 0 0 0 0 0 0 400 0 0
751 0 0 0 0 0 600 594 650 0 0 750 500 0 0 0 0 400 0 0 0 0 0 600 0 0 0 666 733 600 1000 300 0 0 0 0 708 600 650 333 1000 1000 750 0 0 400 0 166 0 900 142 0 550 0 650 125 600 0 100 0 300 166 300 300 300 300 800 300 316 112 0 819 0 0 0 0 0 900 0 0 200 0 566 0 750 0 0 708 300 600 0 0 0 0 0 0 0 562 0 0
#AFCB 2016-04-09
0 500 900 0 0 -225 0 0 -119 600 0 1000 125 100 0 0 400 0 0 0 0 1000 600 0 625 0 0 229 0 0 0 0 0 0 -200 0 0 125 0 500 0 1000 0 0 0 0 -155 0 0 400 100 500 0 250 0 200 0 0 500 700 0 0 0 0 -400 0 0 266 312 800 -50 400 0 0 0 500 125 0 312 375 0 0 -400 500 500 1000 0 318 0 0 0 0 50 0 81 0 0 0 0 0
0 500 1000 0 0 491 0 0 527 825 0 300 800 450 50 0 550 0 0 0 0 1000 825 0 600 0 0 833 0 0 0 0 0 0 800 0 0 400 0 600 0 300 0 0 0 0 288 0 0 400 150 900 0 500 0 100 0 0 900 900 0 0 0 0 400 0 0 383 500 750 450 800 0 0 0 1000 666 0 333 500 0 0 700 1000 750 1000 0 477 0 0 0 0 100 0 362 0 0 0 0 0
#CPFC 2016-04-09
0 0 0 0 0 0 875 -71 500 0 -699 0 0 0 0 0 400 -57 0 -155 513 0 0 400 136 70 95 400 0 0 800 0 0 0 0 800 0 174 0 -500 250 700 0 800 0 500 1000 0 800 800 -125 800 0 0 0 -50 976 200 550 0 500 0 500 420 212 0 0 -625 100 0 0 -166 625 0 0 0 0 120 0 229 0 400 0 0 0 0 -300 0 0 0 100 0 0 0 0 0 0 0 136 0
0 0 0 0 0 0 600 214 500 0 666 100 650 0 0 0 437 467 0 288 472 0 0 449 500 799 251 600 0 0 400 0 0 0 0 750 0 850 0 1000 250 600 0 1000 0 1000 1000 0 400 400 200 400 0 0 0 500 888 700 500 0 833 0 833 659 625 0 0 1000 400 0 0 333 500 0 0 0 1000 700 0 500 0 600 0 0 0 0 400 0 0 0 350 0 0 0 0 0 0 0 454 0
#ncfc 2016-04-09
0 0 -100 400 0 0 0 0 0 0 200 500 0 0 500 400 0 0 0 0 0 0 0 0 0 277 625 250 0 625 0 0 500 0 0 0 0 0 955 0 0 550 250 166 0 0 -799 0 400 0 0 0 -125 0 0 100 0 200 0 -400 0 0 0 500 0 300 0 -250 0 400 0 0 500 0 0 0 0 500 0 500 -150 0 350 0 0 0 -200 0 0 0 0 284 0 0 0 0 400 -155 0 0
0 100 0 437 0 0 100 0 0 650 200 500 0 0 316 437 0 0 0 0 0 0 0 0 100 500 900 850 0 500 0 0 500 0 0 0 0 0 590 200 0 750 500 283 0 0 1000 0 600 0 0 0 125 0 0 1000 0 200 0 400 0 0 0 500 0 450 0 888 0 625 0 100 500 0 0 0 100 833 0 375 700 0 550 0 0 1000 200 0 0 0 1000 545 0 0 0 0 233 288 0 0
#SaintsFC 2016-04-09
0 0 0 0 250 0 0 0 136 136 136 136 200 136 0 -50 0 136 136 136 136 136 136 400 0 136 400 900 300 0 200 0 550 0 0 -400 250 0 200 0 0 0 0 500 200 0 800 0 0 0 0 0 0 800 281 0 100 0 49 0 0 0 208 500 0 800 875 0 800 800 -300 -155 0 625 -700 100 0 0 0 0 0 100 0 99 310 0 0 -875 -600 1000 187 0 -166 500 500 0 0 -16 -533 0
0 0 0 0 200 0 0 0 454 454 454 454 200 454 0 400 0 454 454 454 454 454 454 350 0 454 350 525 366 0 200 0 362 0 0 400 200 0 900 0 0 0 0 1000 400 0 400 0 0 0 0 0 0 750 637 0 300 0 675 0 0 0 666 829 0 400 700 0 400 400 600 288 0 600 1000 300 0 0 0 0 0 400 0 633 340 0 0 1000 800 300 437 0 333 500 378 0 0 683 483 0
#NUFC 2016-04-09
0 136 -114 0 500 0 -600 -577 0 0 0 0 87 178 170 0 -500 0 200 0 225 33 -116 0 0 0 -213 0 0 200 0 62 0 500 0 -35 -50 -17 0 0 -46 97 -91 450 0 66 200 275 275 0 -187 166 0 400 375 0 250 0 0 -125 200 0 0 0 250 50 0 500 0 700 0 0 0 0 -116 0 0 -425 -166 187 0 416 241 200 200 200 100 300 150 100 0 -100 136 -400 0 0 0 0 250 0
0 454 445 0 500 400 800 644 0 0 0 0 1000 335 454 0 1000 0 200 0 437 666 185 0 500 0 636 0 0 200 0 575 0 500 0 71 400 580 0 0 92 419 557 1000 0 700 200 425 425 0 399 333 0 675 500 0 500 0 0 300 200 0 0 0 500 200 0 150 0 900 0 0 0 0 185 0 500 516 66 437 0 500 446 200 200 400 300 1000 762 300 0 262 454 400 0 0 0 0 477 0
#Swans 2016-04-09
0 0 200 0 200 675 200 0 0 0 0 0 49 1000 0 0 0 250 0 0 0 0 0 500 0 0 0 0 500 0 500 -400 0 0 250 -155 500 0 250 250 0 500 0 0 0 200 0 0 200 500 0 0 0 0 0 0 -166 0 0 500 675 0 0 0 0 0 0 0 0 0 0 0 500 0 0 0 0 675 0 0 300 0 -408 0 0 0 0 100 0 0 0 0 175 0 0 0 0 0 0 0
0 0 362 0 400 1000 200 0 0 0 0 0 649 300 0 0 0 200 0 0 0 0 0 888 0 0 0 0 500 0 500 400 0 0 312 288 500 0 312 312 0 500 0 0 0 400 0 0 200 833 100 0 0 0 0 0 333 0 0 500 1000 0 0 0 0 0 0 0 0 0 0 0 1000 125 0 0 0 1000 0 41 562 0 533 0 0 0 0 112 41 0 0 100 775 0 0 0 0 0 0 0
#CFC 2016-04-09
0 100 0 250 250 0 0 0 75 0 0 0 -500 0 0 0 0 487 0 0 0 156 550 0 0 0 250 111 0 0 0 0 500 400 0 0 0 0 375 0 1000 0 0 375 0 0 375 1000 0 0 1000 0 0 450 -31 350 0 166 0 0 0 0 0 357 250 -500 -125 125 0 500 0 250 -125 125 0 0 450 500 166 200 0 136 0 0 0 0 0 500 0 0 0 0 0 0 0 0 0 200 0 0
0 0 0 466 850 0 0 0 175 0 0 0 299 0 0 0 333 975 0 0 0 373 700 0 0 0 500 555 100 0 0 0 1000 400 0 100 0 0 750 0 1000 0 0 750 0 0 750 1000 0 0 1000 0 0 850 252 494 0 333 0 0 0 0 0 571 333 1000 550 216 0 500 0 333 375 216 1000 333 850 833 333 100 0 454 0 0 0 0 0 600 0 0 0 0 0 0 0 0 0 500 0 0
#WatfordFC 2016-04-09
66 -83 -141 -500 0 0 0 500 -83 0 0 300 0 0 0 -1000 -200 0 0 250 0 62 -200 0 0 0 0 0 29 0 0 0 -187 0 0 133 500 0 650 0 -166 0 0 0 0 216 0 700 0 200 0 291 0 625 216 0 1000 400 -266 0 0 0 0 22 136 650 258 0 0 0 0 -155 1000 0 1000 650 0 0 0 -100 -400 100 -349 0 0 0 650 0 450 100 22 650 0 500 267 -200 0 0 0 0
733 283 350 1000 0 0 750 888 216 0 600 100 0 0 600 600 500 0 0 200 0 333 100 0 0 0 0 0 283 0 0 0 562 400 0 200 600 0 450 0 333 0 0 0 0 616 0 600 0 200 0 466 0 888 616 0 1000 800 766 0 0 0 0 244 454 450 616 0 0 0 0 288 1000 0 300 450 0 0 0 600 400 400 583 0 0 125 450 0 550 300 244 450 0 500 392 400 0 0 0 0
#EFC 2016-04-09
625 0 600 0 0 0 0 0 0 0 0 107 750 0 0 0 0 0 0 -333 0 0 500 0 0 0 0 0 800 0 0 650 1000 0 0 0 0 500 0 0 0 0 800 0 0 -375 200 0 166 66 0 0 0 0 0 800 0 -155 0 100 385 0 306 0 0 0 51 222 800 0 0 285 333 170 250 -400 0 0 -238 136 285 285 -400 0 0 0 -500 -500 0 0 -10 285 0 800 0 800 0 100 0 0
600 0 900 0 0 533 100 0 0 0 0 335 400 0 0 0 0 0 0 1000 0 100 500 0 0 0 0 750 400 0 100 650 800 0 0 0 100 600 0 100 750 0 400 0 0 491 100 0 266 122 1000 0 0 0 0 700 0 288 0 100 702 0 720 0 0 0 250 280 400 0 1000 535 166 454 900 600 0 0 730 454 535 535 600 0 0 750 1000 1000 0 1000 458 535 0 400 0 400 0 900 0 0
#WHUFC 2016-04-09
0 0 500 -500 0 44 0 0 0 0 0 0 0 0 0 400 0 0 400 1000 284 700 -126 700 1000 700 0 0 0 0 0 0 0 0 0 0 133 0 0 0 200 -500 -400 100 0 0 136 -250 100 0 0 337 500 0 183 200 200 400 700 361 0 0 0 0 -400 0 0 0 0 0 350 0 0 0 0 0 400 0 0 0 250 250 800 -166 0 -150 255 0 -200 0 0 0 0 0 0 0 0 0 0 0
0 0 1000 1000 0 355 0 0 0 0 0 0 0 0 0 600 0 0 350 300 419 600 520 600 300 600 0 0 0 0 0 66 0 0 0 0 300 0 0 0 400 1000 600 200 0 0 500 233 650 0 0 391 900 0 800 600 600 550 600 511 100 0 100 100 400 0 0 0 0 0 550 0 0 0 0 0 500 0 0 0 100 100 750 333 0 400 494 0 233 0 0 0 0 0 0 0 0 0 0 500
#AFC 2016-04-09
-111 0 0 250 0 0 0 0 0 0 0 0 0 100 0 300 0 128 0 0 -500 0 0 0 0 0 0 0 0 0 0 500 700 0 -500 0 500 100 0 0 850 500 0 128 0 0 12 0 0 166 100 0 300 0 -1000 325 -200 366 0 0 0 200 0 0 300 133 128 49 0 0 0 0 625 225 250 300 0 0 0 0 0 0 1000 166 0 -97 1000 0 500 0 1000 0 136 400 0 0 0 0 0 0
533 0 0 466 0 0 300 0 0 0 0 0 0 300 0 200 0 511 0 0 1000 0 0 0 0 0 0 0 0 0 300 500 600 0 1000 0 500 300 0 0 1000 500 0 511 300 0 551 0 1000 333 0 0 500 0 1000 850 300 472 0 0 0 300 0 0 250 166 511 450 0 500 0 300 500 525 250 250 0 0 0 500 0 0 300 500 0 547 300 500 500 0 300 0 454 600 0 0 0 0 0 625
#MUFC 2016-04-03
333 0 -500 0 0 -15 186 -781 0 0 0 0 0 0 400 -300 0 400 0 0 0 208 0 0 -128 0 0 -100 0 0 0 0 0 666 0 0 625 208 -300 -250 0 0 0 0 0 187 400 50 0 400 0 400 0 0 0 0 0 0 0 0 0 0 0 0 268 -500 0 0 0 0 0 0 0 0 0 0 50 50 500 0 1000 50 50 0 800 0 0 -750 200 400 0 400 0 50 50 0 500 0 800 50
833 0 500 0 62 800 484 600 0 0 0 0 0 0 700 550 0 400 0 0 0 166 0 0 344 0 66 400 0 0 0 0 1000 666 0 0 900 166 433 250 0 0 0 0 0 375 400 50 0 400 0 400 0 0 0 0 0 0 1000 0 0 0 0 0 627 700 0 0 0 0 0 0 0 0 0 399 50 50 900 0 1000 50 50 0 400 0 0 1000 200 800 0 375 357 50 50 0 500 0 400 50
#EFC 2016-04-03
0 136 156 1000 0 0 0 0 0 0 0 33 0 200 250 0 0 0 0 0 -77 0 0 0 0 0 0 0 0 0 250 0 0 0 -139 0 0 0 0 0 0 128 0 399 166 0 0 -812 0 0 87 0 0 0 100 0 0 400 450 303 700 0 700 0 312 0 0 1000 0 0 0 0 0 0 125 0 700 200 0 0 -208 -100 0 0 1000 -150 100 0 250 375 400 136 0 125 0 0 0 0 0 0
0 454 493 300 0 0 1000 0 0 0 0 458 0 500 50 0 0 0 0 0 144 0 0 1000 0 0 0 0 0 100 300 562 0 0 288 0 0 0 0 0 0 434 0 450 666 0 66 1000 0 0 425 0 0 0 200 0 0 900 300 676 900 1000 600 0 818 0 0 300 100 0 0 0 0 0 400 1000 600 500 0 0 500 100 0 0 1000 399 125 0 333 416 375 454 1000 200 1000 1000 1000 1000 500 100
#LCFC 2016-04-03
1000 245 0 0 0 0 -99 -50 0 0 0 0 0 0 0 -400 -400 0 0 -625 1000 500 0 349 0 205 800 0 600 157 0 400 0 0 0 -500 800 800 0 0 0 0 0 0 0 0 0 0 0 0 0 0 0 250 0 700 0 625 0 800 -50 245 -600 0 0 0 62 800 0 300 0 0 650 0 0 -600 -50 0 -50 800 0 800 0 136 0 0 300 205 0 156 0 0 0 300 -50 268 0 -400 800 1000
400 451 0 76 0 0 700 516 0 0 0 0 0 0 0 600 400 0 0 900 1000 500 0 666 0 916 200 0 900 471 0 500 0 0 0 700 400 1000 0 0 0 0 0 0 0 0 0 0 0 0 0 0 0 375 0 600 0 625 0 1000 100 451 900 0 0 0 350 750 0 500 0 0 644 0 0 900 100 0 100 1000 500 1000 100 500 0 0 450 916 0 300 0 0 0 450 100 627 0 400 200 300
#SaintsFC 2016-04-03
1000 0 0 0 600 0 205 0 600 0 -275 -300 100 -388 0 -600 -388 -91 205 909 0 0 0 -400 0 800 0 0 1000 250 250 -400 -62 -400 350 0 0 0 100 500 0 0 0 0 0 0 0 -249 0 0 0 0 750 1000 -700 0 800 0 0 700 0 0 199 800 0 1000 700 0 0 544 -200 0 0 909 0 50 625 909 -600 909 -500 500 0 500 69 0 0 -166 0 0 200 649 125 -125 0 -50 -50 -50 0 -166
400 0 0 0 900 0 916 33 900 1000 950 350 400 833 0 900 833 712 916 780 0 0 0 400 1000 400 0 0 600 200 200 400 400 750 600 0 0 0 1000 475 1000 0 0 0 0 300 0 433 0 0 0 0 400 1000 1000 0 400 0 0 600 0 0 333 750 0 400 600 0 0 522 100 0 0 780 0 200 500 780 900 780 900 833 0 750 322 0 0 600 0 1000 300 800 166 375 0 400 400 400 0 333
#LFC 2016-04-02
0 0 -100 0 400 500 0 500 0 333 0 500 0 0 625 136 136 0 500 237 200 0 0 450 0 600 -300 166 0 600 -83 0 0 0 0 0 0 0 62 0 0 0 0 0 0 600 0 0 0 0 125 400 0 136 600 0 0 0 0 0 125 0 0 0 0 0 0 0 0 0 0 0 0 0 0 68 350 0 500 136 0 0 0 0 50 0 0 0 350 0 49 100 0 0 0 0 136 233 0 0
0 0 433 0 900 750 0 600 0 733 0 900 0 250 500 454 454 100 500 687 375 0 100 500 0 900 600 166 0 900 166 0 0 0 0 0 0 50 737 0 100 0 0 0 0 900 0 0 0 0 166 200 0 454 900 0 250 0 0 0 275 0 0 0 500 0 0 0 0 0 300 0 0 0 0 227 650 500 500 454 0 0 0 500 200 0 0 100 300 0 644 500 0 500 0 0 500 533 0 0
#COYS 2016-04-02
765 500 0 0 1000 0 433 0 0 0 0 0 0 800 375 200 0 -1000 0 0 0 0 250 0 0 0 136 0 0 0 250 0 0 -232 -200 268 0 500 1000 0 0 0 500 0 650 0 500 0 0 800 0 250 0 0 625 0 0 0 166 600 136 150 0 -27 0 0 -400 550 68 512 -500 0 0 0 500 350 500 500 0 200 100 333 350 350 278 257 0 0 250 300 600 0 523 -15 0 0 800 0 166 0
800 475 0 0 300 0 608 0 0 0 0 0 0 400 587 100 0 900 0 0 0 0 300 0 0 0 454 0 0 0 500 0 0 928 200 600 0 500 750 0 0 0 500 0 900 0 1000 0 0 400 500 875 0 0 750 0 0 0 366 800 454 411 0 333 0 0 400 350 277 812 800 0 0 0 600 300 500 600 0 200 300 633 350 350 351 542 0 0 333 1000 950 0 575 0 0 0 700 0 366 0
#AFC 2016-04-02
0 50 -388 0 0 0 0 0 0 0 200 -8 0 500 -1000 0 100 350 0 0 0 0 0 0 0 0 -316 0 68 0 0 0 0 0 0 0 0 266 0 0 0 0 250 0 -70 0 0 433 0 200 0 700 0 403 200 0 266 266 283 0 0 -100 0 0 0 0 0 0 500 170 0 473 800 0 136 -291 750 0 136 0 500 0 0 0 -97 250 250 0 0 0 0 0 -187 0 83 0 1000 0 200 300
0 200 833 0 0 0 0 0 199 0 300 250 0 500 1000 199 300 550 0 0 0 0 0 0 0 0 300 0 227 1000 0 0 1000 0 0 0 0 166 0 1000 125 0 750 0 320 0 50 416 0 400 0 800 0 750 500 0 166 166 350 100 0 400 0 0 0 0 0 0 900 454 0 517 400 0 500 591 1000 0 500 0 900 1000 0 0 187 200 200 0 0 0 0 0 500 0 583 0 1000 0 300 250
#WatfordFC 2016-04-02
-200 0 500 0 437 0 500 337 0 437 437 312 250 0 750 353 0 136 0 -250 283 500 700 0 0 0 0 700 1000 0 0 100 183 250 0 50 700 -400 283 0 700 0 500 0 0 0 0 800 0 550 650 0 -166 0 136 350 550 0 0 0 0 0 800 0 0 800 550 357 0 0 0 0 750 0 -214 0 -600 0 0 233 800 136 0 0 -500 500 550 0 0 1000 0 0 0 0 125 625 650 -1000 0 0
100 0 500 0 700 0 625 618 0 700 700 500 312 0 625 434 0 500 0 888 466 500 600 33 0 0 633 600 750 0 0 666 500 944 0 200 600 600 466 0 500 0 500 0 0 0 0 1000 0 375 450 550 333 0 454 350 375 0 0 0 0 0 1000 0 0 1000 375 571 0 0 250 0 600 0 500 400 800 0 250 233 1000 500 0 0 700 500 375 0 0 750 0 0 400 0 400 500 450 1000 0 0
#AFCB 2016-04-02
0 500 437 0 0 0 0 250 250 0 400 0 0 0 357 900 500 500 0 400 -1000 0 0 0 0 0 0 800 0 0 0 -166 0 0 0 0 0 0 0 0 0 -333 0 900 900 0 0 0 250 136 0 400 700 349 136 300 0 333 136 0 0 300 0 0 0 800 -400 -400 500 0 800 0 800 0 0 500 500 -388 0 0 0 0 0 0 0 0 242 0 -50 500 0 0 0 500 0 0 -388 0 0 0
66 250 333 0 0 0 1000 200 200 0 400 0 0 0 571 950 1000 500 200 400 1000 0 0 0 0 0 0 650 0 0 0 333 0 0 0 0 0 0 0 0 0 666 0 900 900 22 0 0 750 454 0 600 666 550 454 100 0 350 454 1000 0 100 0 0 0 1000 400 700 900 0 1000 0 1000 1000 250 500 750 833 0 0 0 0 0 0 250 0 467 0 200 500 0 0 0 500 0 1000 833 0 0 1000
#MCFC 2016-04-02
0 0 0 400 700 400 0 400 0 500 0 66 268 110 136 400 0 0 100 433 0 0 200 136 266 0 0 0 0 366 0 268 625 200 0 400 400 400 136 0 0 0 0 159 0 136 700 600 266 0 0 266 0 -599 0 0 0 700 976 0 -781 0 300 0 300 0 0 433 -33 0 -33 312 300 400 0 0 0 400 0 233 625 0 0 -75 0 0 0 0 0 0 0 0 625 0 0 0 0 0 200 1000
0 0 0 900 800 900 66 900 66 500 0 199 427 303 454 400 0 0 500 833 1000 0 500 454 166 0 1000 0 0 566 0 427 900 500 0 400 400 400 454 0 0 0 0 313 0 454 550 1000 166 0 66 166 0 833 0 500 0 600 500 0 600 0 100 0 100 0 0 833 133 0 133 250 100 625 0 0 0 500 0 273 900 0 0 750 0 66 0 0 0 0 0 0 1000 0 0 66 0 0 500 1000
#ncfc 2016-04-02
0 0 0 0 0 500 500 333 0 50 0 416 0 227 100 800 0 0 -62 0 0 800 0 500 200 0 0 0 200 -1000 0 0 0 0 0 0 0 0 500 0 -66 50 0 500 100 0 399 0 781 0 800 500 0 400 -366 0 0 500 0 0 0 0 500 0 0 800 500 1000 0 0 500 0 1000 0 0 0 227 0 568 -291 0 227 0 0 1000 1000 1000 1000 0 0 0 450 0 0 -200 0 600 1000 0 227
0 0 0 0 0 500 500 333 0 500 0 500 0 545 400 650 0 0 400 0 0 1000 250 1000 200 0 0 0 200 1000 0 0 0 0 0 0 0 125 500 0 766 500 0 500 100 0 833 0 600 0 400 500 0 800 700 1000 0 500 0 0 0 500 833 0 0 400 900 1000 0 0 500 0 1000 0 0 0 545 0 727 541 0 545 0 0 300 300 300 300 0 0 0 750 100 0 250 0 333 1000 0 545
#NUFC 2016-04-02
483 166 0 37 250 0 0 0 250 0 0 400 -750 -300 1000 178 0 0 -400 0 800 -400 976 -500 1000 0 -62 600 0 0 0 141 513 0 0 0 0 0 0 -156 0 0 0 0 -16 166 0 0 0 227 227 227 227 378 225 -585 -403 0 0 250 800 0 0 0 322 0 -500 0 250 0 0 0 -500 275 -62 0 0 0 0 0 0 0 95 250 500 0 204 0 0 0 0 200 175 0 399 -250 0 -100 0 600
541 166 0 431 312 0 0 0 333 0 0 200 700 600 300 335 0 0 400 0 750 400 800 1000 300 0 400 800 0 0 0 376 472 0 0 0 0 0 0 250 0 0 0 0 177 500 0 1000 0 545 545 545 545 484 566 475 689 0 0 300 1000 0 0 0 594 0 900 0 333 0 0 0 750 451 353 0 0 0 0 100 0 0 711 250 500 0 416 0 0 0 550 500 325 0 833 600 0 550 0 800
#SCFC 2016-04-02
300 0 350 312 0 0 250 0 0 300 116 -1000 0 0 0 0 350 200 -37 -400 0 312 0 0 0 400 0 0 0 25 133 0 100 -333 0 0 0 0 0 0 0 625 200 0 125 0 600 0 0 0 0 1000 0 0 100 0 250 -400 0 0 0 0 0 0 0 0 0 0 0 0 0 0 0 0 0 500 0 0 575 0 0 0 0 0 62 0 0 0 124 0 100 300 0 0 198 800 0 600 0 0
200 0 650 550 0 0 450 1000 0 200 566 1000 0 0 0 0 650 500 183 400 0 550 0 0 0 600 0 0 0 425 333 0 200 1000 0 0 0 0 0 0 0 500 500 50 250 0 775 0 0 0 0 750 0 0 1000 0 450 400 0 0 0 0 0 0 0 0 0 0 0 66 0 500 0 0 0 500 0 0 675 500 500 0 500 0 400 0 0 0 325 0 1000 750 100 0 472 750 0 500 0 0
#Swans 2016-04-02
0 -243 0 0 136 0 0 375 0 0 0 0 0 700 -225 0 200 533 0 136 0 0 0 800 0 0 200 399 0 0 0 0 0 0 -200 0 0 -166 1000 0 0 0 0 250 0 437 1000 0 0 0 0 0 208 0 0 0 625 0 0 300 0 0 200 100 350 0 0 0 0 0 0 0 0 100 300 200 0 0 300 0 0 100 0 300 300 -250 0 0 -225 0 0 0 0 0 0 100 -125 20 100 400
0 288 0 0 454 0 0 691 0 0 500 0 0 600 199 0 500 549 0 454 0 0 0 400 0 0 100 733 0 0 0 0 0 0 400 0 625 333 1000 0 0 0 0 375 0 650 750 0 0 0 0 0 716 0 0 0 900 0 0 750 0 0 100 1000 550 0 0 0 0 0 0 0 0 1000 750 500 0 0 750 0 0 1000 0 750 750 350 0 0 199 0 0 0 0 0 0 1000 325 125 1000 400
#SAFC 2016-04-02
1000 0 1000 0 0 0 0 0 0 0 -62 600 500 0 0 0 0 0 600 0 0 0 0 0 0 650 0 0 -585 0 0 250 1000 375 0 0 -151 -100 0 333 0 -849 50 0 0 400 33 500 250 0 31 0 0 0 0 400 285 250 0 366 400 0 200 200 200 200 200 1000 0 0 -400 600 600 625 0 0 250 400 0 0 0 -166 400 200 55 -1 0 0 0 0 0 0 400 0 0 0 0 0 366 700
1000 0 1000 0 0 0 0 0 0 0 400 800 694 0 0 0 0 0 1000 0 100 100 100 100 0 625 0 0 475 0 0 200 1000 750 0 0 362 900 0 433 0 833 100 0 0 700 383 450 375 0 187 0 0 0 0 700 535 350 0 700 500 100 900 200 200 200 200 300 0 0 500 600 600 900 100 100 750 500 0 100 1000 333 400 200 633 234 0 0 0 0 1000 0 400 100 100 100 100 0 633 900
#WBA 2016-04-02
0 800 -62 0 0 0 0 0 461 0 -262 -1000 0 500 50 50 50 0 0 0 0 0 0 0 0 0 0 0 0 0 0 0 0 0 0 0 0 0 0 0 0 0 0 50 0 0 0 800 200 0 500 0 0 118 0 0 0 170 0 0 350 0 500 0 200 0 500 183 0 141 0 0 0 0 0 0 27 0 175 0 400 -200 0 800 0 800 16 0 500 500 500 500 500 0 400 87 500 136 0 0
0 750 400 0 0 0 0 0 685 0 700 1000 0 500 500 500 500 0 0 0 0 0 0 0 0 0 0 0 0 0 0 0 0 0 0 0 0 0 0 0 0 0 0 500 0 0 0 400 200 0 600 66 0 427 0 0 0 424 0 0 700 66 500 0 200 0 600 500 0 491 0 0 0 0 0 0 596 0 400 0 200 400 0 400 0 400 166 0 600 600 600 600 600 0 400 950 600 454 0 100
#WHUFC 2016-04-02
0 0 0 300 0 400 100 0 0 0 -400 500 100 300 0 200 0 100 0 750 0 0 600 800 500 0 0 400 0 0 0 0 0 0 -71 500 600 0 0 0 250 0 357 700 0 250 0 1000 -199 416 0 0 0 0 100 0 0 -291 0 0 400 100 250 662 0 0 1000 0 300 0 0 0 100 0 0 0 0 0 200 0 0 233 -183 800 200 -77 0 137 0 212 0 -77 0 0 500 -77 0 0 0 0
0 0 0 0 0 800 500 0 1000 0 400 500 300 0 0 500 0 0 0 900 0 0 900 750 500 100 0 900 0 0 0 0 0 1000 893 1000 900 0 0 1000 250 0 535 600 0 200 0 1000 750 783 0 0 0 0 500 0 0 541 0 0 900 500 250 495 0 0 1000 0 450 0 0 0 296 0 0 0 100 0 500 0 1000 358 266 400 500 144 0 575 0 429 0 144 0 0 600 144 0 0 0 0
#CPFC 2016-04-02
-155 -125 500 0 0 -12 0 0 550 0 500 44 0 -250 0 125 500 154 500 600 0 283 181 412 325 300 800 250 250 750 -83 0 0 700 0 -250 0 416 600 0 333 0 0 0 249 -155 433 0 -49 0 0 0 400 0 -100 -155 -155 -155 0 390 0 0 0 0 -69 0 0 0 0 0 0 -500 150 0 0 0 0 0 0 0 0 0 0 0 0 49 1000 0 216 0 0 199 49 500 0 459 50 0 -1000 0
288 125 500 0 0 0 0 0 774 0 500 302 0 500 0 216 500 300 1000 900 300 383 431 500 487 500 400 200 200 1000 883 0 0 675 0 888 0 783 1000 0 500 0 0 0 650 288 833 0 300 0 0 0 900 0 300 288 288 288 0 333 0 0 0 0 677 0 0 0 0 0 0 400 300 0 1000 0 0 0 0 0 0 0 0 0 0 450 750 1000 766 0 0 133 450 900 0 725 650 0 1000 0
#AVFC 2016-04-02
0 0 136 0 400 0 800 0 73 0 0 0 -50 125 200 318 250 1000 0 -200 -105 -500 333 0 0 0 0 0 1000 0 0 0 250 800 0 800 -385 0 0 800 -20 875 -200 542 800 0 800 550 300 0 400 166 0 700 0 0 3 170 187 0 0 -166 0 250 0 -500 0 166 250 0 0 -325 -125 700 0 500 -125 0 0 0 300 0 0 500 99 0 0 500 800 0 -155 0 300 184 -500 -166 0 -500 12 350
0 0 454 0 700 0 1000 0 425 0 0 0 1000 366 300 477 250 300 0 800 90 1000 333 0 0 0 0 0 300 0 0 0 500 900 0 900 404 0 0 900 319 600 1000 767 900 0 900 700 300 0 600 666 300 600 0 0 275 454 562 500 0 533 500 750 0 600 0 1000 333 0 0 433 125 600 0 500 500 0 0 0 575 0 0 500 700 0 0 500 400 0 288 0 600 388 600 166 0 1000 125 650
#CFC 2016-04-02
0 900 -500 0 0 0 116 -100 93 0 0 150 0 0 1000 0 0 0 0 0 -500 0 0 0 0 0 0 136 0 342 0 136 0 125 0 1000 550 0 400 -500 0 0 0 0 0 0 200 649 533 100 0 200 500 0 0 -100 -50 0 -500 0 0 400 68 -100 100 400 0 0 600 0 -100 0 0 0 -50 -100 0 0 750 0 -75 0 0 -500 700 0 533 600 336 600 0 -100 -300 66 800 0 0 100 291 550
0 900 1000 0 0 0 733 25 375 0 0 50 0 0 300 0 0 783 0 0 1000 0 0 0 0 0 0 454 0 467 0 454 0 400 0 300 350 0 500 1000 0 750 0 0 0 0 500 750 583 0 500 600 500 0 0 400 200 0 1000 100 0 600 260 400 400 900 0 0 600 0 400 0 125 0 200 400 0 0 1000 0 366 0 0 1000 600 0 583 600 766 649 0 400 200 75 400 0 0 50 792 475
#MCFC 2016-03-20
77 68 0 350 0 0 0 0 0 0 0 -275 200 0 300 0 1000 0 200 800 -750 100 422 -100 625 437 292 0 -400 0 0 0 0 0 0 243 0 625 0 -500 0 0 400 400 225 -375 1000 800 0 250 50 0 0 -400 0 0 0 700 0 1000 386 350 124 0 0 0 0 0 0 0 -400 285 0 0 0 100 0 357 166 170 0 0 0 0 0 600 250 -300 250 0 0 0 0 400 100 -200 170 800 0 700
88 277 0 350 125 0 0 0 0 500 0 525 200 0 800 0 300 0 500 516 1000 100 411 150 487 583 470 0 400 1000 0 0 0 0 0 543 1000 500 0 1000 400 0 700 700 600 100 300 400 0 500 650 0 1000 400 100 0 300 550 0 400 636 300 575 0 0 0 0 0 1000 0 400 535 0 0 0 100 125 571 333 500 0 0 1000 0 0 700 300 600 333 0 0 0 0 700 100 400 500 400 0 600
#MUFC 2016-03-20
-600 -233 -400 0 0 0 0 0 0 -400 0 0 0 0 0 0 0 0 300 0 300 400 200 0 -600 218 -200 -194 -100 0 0 650 0 0 0 500 500 500 68 0 0 0 300 0 200 178 0 268 0 300 300 0 -375 0 300 0 0 700 1000 800 0 0 166 150 800 0 0 0 0 150 0 264 -550 -300 800 150 300 500 900 0 -266 100 0 100 390 0 0 0 700 300 300 0 1000 300 124 0 625 0 0 0
1000 666 950 0 0 0 0 0 0 400 0 0 0 0 0 0 0 0 800 0 800 700 500 0 800 375 800 597 150 0 0 600 0 0 0 500 500 1000 750 0 1000 0 800 0 900 313 0 750 100 800 800 400 100 0 800 0 0 600 300 400 66 0 433 400 400 0 0 0 0 400 0 760 500 200 400 400 800 500 500 0 508 100 1000 100 1000 0 0 500 550 800 800 0 400 800 575 0 625 62 0 0
#COYS 2016-03-20
0 0 68 200 400 0 399 750 400 0 550 0 333 250 0 0 193 0 0 0 250 625 300 0 0 0 0 0 0 0 0 0 0 0 0 800 0 0 0 500 0 390 0 1000 0 466 -331 500 0 0 0 0 250 0 0 1000 800 0 0 0 -375 900 -300 -250 166 0 500 0 500 0 0 0 0 0 0 0 0 700 900 200 0 0 0 0 0 0 0 800 250 0 0 0 136 350 -500 250 0 100 0 0
0 0 227 500 800 0 266 950 800 0 750 0 799 372 0 0 447 0 0 0 333 600 449 0 0 0 0 0 0 0 0 0 0 0 0 400 0 0 0 566 100 200 0 750 0 266 627 900 0 0 0 0 250 0 0 1000 1000 0 0 0 400 1000 400 250 716 0 375 0 500 0 0 0 0 0 0 0 0 650 1000 100 0 0 0 0 0 183 0 750 333 0 0 0 500 500 900 1000 0 100 0 0
#AFCB 2016-03-20
166 375 375 500 800 234 -500 0 0 700 -500 175 312 700 250 122 700 0 0 0 0 1000 0 0 0 -116 250 1000 0 250 250 0 0 1000 0 0 0 -166 0 600 49 0 800 350 351 0 272 0 0 0 0 0 -125 0 0 -500 0 -312 500 0 0 0 175 175 0 0 0 33 0 0 -400 0 0 0 0 -450 -666 0 500 0 33 33 0 -400 -131 0 68 0 0 0 0 0 0 0 -440 625 400 0 250 625
233 625 625 500 750 375 1000 0 0 600 866 775 333 600 333 211 600 0 1000 0 1000 1000 1000 0 0 533 250 300 0 333 250 0 0 300 0 0 0 333 0 825 450 0 750 350 612 0 444 0 0 0 1000 0 300 0 0 866 0 687 150 0 0 0 775 775 0 0 0 33 0 0 400 0 100 0 0 700 1000 0 500 0 33 33 0 400 450 0 277 22 0 0 1000 0 0 0 200 625 900 0 283 625
#NUFC 2016-03-20
0 0 0 200 66 166 -155 0 133 89 -155 0 0 0 250 0 0 0 0 0 18 0 -100 250 0 0 300 0 0 0 0 -294 0 900 500 -312 433 433 656 -250 0 1000 -500 285 0 0 0 800 0 0 -120 178 285 0 800 0 0 0 976 250 800 0 0 0 -187 0 0 0 0 0 500 0 0 0 0 200 0 125 222 0 -100 0 0 800 500 0 -333 800 233 233 0 0 800 462 516 333 0 200 0 133
0 0 0 300 233 266 288 0 266 491 288 0 0 0 250 0 0 0 100 500 327 0 0 875 0 1000 500 100 1000 1000 100 628 0 575 1000 700 433 466 600 200 0 300 900 535 0 0 1000 1000 0 500 160 335 535 0 400 0 0 0 800 875 1000 1000 0 0 500 0 0 0 0 0 750 0 0 0 0 300 0 400 430 0 500 0 0 200 500 66 666 200 933 933 0 0 1000 625 394 500 0 500 0 600
#SAFC 2016-03-20
-400 166 500 357 -155 0 0 0 -185 -185 -185 -185 -100 500 0 -33 0 0 -500 0 1000 0 0 0 285 0 0 200 0 150 662 0 0 0 0 700 -400 0 -400 -100 -100 -100 -100 0 0 200 39 0 0 -49 103 0 250 250 -100 1000 0 66 -200 0 600 0 0 0 0 0 -77 800 200 750 -475 400 0 -250 400 0 0 -51 0 150 0 200 0 0 0 266 199 0 -300 0 300 200 500 0 0 0 -575 0 -800 0
600 266 1000 630 288 0 0 0 329 329 329 329 0 600 0 577 1000 100 600 0 300 0 0 500 535 0 0 500 0 550 500 0 0 0 0 900 700 0 600 0 0 0 0 0 0 500 400 0 0 650 842 0 450 200 33 300 0 333 100 0 800 0 0 66 0 0 194 400 400 650 600 450 0 250 625 0 0 296 0 950 0 400 0 0 0 516 533 0 450 0 433 500 500 0 0 0 700 0 900 0
#SaintsFC 2016-03-20
253 0 0 0 1000 0 200 -566 0 0 0 0 0 0 -300 633 200 800 0 0 0 0 0 0 1000 0 0 506 250 0 222 500 170 -150 1000 -100 0 -33 0 0 0 0 432 400 0 150 0 0 -400 350 0 50 0 0 800 0 152 0 0 0 800 0 0 500 0 0 666 333 500 -700 0 800 800 0 0 0 0 0 -50 500 100 800 500 -50 366 0 400 0 0 0 0 1000 1000 750 500 0 0 -166 150 0
366 0 0 0 900 66 100 700 0 0 66 500 0 0 400 566 100 400 0 0 0 0 0 0 300 100 0 466 500 0 555 1000 500 350 400 300 0 716 0 1000 0 0 821 400 0 400 650 0 400 350 0 300 0 0 400 400 550 0 0 0 750 0 0 500 0 0 683 377 500 1000 0 400 400 1000 0 0 0 0 0 600 400 400 375 166 666 100 378 100 0 0 0 1000 300 1000 500 100 0 333 400 0
#LFC 2016-03-20
300 0 0 -400 0 -291 0 0 -400 0 20 500 253 -124 0 0 -75 33 0 399 0 0 250 -400 0 433 0 400 370 684 0 250 0 300 700 0 500 0 318 0 0 0 -133 0 0 800 0 0 -800 0 650 0 0 0 500 283 250 366 200 -250 0 243 0 0 0 278 0 684 0 0 600 600 -250 333 350 -93 0 212 -125 0 0 -50 400 0 600 0 566 350 0 0 0 -312 149 217 625 0 518 800 0 300
666 0 1000 400 0 541 1000 800 400 0 791 500 366 540 1000 0 700 227 0 511 0 0 300 400 0 733 1000 1000 759 801 0 450 0 800 700 0 500 0 477 0 0 0 333 0 0 400 0 0 800 0 600 0 0 0 900 344 1000 525 512 250 0 502 0 0 1000 438 0 801 0 0 1000 566 500 666 550 250 0 818 175 1000 0 400 1000 0 550 66 500 625 0 0 0 400 500 764 600 0 727 1000 0 800
#Swans 2016-03-19
0 200 0 0 0 0 0 250 800 0 300 0 0 0 0 250 0 0 50 0 0 459 550 0 0 -200 0 800 350 -500 0 800 0 0 1000 100 1000 133 200 0 -166 200 68 -200 433 800 -200 0 -166 200 0 0 0 0 0 -200 850 0 0 0 0 -400 -155 0 433 0 375 433 0 0 0 0 0 0 0 0 250 500 0 800 250 0 0 0 0 0 0 0 -62 1000 0 0 0 219 0 68 0 0 136 608
0 200 0 0 0 0 0 200 1000 0 200 0 0 0 0 375 250 0 200 0 0 600 500 0 0 400 0 1000 600 500 0 1000 0 0 1000 200 300 533 500 0 266 500 427 850 733 1000 850 0 333 500 0 0 633 0 0 850 1000 0 0 0 0 400 288 0 733 0 750 733 0 0 0 0 0 0 0 0 333 500 125 1000 800 0 0 0 0 0 0 0 437 1000 250 0 0 603 0 750 0 0 500 450
#AVFC 2016-03-19
0 0 166 0 0 0 68 0 50 0 0 0 0 0 0 0 0 233 0 0 0 266 0 0 508 0 0 172 0 0 0 0 0 0 0 0 0 0 0 172 -83 0 0 0 700 0 0 0 -500 0 170 300 566 0 0 0 -227 500 0 0 168 0 0 142 44 142 100 0 0 0 -388 0 0 100 142 0 0 0 0 0 0 0 0 0 0 0 0 0 83 0 0 0 0 0 0 -1000 333 250 700 -155
0 0 333 0 0 0 727 1000 600 0 0 0 0 0 0 0 0 733 0 0 0 500 0 0 833 0 0 394 0 0 0 0 0 0 0 500 0 0 0 394 333 0 0 0 600 0 0 550 900 66 454 500 866 0 0 0 344 600 0 0 477 0 0 267 422 767 550 0 0 0 833 0 125 200 767 0 0 0 0 0 500 0 0 0 0 0 0 0 833 0 0 0 0 0 0 1000 333 333 600 288
#CFC 2016-03-19
0 0 0 0 100 0 0 500 0 0 0 0 133 0 250 150 0 200 300 175 0 100 0 300 0 300 0 300 300 50 0 200 136 0 0 0 500 0 136 0 62 0 0 0 0 0 0 0 0 0 300 0 0 0 0 275 0 0 0 0 500 0 68 0 -400 0 0 0 0 0 500 0 0 0 0 650 0 0 150 49 0 1000 0 0 0 166 175 612 0 0 100 200 50 -474 0 300 200 0 0 66
0 0 0 1000 200 0 0 500 100 0 0 0 288 0 250 850 0 100 600 625 0 300 0 600 0 600 0 600 600 200 0 600 500 0 1000 0 500 357 454 0 500 0 0 0 0 0 0 0 1000 0 200 0 0 0 0 350 0 0 0 0 500 0 477 0 600 0 0 0 0 0 500 0 0 500 0 450 0 0 416 216 0 1000 0 0 0 166 575 451 0 0 150 633 500 841 0 600 500 0 0 696
#WHUFC 2016-03-19
0 800 0 33 400 -200 0 750 600 750 0 762 600 136 -100 136 0 0 600 0 -200 0 0 250 250 350 500 1000 55 0 0 -300 0 50 0 -1000 0 0 0 342 0 0 200 0 800 0 200 -106 0 500 62 0 1000 0 0 0 500 0 0 0 500 0 666 662 0 0 300 199 -500 200 0 0 0 -187 -300 -127 0 -85 0 199 -349 500 150 500 0 -600 -33 250 100 300 0 700 600 0 0 0 -200 0 -200 0
0 1000 0 300 800 350 0 900 900 750 0 944 900 500 300 500 0 0 900 0 250 0 0 200 200 350 500 300 444 0 100 400 0 500 0 1000 0 0 0 467 0 0 900 0 400 0 400 326 0 1000 487 0 400 0 0 0 762 0 0 0 500 0 700 744 1000 0 750 966 900 100 0 0 0 550 900 319 0 479 0 550 333 500 500 500 0 900 625 750 400 950 0 200 900 0 0 0 50 0 50 0
#CPFC 2016-03-19
0 24 0 0 0 325 0 0 100 0 200 533 0 0 85 0 0 0 0 250 250 250 0 0 0 0 0 0 350 0 0 0 0 0 0 0 0 433 -400 100 0 700 0 200 0 8 0 0 0 -400 300 300 300 133 0 468 416 0 0 0 0 0 0 0 0 -400 0 375 -155 158 800 -166 0 31 400 0 0 0 0 0 70 0 0 0 0 0 136 0 0 800 0 0 0 107 0 500 250 0 0 136
0 258 0 125 0 683 1000 0 400 0 200 400 100 0 678 0 0 0 0 200 200 200 0 0 0 0 500 0 300 0 0 0 0 0 0 0 0 733 600 1000 0 600 0 300 0 500 0 0 0 600 800 800 800 250 0 427 500 0 0 0 0 0 0 333 0 400 50 375 288 258 750 333 0 406 1000 0 0 0 0 0 358 0 125 0 0 0 500 0 125 700 0 0 0 264 0 1000 250 0 0 500
#LCFC 2016-03-19
0 0 136 0 0 -312 0 0 0 0 800 0 0 0 0 0 0 0 324 800 0 780 0 0 0 500 -100 0 -400 0 0 136 0 500 0 0 0 357 0 500 0 50 100 0 0 300 1000 116 0 0 0 1 50 0 0 0 0 200 0 -162 160 875 66 -162 0 1000 1000 -57 -400 0 357 0 0 200 500 -150 250 0 400 0 100 0 -200 400 0 487 0 0 -23 0 781 0 0 625 0 0 0 0 0 0
0 0 454 0 0 600 0 0 0 0 400 0 0 0 0 0 66 0 325 400 0 1000 0 0 0 600 300 0 400 0 0 454 0 525 0 0 0 535 0 500 0 650 200 0 0 300 300 266 0 0 100 253 500 0 100 0 1000 900 66 387 539 600 399 387 0 300 300 196 800 0 571 0 0 300 500 450 100 0 900 0 383 0 550 900 0 800 0 0 366 0 500 0 0 500 0 0 0 0 0 0
#WatfordFC 2016-03-19
-299 700 200 300 0 490 0 -100 650 0 0 0 0 0 400 0 0 -800 0 0 0 0 0 -122 25 0 0 0 0 0 80 -800 0 0 600 0 99 -800 241 -166 175 0 0 0 31 0 -250 400 0 0 -150 0 0 400 0 0 400 275 0 0 0 0 450 500 -400 200 0 0 -50 0 0 0 650 0 0 0 -400 0 500 400 0 0 0 500 0 200 0 400 400 0 250 650 400 100 0 -100 450 0 0 0
683 800 512 575 0 691 0 0 750 0 0 0 0 0 400 0 66 1000 0 0 0 0 0 466 400 0 0 0 0 66 269 1000 0 0 1000 0 294 1000 350 333 275 0 0 0 406 0 500 200 0 0 400 0 0 400 1000 0 600 819 0 1000 0 0 750 150 400 100 1000 0 0 0 0 0 450 0 0 0 400 0 500 600 0 0 0 500 0 200 0 400 900 0 750 450 600 200 0 241 750 0 0 1000
#SCFC 2016-03-19
-299 500 -125 175 -300 0 0 0 0 0 800 0 0 0 0 0 0 0 -125 500 0 0 266 136 0 0 976 976 976 976 976 976 488 976 976 976 976 781 -800 -250 0 0 0 0 0 0 0 0 0 0 68 -200 433 300 0 175 -699 0 -400 0 700 -250 136 0 0 0 0 313 0 0 0 0 0 0 350 0 0 0 -699 500 0 700 0 200 -400 0 700 350 0 0 -200 500 0 -699 136 0 0 200 0 0
683 500 400 275 600 0 0 0 0 0 1000 0 0 0 0 0 0 0 400 500 0 0 250 454 500 0 500 500 500 500 500 500 250 500 500 500 500 500 1000 500 0 0 0 0 0 0 0 0 0 0 427 850 733 100 0 275 666 0 400 66 900 500 454 0 0 0 0 691 0 0 0 0 0 0 550 0 0 0 666 500 0 900 0 250 400 0 900 550 0 0 700 500 0 666 454 0 0 100 0 0
#WBA 2016-03-19
0 -625 800 0 0 100 0 350 566 333 333 0 0 0 0 800 500 0 250 -166 0 -550 0 0 125 700 0 0 0 8 0 533 800 0 -625 0 0 316 0 0 50 0 225 -78 0 0 -200 0 0 0 533 0 -166 -166 0 0 200 0 0 0 0 78 0 0 0 0 0 0 100 136 78 100 700 0 -125 0 0 0 0 0 0 0 0 0 200 0 0 0 166 200 341 0 0 0 0 -111 0 0 0 0
0 1000 1000 0 0 200 400 300 566 500 500 0 550 0 0 400 500 0 250 666 0 650 550 0 200 900 0 0 0 825 0 633 750 0 900 0 0 591 0 0 50 0 400 600 0 0 233 0 0 0 549 0 66 66 0 0 200 0 0 1000 0 384 0 0 0 0 0 0 400 454 384 200 600 0 150 0 0 0 0 0 0 0 0 0 300 0 0 0 500 550 491 125 0 0 0 547 0 0 0 0
#ncfc 2016-03-19
0 0 0 -187 -171 -71 1000 -15 258 62 0 0 0 500 0 600 0 1000 50 500 -68 41 0 0 0 0 -750 -400 250 500 0 0 0 0 0 0 0 0 0 0 625 -100 976 0 976 976 976 976 976 488 976 976 976 976 781 500 500 -100 0 700 250 315 500 500 500 0 500 0 0 250 0 0 0 0 -300 0 0 -100 500 0 0 400 0 170 0 357 0 0 0 214 0 0 0 0 0 0 0 0 104 800
0 0 100 562 585 214 300 260 783 500 0 0 0 500 200 900 0 300 200 500 454 250 0 0 0 0 1000 400 200 500 100 0 0 0 0 0 0 0 0 1000 900 725 500 0 500 500 500 500 500 250 500 500 500 500 500 500 894 0 0 900 500 357 500 500 500 0 500 0 0 333 0 0 0 0 500 0 0 200 500 50 0 625 100 454 1000 535 0 0 0 428 0 1000 1000 1000 0 0 0 0 466 1000
#EFC 2016-03-19
0 600 0 -625 0 0 0 -155 0 0 -155 31 136 1000 0 0 49 136 49 49 136 136 49 136 0 0 781 0 0 0 0 150 200 0 0 0 0 0 0 0 350 200 800 700 83 250 50 -714 0 0 16 0 0 700 0 0 0 0 0 0 0 0 0 0 0 700 125 0 0 0 0 0 -400 0 433 0 136 0 136 136 122 0 0 136 500 0 209 166 250 250 250 250 0 200 0 0 0 100 976 976
0 1000 0 1000 0 66 125 288 0 0 288 416 500 888 0 0 675 500 675 675 500 500 675 500 0 0 500 0 0 0 0 483 200 0 0 0 0 0 0 0 550 500 400 600 333 250 500 857 0 0 400 0 0 600 0 0 0 0 0 0 0 0 0 0 0 600 300 0 0 0 0 0 400 0 633 0 454 0 454 454 466 0 0 454 500 0 644 533 250 250 250 250 0 100 0 0 0 400 500 500
#AFC 2016-03-19
400 50 -600 100 350 0 700 0 0 0 0 0 -157 500 0 -1000 0 0 0 0 0 0 0 0 0 200 200 0 0 -200 0 0 0 0 200 0 0 0 0 500 500 0 1000 0 0 49 0 0 0 0 0 450 136 160 0 200 0 0 0 68 -166 200 0 0 0 383 0 0 0 200 -500 0 -350 0 0 183 0 0 0 180 0 0 0 300 0 800 -500 261 25 0 0 284 1 700 200 0 250 800 281 0
400 350 800 200 750 0 600 0 0 0 0 0 454 750 0 1000 0 0 0 66 0 250 0 0 0 100 200 1000 500 100 0 0 0 0 100 0 0 0 0 500 500 0 1000 125 0 675 0 0 0 0 0 600 500 539 0 200 0 0 0 727 583 550 0 0 0 616 0 0 0 500 900 0 674 0 0 444 0 0 0 440 125 0 0 750 0 400 1000 808 550 1000 0 463 253 600 200 0 333 400 479 50
#LCFC 2016-03-14
-250 250 0 0 75 0 0 0 0 0 75 0 0 500 400 0 250 0 900 500 300 0 0 0 136 0 0 0 0 75 500 100 0 0 -50 800 0 400 -50 300 0 300 0 285 -50 -400 300 -50 500 0 500 -175 250 300 136 200 200 0 500 0 102 500 900 0 200 -175 0 800 500 118 0 250 0 500 0 850 0 0 0 200 0 49 500 300 -200 0 -145 100 100 0 0 505 0 0 0 500 0 500 0 0
687 300 0 0 250 0 1000 0 0 0 250 1000 0 875 450 0 250 0 1000 600 100 0 0 0 454 0 0 0 0 250 500 425 0 0 50 400 0 400 600 200 0 200 0 535 400 400 200 400 500 0 500 550 333 200 500 900 500 0 888 533 575 600 800 0 500 550 0 1000 400 400 0 250 1000 500 0 1000 0 0 0 600 0 875 233 533 50 66 770 50 150 0 0 590 0 0 0 500 0 833 0 0
#NUFC 2016-03-14
-125 0 100 0 0 0 0 1000 466 0 -52 0 300 0 100 -312 0 0 666 -500 0 -57 -274 0 -250 400 1000 200 0 0 -283 -200 250 -312 -175 138 50 0 0 250 0 0 -312 300 0 -312 0 650 200 1000 0 178 585 250 0 0 0 0 0 -50 800 0 0 0 500 0 0 0 0 0 -99 0 0 304 0 0 150 0 0 0 700 0 0 0 0 350 175 175 175 0 0 0 0 0 800 -24 0 0 0 100
375 0 300 100 0 0 0 300 700 0 375 1000 1000 0 400 100 0 0 450 300 0 315 805 100 888 200 300 300 0 100 683 200 250 687 175 555 400 0 0 333 0 0 687 100 0 687 0 450 200 300 100 335 750 333 100 0 0 0 0 150 400 1000 1000 0 833 0 100 0 0 0 844 750 0 611 0 0 491 0 0 100 600 0 0 0 0 550 775 775 775 0 0 0 0 0 400 350 0 0 0 650
#AVFC 2016-03-13
100 0 -500 0 -187 700 0 0 228 -566 520 -100 0 500 375 0 237 0 -100 -46 0 133 -100 0 0 -50 254 41 0 -575 -350 0 375 -375 -375 -375 -375 -375 -375 0 -750 700 -100 -150 -500 0 400 -375 -400 -100 0 329 329 329 329 -49 329 -105 0 100 -250 -400 -100 -49 113 227 363 227 800 -50 0 -261 -49 -375 0 -93 333 0 0 -187 500 0 0 0 500 0 0 199 66 -399 0 800 416 0 233 363 -50 0 -300 800
1000 0 1000 0 944 600 500 0 550 799 549 200 0 888 500 0 476 0 200 700 0 500 200 0 0 100 588 375 0 575 550 0 537 625 625 625 625 625 625 0 900 600 200 800 900 0 450 625 400 200 0 500 500 500 500 700 500 240 449 200 1000 600 200 700 272 545 522 545 1000 400 0 783 700 625 0 250 900 0 0 500 500 0 0 0 900 0 0 600 399 600 0 900 616 0 366 522 658 0 200 400
#COYS 2016-03-13
0 -297 0 -187 0 0 -400 -183 593 0 400 0 0 22 0 -78 0 200 0 -71 319 0 712 400 800 250 500 0 500 0 -500 0 -437 0 900 0 0 0 518 500 600 750 500 659 100 0 0 0 0 283 0 122 800 0 600 0 0 0 0 0 -75 0 -178 100 112 -200 -500 261 500 200 0 333 -144 0 -600 0 0 0 0 0 -50 0 0 -750 -155 0 720 316 -600 0 116 0 136 0 0 -750 195 -150 -57 310
0 344 166 500 325 0 950 766 383 0 850 650 0 294 0 187 0 449 0 478 500 0 725 100 400 250 888 0 1000 0 600 0 350 0 575 0 0 0 725 833 566 937 425 830 850 0 0 0 0 416 0 277 400 0 900 0 0 0 0 0 325 0 285 100 711 399 900 338 800 200 0 466 411 0 700 0 0 0 0 100 500 0 1000 850 288 0 575 305 700 0 250 0 413 0 0 850 400 449 617 524
#AFCB 2016-03-12
0 0 500 250 156 500 300 0 250 250 800 33 -400 0 0 400 0 0 0 0 0 -66 0 0 187 200 136 400 0 350 0 0 750 250 275 0 0 -533 0 0 350 800 -166 0 0 566 0 -222 0 0 650 187 0 -520 0 0 333 320 0 0 0 0 -400 0 0 -200 800 400 350 312 700 542 400 1000 0 0 0 0 434 -437 -155 0 0 0 0 175 0 0 0 1000 0 -400 0 0 187 0 0 0 200 0
0 62 500 750 700 500 100 0 200 750 750 500 400 0 0 800 0 0 0 0 0 100 0 0 250 250 454 800 0 550 0 0 944 300 425 0 0 633 0 0 550 400 333 500 0 566 0 355 0 500 750 375 0 1000 0 66 500 430 0 0 0 0 400 0 0 250 900 800 462 333 900 642 800 300 0 0 0 0 613 594 288 0 0 0 0 275 0 0 112 1000 0 400 0 0 250 0 0 0 200 0
#Swans 2016-03-12
0 0 0 0 100 -150 0 150 -100 250 0 -200 0 0 357 -187 -150 0 375 0 -100 0 0 0 0 1000 500 0 -77 0 0 0 0 0 0 800 0 -166 333 0 -400 433 0 0 0 -155 100 0 0 0 0 0 125 0 0 136 -155 0 0 1000 100 -400 0 0 0 94 0 -400 433 -400 -400 -400 -400 -400 433 0 433 433 220 0 0 175 0 0 0 500 250 0 0 625 0 200 -400 49 0 0 175 0 0 0
500 0 0 0 200 400 0 659 266 200 0 200 366 0 571 500 400 0 750 0 266 0 0 0 0 1000 500 0 144 0 0 0 0 0 0 400 0 333 366 0 400 733 0 0 0 288 200 0 0 0 0 0 200 0 0 454 288 0 0 1000 200 400 0 0 0 427 0 400 733 400 400 400 400 400 733 0 733 733 390 500 0 425 0 0 0 750 750 0 0 1000 0 500 400 450 0 0 425 0 0 0
#SCFC 2016-03-12
0 1000 525 800 0 -300 0 0 0 0 0 0 0 0 0 0 383 0 400 0 400 0 0 0 0 325 500 500 500 0 -350 400 0 0 0 400 0 0 0 -25 50 0 0 -181 500 500 500 0 150 -400 433 1000 400 -291 0 0 0 0 0 0 0 0 0 0 0 0 0 -25 0 0 0 625 400 0 800 100 50 0 50 0 187 325 -400 350 433 800 0 400 400 400 50 400 300 100 0 800 250 170 437 0
0 1000 300 1000 0 538 0 0 0 0 0 0 0 0 1000 0 650 0 1000 0 1000 400 0 0 0 566 150 150 1000 1000 900 1000 1000 0 0 562 0 0 0 200 550 0 0 427 150 150 150 0 600 400 733 1000 400 541 0 0 66 0 0 500 0 0 0 0 0 750 0 200 500 0 0 500 400 0 1000 400 550 0 550 0 250 566 400 550 733 1000 0 400 400 400 550 400 900 350 0 1000 277 500 650 0
#SaintsFC 2016-03-12
0 136 -291 0 0 136 0 0 -50 0 0 25 0 525 700 0 136 0 0 166 500 250 700 0 0 0 0 0 0 136 0 0 0 375 -500 -291 250 0 400 438 166 -416 0 -291 200 0 -100 0 0 200 0 400 250 400 0 375 50 -500 -500 1000 0 0 0 0 200 50 400 0 350 136 375 0 0 500 0 0 400 50 0 100 -75 0 125 500 50 0 400 0 0 0 50 144 -400 0 275 0 49 0 0 -437
0 454 541 0 0 454 0 0 449 0 0 250 0 300 600 0 454 0 0 316 1000 250 600 0 0 0 0 0 0 454 66 0 0 500 700 541 200 100 700 514 333 800 0 541 606 0 0 0 500 900 0 1000 300 1000 0 500 200 1000 500 1000 0 0 0 0 300 200 400 0 550 454 616 400 0 600 0 250 1000 200 0 1000 325 0 433 1000 512 0 700 0 0 0 300 336 400 0 524 0 650 0 0 500
#ncfc 2016-03-12
250 -200 0 0 500 -500 243 500 -100 0 500 0 100 114 750 0 0 0 0 0 700 0 0 625 0 0 0 -166 0 100 100 0 192 0 0 566 166 0 250 0 625 0 0 0 0 0 0 0 -216 0 -155 200 500 -431 0 0 -500 0 0 1000 0 800 0 400 0 0 600 0 0 0 257 0 0 150 0 0 0 0 700 0 0 0 0 -100 0 0 0 0 0 0 125 0 0 -625 0 0 0 0 0 566
500 400 0 0 500 200 550 1000 400 0 500 0 200 487 750 0 0 1000 0 0 600 0 1000 750 0 0 0 166 0 550 1000 0 367 0 0 700 766 0 333 500 900 400 0 0 0 0 0 0 305 125 288 200 500 727 0 0 1000 0 0 300 0 400 900 475 0 0 950 0 0 0 385 0 0 300 0 0 0 0 600 0 0 0 0 400 0 1000 0 0 0 0 750 0 0 400 0 500 0 0 0 566
#MCFC 2016-03-12
-322 0 0 0 0 -250 166 0 250 0 0 0 0 0 0 -699 700 0 0 45 0 0 0 0 0 50 0 500 0 421 0 0 0 50 0 0 0 0 0 200 0 0 183 710 500 0 243 184 0 0 0 0 625 0 500 0 0 500 0 0 900 625 0 0 -781 -41 100 0 300 150 0 0 0 400 285 50 0 0 500 0 0 0 0 0 0 500 0 0 125 136 500 -400 -250 333 400 0 500 -433 0 0
677 0 0 0 0 750 666 0 333 0 0 0 0 0 0 666 550 0 0 151 0 0 0 0 0 550 0 750 0 628 0 0 0 200 0 0 0 0 0 200 0 0 450 845 350 0 637 588 0 0 0 0 900 0 500 0 0 566 0 0 1000 600 0 0 400 125 550 0 100 700 0 0 0 700 535 1000 0 0 500 0 0 0 1000 0 0 500 1000 0 1000 500 600 600 800 416 800 0 475 600 0 500
#WBA 2016-03-06
0 68 400 0 0 0 0 0 0 0 0 0 -300 0 0 -300 -300 -500 450 0 0 800 0 538 0 0 0 0 500 0 500 0 136 250 0 0 0 -400 600 200 -100 600 500 333 0 0 333 333 0 -33 -333 333 0 0 250 0 400 400 0 -200 166 0 500 0 0 0 437 700 0 200 -300 0 0 0 0 400 -49 0 160 500 0 0 99 500 0 400 400 0 0 0 -500 0 0 400 -200 0 200 0 300 0
0 250 400 0 0 0 0 0 0 0 0 0 500 0 0 500 500 1000 850 0 0 750 0 661 0 0 0 0 200 0 600 0 500 650 0 0 0 600 900 200 83 900 700 666 0 0 666 666 0 466 833 666 0 0 500 0 200 200 0 700 333 0 500 0 0 1000 625 750 0 366 200 0 0 0 0 900 450 0 539 833 0 0 111 500 0 500 800 0 0 0 1000 0 1000 716 50 0 200 0 300 0
#MUFC 2016-03-06
0 0 0 750 0 -194 -194 0 318 0 0 68 0 0 250 250 0 337 337 -50 -50 -187 -116 0 0 0 0 0 -200 68 0 399 -500 100 0 318 136 -250 0 0 0 -699 800 100 166 800 800 100 300 600 600 0 -150 166 0 0 350 250 0 0 0 400 625 -500 0 -500 0 0 242 800 133 0 0 0 0 -133 0 -125 160 0 0 0 0 0 166 -50 -116 -50 -187 58 283 190 -116 0 333 0 0 300 400 700
0 0 0 675 0 288 288 1000 527 0 0 250 0 0 333 333 0 662 662 450 450 537 516 0 0 0 0 0 300 250 0 500 666 400 0 477 454 333 0 0 0 666 400 400 333 400 400 400 500 1000 1000 0 700 533 0 0 300 333 0 0 0 800 900 666 0 666 0 0 417 400 366 0 0 0 0 783 0 366 520 0 0 0 0 0 533 450 516 450 537 674 550 650 516 0 666 0 0 549 350 550
#CPFC 2016-03-06
400 0 0 -312 136 0 0 500 0 250 516 800 0 500 0 0 0 300 0 0 300 -1000 0 33 33 33 625 0 0 0 250 0 0 0 0 0 0 0 500 -600 0 0 0 0 0 -300 0 -200 0 0 216 136 216 136 216 136 0 0 650 49 0 550 350 0 -125 0 0 0 0 125 0 0 250 0 300 0 300 0 0 0 0 0 450 -400 0 0 0 0 0 0 0 83 0 -200 303 0 0 303 0 -400
900 0 0 500 500 66 0 600 0 500 577 400 0 500 0 0 0 100 0 1000 100 1000 0 799 799 799 500 0 0 0 200 0 0 0 0 0 0 0 500 800 0 0 0 0 0 488 0 100 0 0 377 500 377 500 377 500 0 0 450 644 0 950 550 0 500 0 0 0 0 199 66 66 500 66 200 0 400 812 0 0 0 0 600 400 0 0 0 0 0 250 0 83 0 350 710 0 0 710 0 400
#LFC 2016-03-06
0 0 600 -100 0 0 0 0 0 -250 0 0 0 0 99 33 -500 0 68 200 0 0 0 433 500 0 0 0 0 500 500 100 -500 -75 0 0 83 0 0 -500 -100 0 0 0 781 0 -100 0 -500 0 0 -275 0 800 0 166 0 300 0 0 -100 99 166 0 0 166 800 0 -100 0 0 -133 0 166 366 1000 -63 0 166 -166 -50 433 274 375 250 99 -133 0 -500 166 0 -150 -100 0 0 0 -225 0 0 198
0 0 250 200 0 0 0 0 0 250 0 0 0 0 300 799 1000 0 250 200 0 0 0 416 500 0 400 0 0 500 666 400 1000 850 0 0 716 0 0 1000 200 0 0 0 600 0 200 0 1000 0 0 400 0 750 0 533 0 562 0 0 200 300 333 1000 0 333 1000 0 200 0 0 783 0 533 933 1000 280 0 333 166 1000 833 358 266 362 300 783 500 1000 333 0 550 200 0 0 0 875 0 0 917
#WatfordFC 2016-03-05
0 650 0 0 0 0 0 0 183 650 0 0 250 507 275 500 312 133 136 28 166 0 0 0 0 0 0 200 -200 0 0 0 300 458 0 0 800 0 33 0 0 0 550 0 300 800 -400 500 0 12 0 350 -199 291 216 -216 0 -366 50 100 650 -50 -166 387 0 0 175 500 0 0 0 0 0 0 44 400 -500 178 200 149 0 0 -750 0 0 100 49 125 357 0 0 0 0 50 0 0 -97 232 0 49
0 450 125 0 0 66 66 0 383 450 0 0 200 750 597 600 312 405 454 567 266 0 0 0 0 0 0 549 800 0 0 0 750 440 0 0 400 0 166 0 0 0 375 0 0 750 400 600 0 750 0 350 288 199 483 399 66 522 133 200 450 0 333 512 0 0 625 500 0 0 0 0 0 0 544 800 1000 317 300 850 0 66 750 0 0 400 600 200 571 0 0 0 0 500 500 0 630 404 100 600
#LCFC 2016-03-05
0 0 0 0 500 0 650 500 800 750 500 0 0 800 399 0 -53 0 -53 625 0 0 0 0 500 0 0 100 0 0 900 0 500 1000 0 136 490 305 566 0 -600 166 416 0 0 345 0 0 -200 416 250 1000 0 0 -600 490 800 0 300 0 800 0 -187 0 144 0 0 -435 538 0 0 350 0 700 0 800 0 0 0 -666 909 0 500 0 0 400 0 400 541 0 800 0 0 0 0 440 0 0 800 500
0 1000 0 0 500 0 750 1000 400 944 1000 0 0 400 366 0 518 500 518 500 0 0 0 0 888 500 0 400 0 0 1000 0 600 1000 0 454 562 570 616 1000 950 266 750 0 0 483 400 0 850 750 250 1000 0 0 800 900 400 1000 200 0 400 100 500 0 733 0 0 285 441 0 0 600 0 600 0 400 0 0 0 1000 780 0 600 0 0 562 0 262 833 0 400 0 0 500 0 590 0 0 400 500
#CFC 2016-03-05
166 0 500 0 0 0 800 0 0 0 0 500 0 0 0 0 0 0 0 278 0 0 800 0 0 0 0 0 350 0 0 0 0 250 0 0 1000 -250 500 285 -300 0 0 0 0 0 433 0 0 0 0 0 500 400 375 0 225 400 375 233 225 0 433 500 200 0 0 500 400 1000 0 500 0 0 -51 0 800 0 0 1000 0 0 0 0 136 -125 -125 0 0 0 0 250 50 0 -28 -28 0 -53 100 0
300 0 500 0 0 0 400 0 0 0 0 500 0 0 0 0 0 50 0 784 0 0 400 0 100 0 0 0 425 0 0 0 0 387 66 0 1000 888 150 535 950 0 0 0 0 125 733 0 0 0 0 0 888 350 550 0 441 350 550 450 441 0 733 888 100 0 0 500 600 1000 0 500 0 0 296 0 400 0 1000 1000 0 66 0 0 454 375 375 0 50 0 33 450 100 0 308 308 0 518 133 0
#SCFC 2016-03-05
234 0 0 0 49 0 0 150 333 900 0 333 200 0 0 0 0 0 0 -72 400 450 440 625 0 0 200 500 233 199 0 0 0 0 0 0 800 0 0 350 800 800 800 800 800 500 0 0 500 100 0 0 0 0 -400 266 600 0 466 0 700 500 466 500 0 0 500 0 0 500 200 170 0 0 0 312 -395 500 400 -400 700 250 0 0 100 500 437 1000 166 -194 400 400 0 136 400 136 400 136 400 400
444 0 66 0 369 0 0 300 355 700 0 288 225 0 0 550 266 0 0 158 408 900 493 454 0 0 350 1000 350 500 0 0 0 0 0 0 750 0 0 550 1000 1000 1000 1000 750 500 0 0 750 900 0 250 0 0 400 466 775 0 366 66 600 750 366 500 0 0 750 0 250 750 300 454 0 0 0 350 470 750 550 400 800 850 0 0 400 250 611 300 833 416 400 400 0 454 400 454 400 454 400 400
#MCFC 2016-03-05
0 0 0 250 0 200 0 500 800 0 0 -250 -250 0 -500 0 83 233 300 0 0 0 0 0 0 0 600 600 500 625 0 0 0 0 250 250 0 250 300 500 400 0 0 500 -600 -600 100 700 500 0 0 0 0 0 500 0 500 0 0 0 200 466 500 500 0 500 500 0 0 0 500 200 -600 200 -1000 500 0 -399 300 0 0 0 368 0 233 0 500 0 500 500 49 0 75 0 0 0 0 0 -750 0
0 0 0 500 0 300 0 500 400 0 0 1000 500 0 299 500 750 250 491 0 0 0 475 125 0 0 466 466 500 900 66 125 0 0 500 500 0 500 200 500 800 0 0 500 900 900 150 550 500 0 0 0 0 0 500 0 500 0 0 0 300 750 500 500 0 500 500 0 0 0 500 300 900 100 1000 500 0 500 650 0 0 0 677 0 627 0 500 100 500 500 450 0 425 0 0 0 0 0 900 0
#AVFC 2016-03-05
0 0 -400 300 -577 0 525 -500 0 0 215 625 136 0 0 92 0 -100 500 136 136 0 0 0 0 0 0 333 0 800 700 199 0 399 0 0 0 0 0 400 191 0 0 0 -130 0 600 0 -166 500 0 0 0 483 0 0 316 0 364 0 0 166 50 500 0 0 0 0 0 -800 -874 600 0 136 0 199 345 0 -16 0 170 0 175 0 0 500 0 600 0 0 -225 -250 0 0 -62 -166 0 0 0 0
0 0 600 0 644 0 366 550 125 0 611 888 454 0 0 418 0 250 500 454 454 0 0 0 0 50 0 500 0 700 600 366 500 366 750 0 0 0 1000 375 355 0 0 0 380 0 550 0 700 500 0 0 0 616 0 750 416 0 607 0 0 500 350 500 0 0 0 0 0 900 666 950 0 454 0 600 950 0 500 0 454 0 325 500 0 700 0 1000 0 0 275 1000 750 750 400 500 0 0 0 300
#NUFC 2016-03-05
0 650 0 -600 -62 -250 0 500 -312 0 0 -400 0 -300 0 0 200 0 54 0 0 0 0 136 -300 -200 0 450 254 83 -350 -200 0 -125 -600 0 100 0 0 178 166 0 0 0 266 0 350 0 700 0 33 0 0 -400 66 -233 166 750 166 0 0 -175 0 0 -300 -200 150 0 -234 0 0 325 -125 -125 -125 -500 312 0 800 0 0 0 204 0 0 0 0 0 0 0 -425 350 650 900 357 0 0 1000 333 -700
0 450 0 800 750 350 0 900 687 0 0 600 1000 600 0 0 600 125 541 0 0 125 125 454 250 75 66 550 470 83 600 300 0 375 1000 1000 100 0 0 335 333 0 0 500 605 0 800 0 750 0 600 0 0 483 478 550 333 750 733 0 0 175 0 0 500 550 649 1000 500 0 0 516 375 375 375 500 300 0 825 0 0 0 493 0 0 0 0 0 0 1000 750 800 450 1000 535 0 0 300 355 900
#AFCB 2016-03-05
0 111 0 0 400 0 0 266 -577 -208 0 0 100 0 250 250 0 0 0 -400 200 0 0 0 0 0 0 500 500 0 0 800 0 0 0 800 300 -166 -100 300 0 0 0 0 -100 0 400 0 800 0 0 0 400 136 0 0 0 350 0 0 0 0 0 0 0 0 0 350 -200 750 0 332 0 0 0 0 0 0 0 0 800 399 0 0 0 0 150 350 400 1000 0 0 136 0 0 312 0 -291 0 0
0 777 0 0 625 125 0 605 644 412 0 0 800 0 200 200 0 0 0 400 600 0 0 0 0 0 0 700 500 0 0 750 0 0 0 750 500 333 83 0 0 100 66 0 200 0 400 0 400 0 0 100 400 454 0 66 0 550 0 0 0 0 0 0 0 0 0 550 233 800 0 454 0 0 0 0 0 0 0 0 750 566 0 0 0 0 649 650 400 300 0 0 454 0 0 350 0 541 0 66
#SaintsFC 2016-03-05
0 0 0 0 0 0 0 0 1000 199 0 0 0 0 0 -166 -300 0 0 100 50 0 400 0 0 0 0 0 50 0 0 0 -700 0 0 0 100 300 -600 333 625 0 0 0 1000 0 170 -166 0 0 0 0 0 0 -166 0 0 0 0 0 -194 0 0 250 500 0 0 83 125 0 0 -166 0 900 0 0 395 0 0 -50 300 0 100 -166 0 0 0 -200 -800 -50 525 0 0 0 0 0 500 0 83 0
0 0 0 0 0 0 0 0 750 900 0 0 0 0 0 433 500 0 0 400 50 0 700 0 0 0 0 0 50 0 0 0 1000 0 0 0 1000 500 750 833 900 0 0 0 1000 0 454 433 0 0 0 0 0 0 433 0 0 0 0 0 288 0 0 416 500 1000 0 666 100 0 0 500 0 525 0 0 662 0 500 400 500 0 400 333 0 0 0 50 1000 400 300 0 0 0 0 0 600 100 466 0
#SAFC 2016-03-05
0 350 0 -200 0 0 -199 12 -130 200 0 0 500 562 0 0 0 0 -350 0 0 -500 350 250 350 0 -75 0 0 300 37 175 -285 0 -699 -66 -31 0 -75 0 0 -140 0 800 0 -200 0 0 0 357 700 0 0 200 100 0 400 0 0 283 1000 250 62 0 0 0 0 0 0 0 -75 0 237 100 -150 -62 0 225 700 0 -300 -100 0 500 0 800 0 0 0 -375 0 -58 -49 0 0 0 0 0 0 1000
0 550 100 800 0 0 800 287 701 200 0 1000 500 500 0 0 0 0 550 0 0 1000 550 1000 550 633 50 0 0 200 492 325 557 750 666 22 133 0 50 0 0 644 0 700 0 233 0 0 0 571 600 0 0 700 400 0 1000 500 0 450 300 444 600 0 0 0 0 0 0 0 50 0 250 325 844 400 0 600 600 0 850 100 0 500 0 750 0 0 0 1000 0 350 345 0 0 0 0 0 0 400
#Swans 2016-03-05
100 0 0 0 0 558 0 160 0 0 0 800 0 -100 -1000 266 0 0 0 213 0 -120 0 160 160 160 0 0 0 -145 433 0 75 0 0 116 200 800 0 266 0 0 500 200 500 0 0 0 0 0 0 -125 0 0 0 400 0 250 500 0 0 50 300 300 0 0 333 333 333 0 400 750 0 0 0 0 0 12 0 0 0 0 500 130 0 0 0 0 0 -125 300 300 0 -166 300 200 500 0 0 0
1000 0 0 0 0 571 0 539 0 0 1000 400 0 100 1000 566 1000 0 0 500 0 470 0 539 539 539 0 0 0 304 355 0 425 0 1000 766 450 400 0 166 650 0 600 200 1000 0 466 0 0 0 0 375 0 0 0 900 0 333 1000 0 0 483 225 700 0 0 1000 1000 1000 0 600 750 0 0 0 0 0 303 0 0 1000 0 1000 1000 0 500 0 0 0 375 225 225 0 333 225 533 1000 0 0 0
#ncfc 2016-03-05
-152 0 0 500 0 160 312 0 0 0 0 -214 0 0 250 0 0 0 0 0 0 250 0 250 0 0 100 0 0 333 0 136 0 0 400 62 0 0 210 250 0 0 0 300 0 0 0 -43 24 600 -400 245 400 625 0 -400 0 800 -800 0 0 141 0 422 -155 0 205 262 250 0 -649 0 0 0 0 100 0 0 0 0 0 0 0 0 0 0 0 0 0 250 233 0 0 0 0 -625 350 400 0 0
450 0 0 500 0 539 300 1000 1000 100 0 718 0 66 250 100 0 0 0 0 0 300 0 300 0 0 100 0 0 1000 0 454 0 0 1000 500 0 550 522 333 0 0 0 225 0 100 0 350 944 900 500 456 500 900 0 400 0 900 900 0 0 350 0 294 288 0 266 429 350 0 800 0 0 0 0 300 0 0 0 0 0 0 0 0 0 0 0 0 0 300 400 0 0 650 0 600 550 900 0 0
#EFC 2016-03-05
0 0 500 0 -700 0 136 0 0 0 0 0 0 0 0 0 0 0 -200 800 0 0 0 500 0 250 0 0 1000 800 1000 600 0 250 0 0 -141 0 52 325 0 0 -4 -49 0 0 0 0 0 0 500 0 68 325 0 0 0 0 0 33 0 0 0 0 0 0 0 1000 0 500 0 0 0 537 487 0 1000 0 350 1000 0 0 0 0 0 0 0 0 500 0 0 0 0 0 0 -500 -100 250 600 175
0 0 694 100 200 0 454 0 0 0 0 0 0 0 0 0 0 0 200 400 0 0 0 150 0 500 0 0 300 700 300 950 0 500 0 0 297 0 223 750 0 0 395 291 0 0 0 0 0 0 600 0 727 625 0 0 0 0 0 766 0 0 0 0 0 0 0 300 0 750 0 0 0 800 825 0 300 0 300 300 0 0 0 0 100 0 533 0 500 0 0 0 0 0 0 1000 300 333 611 475
#WHUFC 2016-03-05
-400 1000 0 700 -400 0 1000 100 0 0 0 0 0 700 0 49 0 500 0 0 0 300 533 500 0 0 0 375 700 0 350 900 0 900 12 0 0 0 0 300 0 0 1000 0 625 585 0 250 0 0 0 33 0 0 500 -100 0 0 0 0 500 0 375 0 0 250 1000 -71 -500 0 166 0 0 0 400 0 150 0 0 0 300 0 0 300 0 0 200 0 800 33 600 0 136 800 0 -86 0 0 0 0
400 300 700 600 950 0 300 833 0 0 0 0 500 600 0 450 0 500 0 0 0 200 766 600 0 0 0 200 600 0 550 1000 0 1000 351 0 533 0 0 825 0 0 300 0 750 100 0 333 400 0 0 766 0 0 400 900 0 0 0 750 600 0 200 1000 0 200 750 214 1000 0 522 0 500 66 500 1000 441 0 0 0 100 66 0 100 0 0 200 0 400 733 900 0 454 400 0 472 0 0 0 66
#COYS 2016-03-05
100 383 333 -333 1000 0 400 250 700 0 781 0 0 300 136 285 0 125 700 100 106 800 0 0 0 0 100 -50 250 1000 1000 1000 200 0 -65 0 500 199 416 0 50 500 500 1000 350 -800 0 0 200 -500 0 0 0 0 0 0 0 0 271 0 0 875 483 250 -400 0 -116 20 562 250 0 800 125 87 -600 333 0 0 0 400 0 0 0 168 0 0 1000 200 800 0 0 250 0 49 0 800 399 250 625 -400
650 416 1000 666 300 0 200 300 600 0 400 0 0 566 500 535 1000 337 600 300 558 700 0 1000 0 0 400 850 250 300 300 300 300 0 520 0 500 583 549 0 250 500 500 300 450 900 0 0 200 400 0 0 0 0 0 0 0 0 571 0 0 600 633 200 400 0 333 500 350 500 0 1000 400 700 900 583 0 0 0 550 0 0 0 650 500 300 1000 300 750 0 0 250 0 450 0 400 388 950 500 600
#AFC 2016-03-05
600 0 0 0 -625 62 -333 -333 500 800 0 0 -158 -500 800 -700 400 0 0 300 0 0 0 100 0 136 0 300 0 0 0 400 300 400 0 850 0 0 0 400 200 473 0 0 -312 0 0 -433 500 0 800 350 500 0 500 0 0 0 0 309 -77 0 0 0 0 0 136 0 0 625 800 400 0 0 500 0 0 285 0 0 183 0 0 0 -600 200 500 12 312 0 0 0 500 49 0 200 -700 0 0 0
650 0 0 0 1000 500 666 666 500 400 0 1000 150 700 400 200 400 0 1000 200 0 0 0 200 0 500 0 200 0 0 0 400 200 400 0 1000 300 0 0 250 700 785 0 0 533 0 0 600 500 1000 400 450 500 0 500 0 1000 0 0 448 444 0 0 0 0 0 454 0 0 500 750 400 0 0 500 0 0 535 0 0 383 100 0 0 800 300 500 600 750 0 0 0 500 600 0 300 900 0 0 0
#LFC 2016-03-02
500 0 0 0 0 0 175 0 500 550 0 0 200 0 0 0 237 0 0 -108 0 62 0 0 550 0 -200 250 0 0 0 500 -1000 0 350 -150 600 0 0 0 525 0 212 300 0 312 0 0 0 -150 0 0 0 0 0 0 500 200 100 0 1000 -155 0 0 0 0 0 300 0 0 0 0 -750 0 199 800 0 166 0 474 0 300 781 224 0 0 0 0 400 -1000 1000 166 -549 0 133 50 400 -312 0 339
750 0 0 66 0 0 166 0 750 250 0 0 450 0 0 0 333 0 0 616 0 500 0 0 250 0 300 500 100 0 0 850 1000 0 650 400 900 0 0 0 325 0 318 200 0 300 0 0 100 650 0 0 0 0 0 0 500 300 400 0 1000 288 0 0 0 0 0 483 0 119 0 0 750 0 500 400 0 416 0 730 0 0 500 675 0 0 0 0 500 1000 700 333 683 0 600 339 900 400 0 645
#MCFC 2016-03-02
650 0 0 0 -83 175 0 500 0 0 0 0 0 712 0 0 0 160 0 0 0 0 400 375 500 0 0 250 0 625 468 1000 0 0 0 0 166 0 0 400 366 0 700 0 800 700 85 250 668 0 0 285 400 400 0 0 257 0 0 0 0 400 0 0 0 500 0 100 0 0 0 0 0 0 800 -166 0 350 305 1000 0 -200 125 0 0 625 200 0 0 200 0 100 400 250 50 0 0 187 -234 0
550 0 62 0 500 166 0 620 1000 0 1000 0 0 600 0 0 0 525 0 0 0 0 700 100 900 0 0 875 0 900 427 1000 0 0 0 0 333 500 0 900 566 1000 600 0 750 550 557 875 825 0 1000 535 700 700 0 0 335 0 0 0 0 600 0 1000 0 1000 0 300 0 0 0 0 0 0 400 500 0 350 727 1000 0 250 200 1000 0 600 200 0 0 950 0 650 350 500 1000 0 433 487 500 0
#MUFC 2016-03-02
500 0 422 500 500 0 0 0 625 -50 500 -81 136 0 500 0 0 -500 375 0 0 0 0 0 0 -300 33 0 250 187 0 375 307 300 0 800 0 0 0 0 0 0 0 0 0 300 200 0 0 200 213 800 642 300 -333 -333 -333 1000 0 45 300 0 300 600 600 600 600 0 0 0 234 -300 401 400 625 0 0 800 0 375 100 100 700 0 185 302 0 0 800 -49 -200 0 0 0 0 200 400 68 0 0
600 0 644 600 600 0 0 0 1000 400 1000 427 454 0 600 0 0 200 533 0 0 0 0 0 0 400 66 0 300 366 0 533 381 500 0 700 400 0 0 0 0 0 0 0 0 533 550 0 0 550 454 1000 649 900 1000 1000 1000 300 0 582 0 0 525 1000 1000 1000 1000 1000 0 0 643 400 560 800 900 0 0 1000 0 533 300 600 900 0 327 540 0 0 1000 775 800 0 0 400 125 300 900 727 0 0
#WatfordFC 2016-03-02
150 263 0 232 625 250 0 0 0 0 0 650 0 346 277 0 1000 1000 500 -100 0 0 650 -500 0 600 500 -50 0 600 -500 -400 250 0 0 -500 350 0 0 0 -71 166 500 49 0 225 -9 0 650 0 -300 0 568 550 0 0 400 650 -199 291 557 160 0 312 0 -162 75 -400 0 136 0 400 0 416 0 0 -400 0 0 60 0 0 0 0 650 -625 16 0 500 0 300 0 0 0 0 0 0 0 -62 500
383 416 0 371 1000 100 0 0 0 0 0 450 0 726 844 0 1000 400 900 450 533 0 450 900 0 1000 900 566 0 825 900 400 500 66 0 900 550 0 0 0 142 533 900 650 0 281 848 0 450 0 400 0 400 425 0 0 650 450 462 666 833 446 0 333 0 237 308 700 0 454 66 650 0 500 0 0 700 0 0 519 0 0 0 0 450 1000 583 0 888 1000 894 0 0 0 0 0 0 100 187 600
#AFC 2016-03-02
0 -116 100 0 0 -291 0 0 0 29 0 0 0 0 0 100 0 0 0 0 81 0 0 0 0 0 400 -20 0 0 200 -333 -333 -333 0 0 0 49 0 0 0 333 0 416 -237 0 -300 0 0 0 136 500 400 0 0 -300 200 0 0 200 75 0 0 -300 0 0 0 0 500 909 0 0 0 0 0 0 0 750 -500 0 200 677 0 175 -150 0 0 300 -194 0 0 0 700 0 0 0 0 800 0 0
0 466 150 0 0 541 0 0 0 400 0 0 0 0 0 150 0 0 0 0 529 0 0 0 0 0 700 291 0 0 300 1000 1000 1000 0 0 0 600 66 1000 0 666 0 583 412 0 700 0 0 0 454 500 900 0 100 400 100 0 0 100 374 0 0 500 0 0 250 0 1000 780 0 0 1000 0 0 0 0 900 1000 0 250 922 0 556 333 0 0 883 288 0 0 0 400 0 0 0 500 400 0 0
#Swans 2016-03-02
0 0 0 272 0 414 0 272 211 500 0 -500 0 -25 0 0 0 600 0 -166 0 0 272 -66 0 272 0 0 0 -49 0 0 125 0 800 800 0 0 800 800 800 800 -49 0 0 300 0 125 0 -55 -283 50 -100 -200 0 0 0 0 -166 0 -55 0 285 -283 50 136 0 0 -100 0 -200 0 -18 250 49 0 0 0 -18 0 250 800 0 0 0 500 500 136 0 0 475 800 0 800 200 0 500 0 0 500
0 0 0 444 0 496 0 444 697 500 0 700 0 200 125 0 0 900 1000 433 0 0 444 388 0 444 0 0 0 549 500 0 1000 0 625 750 125 0 625 625 625 625 549 500 0 350 0 1000 0 55 433 500 400 200 0 0 0 0 166 0 55 0 535 433 500 500 0 1000 400 0 200 0 196 375 450 500 0 0 196 0 375 400 0 0 0 500 1000 500 0 0 691 900 0 900 500 0 500 0 0 500
#SCFC 2016-03-02
168 0 272 334 0 300 -50 0 0 700 150 68 334 0 0 0 600 272 700 0 0 0 1000 562 0 0 0 800 200 -400 0 -166 800 -500 0 0 0 0 0 300 -50 0 136 0 500 0 0 0 0 500 0 0 0 0 0 0 0 66 0 0 136 500 800 800 0 -400 -200 1000 0 0 0 0 0 0 600 0 0 136 0 0 -400 0 0 0 0 0 0 200 0 0 500 0 0 0 0 0 0 200 0 0
477 0 444 551 0 200 0 0 0 825 300 227 551 66 0 0 650 444 600 0 0 0 1000 550 0 0 0 750 100 700 0 166 400 400 0 0 0 0 0 200 0 0 454 0 500 0 0 0 0 500 0 0 0 0 0 0 1000 305 0 0 500 500 1000 1000 0 400 233 300 0 0 0 0 0 0 1000 0 66 454 0 0 400 0 0 0 0 0 0 200 0 0 500 0 0 0 0 0 0 100 0 0
#NUFC 2016-03-02
0 0 0 0 0 100 550 0 0 178 0 0 0 500 158 136 0 0 250 300 -250 166 0 0 0 -100 0 0 0 0 0 650 5 -75 500 -250 0 99 318 0 -250 0 -250 0 0 0 0 0 370 0 0 500 0 183 -250 0 281 800 0 0 136 450 400 -243 0 -312 0 0 35 -100 375 300 650 166 0 -250 -130 0 0 0 0 212 -216 -131 -300 550 0 68 166 0 0 0 366 -750 200 -116 0 100 0 0
812 0 0 0 0 300 500 0 0 335 0 0 0 500 288 454 0 0 666 700 250 333 0 0 0 400 0 0 0 0 0 450 589 825 500 250 0 188 500 0 1000 0 500 0 0 0 0 0 520 0 0 1000 1000 655 250 0 429 750 0 0 454 611 400 531 0 687 0 0 477 200 500 0 450 666 0 250 882 0 0 0 0 512 562 427 700 700 100 227 666 0 0 66 700 750 900 883 0 100 1000 0
#WHUFC 2016-03-02
0 0 -250 0 0 400 250 136 327 0 0 250 250 250 600 500 600 0 0 0 521 500 164 416 0 390 0 0 433 0 312 250 -400 0 0 0 -400 0 600 100 500 0 0 0 0 0 0 400 -15 -138 0 133 0 0 400 0 800 0 0 350 0 500 0 350 0 -50 0 -125 400 0 1000 0 0 500 -400 0 0 0 300 385 0 500 300 0 0 0 200 0 500 0 0 0 0 136 800 -500 -200 0 650 0
0 0 649 0 0 900 500 500 561 0 0 500 500 500 950 500 900 0 1000 0 984 1000 666 533 66 333 0 0 383 0 300 500 400 0 1000 0 400 0 900 133 1000 0 0 0 0 100 0 900 310 263 0 527 1000 0 900 0 400 0 0 650 1000 888 0 550 0 700 0 375 900 0 300 0 0 500 400 0 0 0 400 702 0 1000 700 0 0 0 400 0 888 0 0 0 0 454 400 1000 800 0 450 0
#COYS 2016-03-02
0 0 0 -429 800 0 516 0 0 600 0 0 0 400 200 200 166 850 516 0 0 0 0 800 0 0 600 468 0 0 1000 500 169 600 0 0 0 0 800 450 500 71 600 625 0 -156 0 0 0 0 200 -400 49 0 0 150 600 0 0 0 1000 72 136 0 24 550 800 0 0 350 285 0 800 -300 0 0 566 -57 0 200 656 136 850 136 136 339 600 500 400 0 -433 0 -200 625 125 300 0 262 0 308
0 0 0 833 575 0 550 0 0 1000 0 0 0 800 500 300 333 1000 550 0 0 0 0 400 0 0 950 427 0 0 400 566 347 950 0 0 0 0 750 775 500 308 950 500 0 375 0 0 0 0 200 400 450 0 0 487 950 0 0 0 300 488 500 0 383 700 550 0 0 650 535 0 400 600 1000 0 600 617 0 200 687 454 700 454 454 560 650 500 525 0 600 1000 400 900 500 200 1000 183 1000 600
#AVFC 2016-03-01
400 416 0 200 0 116 0 0 0 0 0 0 0 0 500 0 0 0 0 0 0 0 0 0 0 0 0 700 0 0 0 0 0 0 -265 500 500 700 -200 0 -1000 0 0 0 610 0 0 -312 0 0 -166 0 0 -400 -400 0 0 0 0 -400 0 -155 0 -155 0 1000 500 500 0 0 -400 -200 -400 -133 0 -200 0 -400 0 136 300 200 350 1000 1000 -500 0 212 20 0 250 -750 0 0 0 0 0 0 0 1000
900 533 0 200 0 238 0 0 0 0 55 0 0 0 500 100 0 0 0 0 0 0 0 0 0 0 0 600 0 0 0 0 0 0 394 900 900 600 300 0 1000 0 0 0 780 0 0 250 0 0 66 0 500 400 400 500 0 0 450 400 0 288 0 288 66 300 600 500 0 0 400 250 600 88 0 250 0 400 0 454 433 200 500 300 300 1000 0 355 220 0 750 1000 0 0 0 0 0 0 0 300
#EFC 2016-03-01
0 0 600 83 68 568 136 136 166 100 68 0 243 516 0 -199 468 0 0 0 0 0 -400 0 0 100 136 0 136 450 0 0 68 0 68 68 68 68 0 337 0 687 68 -250 0 0 0 1000 357 -50 0 0 0 0 0 0 0 227 0 800 0 487 1000 75 0 325 0 0 0 0 0 0 568 0 31 136 0 0 0 0 0 0 0 0 0 0 0 -800 -93 0 546 0 500 0 166 466 0 400 333 700
0 0 600 833 727 377 454 454 199 1000 727 500 552 583 0 833 750 0 0 0 0 0 600 0 0 400 454 0 454 366 0 0 727 0 727 727 727 727 944 683 0 744 727 750 0 0 0 300 571 400 0 0 0 0 0 0 550 250 0 400 0 975 300 725 0 850 0 0 0 0 0 0 377 0 750 454 0 0 0 0 0 0 0 0 0 0 0 900 700 133 650 0 500 0 833 833 0 350 366 600
#AFCB 2016-03-01
125 800 -700 0 -700 300 800 200 800 583 487 75 375 500 333 0 375 136 0 -49 500 -249 259 500 500 0 1000 0 0 0 350 -250 0 0 0 0 0 0 0 0 0 -187 100 0 0 0 0 666 500 800 250 0 83 16 0 516 0 0 875 0 199 506 0 304 200 0 266 700 0 0 500 0 0 750 0 0 584 242 33 0 0 0 578 0 450 0 400 0 250 0 0 250 268 0 0 0 0 0 0 0
575 1000 1000 0 1000 550 400 200 750 533 625 639 1000 500 566 0 1000 454 0 600 500 650 638 500 500 0 300 0 0 0 550 400 0 0 0 0 0 0 0 0 0 500 900 0 0 0 0 733 500 400 600 0 583 533 250 750 0 0 600 0 519 700 0 402 200 0 283 600 0 0 500 0 1000 1000 0 0 638 417 66 0 0 0 467 0 200 1000 700 0 900 0 0 900 650 550 0 0 0 0 0 0
#SaintsFC 2016-03-01
0 0 0 136 0 125 0 392 -700 0 0 100 500 0 0 -700 0 0 0 0 0 0 0 33 -24 400 136 0 0 487 0 0 75 0 100 0 -154 200 225 225 500 225 -200 0 400 324 225 33 625 0 0 0 0 0 324 324 324 -125 -600 433 -166 67 -399 325 0 0 0 0 0 -197 0 260 -625 0 50 0 0 200 0 0 0 0 0 0 0 0 0 0 -750 -500 600 400 0 -50 -550 0 0 62 0 200
0 0 0 454 0 575 0 567 1000 0 0 100 900 0 0 1000 0 0 0 0 0 0 0 216 544 700 500 0 0 625 0 0 639 0 700 0 445 200 700 700 500 700 800 0 400 550 700 633 900 0 100 0 1000 0 550 550 550 375 1000 608 396 520 600 1000 0 0 0 700 0 150 1000 366 600 0 300 0 0 900 0 1000 1000 1000 0 0 0 0 0 0 1000 1000 1000 900 0 400 650 0 0 500 0 200
#LCFC 2016-03-01
0 0 0 600 -400 0 350 800 475 250 337 -50 0 500 250 0 800 0 0 250 0 800 250 800 0 -400 166 0 0 0 800 1000 0 156 800 0 800 -300 0 0 -600 0 0 -166 500 0 0 -600 0 322 79 0 687 0 633 0 -155 256 800 0 500 100 366 900 650 0 600 0 0 500 0 0 650 300 0 0 0 800 1000 -750 0 0 500 18 0 312 0 0 400 1000 0 341 0 250 0 0 1000 0 800 0
0 0 0 600 400 0 327 400 385 250 387 700 0 300 1000 0 1000 0 0 200 66 750 300 400 0 700 666 0 0 0 400 300 0 300 400 0 400 399 1000 0 1000 0 0 383 1000 0 0 1000 0 688 340 0 600 0 495 0 288 656 400 0 500 400 544 1000 450 0 550 0 0 500 0 100 450 400 0 0 0 400 300 700 0 1000 500 500 0 250 0 0 233 300 0 533 0 533 0 0 300 0 700 0
#WBA 2016-03-01
0 0 0 0 0 500 0 -1000 0 0 -500 0 0 0 500 400 650 400 0 0 0 0 0 0 0 250 0 1000 400 -322 -100 -305 83 1000 0 0 -75 -625 800 0 800 -625 0 0 1000 2 0 500 -625 0 -62 -625 -625 0 -200 -62 -49 0 -155 800 433 0 0 0 356 -155 100 0 0 136 136 0 0 -500 200 -150 0 800 144 125 0 0 0 0 0 500 0 711 711 1000 0 0 133 283 0 0 500 166 0 412
0 1000 1000 1000 0 500 0 1000 0 1000 875 0 0 0 450 500 650 500 1000 1000 0 0 0 1000 0 200 0 300 350 333 0 500 477 300 0 0 850 900 400 0 400 1000 0 0 300 549 0 500 1000 0 750 1000 1000 0 200 750 650 0 288 400 491 0 100 550 662 288 100 0 0 454 454 0 0 1000 200 800 0 400 555 566 0 0 0 0 0 500 0 805 805 1000 0 522 700 514 0 0 500 708 0 350
