#cardiffcity 2014-03-08
250 0 500 0 437 0 500 0 0 0 0 0 -450 0 791 800 166 234 125 791 800 0 0 0 1000 500 -300 200 0 0 0 250 136 700 0 390 0 416 -700 500 500 416 0 0 0 116 100 116 300 50 0 500 0 725 0 0 500 0 358 800 0 0 900 250 350 0 446 416 -200 -250 0 50 -200 250 312 800 500 650 0 0 -156 0 0 0 578 50 0 800 0 0 0 0 170 0 0 700 0 1000 0 100
333 0 650 0 350 0 400 0 0 0 0 0 450 0 833 1000 351 500 625 833 1000 0 0 0 1000 833 600 100 66 0 0 1000 454 625 0 1000 0 500 1000 600 750 500 0 0 0 205 300 205 600 100 0 500 0 633 0 0 1000 0 383 400 0 0 650 200 487 0 571 500 800 500 0 50 800 750 333 750 750 625 0 0 343 0 0 0 650 50 0 400 625 0 0 0 454 0 0 625 0 1000 0 250
#FFC 2014-03-08
800 0 0 0 0 500 -200 383 0 0 0 0 -1000 -200 0 0 0 -150 0 0 -166 0 0 0 -131 -133 0 -125 0 0 0 0 700 800 -200 0 500 -200 0 250 0 0 250 0 0 1000 0 0 -125 0 0 0 -600 0 0 0 0 -500 0 500 600 0 0 0 0 50 0 -300 0 18 200 50 0 0 0 100 0 0 0 513 0 0 400 0 0 50 0 0 0 275 0 300 58 -25 0 0 700 200 -100 0
750 0 0 0 0 600 50 616 0 0 0 0 1000 233 0 0 0 199 0 0 666 0 0 0 624 488 0 375 100 0 100 0 900 900 800 0 475 233 0 500 0 0 333 0 0 600 0 0 375 0 0 0 700 0 0 0 0 500 0 500 900 0 0 0 0 200 0 500 0 371 200 200 0 0 0 400 0 0 0 772 0 0 400 0 0 200 0 125 0 675 0 750 415 200 0 0 600 200 200 0
#CPFC 2014-03-08
62 0 0 -400 500 -250 466 500 0 500 -200 -300 0 0 0 513 49 -300 318 0 0 0 0 600 0 500 416 312 0 218 -500 0 300 300 166 285 250 250 250 136 0 0 0 250 0 0 -125 0 0 100 -230 0 0 400 -55 -55 149 375 375 312 0 0 300 -600 700 400 -250 0 0 500 0 0 0 0 0 0 0 -800 -800 0 125 333 0 0 525 400 0 -312 0 0 -51 0 0 -291 0 0 0 26 250 0
450 0 0 400 600 600 533 500 0 600 300 600 0 0 0 772 575 600 527 0 0 0 0 1000 0 500 500 300 0 550 1000 0 100 100 433 535 200 200 200 454 0 0 0 400 0 0 375 0 0 800 547 0 0 800 388 388 650 500 500 333 0 0 200 950 700 400 500 0 0 700 0 0 0 0 0 0 0 900 900 0 166 833 200 0 750 400 0 250 0 0 429 0 0 541 0 0 0 362 1000 100
#SaintsFC 2014-03-08
0 900 416 0 500 0 0 0 0 0 227 233 199 0 800 0 0 0 0 0 0 0 0 250 0 148 0 -66 0 39 -166 500 -16 0 0 250 0 0 500 0 100 0 250 369 0 0 0 0 -625 0 0 0 0 375 312 -600 318 0 800 800 0 433 -600 187 0 0 500 0 0 625 0 0 0 -800 100 -312 270 0 0 800 0 0 -51 350 0 0 800 0 533 437 -400 287 400 500 0 0 1000 1000 1000 375
0 1000 583 125 500 0 0 0 0 500 545 222 222 0 900 0 0 0 0 0 0 0 0 750 0 511 0 716 0 473 799 1000 150 0 0 200 0 0 1000 0 800 0 450 577 1000 0 0 0 1000 0 0 0 1000 500 333 800 562 0 400 750 600 766 900 250 0 0 700 0 1000 500 0 0 0 900 350 687 533 0 0 875 0 0 429 550 0 0 750 0 605 725 400 825 750 475 0 0 300 1000 300 275
#ncfc 2014-03-08
0 385 0 -525 0 325 300 350 800 0 0 -277 0 0 0 0 400 12 0 0 1000 -699 375 49 0 -12 625 0 0 0 -1000 0 -200 1000 278 0 150 0 500 500 -699 0 0 225 1000 -125 43 0 -150 500 500 0 0 0 0 0 0 450 0 -150 -150 526 0 208 0 0 0 300 49 0 0 0 -99 318 400 0 0 0 250 0 0 500 625 200 625 -325 0 0 0 0 -250 0 350 0 1000 0 0 500 0 0
0 657 0 850 0 729 200 750 875 0 0 344 0 0 0 0 900 262 0 0 1000 666 416 150 0 575 888 1000 0 0 1000 0 100 1000 384 0 566 0 500 900 666 0 0 450 1000 300 750 0 200 500 500 250 0 125 0 0 100 700 100 400 400 500 0 166 0 0 0 200 644 0 0 0 700 427 400 0 0 0 1000 0 0 500 888 300 888 825 0 0 0 0 50 0 300 0 750 0 0 533 0 0
#SCFC 2014-03-08
0 333 0 0 -525 0 500 0 0 0 0 0 0 0 800 0 0 0 0 0 0 500 0 -95 0 0 200 0 0 287 0 0 0 0 850 750 0 1000 185 0 -150 0 0 0 -250 800 300 0 0 0 -99 0 0 0 0 800 800 -450 0 -125 142 0 25 500 400 0 900 0 0 0 0 0 446 0 0 0 -250 400 0 500 0 0 136 0 0 -400 116 0 -625 0 0 0 976 800 0 0 1000 0 -400 625
0 666 0 0 850 0 500 0 0 0 0 0 0 0 750 0 0 0 0 0 0 500 0 700 0 0 100 0 0 450 0 0 0 0 700 700 0 1000 522 0 750 0 0 25 400 1000 200 0 33 0 700 0 0 0 1000 750 1000 700 0 250 267 0 400 1000 900 0 875 0 0 0 83 100 785 33 0 0 233 400 0 500 0 0 454 0 0 400 183 0 688 0 0 0 500 400 500 0 300 0 950 500
#WBA 2014-03-08
103 0 0 0 0 166 0 0 500 0 -800 0 625 75 0 375 500 0 200 500 100 -200 0 -150 136 0 0 400 0 -200 100 0 166 0 100 0 0 0 136 0 900 250 -300 -250 75 136 68 100 400 0 0 0 0 0 136 250 0 -300 0 0 0 687 0 600 -300 -500 0 -49 0 0 -506 0 0 -275 -22 0 -150 0 0 0 0 0 0 0 -400 -386 0 200 0 433 160 333 0 0 0 550 -400 0 0 -166
558 100 1000 0 0 333 0 0 500 0 900 100 500 400 125 100 500 0 400 500 0 250 0 399 454 0 0 1000 0 412 400 0 133 0 400 0 0 0 454 66 700 333 400 366 316 454 227 900 500 0 0 0 0 0 500 500 0 1000 1000 0 0 550 0 1000 350 400 66 600 0 0 743 0 0 750 633 0 200 0 0 0 0 0 0 0 400 653 0 200 781 500 539 500 0 125 0 950 400 0 0 166
#MUFC 2014-03-08
0 0 0 0 208 100 500 0 0 378 0 138 0 0 250 1000 200 0 0 600 0 0 0 0 0 500 0 416 0 0 0 -41 433 0 0 0 0 0 0 0 0 0 0 0 0 378 -300 0 0 0 0 460 0 250 0 0 200 500 0 250 -75 407 500 -250 0 350 0 214 350 1000 0 0 100 300 0 397 0 0 0 0 0 0 0 0 0 0 0 0 0 0 0 0 0 0 0 0 0 0 0 0
0 0 0 0 166 900 500 0 0 651 0 394 0 0 300 300 1000 0 0 800 0 0 0 300 0 500 0 583 0 0 0 458 733 0 0 100 0 0 0 0 0 0 0 0 0 651 633 0 0 0 0 625 0 500 0 0 300 600 0 700 558 685 500 1000 0 450 0 571 400 1000 0 0 100 200 0 427 33 0 0 0 0 0 0 0 0 0 0 0 0 0 0 0 0 0 0 0 0 0 0 0
#AVFC 2014-03-02
0 -62 -166 1000 -175 -366 0 1000 0 800 800 500 87 0 -155 170 300 -66 -90 0 0 -187 0 -71 400 0 500 -49 500 700 245 0 500 250 0 -250 800 62 -500 0 450 449 -243 0 0 0 0 -166 0 0 -168 75 0 0 33 937 700 0 897 900 900 900 0 375 199 -250 500 0 -44 -77 -250 -250 -250 -250 0 700 -200 -250 0 250 0 -33 350 0 33 29 113 0 -250 0 300 937 0 700 0 -75 -250 937 300 0
0 187 512 700 566 379 0 600 0 400 400 500 258 0 288 454 350 616 650 0 100 400 0 678 500 0 500 500 750 600 784 0 888 150 0 1000 700 750 600 0 500 400 550 0 0 0 0 522 1000 0 285 575 0 0 500 800 900 0 926 700 700 700 0 500 288 1000 500 500 355 144 1000 1000 1000 1000 0 600 350 1000 0 1000 0 600 475 250 233 361 772 0 1000 0 200 800 0 1000 0 700 1000 800 200 0
#ncfc 2014-03-02
0 0 0 0 250 250 0 0 136 0 -218 0 0 0 0 0 0 0 -75 -250 0 0 0 250 250 250 650 433 125 800 650 216 0 0 0 0 -300 -50 187 33 0 -200 33 125 0 100 0 500 100 100 125 0 344 -100 100 500 33 -100 366 400 100 0 0 137 0 0 0 160 400 200 0 -166 610 -1000 500 0 1000 50 0 500 750 -750 -200 -750 0 0 0 500 250 0 0 0 0 166 0 400 0 0 400 0
0 0 0 0 444 300 0 0 454 100 656 0 1000 0 0 0 0 0 700 1000 0 0 0 500 500 500 700 666 450 400 700 666 0 0 0 0 350 400 543 466 0 100 188 450 0 200 0 900 400 275 416 100 755 650 200 500 366 200 566 800 200 0 0 316 0 0 0 539 400 100 0 166 420 1000 600 600 300 133 0 500 950 1000 50 1000 0 0 0 1000 100 0 0 0 0 666 0 400 0 0 500 0
#Swans 2014-03-02
510 0 0 500 -50 186 -66 0 300 300 49 200 0 625 0 -200 300 0 0 200 -200 0 175 357 150 0 250 100 0 -345 0 600 0 -64 0 160 350 0 0 0 -49 312 -50 0 800 0 0 208 0 0 0 0 0 0 136 600 0 -375 0 800 0 0 0 -700 0 375 -400 0 0 0 -50 260 0 45 0 650 33 300 350 0 0 -700 277 33 357 0 466 0 357 0 500 -200 0 0 400 49 0 250 0 0
720 0 0 500 100 646 600 0 200 200 450 325 0 500 333 200 200 0 0 325 200 0 300 571 250 0 250 1000 0 470 0 266 0 458 0 539 333 0 0 0 650 333 75 0 1000 0 0 333 1000 0 0 0 0 0 454 900 0 408 0 1000 0 333 0 200 0 750 400 0 0 0 400 806 0 166 66 616 399 500 550 0 0 200 466 399 571 0 400 0 571 0 500 250 0 0 400 950 0 500 0 0
#CPFC 2014-03-02
218 350 -43 0 0 0 500 0 0 0 0 700 712 -900 -187 0 0 0 700 0 200 0 0 0 0 0 0 0 49 200 0 0 0 -200 0 0 0 250 200 -200 -345 0 225 68 100 800 0 500 0 -200 216 0 0 333 0 0 0 0 268 250 300 0 0 616 0 0 0 -187 0 400 -155 0 23 0 90 -200 225 0 0 0 0 0 0 50 1000 102 318 0 0 375 312 400 534 0 625 -1000 0 0 350 500
825 650 300 0 0 0 600 0 0 0 0 600 675 950 500 0 0 0 600 0 500 0 0 0 100 0 0 0 450 325 0 0 333 200 0 0 0 200 325 200 570 0 675 250 400 750 0 500 0 262 750 1000 0 466 0 0 0 0 477 333 350 0 0 377 0 0 0 500 0 800 288 0 729 0 636 100 675 0 0 0 0 1000 0 550 300 457 527 0 0 500 333 400 563 0 1000 1000 66 533 400 600
#COYS 2014-03-02
0 0 0 250 675 0 0 0 0 -21 0 600 408 199 0 0 187 1000 578 0 500 416 0 700 -100 0 625 0 375 118 0 0 49 0 0 0 625 0 0 0 0 0 0 1000 0 -166 100 -133 200 -62 625 253 200 0 0 0 0 0 700 0 195 349 166 500 800 0 49 350 19 -400 0 875 562 60 625 700 563 875 233 0 400 0 -250 0 0 0 -400 0 267 366 -200 -49 500 650 0 500 1000 400 418 -150
0 0 0 100 699 0 0 0 0 467 0 900 466 300 0 0 437 1000 785 0 600 674 0 600 200 0 500 0 750 400 0 0 450 0 0 0 1000 0 0 0 0 0 0 900 0 166 100 533 483 687 500 587 200 0 0 0 0 0 600 0 575 866 583 750 750 0 500 300 337 400 0 600 425 316 888 950 953 600 766 0 616 0 500 0 66 0 400 0 571 600 100 716 750 875 0 875 300 408 527 750
#cardiffcity 2014-03-02
400 0 118 600 0 446 0 800 0 0 100 0 80 158 100 250 0 0 -155 0 0 150 375 312 333 -55 125 0 0 0 0 0 0 0 0 0 0 0 0 0 0 0 0 0 -133 -312 750 350 0 0 0 76 0 0 0 0 200 0 0 800 0 0 800 0 0 0 800 0 0 0 0 0 0 500 0 0 0 0 1000 0 437 0 0 333 50 166 500 806 -93 0 200 0 0 0 0 200 300 0 100 0
900 0 727 1000 0 571 0 750 0 1000 250 0 770 408 250 333 0 0 733 0 0 300 500 333 866 38 200 0 0 0 0 0 0 0 0 0 0 1000 0 0 0 0 0 0 455 687 900 550 0 0 0 283 66 0 500 0 300 0 0 750 0 0 750 0 0 0 750 0 0 50 0 0 0 500 0 0 0 0 1000 0 650 0 0 833 1000 500 500 700 250 0 200 0 0 0 0 200 100 0 100 0
#SaintsFC 2014-03-01
437 0 33 -125 250 -400 0 375 -125 187 1000 0 300 0 0 0 83 0 0 0 0 0 0 0 500 0 250 0 0 300 800 -500 47 0 0 300 0 500 0 0 800 170 0 600 1000 0 0 187 0 0 125 0 0 700 0 0 655 500 0 0 0 0 0 700 -93 0 300 416 0 0 -400 800 0 250 0 0 0 0 1000 125 343 0 -300 -200 0 0 -1000 -155 0 0 187 0 0 -250 156 750 900 250 150 0
625 1000 216 494 944 400 0 625 550 687 1000 0 450 0 0 0 300 0 0 0 0 0 0 0 600 0 333 0 0 488 1000 1000 888 0 0 0 357 500 0 0 750 627 0 900 400 0 0 875 0 0 150 0 0 600 533 0 616 700 0 0 0 0 0 1000 300 0 450 611 0 0 400 750 500 333 0 0 0 0 1000 491 843 0 500 1000 0 0 1000 288 0 0 250 0 0 250 1000 1000 900 375 649 1000
#LFC 2014-03-01
450 330 166 812 0 0 812 489 0 0 450 812 330 333 450 450 366 0 812 0 812 0 285 266 450 0 1000 0 450 800 -500 450 450 450 433 450 365 433 450 433 450 400 900 0 0 0 0 0 0 0 0 0 433 675 800 136 0 0 0 0 100 99 0 68 285 500 350 0 1000 0 0 0 0 0 184 0 0 0 -400 0 0 0 0 0 199 0 0 500 400 50 125 0 0 233 50 0 250 178 0 0
250 688 366 1000 0 0 1000 507 0 500 250 1000 688 500 250 250 400 0 1000 0 1000 0 535 900 250 0 1000 0 250 400 500 250 250 250 333 250 385 333 250 333 250 1000 1000 0 0 0 0 0 0 0 0 0 733 775 400 454 0 0 0 0 483 413 133 300 490 500 550 0 300 0 0 0 0 0 401 0 0 0 400 0 0 0 0 0 425 0 0 500 500 500 199 0 0 300 100 0 250 285 0 0
#EFC 2014-03-01
0 366 258 1000 0 0 -400 500 0 0 -400 0 0 0 0 500 1000 0 600 -400 382 700 375 199 104 500 350 0 316 136 0 -110 -230 -200 66 50 233 279 613 33 0 249 178 0 0 600 -400 366 0 208 0 300 341 200 0 0 500 350 0 0 -49 0 -200 -400 -500 -500 0 -333 68 425 149 136 0 142 566 -500 175 250 144 0 -500 -200 375 0 0 -364 113 -12 -200 0 0 150 0 516 0 0 12 266 0 492
66 400 625 1000 1000 0 400 212 0 0 400 50 0 0 0 500 750 0 1000 400 541 600 647 404 324 150 700 0 308 454 0 672 461 708 575 500 633 610 422 600 0 700 267 0 100 1000 400 541 0 433 0 587 500 575 100 0 366 428 0 0 950 0 350 400 1000 1000 0 433 300 350 800 454 0 267 341 700 375 750 433 0 774 500 250 0 100 541 272 575 700 0 0 850 0 611 0 0 650 454 500 628
#WHUFC 2014-03-01
0 387 333 125 -200 -400 0 49 625 0 0 1000 0 500 500 0 0 0 0 0 0 -150 -500 -200 800 1000 -400 0 -312 0 0 0 0 0 0 136 0 0 0 400 0 450 0 250 600 600 500 0 0 0 0 -125 0 0 0 0 0 0 415 0 266 400 0 800 625 100 450 0 200 0 350 0 0 625 500 500 322 -500 0 136 500 1000 1000 500 500 350 500 0 0 0 0 0 0 0 -139 800 150 -150 650 -500
66 725 500 199 200 400 850 650 1000 1000 1000 300 0 183 1000 0 0 0 0 0 0 200 900 700 750 750 400 66 233 0 0 0 0 0 0 454 0 0 0 649 0 950 0 300 825 900 500 0 100 0 600 100 0 0 0 0 1000 1000 662 0 500 900 0 750 1000 1000 900 0 250 0 600 1000 0 1000 600 600 211 400 0 454 900 300 300 183 600 550 1000 0 0 0 0 0 100 0 533 750 600 200 825 900
#FFC 2014-03-01
0 25 -375 0 -200 -600 0 0 1000 150 14 0 199 0 0 200 0 0 0 250 0 0 250 0 0 625 0 -250 0 0 0 0 -300 250 0 0 475 0 0 0 200 0 0 500 500 0 500 -150 125 250 0 0 0 -100 0 400 0 100 0 0 136 400 0 683 600 346 100 0 250 0 0 0 312 0 0 500 0 375 -83 -237 0 0 0 0 0 0 0 0 0 0 600 160 0 43 0 0 0 0 500 500
0 400 500 0 300 525 100 0 400 725 229 0 633 0 0 582 0 0 0 300 0 0 300 0 0 400 0 300 0 0 0 66 400 1000 0 0 800 0 0 0 539 1000 0 600 600 0 600 800 166 200 0 0 1000 100 0 800 0 100 0 0 454 425 0 416 700 501 1000 0 1000 0 0 0 333 0 0 1000 0 500 335 334 500 0 0 0 0 0 0 0 0 0 900 539 0 450 0 100 0 0 833 833
#CFC 2014-03-01
0 500 -400 233 66 0 50 100 0 0 0 0 0 -208 0 0 0 150 0 375 0 0 0 100 66 0 166 0 0 400 0 350 350 0 187 -400 125 433 187 -400 0 125 -200 0 0 0 0 0 375 -200 300 500 300 350 500 0 -600 -383 0 0 0 0 136 -50 -150 300 500 1000 247 500 250 0 0 170 0 0 0 -166 300 -150 300 399 0 -150 0 0 100 0 500 125 177 0 25 1000 170 80 500 0 333 156
0 888 1000 199 33 0 700 50 0 0 0 0 0 133 0 50 0 50 0 500 0 0 0 50 33 0 250 0 0 900 0 550 550 0 300 400 199 866 300 400 0 199 200 0 0 0 0 0 500 800 450 1000 533 300 600 0 900 483 0 0 0 0 500 400 250 566 555 400 489 1000 500 0 500 266 0 0 0 166 566 250 566 800 0 250 0 0 200 0 400 500 283 0 625 1000 627 319 1000 0 833 550
#hcafc 2014-03-01
0 -62 0 -312 -100 -21 -250 0 0 250 250 750 500 250 156 0 400 0 800 -240 166 200 383 500 650 150 625 399 0 0 0 -33 0 -250 0 875 500 295 375 0 300 233 0 0 0 0 -100 -450 0 -133 -71 250 100 500 350 275 0 0 0 0 566 0 400 200 500 392 -400 0 0 0 25 0 -116 375 -162 0 0 0 -425 -650 0 0 -300 -16 180 466 -300 0 0 -500 125 -291 -600 -300 0 0 112 -333 0 -400
0 733 0 1000 200 266 500 0 0 333 333 500 500 800 1000 0 800 0 750 371 500 900 866 350 200 650 500 533 0 0 0 766 0 150 0 600 500 478 944 0 350 433 0 0 0 0 400 600 0 308 142 333 100 500 550 500 0 0 100 0 533 0 900 283 900 717 400 0 0 0 81 0 616 712 587 100 0 0 500 950 0 0 400 450 305 1000 528 0 0 1000 500 541 800 512 0 0 287 1000 0 900
#NUFC 2014-03-01
431 650 1000 366 0 0 250 0 650 125 500 218 -362 700 400 0 650 166 0 500 300 0 383 0 400 -500 650 693 500 0 -187 600 600 0 0 0 -937 700 187 1000 125 300 -145 550 -62 -50 -200 175 0 0 600 0 700 0 0 200 0 -208 500 -244 -48 -200 -500 0 0 550 0 650 0 0 -1000 0 1000 0 0 0 0 0 -1000 116 600 976 650 0 500 500 0 500 -500 228 100 1000 0 -100 250 250 0 0 187 449
657 625 400 400 0 0 300 0 625 300 600 593 837 850 300 500 625 333 0 650 500 0 666 0 200 1000 625 775 500 400 500 1000 700 0 500 0 800 600 875 1000 796 200 585 650 50 400 800 700 0 0 1000 0 800 250 0 1000 0 224 500 866 452 200 600 0 0 508 0 450 0 494 1000 0 1000 0 0 0 0 0 1000 799 1000 600 625 0 500 500 66 500 483 664 400 500 0 600 333 333 0 0 375 350
#SCFC 2014-03-01
0 800 354 0 0 0 1000 -699 -699 -699 0 0 400 0 800 0 433 909 0 285 250 0 300 300 0 74 875 67 -500 433 70 568 604 0 0 1000 -291 -149 247 0 433 833 0 339 800 0 0 -500 0 0 -1000 400 0 0 700 0 -400 516 0 333 0 400 0 218 0 309 0 147 0 500 700 700 0 675 700 0 0 0 500 712 1000 250 1000 900 0 -150 0 145 375 812 1000 0 -200 500 500 556 0 800 1000 500
0 1000 423 0 0 0 300 666 666 666 0 0 437 0 1000 0 566 780 0 535 300 1000 683 683 0 675 600 520 1000 600 466 377 701 0 0 400 541 391 735 0 583 750 950 385 400 0 0 300 0 0 1000 500 0 0 600 0 400 866 0 399 0 1000 0 625 0 448 0 404 0 1000 600 600 0 825 750 0 0 0 500 800 1000 500 950 875 0 650 0 466 587 750 750 0 800 950 799 950 0 700 1000 500
#AFC 2014-03-01
781 0 0 0 0 366 500 0 0 400 0 -194 600 200 0 0 0 -166 -166 -166 0 1000 0 250 0 0 0 0 -699 -699 -699 737 0 150 -500 1000 1000 1000 0 1000 0 1000 0 1000 1000 750 0 0 187 0 187 0 0 187 0 187 -400 95 250 0 250 0 625 0 0 0 0 0 0 0 266 0 500 0 909 0 200 0 500 0 -400 0 259 0 1000 0 0 250 800 0 -400 500 300 500 0 0 -166 100 0 1000
600 0 0 0 0 400 650 0 0 800 0 416 1000 1000 0 0 0 433 433 433 0 300 0 1000 0 0 0 0 666 666 666 950 0 570 1000 300 300 300 100 300 0 300 0 300 300 400 0 0 300 0 300 0 0 300 0 300 400 178 250 0 250 0 900 0 500 0 0 0 0 0 433 0 555 0 780 0 550 0 500 0 400 0 388 500 300 0 0 500 1000 0 400 500 533 500 0 0 833 1000 0 300
#ncfc 2014-02-23
-200 -400 100 -308 -1000 0 62 800 800 800 160 0 700 -133 0 0 500 118 0 0 750 0 66 136 400 0 0 -166 250 41 200 -99 600 -150 700 953 -100 0 0 0 0 200 0 0 800 0 0 0 200 0 0 -166 0 0 1000 99 0 500 0 0 125 183 200 199 0 0 66 0 625 0 400 0 525 0 0 0 0 0 350 1000 312 0 0 500 0 0 0 1000 350 0 766 0 -395 0 0 0 0 66 -400 0
233 400 300 416 1000 66 150 400 400 400 320 0 600 233 0 0 600 327 0 0 550 66 700 454 625 0 0 66 200 250 100 350 600 250 600 200 175 0 0 0 0 100 0 0 950 0 0 0 200 0 0 166 0 0 300 850 0 1000 0 500 303 511 700 366 0 0 700 0 1000 0 800 0 324 0 0 100 0 0 650 400 750 0 0 500 0 0 0 1000 350 0 833 0 470 0 0 0 0 700 400 0
#COYS 2014-02-23
-75 -350 0 0 334 0 525 0 -62 800 -125 556 49 600 333 -299 0 500 200 125 333 0 550 -200 0 1000 66 0 0 722 -66 199 400 0 976 0 0 -143 0 0 163 -21 200 -400 481 0 -100 0 0 0 0 0 500 450 100 -100 0 0 166 0 500 340 -300 0 600 0 0 -125 0 638 -16 0 200 450 500 0 0 150 1000 260 900 136 0 0 0 200 433 0 0 800 0 341 0 0 0 -750 0 600 800 83
975 450 0 0 736 0 711 0 381 575 375 300 550 1000 666 583 100 750 500 875 533 0 700 550 0 1000 366 0 0 572 433 266 375 0 500 0 0 322 0 0 367 400 300 600 612 0 350 0 450 0 500 0 833 700 300 400 0 0 500 0 725 399 700 333 737 500 0 700 0 533 150 0 575 700 762 0 0 744 1000 390 575 454 0 0 0 300 916 0 0 750 0 541 0 0 0 1000 0 1000 750 633
#LFC 2014-02-23
0 250 50 0 0 0 0 75 1000 136 318 0 0 0 700 0 0 -600 0 136 -208 0 0 136 -500 0 0 100 625 500 0 -25 -111 200 500 0 375 300 0 136 200 300 250 0 0 -375 500 0 250 250 250 -500 136 68 0 318 0 0 0 0 440 0 0 700 250 350 0 0 0 750 0 149 136 100 0 0 -312 0 84 520 700 -600 99 350 250 1000 200 0 587 68 500 0 616 83 333 -53 68 -250 0 0
0 200 100 0 0 0 0 106 1000 454 477 1000 0 0 900 66 0 1000 0 454 416 0 100 454 500 0 0 400 625 425 0 608 292 200 500 0 200 100 0 454 500 606 200 0 0 1000 500 0 200 200 200 500 454 500 0 562 0 0 0 0 423 0 0 600 312 800 0 0 0 400 0 500 454 400 500 0 937 0 476 500 600 1000 644 762 250 300 450 0 875 227 500 66 866 241 1000 458 477 149 0 50
#Swans 2014-02-23
800 0 -83 0 0 0 0 0 136 625 0 0 575 533 -787 0 300 0 0 350 375 0 239 0 -200 0 -200 0 500 -400 0 0 375 312 0 500 0 -200 0 250 -400 0 275 68 350 250 0 250 125 0 500 -200 0 -200 378 -100 0 0 0 700 1000 0 700 -208 0 625 200 600 528 160 -133 200 700 0 0 0 0 -500 0 0 0 -500 0 0 125 0 160 0 350 400 400 312 0 0 0 0 0 0 0 0
1000 0 216 0 0 0 0 0 500 750 0 0 700 522 666 0 100 0 0 333 550 0 458 0 50 0 250 0 600 400 0 0 500 333 0 694 0 250 0 1000 400 0 525 250 333 200 0 200 83 0 500 233 0 233 484 350 0 0 66 600 1000 0 600 166 0 750 500 1000 613 539 466 500 600 66 0 0 0 1000 0 66 0 700 0 0 1000 0 465 0 350 400 400 200 0 0 1000 0 0 0 0 0
#NUFC 2014-02-23
0 0 333 1000 633 0 0 200 650 216 0 0 0 0 136 700 700 700 800 600 700 0 600 400 0 -600 0 500 500 -250 500 -175 250 -233 0 100 0 750 -33 633 0 900 0 0 0 312 -266 0 1000 800 0 0 0 -200 1000 0 300 100 0 0 0 650 550 -200 166 312 0 45 600 -800 -150 -800 -3 99 0 -250 700 0 0 0 500 0 0 50 0 -500 -188 -800 0 -714 0 650 200 200 200 800 0 0 700 -57
0 0 333 1000 566 0 0 200 625 616 0 0 0 0 454 600 600 1000 700 600 600 100 800 800 0 800 0 888 500 400 750 400 250 733 1000 133 0 750 633 600 1000 1000 0 0 0 500 266 0 1000 400 0 0 0 250 1000 0 500 200 0 0 0 625 750 50 233 500 0 350 800 800 799 800 400 550 0 583 600 0 600 0 600 0 0 200 0 400 222 800 0 857 100 625 400 400 400 400 0 0 600 414
#AVFC 2014-02-23
0 0 558 0 250 175 0 0 136 318 500 0 -250 0 200 0 0 0 -33 900 400 0 0 0 -250 700 -200 0 0 0 0 0 800 541 0 200 200 200 -391 0 700 0 200 200 200 313 0 0 200 508 568 500 800 0 0 312 625 0 0 0 -62 0 150 1000 0 33 300 0 0 -100 0 0 0 333 700 -610 300 0 250 0 0 406 250 575 1000 0 -33 -66 -166 0 0 0 -100 0 136 0 -150 0 0 0
0 0 535 0 500 175 0 0 454 477 888 0 800 0 362 1000 0 112 633 1000 875 0 0 0 550 600 50 0 0 0 66 0 400 266 0 500 500 500 466 0 799 0 400 400 400 622 0 0 500 399 727 800 400 0 500 250 500 0 0 200 220 0 300 300 0 66 900 0 0 133 0 0 0 666 799 800 366 0 244 0 0 466 333 666 1000 0 400 458 500 0 0 0 133 0 454 0 199 0 0 0
#CPFC 2014-02-22
155 0 -21 208 166 0 550 0 0 -399 200 0 0 -188 -100 0 500 0 68 150 0 0 0 -100 0 136 -500 -500 -488 -291 0 600 450 800 -500 -66 -400 -218 0 0 0 0 0 1000 -12 0 0 0 -200 0 -375 -58 -58 -58 -58 -58 0 1000 0 -200 -250 0 -192 0 0 0 0 -366 0 400 0 225 0 0 0 0 -381 -500 0 0 0 0 450 125 0 0 228 33 166 0 125 -400 -100 0 250 0 -50 633 -900 -400
555 0 403 633 333 0 750 750 0 383 200 0 0 366 378 0 900 0 227 500 0 0 0 462 0 454 900 900 50 541 0 600 450 900 1000 766 400 725 0 0 0 0 1000 300 637 400 0 0 0 0 666 666 666 666 666 666 0 300 0 600 888 0 750 0 0 0 0 688 0 900 0 275 0 0 0 0 668 866 0 0 0 0 550 644 0 0 561 366 833 0 644 400 150 500 250 0 350 750 1000 400
#MUFC 2014-02-22
100 136 0 200 0 -500 0 -12 0 0 -500 0 -12 0 0 112 0 0 0 -400 -500 -71 566 200 0 -699 200 -75 500 136 0 0 344 0 0 0 0 0 0 0 0 0 0 -200 0 0 0 0 144 100 0 0 200 0 0 800 500 525 500 0 391 0 0 350 136 0 250 600 0 144 136 0 0 93 800 0 300 500 0 0 0 0 -800 0 180 0 0 0 0 650 0 0 0 -250 437 390 0 675 500 144
400 454 0 333 0 1000 100 0 0 0 1000 100 0 0 0 275 0 0 0 600 1000 518 450 333 0 666 333 350 625 454 250 250 577 0 0 0 0 0 0 0 0 0 0 400 250 0 0 0 551 150 0 0 100 250 250 200 500 366 500 0 625 0 0 550 454 0 1000 583 0 551 454 0 0 727 400 0 0 500 0 0 0 0 1000 0 689 0 0 0 0 550 0 0 500 200 625 250 0 825 500 551
#AFC 2014-02-22
0 0 0 0 366 66 800 -49 250 600 0 500 500 -390 250 0 250 0 24 -699 0 0 0 0 0 0 400 233 312 0 -27 0 0 -66 0 170 0 0 0 350 100 100 100 100 1000 500 41 200 0 800 333 0 0 0 0 0 166 750 312 0 0 400 300 -500 106 0 0 500 0 0 -200 136 0 0 0 -200 0 0 250 0 -600 1000 0 0 -500 -500 0 0 0 -387 0 -200 400 0 200 0 -200 87 0 0
0 0 0 0 283 575 1000 700 650 1000 0 500 900 800 650 0 375 0 356 666 0 0 0 0 0 0 250 316 200 0 244 0 733 633 0 454 0 0 0 450 150 150 150 150 1000 500 322 100 0 400 666 0 0 0 0 0 200 900 200 0 0 900 500 1000 347 0 0 500 0 1000 600 454 1000 1000 1000 600 0 0 375 0 900 1000 0 0 1000 1000 0 0 0 549 0 800 425 250 100 1000 600 308 0 0
#SAFC 2014-02-22
166 687 166 0 250 0 650 0 0 0 -155 0 -18 0 1000 250 0 0 400 200 0 0 259 -75 187 400 507 0 -300 0 0 0 -18 -400 0 106 0 0 -166 0 100 0 750 -62 0 0 0 550 500 0 0 0 600 0 0 357 500 0 -77 75 0 600 316 0 370 500 -50 50 400 -424 -200 0 0 0 -600 500 -99 500 0 0 200 0 250 250 250 125 600 25 0 -799 0 200 -150 0 0 0 149 0 118 300
716 550 466 0 250 0 450 0 0 0 288 0 96 0 750 333 0 0 800 300 0 0 674 700 150 700 625 0 1000 0 0 0 96 600 250 450 0 100 433 0 600 0 900 750 0 0 0 700 500 0 0 0 475 0 0 571 500 0 394 674 0 1000 266 0 465 500 400 200 800 825 800 0 1000 1000 800 1000 800 1000 0 0 200 0 200 200 200 800 1000 700 0 1000 0 300 700 0 500 562 500 0 427 100
#cardiffcity 2014-02-22
416 0 0 0 0 0 0 0 0 0 0 0 0 0 -50 0 -155 242 0 0 0 312 0 250 0 0 166 375 312 0 268 268 0 0 0 166 0 0 0 0 0 0 0 100 0 0 300 -125 0 0 312 500 312 1000 0 0 -250 0 268 268 200 0 -250 500 800 500 268 0 0 178 312 136 250 -549 0 0 518 0 0 0 0 0 100 99 0 0 200 0 0 425 333 0 0 0 136 0 0 0 200 0
583 0 0 0 0 0 0 0 0 0 0 0 0 0 400 0 288 250 500 0 0 300 500 200 0 0 833 500 333 0 427 427 0 0 66 666 0 0 0 0 0 0 0 175 0 0 500 494 0 0 300 500 300 300 0 0 500 0 427 427 250 0 500 175 1000 175 427 0 50 318 333 454 200 633 0 0 825 0 0 66 0 0 400 400 0 0 100 0 0 825 666 0 0 0 454 0 0 0 200 0
#hcafc 2014-02-22
0 0 800 0 800 800 500 -250 0 -400 0 0 1000 500 82 0 500 800 107 -100 -500 87 0 1000 0 0 50 0 133 500 -625 400 -250 333 -100 136 0 0 0 0 0 875 -250 166 0 700 -466 200 0 250 75 0 0 600 152 0 -400 125 0 0 500 0 0 0 220 -125 68 400 50 -66 0 -600 500 -800 0 0 -224 500 333 800 0 500 -400 -31 400 50 0 216 200 250 -356 0 150 33 700 100 562 250 250 0
0 0 900 0 900 900 1000 250 0 600 500 0 300 500 289 0 900 400 285 445 1000 622 1000 845 0 0 100 0 633 1000 1000 900 400 666 500 454 0 0 0 100 0 600 400 269 0 600 516 100 0 250 575 0 0 800 508 0 750 416 0 0 500 0 0 0 616 375 300 800 450 933 0 500 900 800 0 0 400 888 333 1000 1000 888 400 718 800 224 0 700 650 500 543 0 600 266 600 1000 750 250 694 1000
#MCFC 2014-02-22
0 19 -49 0 200 -155 0 0 0 700 500 0 250 0 200 0 0 0 0 0 0 0 136 -366 0 234 285 0 200 0 0 0 0 0 200 750 266 200 136 600 0 0 0 0 136 0 0 0 0 0 0 0 0 0 0 0 300 0 0 0 0 0 0 0 0 0 0 0 0 375 0 41 106 524 -233 250 0 0 0 500 0 0 175 68 -250 0 0 136 136 0 0 0 200 0 0 0 0 0 0 0
1000 486 700 0 600 288 0 1000 0 799 500 0 483 0 100 0 0 0 0 0 0 0 454 466 212 345 535 0 200 0 0 0 0 0 100 800 454 300 454 1000 0 0 0 0 454 0 0 0 0 0 0 0 0 66 0 0 350 0 0 0 0 357 0 0 0 0 0 0 0 750 0 208 450 575 533 1000 0 0 0 1000 0 0 275 227 250 0 0 454 454 0 0 0 200 50 0 0 100 0 0 0
#SCFC 2014-02-22
9 -291 800 500 0 333 0 237 0 478 81 -125 275 0 400 900 200 250 149 0 399 0 0 0 112 233 214 264 800 1000 0 366 -349 800 0 0 316 1000 233 363 286 550 0 250 0 670 0 366 700 433 450 0 319 800 200 0 109 525 0 25 0 0 1000 637 516 800 66 700 75 325 -99 316 125 800 -166 800 700 500 625 400 -16 200 375 1000 0 0 0 -100 -250 -333 0 0 0 0 0 -200 1000 0 0 0
809 541 1000 900 0 666 0 833 0 475 462 375 568 0 900 1000 539 1000 650 0 966 0 0 66 450 683 459 513 750 750 0 433 516 200 0 0 283 1000 593 554 690 600 0 312 0 700 0 577 600 833 1000 0 388 750 575 0 315 600 0 533 0 0 1000 875 533 750 333 750 300 600 966 166 199 400 333 750 750 150 1000 200 816 400 944 1000 0 0 0 533 750 666 0 0 0 0 0 262 1000 0 0 0
#WBA 2014-02-22
-200 800 -283 0 800 0 0 150 -69 0 0 0 -400 136 0 -400 242 250 500 200 333 0 100 368 500 0 -78 22 136 0 0 0 68 200 -100 -200 75 0 194 0 -100 0 -33 0 -250 333 -200 200 -187 250 200 215 350 -100 -100 0 0 0 200 22 -400 -400 0 -93 22 0 -219 0 0 0 333 0 0 0 300 300 -131 -66 -66 -600 400 0 -100 0 0 -50 -400 -1000 0 0 150 100 0 0 -500 1000 400 1000 -400 -33
400 750 283 0 700 0 0 591 510 0 0 166 400 454 0 400 417 250 1000 300 666 0 131 443 200 0 300 294 454 0 0 0 414 500 400 700 312 0 444 0 400 0 466 0 500 1000 250 250 500 375 300 554 300 266 266 0 0 400 250 294 400 400 0 250 294 0 669 0 0 0 1000 0 0 0 625 625 427 322 322 900 800 0 450 1000 0 150 400 1000 0 0 400 573 0 0 299 1000 400 1000 400 433
#FFC 2014-02-22
0 0 -72 0 0 511 136 403 357 0 0 -433 136 0 -375 0 0 0 500 0 0 203 -233 0 0 0 0 318 0 0 0 0 0 100 0 0 -155 -300 0 0 -200 0 -155 0 625 375 50 250 0 -699 700 0 0 300 0 0 -22 -187 0 -93 0 0 0 0 0 0 0 12 0 0 0 0 0 1000 300 0 0 125 0 0 0 0 1000 200 -400 0 500 0 0 30 0 69 136 0 200 0 600 136 0 0
0 0 611 0 0 433 454 593 535 0 0 833 454 0 666 0 0 0 750 0 0 434 750 0 0 0 400 643 0 0 0 0 0 500 0 0 288 500 0 0 800 0 288 0 500 750 233 333 0 666 600 0 0 1000 1000 0 768 437 0 300 0 0 0 0 0 0 0 695 0 100 0 0 0 400 200 357 0 166 0 0 0 0 1000 500 400 0 600 0 100 944 0 724 500 0 200 0 1000 454 0 0
#WHUFC 2014-02-22
199 71 562 0 0 0 0 250 333 0 -400 0 0 246 166 175 976 0 100 0 0 0 125 500 0 0 136 -200 350 68 0 0 0 800 250 0 0 0 0 200 0 500 312 400 0 -200 337 516 0 250 0 0 0 0 166 0 -66 156 -66 66 100 100 0 250 0 0 62 1000 -200 0 800 500 625 -50 0 0 0 -300 1000 0 625 0 167 800 -62 233 500 0 0 216 0 0 -266 0 136 500 800 0 1000 625
500 133 400 500 100 100 100 500 366 0 400 0 0 300 666 1000 1000 0 200 0 0 0 400 900 0 0 454 100 300 727 0 0 100 1000 500 0 1000 66 0 500 0 500 312 900 100 700 600 583 0 900 0 0 0 0 166 0 600 500 600 399 200 200 0 200 125 0 700 1000 233 0 700 888 700 266 0 0 0 600 300 0 500 0 558 1000 439 433 888 1000 0 387 1000 0 433 62 454 500 1000 0 780 600
#SaintsFC 2014-02-22
199 71 0 -100 0 0 0 250 350 -100 199 0 200 0 649 400 0 400 600 0 0 466 0 300 0 0 0 100 300 22 0 0 0 -155 0 -600 43 468 229 0 500 0 0 0 0 0 0 175 -246 0 0 0 500 0 0 800 1000 0 0 500 900 500 0 600 -250 233 0 477 0 800 250 800 0 -75 250 250 0 -400 0 800 333 0 0 0 145 0 400 200 0 237 800 500 0 0 0 125 500 250 0 227
500 133 500 266 0 0 0 366 400 400 508 0 200 100 800 400 0 400 1000 750 0 566 500 100 0 0 100 100 500 294 0 0 0 288 0 900 443 350 450 0 500 500 0 0 0 0 0 216 646 0 0 0 500 0 0 400 1000 0 0 650 1000 600 0 900 250 533 0 650 0 750 333 750 0 191 200 200 0 400 0 700 188 0 0 0 800 500 399 200 0 200 750 500 0 0 0 303 500 300 0 545
#CFC 2014-02-22
1000 0 0 166 -699 136 0 144 0 0 0 0 0 0 -1000 144 0 318 0 800 0 500 0 136 -400 125 0 180 650 0 0 144 300 0 -50 -249 0 0 700 -50 0 800 136 -50 0 0 0 0 0 0 250 0 -131 0 0 0 0 125 69 69 500 500 136 500 800 125 500 800 -200 136 -400 500 800 0 0 725 50 200 0 0 0 0 0 500 633 0 0 0 -200 -625 0 0 0 0 0 0 0 0 0 0
1000 0 0 666 666 454 0 551 0 0 0 0 0 0 900 551 100 527 0 200 0 350 0 454 700 375 0 689 550 0 0 551 504 0 400 633 250 0 600 400 250 200 454 400 0 0 0 0 0 0 200 0 427 0 0 0 0 375 533 533 500 500 454 350 200 375 350 200 233 454 400 350 200 0 0 575 600 200 0 0 0 0 0 183 466 0 0 0 200 1000 0 0 0 0 0 0 0 0 0 0
#EFC 2014-02-22
1000 0 166 -12 0 0 0 0 0 0 500 300 168 -200 600 0 -400 -100 0 0 500 1000 0 500 0 0 232 0 750 0 0 0 66 -400 0 200 0 1000 500 0 500 500 0 0 0 0 199 0 0 0 357 900 250 -345 0 -6 200 -66 0 50 0 0 250 1000 -520 0 53 433 0 0 282 0 350 0 800 0 350 200 400 -300 400 500 587 200 62 0 300 0 0 0 0 0 0 0 200 0 -333 -100 0 0
1000 0 1000 337 0 1000 1000 1000 1000 0 500 450 327 400 900 300 400 300 0 0 500 900 0 1000 0 0 415 0 750 0 100 0 866 400 0 700 0 900 500 0 550 500 0 0 500 0 266 1000 0 0 571 875 1000 425 0 225 400 933 0 66 66 0 1000 300 780 0 159 405 0 0 571 0 550 0 750 66 800 200 500 400 500 475 575 200 433 0 100 0 1000 0 0 0 0 0 250 0 616 445 100 0
#FFC 2014-02-12
-125 -125 200 68 0 0 0 0 -50 0 0 0 0 31 300 0 0 0 0 0 0 125 -300 0 66 -400 0 275 224 -183 0 0 -400 0 0 50 250 -278 233 437 -700 -258 0 187 0 -100 0 49 -400 0 0 0 -225 -93 500 0 500 -250 12 0 -133 0 0 0 -699 225 -53 -437 -125 -375 -125 -251 500 -400 400 -121 0 -57 0 0 0 99 0 0 49 88 -125 0 50 0 -400 -348 0 -266 -262 -125 -125 -150 -350 49
375 375 200 227 66 0 0 0 200 0 0 0 0 250 350 0 0 0 0 0 0 333 500 0 633 400 0 468 525 400 0 0 400 0 0 500 500 387 385 400 700 441 125 631 66 200 0 450 400 0 0 0 225 301 600 0 1000 450 529 100 333 0 0 0 666 825 350 637 375 500 375 496 500 400 800 674 0 467 0 0 500 500 0 0 644 666 375 0 100 66 400 561 428 452 387 375 375 350 500 450
#LFC 2014-02-12
0 0 0 0 178 0 100 0 0 266 133 0 0 0 133 100 133 133 0 100 133 100 -699 800 0 -125 -394 -125 0 312 500 500 1000 233 49 100 -333 0 0 0 0 0 0 0 0 0 0 500 486 0 -1000 0 227 200 100 0 1000 0 0 100 0 500 -400 133 100 -50 -53 -200 -500 700 0 200 800 0 200 0 1000 0 700 0 136 1000 300 0 0 -325 0 171 -400 0 68 375 0 0 0 300 125 0 0 700
0 0 0 0 418 1000 100 0 0 666 133 0 0 125 133 100 133 133 0 100 133 100 666 750 0 375 1000 375 0 350 600 600 1000 433 700 100 666 0 0 0 0 0 0 0 0 0 0 200 588 0 1000 357 545 399 100 0 300 1000 0 100 0 694 400 133 100 200 510 0 1000 600 0 300 750 0 400 0 750 0 600 125 500 1000 100 0 0 700 0 437 400 0 227 333 0 0 0 200 400 0 0 600
#SCFC 2014-02-12
-750 -892 0 500 0 0 375 0 400 112 359 83 525 33 0 0 83 -68 0 800 175 800 0 0 0 0 -19 0 -19 0 -19 0 -19 0 -19 1000 -19 250 -250 266 -19 2 800 -625 200 0 0 800 -19 900 0 0 177 437 0 0 0 250 0 104 0 0 0 241 0 225 110 -250 100 -125 308 -266 -468 800 350 357 0 275 0 0 416 500 0 0 0 0 124 0 -250 1000 37 0 237 -800 -50 0 800 0 -500 100
800 857 0 500 0 0 400 0 800 500 350 712 511 366 0 0 155 454 0 400 650 400 0 1000 0 0 369 0 369 0 369 0 369 0 369 400 369 333 250 777 369 177 400 1000 200 0 0 400 369 875 0 0 360 550 0 0 0 333 0 437 0 0 0 833 100 587 341 100 300 375 629 300 500 750 619 571 0 1000 0 0 666 500 0 0 0 0 650 0 888 400 950 0 390 1000 100 500 750 0 299 225
#Swans 2014-02-12
158 -140 0 0 800 800 0 -800 187 0 0 0 0 0 0 0 0 0 800 0 500 250 0 -800 99 0 0 0 -208 0 37 -400 500 -500 0 0 0 -800 500 -150 0 0 312 375 375 0 200 0 437 0 -150 850 800 500 200 -400 0 0 0 0 50 -800 0 0 -350 -800 -800 333 400 111 -350 255 800 0 0 0 0 0 0 500 0 -500 -400 -388 0 0 850 100 0 -100 650 -388 0 0 0 493 800 450 175 0
916 430 0 0 750 400 0 1000 437 0 0 0 0 0 0 633 0 0 750 0 500 200 0 1000 950 0 0 0 500 0 950 550 600 299 0 0 0 1000 500 225 0 0 333 500 500 0 500 0 650 0 225 1000 400 150 100 400 0 0 0 0 638 1000 0 633 800 1000 1000 541 200 477 800 477 400 0 0 0 0 0 0 657 0 1000 400 833 1000 0 1000 112 0 200 600 833 0 0 0 727 1000 700 425 0
#AFC 2014-02-12
0 0 -400 0 0 250 262 0 0 900 0 233 0 197 0 -175 0 250 -1000 750 -50 283 0 0 500 0 0 250 200 0 0 0 500 500 524 -366 0 0 0 -100 0 0 0 0 0 0 0 -400 68 0 650 0 0 0 500 0 0 644 0 0 0 0 0 0 0 200 0 100 205 625 0 0 0 0 0 0 -112 0 0 500 0 250 -516 375 0 66 500 0 0 0 0 400 300 0 1000 0 0 500 -62 285
0 0 700 0 0 500 350 0 0 700 0 433 0 417 0 280 0 500 1000 750 600 750 0 0 900 0 0 375 200 0 0 0 900 600 633 566 0 0 0 25 0 0 0 0 0 66 0 400 277 0 625 0 0 0 500 0 0 744 0 0 0 0 0 0 0 200 950 200 610 750 0 0 0 0 0 0 625 0 0 900 0 800 966 475 0 633 900 0 0 0 0 800 300 0 400 0 0 900 400 535
#MUFC 2014-02-12
500 0 178 600 392 0 0 136 68 68 80 318 136 0 0 800 150 -937 0 363 0 266 150 0 0 0 716 0 0 -125 0 0 0 0 200 0 100 800 650 0 -272 0 0 0 0 100 0 -266 136 0 -266 136 0 0 -349 0 110 0 250 0 0 132 0 0 -162 -31 28 -177 -395 -178 500 0 0 0 172 0 250 150 0 0 0 1000 -333 0 0 133 136 0 5 0 184 0 0 136 0 -200 175 0 156 0
1000 0 418 650 517 0 0 454 227 227 520 677 454 0 0 400 350 1000 0 572 0 666 950 0 0 0 650 0 0 375 0 0 0 0 200 0 50 400 450 0 416 0 0 0 0 400 0 416 454 0 416 454 0 0 500 0 480 0 533 0 0 491 0 0 662 675 554 640 720 663 888 0 0 0 456 0 500 238 0 0 0 300 1000 626 0 291 454 0 414 500 589 0 0 454 0 100 375 0 791 0
#NUFC 2014-02-12
0 600 136 -400 0 350 350 0 -400 0 0 0 433 0 350 0 0 -142 399 233 212 300 -266 -300 369 0 0 1000 0 208 0 -400 1000 500 0 0 0 0 0 300 -158 900 136 50 300 41 -166 166 0 0 203 0 0 0 0 700 -105 0 500 -127 100 350 208 0 0 0 -200 250 208 400 49 -225 175 600 0 0 0 333 0 0 800 750 285 -243 250 0 0 -400 0 0 -216 0 0 0 233 0 19 0 0 0
100 1000 454 400 0 300 300 0 400 50 0 700 833 0 350 0 0 535 491 199 475 750 688 350 540 0 0 300 0 687 0 600 300 188 0 0 0 0 0 450 650 750 454 250 466 854 166 900 0 0 537 0 0 0 0 600 433 0 500 522 378 350 333 0 0 0 200 494 687 800 525 400 500 650 0 0 0 833 66 0 750 1000 535 716 300 1000 0 400 0 0 750 0 0 0 796 678 750 0 0 0
#COYS 2014-02-12
608 -444 0 -400 800 1000 0 -156 0 166 0 0 500 1000 0 900 0 0 41 555 0 0 -400 399 0 300 712 56 200 933 150 0 250 0 0 0 41 208 0 -100 866 0 250 399 600 125 0 523 0 254 500 237 250 -450 0 0 0 0 500 162 250 -333 0 350 -4 0 0 200 375 0 300 -400 500 0 199 0 -297 295 0 -400 0 500 -390 200 0 200 0 327 0 100 100 100 0 100 399 0 625 258 0 -150
600 916 0 400 400 1000 0 375 0 333 0 0 1000 1000 0 875 0 0 375 555 0 0 400 500 0 100 450 184 100 1000 400 0 200 0 0 0 375 166 0 900 716 0 950 566 950 500 0 489 0 770 500 361 500 700 0 600 0 0 888 250 500 666 0 350 416 0 100 575 450 0 462 400 400 100 266 0 344 636 0 400 0 500 700 200 0 200 0 633 125 400 400 400 0 400 166 0 600 383 0 600
#WBA 2014-02-11
0 0 0 0 527 433 0 0 1000 600 0 -83 -281 0 0 0 -200 297 0 0 0 0 0 0 0 0 250 0 -14 0 650 0 -43 -40 50 -400 0 250 -50 0 800 -18 24 -155 400 -82 250 133 133 214 -33 133 -100 -75 261 -400 -150 250 133 0 750 750 500 700 0 0 0 500 0 0 0 0 -400 300 0 500 0 -400 558 -200 -154 0 1000 0 100 -625 250 800 -475 -99 -412 342 0 -50 0 0 125 116 -199 0
0 0 0 812 750 733 0 0 750 1000 0 583 700 0 0 687 800 490 0 66 0 0 0 1000 0 0 900 0 402 0 750 0 360 403 100 400 500 250 700 0 400 462 350 288 425 370 250 300 300 371 683 300 331 300 547 400 183 283 300 0 750 750 550 750 0 1000 0 600 0 0 0 0 400 750 0 200 0 400 535 0 375 0 300 0 900 1000 875 400 550 583 500 717 0 700 0 0 625 590 933 0
#CFC 2014-02-11
700 700 625 0 0 250 0 700 1000 178 0 500 0 -250 500 0 0 800 308 0 0 0 0 0 0 0 0 0 700 -400 0 357 187 0 0 0 149 750 0 800 500 250 534 348 0 364 328 0 364 0 0 -24 -400 625 -400 0 0 0 0 -12 -200 0 66 700 364 900 800 800 0 433 0 500 0 0 500 -200 -187 625 -400 0 0 578 0 1000 0 437 25 500 0 0 700 -37 500 0 0 -400 0 0 0 0
600 600 500 0 66 333 66 600 1000 418 0 500 0 500 500 0 0 683 558 0 0 0 0 0 0 0 0 0 733 700 0 571 637 0 0 0 650 594 0 400 500 333 813 529 0 442 785 0 442 0 0 950 600 725 400 0 0 0 0 750 600 0 866 733 442 1000 400 400 0 733 0 500 0 0 750 300 700 1000 600 0 0 561 0 1000 0 666 1000 900 0 0 733 833 500 0 0 700 0 0 0 0
#cardiffcity 2014-02-11
0 0 0 0 -450 -408 250 0 0 400 133 800 -77 0 0 250 250 375 312 0 -299 -99 0 400 0 -408 -347 0 -486 -800 -183 0 1000 0 225 0 800 0 0 800 0 0 0 41 500 400 250 0 0 0 0 0 149 0 0 1000 -350 0 0 100 0 0 350 0 0 0 600 0 500 0 0 23 0 -265 0 266 -187 0 0 -750 -600 0 0 0 0 -331 0 -600 0 0 0 0 0 0 500 0 -200 0 800 -400
0 0 0 0 700 549 200 0 0 250 200 400 144 0 0 416 416 500 333 0 433 700 0 500 0 549 244 0 833 900 483 0 400 0 470 0 400 0 0 400 0 0 0 250 500 450 408 0 0 0 0 0 650 0 0 1000 400 0 0 250 0 0 449 0 0 0 550 0 233 0 0 305 0 800 533 666 500 0 0 750 700 0 0 0 0 444 0 700 0 0 1000 0 0 0 500 0 100 0 700 750
#AVFC 2014-02-11
-147 500 0 166 0 166 -699 0 0 875 250 -495 0 0 0 0 -100 0 0 0 0 500 625 125 -9 400 700 -136 0 700 100 0 -400 0 0 0 500 500 -800 250 0 -12 0 0 0 0 0 100 0 0 -750 0 -100 50 0 56 500 0 0 0 400 -500 0 500 0 0 0 0 0 0 800 -125 800 133 200 500 0 -155 500 172 100 0 0 -575 0 0 600 0 800 0 333 300 58 0 -450 0 250 0 0 0
552 1000 100 333 0 499 666 0 0 600 500 770 0 0 0 0 175 100 0 0 0 950 500 400 371 233 600 722 1000 600 200 1000 600 0 0 0 500 500 900 750 0 0 1000 400 450 0 0 200 0 100 1000 1000 462 950 0 255 1000 0 0 0 200 733 0 500 0 0 0 0 0 0 400 1000 400 583 530 1000 0 288 600 444 100 0 0 700 0 0 1000 0 400 0 500 600 666 400 700 0 400 0 0 0
#hcafc 2014-02-11
-133 0 100 625 0 0 250 0 650 200 -400 -800 125 0 -187 0 0 0 0 0 600 135 -250 412 666 0 375 0 500 775 700 366 -275 0 537 -175 99 500 0 -194 500 -250 450 125 -341 0 416 -1000 -138 0 0 -400 0 0 -364 416 800 0 225 650 0 100 1000 700 522 0 130 475 0 0 1000 300 -25 500 0 0 400 0 1000 200 0 333 300 468 -50 -50 0 0 350 725 197 500 0 350 0 650 0 136 741 -50
500 0 300 500 0 0 640 0 500 200 400 900 500 0 500 0 0 0 0 0 950 355 250 400 633 0 700 0 1000 875 600 766 600 0 862 625 850 500 1000 916 500 250 500 200 450 0 833 1000 138 0 0 900 0 0 541 566 750 1000 600 450 0 200 300 600 483 0 670 700 0 0 1000 750 400 150 0 0 425 0 1000 500 0 583 700 350 400 400 0 1000 300 616 436 900 0 350 0 625 0 454 683 400
#SaintsFC 2014-02-11
0 -200 300 1000 -200 -16 0 0 300 66 350 0 0 -500 178 0 -25 875 -50 -122 -600 166 0 0 295 250 -166 350 250 524 50 -500 50 400 -400 -150 0 0 0 0 0 0 0 0 0 0 312 500 500 0 -25 0 -99 650 98 -200 0 -62 -93 250 0 550 144 -625 656 -200 0 -557 133 0 0 0 0 -29 500 -104 0 0 1000 175 -291 -220 -937 0 625 100 500 0 -557 0 -343 -333 0 0 -133 -183 -400 -83 550 0
0 150 324 900 150 466 0 0 600 633 600 0 0 550 267 0 250 650 400 411 1000 666 0 0 379 525 166 650 200 575 500 1000 500 800 400 305 0 0 0 0 0 0 0 0 0 0 333 500 500 100 625 0 645 450 744 850 0 687 250 550 0 350 644 675 750 850 0 700 549 0 0 0 0 185 750 591 0 100 300 650 397 473 800 0 600 799 888 0 700 0 700 400 0 0 500 662 400 116 750 0
#WHUFC 2014-02-11
295 49 393 0 0 0 0 0 800 500 500 1000 0 1000 -312 -1000 0 -12 0 0 400 0 0 0 0 0 350 500 712 0 0 0 500 0 0 1000 0 800 -849 50 0 800 750 250 500 -575 0 0 700 600 225 800 700 800 0 0 0 -200 250 -400 1000 0 300 250 1000 0 450 0 250 250 550 0 0 0 0 0 0 0 0 0 0 0 0 0 0 0 0 0 0 0 0 0 0 0 0 0 0 0 0 0
429 750 516 0 0 266 0 0 575 900 900 400 0 1000 500 1000 0 0 0 0 300 0 300 0 66 0 300 900 875 0 0 0 475 0 0 1000 0 1000 833 200 50 750 550 1000 500 700 0 0 500 700 875 400 700 400 0 0 0 100 750 400 400 1000 422 650 400 0 387 0 200 200 650 0 0 0 0 0 0 0 0 0 0 0 0 0 0 0 0 0 0 0 0 0 0 0 0 0 0 0 0 0
#ncfc 2014-02-11
0 0 0 100 0 0 0 400 333 250 136 274 211 0 373 0 690 750 -1000 250 0 0 0 500 0 0 312 300 400 219 50 0 0 0 437 0 169 450 0 83 1000 350 -364 22 -400 0 250 0 500 0 0 0 0 0 0 0 487 0 0 0 350 250 0 0 0 0 0 0 0 0 250 0 0 -62 400 700 -159 125 0 -150 0 150 -37 0 100 -183 500 -1000 300 0 266 525 0 100 0 0 0 0 0 0
0 0 0 50 0 0 0 262 500 800 454 255 488 0 511 0 830 950 1000 400 0 0 0 550 0 0 694 750 750 511 200 0 0 0 800 0 513 875 0 733 1000 400 541 219 400 1000 833 0 475 0 0 0 0 0 0 1000 720 0 400 0 400 500 0 0 0 0 0 666 0 100 333 0 0 150 408 600 331 200 0 233 0 437 737 0 200 588 300 900 700 0 500 300 0 638 0 500 0 66 0 0
#MUFC 2014-02-09
178 0 0 250 0 0 0 -400 250 136 500 0 400 400 100 0 50 0 0 0 0 500 437 0 0 0 0 0 0 0 0 -62 95 0 100 0 0 1000 100 136 500 100 500 0 500 0 0 500 0 450 0 300 445 0 500 500 350 0 100 200 0 0 0 285 0 285 0 0 0 0 0 0 0 495 100 0 0 0 0 0 0 0 0 0 0 278 0 0 0 0 0 0 0 0 0 0 0 0 0 0
418 0 0 200 0 0 0 400 333 454 633 0 900 900 200 312 150 0 0 0 0 150 650 0 0 0 0 0 0 0 0 187 511 0 200 0 0 300 312 454 500 200 833 0 833 0 0 833 0 750 0 0 651 0 766 1000 550 0 200 100 0 0 0 535 0 535 0 0 0 0 0 0 0 545 200 0 0 0 0 0 0 0 0 0 0 373 0 0 0 0 0 0 0 0 0 0 0 0 0 0
#FFC 2014-02-09
0 0 534 500 0 341 0 0 0 0 0 0 500 0 0 -125 209 0 0 1000 0 0 437 0 0 125 1000 0 237 500 0 0 0 118 350 1000 242 166 0 0 625 0 -499 0 0 0 -62 0 -800 400 0 -500 -62 200 500 -25 0 0 0 800 313 -25 0 312 0 300 0 0 100 800 0 0 -150 400 0 1000 -400 366 0 -166 125 399 0 0 0 0 0 0 0 0 21 250 500 0 0 100 700 312 0 392
0 0 672 150 0 383 0 0 0 0 0 0 500 0 0 375 412 0 0 300 0 0 350 0 0 400 900 0 533 150 150 0 0 400 300 300 459 466 0 0 500 0 383 0 0 666 50 0 900 529 0 1000 678 200 475 625 550 1000 0 400 424 475 0 540 0 516 0 0 200 900 0 0 350 466 0 300 700 400 0 66 166 550 0 0 0 0 1000 0 0 0 696 333 500 0 0 200 600 333 700 517
#COYS 2014-02-09
800 166 -300 0 1000 0 0 543 -357 800 -200 0 1000 100 0 0 0 800 0 0 0 -155 0 -175 300 250 0 0 0 0 266 516 0 400 500 1000 -291 433 -250 49 100 0 212 0 0 500 0 133 -200 0 0 0 0 500 800 500 3 200 0 -100 11 200 -312 -625 -97 1000 700 650 350 750 250 0 600 -450 166 -156 0 800 241 -400 600 0 0 0 54 750 600 -310 0 390 125 600 0 -400 100 0 21 15 0 308
400 199 400 0 1000 0 0 813 428 1000 250 0 1000 400 0 0 0 1000 0 0 0 288 0 291 266 250 0 0 0 0 500 716 66 900 900 1000 541 400 500 549 100 0 318 0 0 500 0 566 399 0 0 0 0 500 750 500 544 950 0 0 755 550 262 400 644 400 600 675 600 750 333 0 1000 700 333 300 0 750 666 700 950 0 0 0 500 500 550 397 0 533 666 950 0 400 100 0 723 333 0 533
#EFC 2014-02-09
0 125 0 0 400 0 0 0 250 500 0 0 0 0 0 0 71 0 300 350 0 800 0 0 1000 650 0 200 0 0 250 449 0 0 0 0 -312 -125 0 -500 0 81 500 0 0 133 0 0 0 112 1000 118 0 0 21 200 0 0 1000 187 0 -400 0 -100 145 -400 145 0 50 0 170 118 0 135 118 500 500 500 0 500 500 500 500 500 500 500 -166 500 500 500 500 500 377 -375 0 -25 200 0 0 0
0 450 0 0 1000 0 0 0 500 600 0 0 0 0 0 0 181 50 800 300 0 750 300 0 300 616 0 200 0 0 200 400 0 0 0 0 687 375 0 600 0 350 500 0 0 266 0 0 0 351 300 427 100 1000 723 300 0 0 300 437 1000 400 0 766 418 600 384 0 200 0 454 427 0 427 427 500 500 500 0 500 500 500 500 500 500 500 583 500 500 500 500 500 522 500 0 450 200 0 0 0
#Swans 2014-02-08
0 0 285 0 550 0 0 185 0 650 375 0 0 0 500 0 0 550 0 437 500 0 0 -400 150 150 -300 -207 -208 500 0 -400 0 250 250 800 350 285 -195 55 -200 250 0 0 0 0 500 0 0 0 0 0 0 0 -150 250 68 -400 200 450 43 -250 0 250 0 0 0 200 400 312 -244 -91 195 0 -250 0 0 -16 250 0 375 0 0 0 0 156 500 200 200 100 318 250 150 68 0 250 166 0 0 0
0 0 535 0 750 0 0 493 0 600 750 0 0 0 500 0 0 750 0 650 600 0 0 400 150 150 400 667 666 1000 0 400 0 200 200 750 750 535 566 383 233 333 0 0 0 0 900 0 400 0 0 0 0 0 700 333 727 900 200 650 512 300 0 333 400 0 0 100 800 333 677 316 511 0 700 750 0 600 675 0 462 0 0 0 66 295 500 100 200 600 477 333 150 227 0 333 166 0 0 0
#cardiffcity 2014-02-08
0 0 0 500 130 0 500 0 468 800 -207 -312 0 0 0 312 375 375 0 800 1000 0 0 -260 0 -100 136 0 800 250 800 1000 0 0 400 0 166 0 800 0 0 250 0 600 390 62 0 0 0 0 0 0 0 0 0 550 0 800 0 400 50 0 800 0 1000 -21 0 -21 0 0 800 400 0 0 0 -200 0 136 0 -700 0 136 0 250 0 0 0 0 136 136 0 0 0 0 0 136 136 0 0 136
0 0 0 400 130 0 1000 0 727 400 667 492 0 0 0 333 500 500 0 400 400 0 0 500 0 400 454 0 400 200 400 750 0 0 233 0 272 0 400 0 0 1000 0 900 1000 500 0 0 0 0 0 0 1000 0 0 500 0 400 0 233 100 0 400 0 600 551 0 551 0 125 1000 400 0 0 0 400 0 454 0 800 0 454 0 200 0 0 0 0 454 454 0 0 0 0 0 454 454 0 0 454
#AVFC 2014-02-08
0 0 0 600 600 0 0 0 0 0 100 150 168 0 0 0 0 0 31 -39 0 318 700 0 390 -500 200 357 -51 500 0 800 0 568 -187 136 1000 0 250 800 175 0 0 0 0 312 -566 0 357 0 312 0 1000 0 312 0 -300 136 250 0 976 750 500 6 250 312 850 136 0 -500 500 0 0 0 0 0 0 0 0 425 0 0 0 0 0 428 0 0 500 -200 0 0 0 0 0 0 155 500 500 0
0 0 0 550 550 0 0 0 0 0 600 200 327 0 0 0 0 0 250 360 0 643 600 50 333 1000 350 535 562 500 0 400 500 377 578 454 300 0 900 750 216 0 0 0 0 750 597 0 571 0 566 500 300 0 540 0 700 454 350 0 750 650 600 350 700 650 1000 454 0 1000 750 125 125 125 0 125 0 125 0 575 125 0 125 125 0 660 0 0 750 200 0 0 0 0 0 100 244 750 750 0
#WHUFC 2014-02-08
0 0 500 -500 0 231 91 -500 -100 -150 -699 700 0 0 -166 50 0 0 500 250 -1000 0 199 -39 0 0 -112 0 0 500 -250 200 800 0 500 0 100 -237 -33 0 160 200 500 150 293 0 0 50 0 0 312 -45 66 0 -100 0 312 312 0 0 -150 0 0 500 -149 133 45 0 45 200 250 0 -318 468 166 0 -155 0 0 100 0 200 321 625 200 350 -250 0 0 250 0 0 0 250 250 0 400 -500 0 -150
0 0 900 1000 0 446 258 299 375 600 666 600 0 0 750 50 0 0 900 900 1000 0 300 360 0 0 850 944 0 900 450 200 800 0 500 0 100 395 233 125 539 300 888 150 450 0 0 191 666 0 750 400 225 0 50 0 540 540 1000 0 350 0 0 600 1000 466 566 0 566 200 250 0 496 600 633 0 288 0 0 100 0 600 358 888 200 550 1000 0 66 300 0 0 0 200 200 0 500 299 0 350
#CFC 2014-02-08
0 250 156 -181 -400 62 600 600 0 0 214 178 0 -37 -38 0 416 -400 0 700 437 0 0 0 800 700 0 300 0 -400 -181 -145 0 0 0 0 0 0 0 0 0 166 0 0 500 0 500 300 0 100 0 0 0 0 625 0 -400 0 400 0 0 900 0 200 0 0 0 500 0 0 0 0 0 0 0 0 0 312 0 0 0 800 0 -187 0 0 208 250 0 0 0 -500 0 166 0 800 500 0 166 0
0 333 425 525 400 500 550 550 0 0 571 418 0 556 447 0 483 400 0 900 500 0 0 0 400 600 0 200 0 400 525 420 0 0 0 0 0 0 0 0 0 414 1000 0 500 0 600 100 0 100 0 0 1000 0 500 0 550 0 500 0 0 1000 0 150 0 0 100 1000 0 0 0 0 0 0 0 0 0 333 0 0 125 400 0 437 0 0 333 1000 0 0 0 1000 0 333 0 400 888 0 414 0
#NUFC 2014-02-08
0 -100 -100 308 0 0 0 0 -66 -300 -230 0 0 175 285 -250 0 37 0 -50 625 -138 0 0 437 0 0 113 200 0 237 0 0 0 0 0 -100 406 0 0 178 66 0 0 0 0 0 0 0 312 0 525 435 0 285 1000 -200 -593 -57 0 -500 166 136 352 100 285 37 550 0 0 -350 0 0 -649 200 0 0 0 350 -100 12 -599 0 600 500 700 200 0 0 0 0 0 250 100 300 416 500 0 0 0
0 100 100 600 0 0 0 0 733 400 613 0 0 666 535 716 0 444 100 500 500 400 0 300 500 0 500 322 900 0 489 1000 100 0 0 0 100 466 0 0 335 533 0 0 0 0 100 0 0 333 100 541 527 0 535 1000 800 750 595 0 1000 866 454 507 400 535 679 700 0 0 500 0 500 900 300 0 0 0 550 100 475 833 0 1000 500 600 400 0 0 0 0 0 333 400 355 833 750 0 100 0
#CPFC 2014-02-08
60 0 300 0 -700 0 0 -187 0 0 0 650 350 0 483 0 0 0 0 312 625 450 0 0 0 400 -400 0 -100 0 0 0 125 0 0 45 0 0 0 300 100 0 500 250 0 -57 0 656 0 1000 312 0 0 0 0 0 227 -125 143 0 0 0 0 695 -350 500 -400 100 300 0 800 312 0 -390 375 800 -500 95 0 125 125 200 400 -217 125 125 0 136 0 0 0 0 199 0 0 900 1000 -699 213 0
400 0 200 0 200 0 0 500 0 0 0 875 300 0 533 0 0 0 0 540 600 1000 0 0 0 900 400 0 600 0 0 0 199 1000 0 566 0 0 0 100 400 0 500 200 0 467 0 600 0 300 540 0 0 0 0 0 419 375 512 0 0 0 0 250 700 900 700 300 500 0 650 333 0 800 500 400 562 619 500 616 616 700 375 300 616 616 780 454 0 0 0 0 566 0 0 525 300 666 454 0
#WBA 2014-02-08
160 11 1000 0 0 136 0 0 0 0 375 199 175 -500 0 -200 333 -125 0 0 0 600 175 0 136 45 45 -550 -200 216 0 0 -155 402 0 0 281 -200 250 0 250 0 -18 -57 -781 171 200 247 683 625 200 200 95 0 500 -200 -200 0 625 1000 1000 0 1000 625 0 0 200 750 625 -1000 625 1000 625 625 625 -400 625 136 483 0 625 625 0 683 483 625 625 1000 1000 -500 187 0 0 111 1000 0 0 33 -166 0
539 155 1000 333 0 454 550 0 0 100 416 600 275 600 0 800 533 500 0 0 0 1000 275 0 454 566 566 950 200 700 0 0 288 730 0 0 196 200 1000 0 500 550 695 467 1000 633 512 569 444 316 900 200 378 0 212 200 200 0 316 300 300 0 300 316 0 550 950 444 316 1000 316 300 316 316 316 700 316 454 344 0 316 316 0 444 277 316 316 1000 300 700 450 1000 0 356 300 500 0 66 433 0
#ncfc 2014-02-08
0 200 -50 250 -153 96 -500 0 200 -300 0 250 750 0 0 550 0 500 0 0 -300 200 0 0 200 0 500 800 0 462 -6 0 281 200 0 200 250 0 216 -1000 -375 -123 200 0 399 0 200 0 212 0 781 0 0 0 0 500 -57 250 362 0 272 500 0 -400 -400 0 300 318 0 0 200 0 233 250 250 0 500 234 -1000 800 525 212 500 0 0 0 0 -25 -36 800 0 0 0 0 0 0 24 800 -400 0
0 500 400 333 860 640 1000 0 350 225 0 750 650 0 66 250 0 500 0 0 700 450 0 0 200 0 1000 400 0 595 289 0 596 500 0 500 333 0 700 1000 700 608 500 0 500 0 200 0 384 0 500 0 0 0 0 888 467 333 449 0 444 500 1000 400 400 0 533 643 0 0 200 0 333 750 750 0 550 275 1000 1000 700 575 500 0 0 0 0 200 425 400 0 0 0 0 0 0 366 1000 400 0
#MCFC 2014-02-08
-166 156 0 600 600 0 135 0 275 68 0 33 218 300 0 -250 -500 68 300 0 0 0 0 0 500 0 0 0 250 0 0 100 0 166 0 0 0 -316 0 0 0 0 50 -50 -50 -400 0 0 0 250 -47 250 0 625 -50 -85 0 0 0 0 475 0 0 400 136 0 175 0 0 150 0 0 0 175 0 -71 -71 0 0 568 0 0 0 0 312 0 0 0 0 0 400 -200 -312 136 136 -125 250 0 0 0
533 425 0 550 550 0 427 0 500 750 0 633 343 300 0 400 1000 289 200 0 0 0 0 0 1000 0 0 0 1000 0 0 200 0 716 0 0 0 466 0 0 0 99 200 900 50 400 0 0 0 333 485 750 0 600 425 129 0 0 0 99 925 0 0 378 454 0 275 0 0 411 0 0 0 548 0 214 214 0 0 727 0 0 0 0 540 0 500 0 0 0 600 800 687 454 454 375 350 0 0 0
#SaintsFC 2014-02-08
123 0 0 300 166 1000 185 0 200 392 550 0 166 136 0 400 0 500 0 0 0 0 800 136 0 0 -97 0 225 0 0 0 0 0 250 578 312 187 0 100 0 -243 -100 0 0 0 500 200 225 200 500 250 0 -133 -250 500 -400 250 0 -57 0 800 312 0 0 0 0 0 0 800 0 1000 0 0 200 -400 0 250 0 850 0 400 350 0 200 200 312 -400 200 -400 375 0 0 800 0 0 800 0 216 200
473 0 0 266 366 600 493 0 300 517 500 0 333 454 0 1000 0 750 0 0 1000 0 750 454 0 0 144 100 266 0 0 0 0 0 250 650 540 425 0 212 0 288 600 0 0 0 500 300 300 300 794 500 0 133 888 575 400 200 0 467 0 600 540 0 0 0 0 0 0 1000 0 1000 0 0 300 400 500 500 0 825 0 800 700 0 300 450 333 400 100 700 500 0 0 1000 0 0 1000 0 429 200
#SCFC 2014-02-08
312 468 0 0 500 357 0 0 0 0 33 0 800 800 0 -68 0 0 0 800 500 -75 0 0 0 136 0 700 437 633 0 399 0 0 600 0 0 45 45 0 45 45 542 500 0 400 0 142 383 383 0 0 208 477 0 -250 -24 -500 700 0 0 -24 136 0 0 0 399 0 775 -57 -195 0 800 0 500 0 137 0 383 0 750 -224 0 1000 250 250 -1000 350 0 425 0 -200 900 200 0 400 0 800 -400 166
300 750 66 0 500 571 0 500 500 0 133 0 400 750 0 600 1000 0 0 400 600 475 0 0 0 500 0 600 650 750 0 533 0 0 866 0 0 566 566 0 566 566 791 1000 0 900 0 767 338 338 0 0 666 611 0 750 466 550 800 0 1000 466 454 0 0 0 533 0 875 467 566 0 1000 0 750 0 333 0 777 0 1000 833 0 600 333 333 1000 650 0 666 0 233 700 100 400 800 0 750 400 333
#SAFC 2014-02-08
0 0 400 0 500 0 0 62 500 0 0 500 0 300 0 0 1000 -275 0 500 333 525 0 0 136 0 -350 0 0 100 0 0 416 800 1000 0 -400 -400 0 0 0 136 300 0 0 1000 0 0 -166 250 400 0 800 0 500 0 -500 0 625 312 0 136 0 0 -93 -260 0 700 0 -200 0 0 0 0 -500 0 0 300 0 0 224 250 600 -208 0 0 0 -166 400 -400 1000 -781 0 83 433 0 0 0 0 0
0 0 700 1000 1000 0 0 555 533 0 0 1000 0 800 0 0 300 600 0 500 500 541 0 0 454 0 500 1000 0 900 0 0 833 400 1000 0 400 400 0 0 1000 454 200 0 0 300 0 0 433 250 800 0 400 0 600 0 1000 0 1000 540 0 454 0 500 500 66 0 600 0 333 0 0 0 0 1000 0 1000 500 0 0 500 425 825 433 66 0 0 66 500 400 300 700 1000 916 750 0 0 0 0 0
#hcafc 2014-02-08
400 -400 450 100 400 0 -57 437 0 700 0 0 549 0 0 566 0 0 500 0 0 0 0 285 -155 0 437 0 285 433 216 200 433 0 0 700 0 187 0 0 0 0 0 0 -400 0 0 0 312 500 200 0 0 0 200 0 -400 400 649 200 0 0 162 0 0 -100 58 0 0 500 0 0 312 125 400 0 0 700 1000 600 0 0 533 0 75 0 500 0 -150 0 0 0 0 306 -126 0 -300 10 200 109
533 700 1000 400 500 0 467 416 0 600 0 0 516 0 0 533 0 0 500 0 0 0 333 535 288 0 500 33 466 450 366 600 450 0 0 600 0 375 0 0 0 0 0 0 400 0 66 0 1000 500 500 0 0 0 100 0 400 900 750 100 0 0 575 357 0 312 458 0 125 600 1000 1000 333 900 500 100 0 600 1000 600 625 100 583 300 650 0 600 0 250 0 0 0 0 387 643 0 600 300 300 446
#LFC 2014-02-08
0 400 500 -166 500 0 -250 0 199 0 0 0 0 0 360 0 0 0 0 300 0 0 300 178 0 312 1000 0 -250 -166 0 0 0 452 -33 0 650 350 136 800 400 700 -199 0 0 0 500 650 0 -225 0 125 0 0 114 0 0 0 650 0 0 0 750 0 0 0 500 0 400 0 0 100 -312 462 0 200 0 0 500 350 350 500 0 0 175 -400 -400 525 200 0 700 500 70 0 0 100 0 0 500 350
0 650 500 238 500 0 916 0 266 0 0 0 0 0 550 1000 0 100 0 200 0 0 550 418 0 333 400 0 400 833 0 0 0 408 500 0 500 650 500 400 900 900 433 500 0 0 500 500 0 825 0 125 0 0 157 0 0 0 500 0 0 0 800 0 0 0 500 0 400 500 0 100 250 675 0 300 0 0 500 650 650 900 0 0 275 400 400 541 200 66 544 1000 385 0 0 200 66 0 500 450
#AFC 2014-02-08
0 0 0 156 0 781 0 -250 0 0 600 600 -297 937 146 200 0 55 0 199 0 300 0 0 578 267 500 0 43 0 0 500 125 800 0 140 0 0 0 0 0 0 0 0 300 400 0 0 0 0 199 199 0 0 566 700 0 0 0 -750 100 200 0 800 0 0 0 0 0 0 -400 0 -125 488 0 0 800 0 0 0 -400 0 -50 350 0 0 0 0 0 305 -8 0 -400 0 0 214 375 0 -250 0
0 0 0 425 0 500 0 916 0 0 550 550 525 1000 466 100 0 144 0 266 0 550 0 0 635 767 600 0 302 0 0 1000 950 750 0 520 0 0 0 0 0 0 0 0 400 400 0 0 0 0 266 266 0 0 883 544 0 0 0 1000 200 300 0 550 0 0 0 0 0 500 400 0 375 300 0 0 600 1000 0 0 600 0 1000 550 0 0 66 0 0 851 291 0 600 0 0 500 944 0 400 0
#MCFC 2014-02-03
0 0 0 0 0 200 800 650 650 -100 -200 0 0 0 -112 40 650 0 300 -500 75 650 0 200 0 0 200 0 0 0 0 0 0 0 -500 800 250 -250 0 250 0 0 -238 350 0 500 0 0 0 -500 -500 41 267 -500 133 0 -250 -250 45 -500 0 0 500 0 0 900 0 0 0 0 0 -300 0 0 0 0 244 267 0 0 0 136 0 50 0 -200 0 -275 0 -500 1000 0 400 550 136 0 45 0 0 175
0 0 0 0 0 300 400 450 450 70 400 0 0 0 287 333 450 0 575 1000 725 450 0 500 0 100 500 0 0 0 0 0 0 0 1000 400 500 400 0 250 0 0 750 450 0 500 0 0 0 500 600 241 642 500 533 1000 450 450 193 500 0 0 1000 0 0 1000 0 0 0 0 0 400 0 0 0 1000 199 500 0 0 1000 454 0 300 0 700 0 950 0 600 300 0 200 250 454 0 193 0 0 700
#CFC 2014-02-03
0 0 0 0 1000 49 133 0 0 100 100 133 187 -199 -175 100 0 0 0 800 83 0 375 100 0 0 0 -66 16 -400 650 650 400 0 0 0 0 178 0 0 0 0 800 0 0 0 0 800 0 0 0 0 300 400 386 100 650 500 0 -400 -500 200 0 650 200 0 0 0 0 0 650 150 0 -400 0 0 700 650 0 0 136 0 400 136 800 0 0 0 0 400 0 750 250 0 0 200 0 83 0 0
0 0 0 0 1000 575 600 0 0 319 450 600 600 600 300 1000 0 0 0 400 333 0 416 319 0 0 0 300 633 400 450 450 566 0 0 0 0 418 0 0 0 0 750 0 0 0 0 750 0 0 0 0 333 875 453 700 450 888 0 400 900 312 0 450 281 125 0 0 0 0 450 200 0 400 0 0 900 450 0 0 454 0 800 454 400 0 0 0 0 875 0 1000 500 0 0 281 0 333 0 0
#AFC 2014-02-02
500 366 0 0 -200 0 357 0 400 500 0 0 0 0 191 136 200 300 -699 0 -62 -400 0 0 136 650 0 136 -113 -291 0 0 0 125 0 150 0 210 0 0 136 0 1000 800 -325 88 400 66 0 0 75 0 1000 66 0 66 0 266 400 -186 150 166 0 -133 0 -50 250 -100 136 0 333 0 0 800 300 0 -780 0 0 900 -699 0 300 750 0 0 600 250 0 66 0 -500 0 266 -500 0 -250 250 0 136
500 833 0 0 200 0 571 0 700 300 0 0 0 0 366 454 900 750 666 100 600 600 0 0 454 950 0 454 453 541 0 0 1000 400 25 275 0 725 0 0 454 100 900 900 66 622 600 366 0 0 725 0 700 366 0 366 0 454 550 738 650 329 0 352 0 400 250 100 454 0 666 0 0 750 750 0 909 750 0 700 666 250 450 800 0 0 1000 449 0 366 0 850 0 199 600 0 800 250 0 454
#CPFC 2014-02-02
550 583 0 700 437 700 0 1000 890 81 1000 285 0 -50 446 300 400 0 700 0 800 700 712 0 125 616 0 0 803 0 1000 400 0 437 0 0 416 1000 -300 0 0 340 0 452 191 -450 300 800 800 0 1000 450 0 700 359 16 0 800 0 187 350 422 0 909 400 0 350 0 450 325 227 300 -208 0 0 0 408 0 -244 800 700 0 781 600 200 462 1000 5 -699 0 -500 501 500 2 250 0 200 89 697 500
875 600 0 600 687 666 0 300 950 427 1000 535 0 266 758 0 400 500 600 300 825 700 950 0 400 766 0 0 908 0 1000 400 0 900 0 33 683 750 400 0 0 380 0 366 750 666 833 1000 900 0 1000 1000 0 800 413 400 0 1000 0 1000 400 833 0 780 900 0 550 0 1000 475 410 750 450 0 0 0 650 0 321 900 600 0 500 833 200 595 750 655 666 100 600 578 500 341 300 0 300 547 535 1000
#WBA 2014-02-02
-310 0 0 -312 0 0 -100 0 -200 0 0 150 0 0 61 -150 -291 200 -200 -150 47 400 -300 0 -700 -45 -500 100 250 850 437 -450 400 -400 511 511 662 0 -625 0 200 136 0 -399 312 0 68 500 0 -300 750 110 -625 125 0 0 -59 800 600 517 74 0 0 0 -166 0 500 -781 0 125 600 200 0 -6 0 -1000 0 -178 0 0 0 -500 -400 0 0 75 137 0 250 0 18 -400 77 750 0 74 575 -500 0 68
580 1000 0 687 0 0 400 0 300 0 0 750 300 0 572 200 541 750 100 399 490 1000 475 0 850 716 400 1000 250 800 800 700 1000 400 575 575 550 0 600 0 900 454 0 642 750 0 377 375 0 750 950 170 600 666 0 0 761 900 750 418 675 0 0 0 250 250 600 1000 0 183 1000 100 0 518 0 1000 694 285 0 0 0 600 600 0 0 366 506 100 250 0 506 400 538 750 0 362 825 299 0 727
#LFC 2014-02-02
0 278 -333 -400 266 0 266 -1000 250 100 300 0 -250 0 -150 0 600 -516 0 45 199 50 285 500 0 175 -93 183 0 500 400 0 200 0 0 -390 0 0 -200 600 -200 0 -245 -183 0 -500 0 0 33 0 -500 0 0 0 250 0 0 0 250 566 0 0 0 -200 -500 356 500 -166 -333 0 -300 1000 152 500 33 0 0 250 0 0 0 0 0 -500 75 200 0 0 66 0 -100 625 200 425 -57 -187 250 -750 -333 -400
0 351 366 400 666 150 350 1000 200 1000 800 0 700 0 350 0 550 533 150 151 322 200 535 500 0 575 225 583 100 500 400 266 300 150 0 580 100 100 50 600 200 0 366 600 0 299 0 0 433 0 1000 0 125 0 450 0 1000 0 333 700 0 0 0 0 500 725 500 266 799 0 550 600 382 500 866 0 150 944 0 0 0 0 0 1000 150 300 0 150 166 0 25 500 200 575 566 350 333 1000 1000 433
#cardiffcity 2014-02-01
0 0 400 0 0 0 0 200 800 700 0 -250 0 0 800 0 500 -8 0 0 0 800 0 -66 0 0 0 0 0 0 0 0 136 0 312 136 0 100 0 0 0 0 -155 0 800 0 0 0 0 0 0 0 250 0 0 250 0 0 0 0 250 0 150 250 0 0 233 0 300 0 0 0 0 100 0 0 0 0 500 0 0 0 227 227 0 0 0 0 0 0 0 500 0 0 0 400 -200 0 400 0
0 0 1000 0 0 0 0 566 400 600 0 888 0 0 400 0 1000 383 0 0 0 400 425 533 0 0 0 0 0 0 0 0 500 300 333 500 0 200 0 0 0 0 288 0 400 0 0 0 0 0 0 0 750 0 0 333 0 0 0 0 333 0 112 333 0 0 241 0 650 0 0 66 0 400 0 0 0 0 900 0 0 0 545 545 0 0 0 0 0 0 0 600 0 0 0 1000 800 0 1000 0
#ncfc 2014-02-01
-175 -699 875 -200 0 -600 0 -550 0 0 150 250 200 0 250 0 0 500 1000 0 0 0 200 0 300 125 0 -400 0 800 0 0 133 250 -24 0 0 0 500 -49 -300 200 375 -66 500 0 233 800 170 350 -291 -400 -166 0 0 -12 0 0 0 297 0 350 100 160 80 -1000 -125 -1000 20 0 147 200 292 0 0 75 500 466 312 0 500 0 0 550 0 0 450 0 0 0 -155 0 178 0 0 -40 500 0 0 216
850 666 900 800 0 700 0 650 0 0 306 444 500 0 750 0 1000 888 300 0 0 100 500 0 200 750 0 550 0 750 0 0 652 750 575 0 0 0 500 650 400 200 525 633 600 0 500 700 454 350 541 600 166 0 0 733 0 100 0 507 0 362 800 539 303 1000 375 1000 616 0 479 450 367 0 0 1000 200 544 433 0 500 100 0 750 0 0 549 0 0 500 288 0 319 300 0 447 900 0 500 383
#EFC 2014-02-01
0 136 437 47 500 0 250 0 300 0 0 0 -66 0 250 0 0 0 0 500 0 -200 0 -349 300 136 0 250 0 250 0 0 285 0 -249 -300 0 0 200 0 166 0 0 337 -98 333 0 200 0 0 166 166 166 100 0 0 0 333 0 -333 0 468 300 0 383 200 -200 666 500 100 -1000 0 -375 0 0 0 33 162 500 500 0 136 0 187 500 -200 0 0 500 81 -312 0 312 -500 0 81 500 0 0 0
0 454 750 394 500 0 416 0 800 0 0 0 616 0 300 0 0 0 0 1000 0 50 0 383 750 454 0 333 0 333 0 0 535 100 608 400 0 0 200 0 466 0 0 562 557 500 0 700 0 500 333 333 333 300 0 0 66 455 1000 1000 0 677 500 0 783 950 100 566 500 800 1000 0 400 0 0 0 333 725 600 500 0 454 0 437 600 400 0 0 500 350 687 0 540 600 0 350 500 0 0 0
#AVFC 2014-02-01
0 100 -699 0 0 0 0 0 100 -550 0 0 500 -200 600 0 -600 200 0 -155 0 -199 -1000 0 0 800 -594 125 -600 500 0 99 449 0 0 200 -300 -49 395 -1000 0 468 -400 0 0 800 0 200 42 216 -12 0 0 0 0 800 350 -600 700 100 0 800 266 0 -1000 0 0 -399 500 900 0 500 600 100 0 241 0 800 550 178 178 178 0 0 0 0 -300 0 0 0 0 58 0 0 0 500 500 100 600 0
0 308 666 625 0 0 0 66 400 650 0 0 888 0 799 0 800 300 0 288 0 650 1000 0 0 750 866 750 800 1000 0 766 450 0 0 900 700 650 583 1000 0 650 600 0 0 700 0 300 667 366 733 0 0 0 0 600 362 800 600 800 0 400 583 0 1000 0 0 477 1000 850 0 1000 355 900 100 475 0 1000 750 418 418 418 0 0 0 0 500 0 0 0 0 325 66 100 0 900 600 300 1000 0
#FFC 2014-02-01
462 125 0 350 0 -400 0 0 0 0 0 0 0 0 0 302 0 0 125 0 0 250 700 0 73 100 0 0 0 0 0 0 350 500 0 0 0 241 100 400 0 0 0 700 -133 0 0 0 -500 100 0 0 0 0 112 0 0 0 359 274 250 0 -30 0 233 0 666 300 0 0 0 0 0 0 0 0 -600 400 100 412 0 0 0 0 0 0 0 -47 0 -200 500 66 0 0 218 0 -300 0 0 375
387 750 0 650 0 500 0 0 0 0 0 0 0 0 0 516 0 0 150 0 100 600 600 0 519 1000 66 0 0 0 0 0 550 900 0 0 0 283 400 600 0 0 0 600 500 0 0 0 500 400 0 0 0 0 651 0 0 0 513 355 500 0 713 0 200 0 475 500 0 0 0 0 0 1000 0 0 800 900 0 551 0 0 0 0 0 0 0 485 0 500 500 750 0 0 325 0 600 0 0 475
#SaintsFC 2014-02-01
0 -125 0 250 49 0 250 625 0 216 0 0 350 -216 900 0 0 400 312 100 450 700 0 -155 750 100 0 0 37 337 233 -250 0 110 0 150 50 -500 0 100 228 -400 -699 300 350 0 133 250 0 -250 0 0 500 787 0 600 0 0 0 0 0 0 166 237 300 480 500 350 800 -175 111 0 275 195 500 350 23 0 0 0 -25 500 457 0 0 500 100 -625 0 0 235 0 0 -750 0 0 -10 193 -1000 136
0 300 0 283 1000 0 500 600 0 799 0 0 800 425 1000 0 1000 1000 333 383 541 600 0 288 900 383 1000 0 183 600 741 149 500 316 0 300 441 1000 0 400 334 600 666 433 950 0 247 825 433 725 0 0 500 600 0 850 0 0 0 0 0 0 166 425 350 310 1000 575 900 550 533 0 331 441 888 575 744 0 1000 0 450 500 690 0 0 500 300 1000 0 0 633 0 0 750 0 0 666 750 1000 500
#hcafc 2014-02-01
950 -125 -250 250 450 0 700 0 0 350 0 -781 200 -62 166 800 0 -1000 0 0 0 0 -200 200 216 40 175 -250 350 50 216 -325 -181 0 116 700 500 0 0 -156 -83 -125 0 1000 -125 0 175 316 -50 91 0 133 0 -125 350 508 0 437 850 700 0 250 0 337 0 -300 0 237 142 -224 0 375 0 74 0 0 -168 0 583 -625 175 50 0 -714 230 0 -400 0 66 0 0 0 500 0 -200 0 199 0 0 0
1000 375 550 650 944 0 600 0 0 650 0 700 300 687 333 750 0 1000 0 0 0 0 300 400 300 886 358 400 650 350 539 825 568 0 549 600 500 0 1000 675 716 375 0 300 375 0 825 466 583 358 0 831 0 375 650 833 100 650 800 625 0 200 0 737 0 400 1000 662 267 500 1000 362 0 725 0 0 550 0 716 900 825 830 0 857 230 0 600 0 518 1000 0 0 150 0 800 0 500 0 0 0
#COYS 2014-02-01
875 400 283 125 483 266 0 250 350 0 0 0 -275 0 0 0 0 0 375 -375 0 0 250 -400 0 500 -800 -49 500 199 0 74 0 700 400 0 0 -500 0 -500 0 800 0 91 300 0 350 -750 650 400 0 0 0 426 0 0 556 -100 1000 178 0 -275 500 -600 0 700 250 99 333 500 0 1000 0 -976 500 475 250 300 68 500 0 222 -500 0 500 0 0 360 0 425 568 0 0 111 500 -200 337 500 -262 68
600 400 796 475 383 916 0 333 512 0 0 0 550 0 0 0 0 0 750 500 0 0 1000 400 0 750 900 550 750 466 0 475 0 600 850 0 0 400 0 700 0 900 0 600 100 0 500 750 850 500 0 0 0 646 0 0 451 600 750 267 0 425 1000 1000 0 600 575 750 296 500 0 750 0 1000 700 825 629 355 277 533 0 565 200 0 888 0 0 425 0 625 845 0 0 250 150 400 462 300 362 227
#SCFC 2014-02-01
1000 0 500 0 400 600 -1000 700 224 0 0 800 -775 0 0 0 0 1000 0 0 -150 0 -150 0 150 125 -300 0 0 0 0 258 500 0 0 -33 0 100 1000 322 500 -500 100 0 0 333 0 0 12 -400 350 0 0 200 -100 350 50 150 800 199 0 0 0 400 250 0 221 -200 -500 244 200 516 0 0 -200 -750 300 0 200 194 500 0 0 0 0 700 366 -200 0 260 0 0 0 0 0 250 0 0 0 0
1000 0 888 0 375 675 1000 600 575 0 0 400 900 0 0 0 0 750 0 0 650 0 650 0 483 625 400 0 0 0 0 621 500 1000 0 300 0 150 600 577 475 300 300 333 0 122 0 0 712 400 800 0 0 250 100 800 950 199 400 388 0 0 0 900 250 0 483 800 1000 400 200 583 100 0 700 1000 533 0 600 441 562 500 0 0 0 600 399 200 0 166 0 0 0 0 0 250 0 0 0 0
#MUFC 2014-02-01
0 0 150 0 0 0 0 300 0 200 0 -50 100 -27 250 0 300 0 500 0 0 0 0 0 -131 0 0 200 0 0 -177 66 275 0 -50 400 0 350 227 0 0 0 0 250 0 0 0 0 437 0 0 0 600 0 0 0 0 0 -150 0 200 0 0 0 0 0 0 0 0 0 0 0 0 0 800 0 0 375 0 200 0 0 0 0 250 0 0 700 -100 -100 0 0 250 0 800 0 200 0 0 0
0 0 350 0 0 0 0 500 0 600 0 50 900 666 250 0 900 0 600 0 0 0 0 0 427 0 0 500 0 0 777 399 425 0 400 550 0 650 545 100 0 0 1000 1000 0 0 1000 0 625 0 1000 0 600 100 0 0 0 0 600 0 200 0 0 0 0 0 0 0 0 1000 0 0 750 0 750 41 1000 800 1000 300 0 66 0 625 200 0 0 575 400 200 0 0 750 1000 750 0 100 0 0 0
#NUFC 2014-02-01
0 212 0 0 -156 31 0 0 500 0 366 0 0 600 33 0 136 -299 -781 750 0 357 -63 500 100 -224 0 -290 -133 425 166 200 0 -149 -400 250 0 0 0 650 500 0 86 0 -13 0 139 0 0 68 100 250 400 0 -600 125 0 -68 -600 0 1000 0 58 400 125 -224 -400 600 -500 1000 -275 107 500 500 449 200 0 0 0 -312 300 161 -100 71 0 0 0 0 -100 200 800 0 800 0 500 400 600 500 300 600
0 318 33 0 843 250 0 0 500 0 466 0 0 900 666 0 454 775 400 900 500 535 813 600 675 616 0 350 283 950 227 300 0 750 600 750 0 0 0 625 888 0 762 0 250 0 707 0 0 227 450 494 875 0 400 425 750 454 750 0 400 0 850 700 125 833 700 550 900 200 300 250 700 500 350 600 0 0 0 1000 200 477 200 333 0 0 0 0 233 1000 750 0 1000 0 500 575 1000 500 100 900
#SAFC 2014-02-01
300 212 0 0 0 1000 799 585 68 1000 300 166 136 0 0 0 0 200 166 -333 0 0 0 0 0 25 -155 0 -500 0 0 -12 250 500 0 0 0 466 0 0 0 0 800 166 0 250 500 0 278 0 1000 212 371 400 0 0 500 0 0 49 500 -183 250 -500 0 0 0 -150 -200 300 33 100 0 100 0 -83 41 1000 0 600 650 -150 -266 0 0 0 0 449 0 0 350 750 191 0 -312 -150 -400 0 0 0
516 318 0 750 0 300 916 625 227 300 200 600 454 1000 0 0 0 550 666 666 0 0 1000 0 0 400 288 0 600 100 0 637 900 900 0 0 1000 441 0 0 0 0 400 466 0 250 500 0 435 0 300 318 576 800 0 0 525 0 0 300 1000 758 500 750 0 0 0 500 800 450 122 400 0 300 0 83 250 300 0 950 450 575 666 0 0 0 0 400 0 0 550 750 558 0 687 99 600 0 0 533
#WHUFC 2014-02-01
-250 0 350 392 0 -400 0 0 0 58 0 0 0 0 0 0 0 0 300 500 99 14 0 0 0 139 500 350 0 350 177 250 0 100 241 0 0 0 168 700 -155 125 0 0 0 -118 100 50 500 425 112 0 0 0 500 136 0 0 0 125 359 0 274 0 0 156 395 -155 0 100 0 700 0 116 0 0 -155 0 1000 -400 -400 0 311 133 366 0 500 -150 600 0 0 -237 0 0 -400 750 0 500 172 600
450 900 650 517 525 500 0 0 0 791 0 0 0 0 0 0 0 0 950 600 650 179 0 0 0 707 900 550 0 300 239 750 0 366 283 0 0 0 427 600 288 500 0 0 0 296 1000 100 900 725 651 0 0 0 550 454 0 0 0 500 513 0 355 0 0 1000 583 288 0 1000 0 600 0 183 0 500 288 0 600 1000 600 500 611 783 799 0 1000 500 900 0 0 287 0 0 600 900 0 900 594 900
#Swans 2014-02-01
0 0 0 0 0 0 -1000 -333 0 0 0 250 466 -75 0 0 0 -75 500 0 0 125 0 -125 175 525 225 250 0 0 400 0 0 875 0 700 0 -270 0 50 500 0 100 250 0 0 0 250 400 0 -333 0 0 -649 0 0 0 0 0 168 -100 375 312 800 0 166 0 0 0 250 0 0 0 0 0 0 500 250 500 125 0 0 0 300 400 0 -150 0 0 0 800 0 0 -187 500 0 0 0 49 421
0 0 0 0 0 0 1000 1000 0 0 0 500 400 550 0 0 0 550 600 0 0 300 0 750 450 600 550 500 0 0 400 0 0 900 0 600 0 706 0 200 550 1000 225 250 0 0 0 250 1000 1000 666 0 0 850 1000 0 166 0 0 277 500 500 333 400 0 333 0 0 0 250 0 0 0 0 0 0 800 500 500 480 0 0 0 450 800 0 399 0 0 0 900 0 0 500 500 33 0 0 517 538
