#AFC 2015-11-08
0 -62 0 0 400 400 0 0 0 0 0 1000 -150 0 0 466 -500 66 300 -500 0 250 700 0 100 100 0 0 0 0 0 500 500 0 0 0 0 0 700 700 700 0 0 -500 0 0 366 583 366 -62 136 199 136 0 -155 25 212 1000 0 800 200 -49 0 0 166 0 0 0 0 800 -500 500 -500 400 0 0 -500 225 -500 0 499 0 333 -900 -66 0 0 700 0 0 400 0 66 0 400 91 227 300 0 519
0 187 0 0 800 800 0 0 0 0 0 300 650 0 0 666 1000 466 500 1000 0 333 650 0 383 383 0 0 0 0 0 625 625 0 50 0 0 1000 600 600 600 1000 0 700 0 0 700 600 700 337 454 500 454 0 288 50 512 300 0 400 300 700 0 0 500 100 0 0 0 400 1000 750 700 900 0 0 400 375 700 0 1000 0 500 1000 388 0 0 600 0 0 800 0 400 0 900 414 545 500 0 670
#COYS 2015-11-08
0 130 0 600 200 0 308 0 250 250 200 130 0 -500 400 -150 0 800 0 -500 0 0 0 0 500 290 0 500 -500 0 0 0 -300 -55 781 0 468 100 -200 550 -200 142 0 0 0 1000 0 0 600 0 0 0 -100 261 0 800 0 0 0 0 875 416 0 0 700 -600 262 200 732 0 0 0 0 200 0 500 250 800 0 0 49 500 0 -250 -133 166 300 0 0 0 111 0 0 150 0 100 0 562 0 0
0 410 0 450 200 0 433 0 200 200 200 390 0 1000 900 750 0 400 0 875 0 0 0 0 500 500 0 600 1000 0 0 0 700 294 500 500 750 100 300 637 100 267 0 0 0 1000 0 0 842 0 0 0 400 561 0 750 0 0 0 0 600 500 0 0 600 1000 550 100 500 0 0 66 66 950 0 1000 250 400 500 0 700 600 0 200 500 833 500 0 0 0 255 0 0 450 0 400 0 550 0 0
#LFC 2015-11-08
0 0 33 0 68 0 333 400 0 1000 -100 0 0 -100 0 1000 0 0 100 200 0 200 0 825 0 0 -100 468 468 600 200 233 0 100 800 -100 511 0 0 0 0 625 -100 511 0 366 525 650 0 800 400 566 550 400 400 400 0 400 400 0 400 400 0 0 0 0 1000 400 136 0 0 400 625 500 500 0 0 300 300 46 1000 511 0 0 0 0 90 0 151 -125 0 187 0 0 -250 -187 0 0 511 -131
0 50 466 449 227 0 166 400 0 300 400 0 0 400 0 300 0 0 383 350 0 400 0 1000 0 0 400 677 677 600 450 566 0 300 900 400 422 0 0 0 0 888 400 422 0 333 366 750 0 400 1000 533 350 1000 1000 1000 0 1000 1000 0 1000 1000 0 0 0 1000 400 1000 454 0 0 1000 625 625 625 50 0 233 233 371 750 422 0 0 0 0 636 0 582 500 0 750 0 0 1000 500 66 0 422 577
#CPFC 2015-11-08
0 0 0 1000 0 0 0 0 0 0 200 0 106 0 250 99 0 0 450 433 0 0 -250 0 0 0 318 0 0 0 0 0 0 125 700 -187 875 -43 875 1000 200 224 0 0 875 0 -125 0 400 1000 0 412 1000 600 600 125 -145 199 0 600 0 0 0 250 250 0 300 285 0 -291 250 0 125 -200 0 700 250 -750 0 0 0 378 200 0 312 500 0 0 0 -500 0 0 0 0 0 466 0 0 0 0
0 0 0 300 0 0 0 0 0 0 400 0 570 0 449 322 0 0 700 566 0 0 750 0 0 0 677 0 0 100 100 0 0 500 650 500 600 400 600 1000 200 225 66 0 600 0 375 0 800 750 0 475 750 300 600 166 320 333 0 600 0 0 0 200 200 400 550 535 0 541 333 1000 200 233 0 600 200 800 0 0 0 251 900 250 500 666 0 0 0 700 0 0 0 0 0 700 0 0 0 0
#AVFC 2015-11-08
0 400 400 378 700 0 468 0 0 250 0 0 136 136 136 262 285 -400 0 0 0 0 -150 -625 0 0 500 700 0 -75 700 0 -400 0 466 0 0 0 1000 -666 58 212 0 0 0 -500 0 366 -95 0 0 233 -183 0 58 0 0 0 937 -600 -200 -75 0 -138 205 575 175 625 416 -150 -1000 0 -103 500 -200 0 0 416 366 49 -250 0 0 0 400 500 400 0 150 0 -24 -300 0 136 0 0 0 0 -281 0
0 800 800 251 750 0 677 0 0 250 0 0 454 454 454 400 535 400 0 0 0 0 800 1000 0 0 500 600 0 825 700 0 700 0 861 0 0 0 400 1000 475 418 0 0 0 400 0 700 366 0 0 691 411 0 475 0 0 0 900 800 700 200 0 433 699 812 700 500 500 400 1000 0 325 1000 800 0 0 500 700 500 250 0 0 0 400 500 500 0 649 666 400 1000 125 454 0 0 0 0 593 0
#MCFC 2015-11-08
500 0 68 400 400 233 0 1000 0 0 0 -600 625 0 0 800 0 0 -312 0 500 1000 0 0 0 0 0 0 0 390 136 285 -400 0 0 500 0 0 0 0 -150 500 0 0 0 0 0 0 0 625 200 466 0 0 500 0 100 625 0 250 800 1000 0 0 0 0 -95 0 0 136 136 400 104 0 500 0 0 0 0 200 136 300 333 100 1000 136 0 -375 0 400 700 0 136 300 0 243 0 350 0 -24
500 0 227 800 800 533 0 300 0 0 0 900 900 0 0 1000 0 0 1000 0 500 400 0 0 0 0 0 50 0 333 454 535 700 0 0 500 0 0 0 0 600 500 0 0 0 0 0 1000 100 900 300 861 0 100 500 0 199 900 100 321 700 400 0 0 0 0 366 0 0 454 454 800 766 0 650 0 0 0 0 200 454 633 666 200 600 454 0 408 0 500 600 0 454 500 0 987 0 500 0 700
#SCFC 2015-11-07
0 0 0 -155 0 125 49 0 213 700 0 700 500 -155 450 800 288 0 0 375 50 0 0 -500 300 -300 29 0 29 500 200 200 0 0 174 0 0 800 100 -400 266 0 150 700 0 0 0 -400 0 0 50 0 0 400 0 0 300 0 -9 39 300 0 375 0 325 0 -166 -49 -49 68 0 0 0 0 0 0 29 0 0 29 29 -100 250 125 0 -100 0 0 466 550 233 525 0 0 0 0 0 0 -12 -100
0 0 0 288 0 450 550 0 454 800 0 200 700 288 500 750 575 0 0 500 350 0 0 500 450 750 299 0 299 500 500 500 0 250 366 0 0 750 300 700 533 0 133 600 0 0 0 700 0 0 50 0 0 500 0 0 200 0 371 399 200 0 500 0 516 0 333 300 300 227 0 0 0 0 0 0 299 0 0 299 299 200 333 250 0 200 0 0 600 650 400 600 0 0 0 0 0 0 0 200
#CFC 2015-11-07
0 400 400 0 237 800 0 0 250 0 0 0 0 0 416 58 -41 0 0 -21 0 0 0 0 0 -50 0 0 1000 0 500 0 0 1000 500 0 -375 633 0 -29 642 0 -500 500 500 200 0 0 -50 -500 -500 -41 58 0 0 0 -250 500 500 187 -349 800 0 800 0 0 0 0 0 600 -250 500 500 187 -349 800 0 0 0 0 0 0 0 500 500 187 0 -349 800 0 0 0 66 700 -125 0 33 0 0 0
0 800 800 0 300 1000 0 0 1000 0 0 0 0 0 500 300 400 0 0 485 0 0 0 0 0 150 0 0 300 0 400 100 0 750 1000 0 625 600 0 572 417 0 300 500 500 500 0 100 200 300 300 400 300 100 0 0 250 625 416 437 366 400 0 750 0 0 0 0 0 466 250 625 416 437 366 400 0 0 0 0 0 0 0 625 416 437 0 366 400 0 100 0 436 900 125 0 675 0 0 0
#LCFC 2015-11-07
0 200 0 0 0 0 -300 0 233 285 0 500 0 0 0 -100 -18 0 222 0 650 0 0 0 0 0 0 364 100 100 600 150 68 366 0 500 68 400 500 0 0 -500 0 375 0 0 0 0 -100 0 -125 59 0 375 0 0 0 0 0 800 0 0 233 136 0 800 345 0 0 75 700 0 0 250 250 0 0 700 0 0 250 0 0 0 700 0 0 0 0 0 160 0 0 -200 246 0 0 0 1000 0
0 300 0 0 0 100 400 0 433 535 0 500 0 1000 100 500 162 0 594 0 200 0 0 0 0 0 0 579 400 350 516 400 352 400 0 600 277 400 500 0 0 300 100 375 0 0 0 0 1000 0 494 262 0 375 0 0 0 0 0 750 0 0 433 454 0 1000 680 0 0 300 600 0 0 750 750 0 0 600 0 0 750 0 0 0 600 0 0 0 0 0 491 0 0 800 512 0 0 0 650 0
#WatfordFC 2015-11-07
550 0 -400 0 0 -200 250 0 -166 300 0 0 0 0 242 0 -50 0 0 400 750 -200 700 0 800 400 -200 200 314 0 -16 0 400 0 0 500 0 -187 0 0 0 333 1000 550 250 -200 400 250 250 0 0 0 800 800 400 700 0 0 0 250 0 700 0 0 600 -250 -294 200 600 0 800 800 0 160 0 -300 700 -400 -291 0 -100 -200 0 512 246 0 0 312 0 0 375 0 0 0 200 0 0 0 0 0
500 0 400 0 0 700 250 0 433 100 0 0 0 0 367 0 50 0 0 400 400 400 600 0 900 400 400 483 762 0 137 0 400 0 0 425 0 875 0 0 112 516 1000 500 450 400 400 200 200 1000 0 1000 900 900 800 600 333 250 0 350 0 600 0 0 850 0 601 100 850 333 900 900 0 491 0 400 600 400 541 0 1000 400 0 950 512 0 0 333 0 0 475 0 423 0 100 0 0 0 0 0
#MUFC 2015-11-07
900 0 -333 400 0 0 400 400 0 0 0 0 250 700 200 0 0 400 400 0 0 800 0 0 0 0 -187 400 500 0 0 500 -83 366 400 0 0 500 0 0 0 0 0 500 0 -75 0 33 0 625 250 0 0 350 0 0 354 150 0 300 205 0 1000 1000 -500 0 500 0 0 -333 0 0 100 0 -600 500 366 0 0 -233 0 0 0 87 183 200 200 0 0 0 -31 0 0 0 200 68 0 0 0 -244
1000 0 666 800 0 0 800 800 0 0 0 0 437 850 550 0 0 800 800 0 0 400 0 0 0 0 312 800 750 0 0 500 116 700 800 0 0 600 0 0 0 0 0 500 0 750 0 1000 0 900 300 0 0 537 0 0 420 700 0 266 233 0 900 400 1000 0 500 0 0 533 1000 0 400 0 800 500 566 0 0 244 0 0 0 183 616 200 200 0 0 0 700 62 0 0 300 227 0 0 0 533
#WBA 2015-11-07
0 -100 100 0 178 0 0 0 125 125 125 78 416 0 0 0 0 0 -55 0 500 372 0 0 0 0 0 -163 0 600 0 0 0 0 0 416 0 800 0 400 0 400 -1000 50 350 50 0 250 0 -500 0 0 416 0 0 -100 0 416 0 -200 180 800 550 0 416 200 -225 0 0 0 0 0 0 0 0 350 0 0 0 0 0 600 0 0 0 0 0 0 -400 0 1000 0 591 1000 378 0 100 0 400 0
0 400 300 0 267 100 0 0 200 200 200 233 500 0 0 0 0 0 688 0 700 566 0 357 357 357 0 347 0 1000 0 0 0 0 0 500 0 400 0 400 0 450 1000 100 350 183 0 450 0 200 0 0 500 0 0 100 0 500 0 233 513 400 950 0 500 450 800 0 0 0 0 0 0 0 0 550 0 0 0 0 0 900 0 0 0 0 0 0 400 0 1000 0 799 1000 251 0 100 0 500 0
#ncfc 2015-11-07
500 500 -71 0 0 0 0 1000 0 464 1000 139 0 0 300 128 0 0 -125 -75 50 0 285 0 -125 -750 437 0 0 0 0 1000 700 0 300 0 0 0 0 0 -125 0 0 0 0 0 625 464 0 0 0 700 0 0 0 0 0 0 0 0 0 0 0 0 552 0 0 0 0 0 0 500 700 500 0 250 200 250 0 -125 0 500 0 0 0 0 0 0 278 0 0 0 0 464 464 464 -62 0 400 0
500 500 142 0 0 0 0 300 0 742 300 284 0 0 200 319 0 0 524 366 350 0 535 0 750 1000 337 0 0 0 0 1000 850 0 700 0 0 0 0 0 125 0 0 0 0 0 900 742 0 0 0 600 0 0 0 0 0 0 0 0 0 0 0 0 657 0 0 0 0 0 0 900 600 500 0 400 100 333 0 125 0 500 0 0 0 0 100 0 611 0 0 0 0 742 742 742 600 0 500 0
#Swans 2015-11-07
0 0 -150 500 0 0 0 500 -50 100 0 0 0 0 0 0 0 0 266 0 0 0 0 800 133 449 800 275 0 0 0 0 227 0 500 250 250 0 0 0 0 0 208 -400 -300 0 0 250 0 0 375 312 0 411 0 0 200 200 -49 25 0 0 0 -49 0 0 -49 100 0 -49 -300 0 0 0 0 100 -49 -49 0 0 200 0 -16 0 136 0 266 350 0 0 0 200 0 0 -150 0 0 1000 0 0
0 0 500 650 0 0 0 500 350 1000 0 0 0 0 0 0 0 0 466 0 0 0 0 400 266 400 750 500 0 0 0 100 545 0 750 200 250 0 250 0 0 0 188 600 500 0 0 400 0 0 500 333 0 805 0 0 100 200 300 550 0 0 66 300 0 0 300 250 0 300 500 0 400 0 0 425 300 300 0 0 200 0 550 0 454 0 488 550 0 0 0 100 0 0 500 0 0 1000 0 0
#SAFC 2015-11-07
0 0 0 -200 0 234 0 136 500 400 675 575 -125 0 1000 422 550 0 395 0 875 266 0 800 1000 400 200 350 700 0 500 700 0 0 0 250 400 0 0 0 600 0 200 0 0 0 0 0 0 1000 400 0 0 0 -300 350 0 0 800 0 500 266 800 0 0 0 0 -199 500 0 0 0 0 0 0 450 250 0 550 -199 -400 375 312 277 -300 0 0 0 -500 0 0 0 500 -800 0 -500 500 0 0 83
0 0 0 700 0 727 0 454 500 450 750 515 550 0 300 650 500 0 641 0 600 133 0 750 1000 700 200 350 600 0 400 700 0 0 0 200 800 0 0 100 1000 0 200 0 0 0 0 0 0 400 500 0 0 0 500 300 0 0 400 0 600 533 400 0 0 0 0 200 1000 0 0 0 0 0 0 700 250 350 950 200 400 500 333 522 399 0 0 0 700 0 0 0 500 800 0 700 500 0 0 461
#SaintsFC 2015-11-07
0 0 700 218 -400 900 0 500 0 0 0 0 0 0 0 0 462 500 1000 -1000 1000 -199 233 218 -400 0 800 0 0 -62 0 -200 -200 0 0 500 209 100 0 800 200 500 1000 0 500 0 0 800 1000 1000 0 461 1000 -200 500 272 0 250 0 -400 0 0 193 266 272 600 0 283 272 272 168 0 0 0 -300 0 0 -300 1000 0 0 0 0 0 0 0 -166 -166 -166 -400 -25 -50 -75 -166 0 -166 -500 0 125 0
0 0 600 775 400 1000 0 1000 1000 0 0 0 0 0 0 0 475 1000 750 1000 300 600 661 775 400 0 900 0 100 400 0 700 700 0 0 1000 263 550 300 750 900 900 750 0 500 0 0 533 300 750 0 753 400 287 600 444 0 666 0 700 0 0 393 133 444 800 0 450 444 444 277 0 0 0 100 0 0 100 1000 0 0 0 0 0 0 0 433 433 433 400 450 400 250 433 0 433 400 0 400 0
#WHUFC 2015-11-07
333 0 800 0 800 0 0 312 100 700 1000 0 0 0 0 0 0 1000 500 0 0 0 0 378 -66 0 0 0 0 0 0 0 0 0 343 0 0 1000 300 0 33 0 0 250 250 -200 0 800 136 0 0 0 500 400 0 0 500 0 0 0 0 -1000 0 1000 0 375 408 400 0 0 0 73 0 0 -100 -14 0 200 0 0 0 0 216 0 187 0 0 -125 0 285 68 0 0 0 0 0 375 312 100 206
733 0 750 0 750 125 0 200 400 600 300 0 0 0 0 0 0 300 812 0 0 0 0 251 366 0 0 0 0 0 0 0 0 100 425 0 0 750 100 0 141 0 0 200 200 50 0 400 454 0 0 0 900 400 0 0 900 1000 0 0 0 1000 0 400 0 500 466 400 0 0 0 307 0 0 100 323 0 200 0 0 1000 0 516 0 187 0 0 600 0 535 727 0 0 0 0 0 500 333 383 446
#EFC 2015-11-07
250 0 0 -25 0 100 0 0 0 312 0 0 0 0 24 -500 0 250 68 100 0 0 0 0 350 350 250 0 0 0 0 666 0 0 250 0 500 0 136 250 620 49 0 0 0 0 0 0 0 0 0 343 0 0 0 400 0 0 0 0 250 0 200 0 800 357 357 0 0 0 1000 500 62 0 0 0 0 0 250 0 0 0 0 1000 285 0 0 178 250 0 150 0 0 0 0 500 378 0 0 0
500 0 0 550 0 300 0 0 0 200 0 1000 0 0 700 1000 0 500 227 162 0 1000 0 0 650 650 325 1000 1000 100 0 600 100 0 250 0 450 0 454 333 642 450 0 0 0 0 0 0 0 0 0 425 0 0 0 800 0 100 0 0 333 0 600 0 400 571 571 0 0 0 400 900 500 0 83 0 0 0 341 0 0 0 0 300 535 0 0 285 500 0 700 0 0 1000 0 500 251 0 0 0
#AFCB 2015-11-07
-125 0 -200 -125 66 0 800 0 0 0 -12 399 0 250 0 0 15 900 -400 0 0 0 0 0 -600 -300 -131 0 312 400 0 0 0 0 0 0 0 0 0 0 0 0 -300 0 400 400 400 -300 0 0 0 0 0 0 0 0 0 0 700 0 0 250 266 0 0 -200 0 0 0 -300 400 449 433 0 -300 0 0 -145 -23 187 0 -50 -50 0 0 -150 0 480 0 0 450 0 0 285 -433 0 0 0 0 200
375 0 700 375 133 0 750 0 0 0 0 566 0 200 0 0 501 1000 400 0 0 0 0 0 1000 600 450 0 333 400 0 0 0 0 0 0 0 0 0 0 125 0 600 0 900 900 900 600 0 0 0 0 0 0 0 0 0 0 600 533 0 316 272 100 0 200 0 0 313 600 400 450 700 0 600 0 0 333 357 631 0 400 400 0 0 200 0 470 0 0 500 0 0 535 799 0 0 0 0 483
#NUFC 2015-11-07
0 0 178 400 400 500 550 -133 0 0 0 0 0 0 250 0 -77 0 68 0 800 0 0 0 1000 0 62 233 0 400 250 0 200 1000 1000 800 -312 234 0 31 800 400 400 399 333 -187 -600 -125 0 150 150 225 400 750 0 -155 0 0 246 333 800 0 687 633 -31 1000 0 138 536 150 190 0 400 -200 556 0 0 -248 166 400 0 0 500 187 0 136 0 250 0 136 250 600 400 0 250 250 400 0 -77 0
0 0 335 800 800 833 700 666 0 0 0 0 0 0 333 0 344 0 727 0 400 0 0 0 300 0 500 433 0 800 375 0 641 300 300 400 500 727 0 750 750 450 450 533 375 750 800 175 0 950 950 300 800 750 0 288 0 0 489 400 750 0 716 683 450 300 0 888 486 900 452 0 800 400 475 0 0 747 666 800 0 0 800 487 1000 454 0 250 0 500 500 900 800 0 300 500 900 0 144 0
#COYS 2015-11-02
0 375 69 -150 0 0 50 0 0 250 0 400 0 0 500 0 0 0 0 0 258 0 83 0 0 0 200 449 0 250 -78 0 -190 0 0 0 0 0 0 416 416 0 0 708 0 500 800 -200 -250 1000 1000 25 1000 0 250 -49 0 285 0 700 0 100 0 0 0 -400 500 775 0 200 266 0 -49 0 0 800 375 0 0 -133 500 -155 0 0 0 0 400 1000 0 0 353 350 0 500 483 0 0 162 500 49
0 200 810 250 0 0 200 0 0 500 0 700 0 125 888 0 0 0 0 0 608 0 333 0 0 0 744 450 0 600 250 0 400 0 0 0 0 0 0 583 583 0 0 433 0 833 400 466 633 1000 900 75 300 0 1000 700 0 569 0 900 0 133 0 0 0 400 500 1000 66 233 566 0 650 0 0 1000 750 0 0 274 600 288 0 0 0 0 533 750 0 0 600 375 0 449 633 0 0 504 1000 350
#AVFC 2015-11-02
118 0 100 400 400 -31 500 100 0 0 0 350 150 780 0 650 -400 300 0 -312 0 357 437 -400 -1000 0 0 -166 700 0 -200 -31 0 0 25 700 0 0 33 312 50 0 -38 -50 0 0 275 781 0 0 -400 0 300 318 0 214 550 -93 158 0 800 750 -39 0 0 0 1000 112 700 0 400 300 -312 0 0 500 0 99 -800 700 162 350 0 0 0 0 350 -187 0 350 0 500 375 0 250 199 -200 378 -200 0
377 0 1000 800 800 277 833 1000 0 0 0 550 400 1000 0 662 400 450 0 687 0 571 650 900 1000 750 0 483 600 0 450 550 0 66 175 600 0 0 555 333 600 0 578 366 0 0 512 1000 0 0 400 1000 900 477 0 571 812 250 616 0 900 750 473 0 0 0 300 833 600 0 800 200 687 0 0 833 750 800 900 600 450 350 0 0 0 0 350 358 0 550 0 833 200 0 550 933 700 251 800 0
#SaintsFC 2015-11-01
0 0 1000 -187 558 -275 500 156 0 0 0 500 0 0 0 -50 0 0 600 -100 225 0 0 0 0 0 0 0 -400 0 500 0 0 200 200 -241 50 -50 112 0 216 433 0 0 0 6 0 0 -400 0 0 0 0 0 500 187 318 0 -340 0 1000 0 0 213 0 250 500 268 -400 1000 0 0 0 0 50 1000 1000 0 0 0 600 0 0 524 -300 0 200 0 -250 -150 0 449 0 0 0 -166 -250 0 0 50
0 1000 400 500 700 550 500 750 0 0 0 700 0 0 1000 400 0 500 1000 300 400 0 0 0 0 0 0 0 400 500 888 0 0 500 1000 541 200 400 584 0 494 458 0 0 0 277 0 0 400 0 0 0 0 0 500 481 477 0 600 0 300 0 0 454 0 200 500 427 400 300 0 0 274 0 350 300 300 0 0 0 550 0 0 575 600 0 100 1000 888 350 0 525 0 0 500 66 650 0 0 1000
#AFCB 2015-11-01
558 -275 500 0 0 -50 500 600 0 500 500 0 200 250 50 112 800 0 216 0 433 0 100 -400 -93 0 0 -50 33 650 33 318 -50 0 0 213 -890 250 250 0 500 -400 0 50 0 -50 0 250 0 0 -150 -199 0 500 -250 0 0 -150 -178 445 0 18 164 -100 0 366 136 136 -125 136 0 0 0 0 375 312 0 0 -300 200 0 0 0 350 0 100 0 0 0 -250 0 0 800 0 125 0 0 0 800 33
700 550 500 0 0 400 500 1000 0 566 888 0 200 550 200 584 750 0 494 0 458 0 400 400 427 0 0 200 518 894 466 477 550 0 0 454 1000 200 200 0 500 400 0 350 0 200 0 333 0 0 800 733 0 500 888 0 0 350 285 684 0 350 271 300 0 283 500 500 375 500 0 0 0 0 500 333 0 0 800 500 300 0 0 550 0 400 0 66 0 250 0 0 1000 1000 166 0 0 0 1000 366
#EFC 2015-11-01
300 0 0 0 500 7 100 0 0 1000 0 0 0 0 0 0 400 500 -12 800 0 0 0 200 0 449 0 -133 0 -200 500 0 666 800 0 0 0 0 416 0 0 550 -300 0 0 0 0 250 68 0 550 0 -157 550 800 800 0 0 0 0 142 550 800 0 0 909 0 550 0 1000 0 0 0 0 500 0 600 0 0 0 116 316 316 316 316 800 0 550 85 318 0 650 0 0 1000 300 800 0 0 0
0 0 0 0 500 350 200 0 0 1000 100 0 0 0 0 0 700 500 0 1000 0 0 0 775 0 950 0 166 0 400 888 0 562 750 0 0 0 0 816 0 0 950 600 0 0 0 0 250 227 0 950 0 238 950 400 400 0 0 0 0 517 812 400 0 0 780 50 950 0 300 0 0 0 0 600 0 900 0 0 274 441 416 416 416 416 900 0 950 277 477 0 450 0 0 300 200 400 0 0 0
#SAFC 2015-11-01
300 0 0 0 306 0 -100 -400 200 0 600 100 250 0 100 0 50 825 0 -400 400 0 0 -250 0 -125 0 500 -100 204 -155 0 0 0 400 0 0 0 0 300 -500 0 -111 0 0 500 600 0 0 0 0 125 233 0 0 300 0 300 0 0 0 300 0 0 -181 450 0 300 0 0 0 0 400 125 700 250 0 400 300 400 400 0 0 0 0 100 200 0 0 0 0 0 0 0 316 316 316 316 800 0
0 0 0 0 362 0 200 600 100 0 725 300 333 100 300 0 200 900 0 600 200 0 0 1000 0 725 0 900 300 566 288 0 0 0 450 0 0 0 0 0 600 0 395 0 0 500 950 0 300 0 0 325 300 0 0 0 0 200 0 0 0 0 0 50 577 600 0 0 66 0 0 0 700 162 600 200 0 700 200 700 800 0 0 0 0 150 600 0 0 1000 0 0 0 0 416 416 416 416 400 1000
#CPFC 2015-10-31
0 0 600 400 0 87 0 0 68 0 0 0 -33 0 125 0 500 200 1000 0 0 0 0 0 1000 0 0 0 0 600 -200 800 136 0 0 0 0 400 250 500 0 0 0 -250 250 0 0 0 0 250 0 0 500 0 0 0 350 0 500 0 0 0 350 0 0 33 0 0 -499 -1000 0 500 166 250 0 -137 800 0 0 375 312 1000 0 0 0 0 0 0 1000 0 0 0 0 0 200 0 0 0 0 0
0 0 750 375 0 237 0 0 250 0 0 0 533 0 350 0 500 200 750 0 0 0 0 0 300 0 0 0 0 1000 800 1000 454 0 0 0 0 400 312 500 0 0 0 500 250 0 0 0 0 200 0 0 150 0 0 0 425 0 600 0 0 0 550 0 0 455 0 0 533 900 0 600 233 250 0 500 1000 0 0 500 333 1000 0 0 0 0 0 0 300 0 0 0 0 0 500 0 0 0 0 0
#MUFC 2015-10-31
-400 0 68 450 357 0 400 400 0 500 0 0 0 0 0 0 600 600 300 0 600 0 1000 800 600 0 500 68 0 0 0 0 55 0 1000 800 274 0 -1000 100 249 0 399 68 0 700 -187 0 0 0 0 0 -155 0 156 133 0 591 200 -52 0 0 199 0 812 0 0 0 0 350 0 350 0 0 0 0 0 -250 0 0 0 0 0 -291 0 200 200 0 125 200 0 200 450 200 766 800 0 500 0 0
600 0 250 775 571 0 800 800 0 625 100 0 0 0 0 0 900 900 450 0 950 0 533 750 900 0 850 250 0 0 0 0 597 0 1000 400 571 500 1000 600 550 0 633 250 0 600 500 0 0 0 0 500 288 0 300 233 0 608 300 588 0 0 363 0 600 0 0 0 0 300 0 550 0 0 0 0 0 500 0 0 0 0 0 500 0 100 100 0 500 766 0 200 500 100 750 1000 0 500 0 0
#MCFC 2015-10-31
400 0 0 400 400 0 800 0 750 500 300 0 0 250 0 900 0 250 0 300 0 750 500 0 333 0 0 0 0 0 0 800 300 0 0 -250 0 0 500 0 1000 1000 333 500 254 0 0 0 0 0 0 240 0 0 0 0 0 400 0 0 0 0 0 0 0 -400 500 600 0 0 227 0 0 250 0 -300 136 0 0 -145 0 0 0 0 100 0 0 0 625 0 0 0 -150 0 0 0 0 350 0 0
250 0 0 800 800 0 400 100 400 900 100 0 300 333 0 575 0 333 0 0 1000 825 500 0 666 0 0 0 0 0 0 400 100 0 0 450 0 0 475 0 400 400 533 500 645 0 0 0 0 0 0 586 0 0 0 0 0 800 0 750 0 0 0 0 0 400 500 825 0 0 545 0 0 600 0 800 454 0 0 309 0 0 333 0 1000 0 66 0 900 1000 0 1000 450 0 0 0 0 575 0 0
#ncfc 2015-10-31
0 -250 133 0 625 600 500 800 0 0 0 500 100 0 -250 350 0 300 0 500 -300 -200 0 -250 0 700 -250 0 0 -500 0 800 0 0 100 0 0 500 -500 -500 0 0 0 0 1000 0 0 762 781 0 -25 -400 0 500 -400 49 0 0 -125 0 350 42 0 136 350 0 0 -250 0 0 350 0 600 800 0 0 0 168 0 0 0 0 0 -500 0 500 0 0 0 0 0 0 600 0 0 -400 600 0 700 0
0 950 633 0 500 950 500 1000 0 0 0 700 100 0 250 650 500 100 0 500 600 50 0 400 0 600 250 0 0 700 0 750 0 0 100 0 0 500 700 700 0 0 0 0 1000 0 0 750 1000 0 200 400 0 500 400 450 125 0 125 0 300 267 0 454 675 0 0 250 0 0 675 0 950 1000 0 0 0 277 0 0 0 0 0 700 0 500 0 0 0 0 0 0 950 0 0 400 950 0 600 0
#NUFC 2015-10-31
400 -400 0 547 449 400 400 324 800 250 450 0 400 0 0 -25 0 800 0 -250 0 0 250 0 500 400 0 0 0 -125 -100 0 0 -500 233 0 136 0 0 0 0 -500 0 0 708 0 104 90 250 0 400 625 0 0 -1000 428 -349 400 -166 250 -400 400 0 -112 0 0 0 0 0 -600 976 -166 0 -312 0 0 0 100 0 0 0 -500 0 100 250 0 100 0 -178 0 0 100 0 0 0 -400 500 250 1000 350
400 600 0 688 550 800 800 468 400 500 750 0 1000 0 0 675 500 750 500 650 0 0 500 0 500 800 0 0 0 375 250 0 0 700 399 0 454 0 333 0 0 1000 0 0 700 0 500 353 250 0 800 500 0 650 1000 511 333 200 166 562 600 800 0 500 0 0 0 0 0 800 800 433 50 687 0 0 500 100 0 0 250 1000 0 250 625 0 250 0 285 0 0 100 0 0 0 600 500 700 300 550
#SCFC 2015-10-31
0 275 0 200 -100 0 0 -600 1000 200 416 200 0 0 733 800 0 0 0 -388 0 500 -166 0 375 0 312 0 0 1000 250 -600 0 0 450 375 0 -500 0 136 0 430 266 0 250 0 -312 0 0 650 0 250 0 0 0 0 0 0 0 0 100 -400 0 0 0 0 0 0 0 0 406 0 0 0 0 0 136 500 0 0 0 0 500 0 0 0 0 400 -292 0 1000 0 0 0 -250 400 0 0 0 0
0 500 500 500 250 0 0 900 1000 500 500 500 0 0 466 1000 0 0 0 833 0 500 66 0 575 0 500 0 0 300 250 1000 0 0 450 875 0 700 0 454 0 456 500 0 1000 0 400 0 0 1000 0 450 0 1000 0 0 0 0 0 0 300 400 0 0 0 0 0 0 0 0 1000 0 0 0 0 0 454 500 0 0 1000 0 500 66 0 0 0 1000 688 0 300 0 0 0 400 1000 0 0 0 0
#Swans 2015-10-31
-155 0 49 600 0 0 -1000 0 142 1000 0 0 0 285 1000 0 500 0 0 88 200 0 0 -166 -400 1000 1000 1000 0 0 0 0 700 500 1000 0 0 0 0 0 0 100 -125 500 500 0 357 800 250 312 0 0 325 1000 300 0 0 -400 0 117 0 0 -99 0 0 400 325 0 -388 800 0 0 0 0 0 0 0 0 0 0 0 0 0 -400 285 0 399 266 250 1000 0 0 0 0 400 1000 1000 136 0 0
288 0 277 900 0 0 1000 0 267 390 0 0 0 535 390 0 700 0 0 438 250 0 0 433 400 900 390 390 0 0 0 0 600 833 300 0 0 0 0 0 0 1000 750 500 350 0 571 400 1000 333 0 0 300 300 650 0 0 400 0 317 0 0 650 0 0 500 525 0 833 1000 0 0 0 0 0 0 0 0 0 0 0 0 0 400 535 0 208 155 250 300 0 0 0 0 400 300 300 500 0 0
#AFC 2015-10-31
0 -408 400 400 0 0 0 0 800 0 0 0 0 0 0 0 1000 1000 0 0 0 0 0 0 625 -208 0 700 350 0 0 0 0 0 0 0 500 -16 500 -99 0 568 0 1000 0 0 0 0 0 0 0 0 500 1000 0 0 0 0 800 0 250 0 0 285 0 400 285 0 0 500 0 0 0 118 260 0 0 0 0 800 0 200 0 0 500 -131 500 0 500 0 0 0 0 500 0
0 766 800 800 0 0 0 100 400 0 0 0 0 0 0 0 300 300 0 0 0 0 0 0 888 66 0 500 400 400 0 0 0 0 0 0 650 150 500 700 0 377 0 300 0 0 0 0 0 0 0 100 1000 300 0 0 0 0 400 0 333 0 0 535 0 800 535 250 125 833 0 650 0 427 625 0 0 0 0 400 62 350 0 0 500 577 500 0 500 0 0 0 0 500 0
#WatfordFC 2015-10-31
0 0 0 0 0 0 -500 -500 -1000 -400 0 500 0 -400 250 -400 0 -100 0 0 425 0 0 0 0 0 0 200 500 750 800 216 -716 200 377 75 300 800 -83 0 -77 -300 274 -155 -100 166 -18 -100 -100 -100 0 86 0 0 500 1000 399 0 261 0 0 0 0 0 0 0 0 416 139 -100 250 250 350 0 49 400 144 0 0 0 0 250 -100 0 0 0 -625 0 266 0 0 250 500 0 0 -400 583 222 -593 -85
0 0 0 0 0 0 1000 1000 800 400 400 750 0 600 333 700 0 200 0 66 825 0 0 0 0 0 0 200 833 950 400 583 950 266 472 300 400 400 108 0 144 600 500 288 550 533 224 400 400 400 0 313 0 0 833 1000 500 0 634 1000 1000 0 0 0 0 0 0 500 400 400 333 333 350 0 750 800 322 0 0 0 0 200 333 0 200 0 600 0 383 0 0 333 888 0 250 700 725 537 891 208
#WHUFC 2015-10-31
266 0 266 1000 1000 0 1000 0 800 500 0 200 0 0 0 0 1000 333 166 166 333 -400 0 0 0 800 0 800 -333 557 -400 0 175 800 366 0 625 0 50 0 0 0 350 0 366 0 500 333 0 333 -250 0 0 416 0 -77 33 0 0 800 -716 0 0 0 -225 0 250 0 -75 0 625 100 -77 0 0 500 700 0 0 50 250 250 1000 0 0 100 0 800 333 500 0 0 160 333 0 0 0 160 0 333
454 0 454 300 300 66 300 0 750 833 0 500 0 0 0 0 300 233 666 650 1000 400 0 0 0 700 66 750 666 587 400 0 325 400 700 0 500 0 450 0 0 0 300 0 700 0 833 1000 0 1000 200 0 0 500 0 144 333 0 0 400 950 0 0 0 616 0 333 0 366 100 500 100 498 0 0 500 800 0 0 450 200 200 300 0 0 1000 0 400 1000 500 0 0 539 1000 0 0 0 539 0 1000
#WBA 2015-10-31
0 -50 250 350 0 -600 0 -400 0 0 0 0 0 0 0 800 166 250 -331 0 500 -150 900 -107 366 366 0 316 150 -175 200 78 455 378 0 312 433 -312 0 0 0 -94 -94 1000 1000 378 200 72 -94 -400 0 0 -94 1000 0 0 0 0 0 0 250 0 0 0 800 0 0 450 0 250 0 0 68 0 27 0 183 0 0 0 400 142 125 125 0 0 0 -155 0 0 0 0 0 0 0 -175 -175 0 0 875
0 400 500 300 0 800 0 400 100 0 0 95 100 100 0 400 233 300 493 0 500 350 875 417 316 316 0 491 500 550 512 480 680 251 66 1000 833 687 0 0 0 666 666 1000 1000 251 400 477 666 400 0 0 666 1000 0 0 0 0 125 0 425 0 250 0 1000 0 0 650 250 250 0 0 277 0 311 0 480 0 0 0 400 301 1000 1000 0 0 0 288 0 0 0 0 0 0 0 550 550 0 0 600
#LCFC 2015-10-31
0 0 700 0 500 500 156 -500 625 500 0 0 0 700 0 -200 0 339 0 0 0 500 0 0 418 350 800 -200 350 0 0 0 0 0 -500 178 800 812 0 700 250 0 0 0 -94 0 0 0 500 0 308 308 500 0 0 0 0 0 0 200 100 550 200 0 0 800 500 500 350 0 800 125 0 292 0 0 -9 160 160 160 -300 0 0 800 0 -400 0 0 0 0 -183 400 383 400 383 400 500 -400 700 700
0 0 600 0 500 500 50 1000 600 600 0 0 0 600 95 800 0 559 250 0 0 549 0 0 716 550 1000 262 500 0 0 0 0 0 1000 267 400 850 0 600 300 0 0 0 666 0 0 0 500 0 516 516 500 0 0 0 0 0 0 512 312 1000 200 0 0 400 1000 600 550 0 1000 291 0 375 0 0 750 539 539 539 225 0 0 400 0 700 0 0 0 0 866 1000 600 1000 600 1000 500 700 700 700
#CFC 2015-10-31
0 0 0 400 400 350 0 0 0 -400 500 0 0 0 250 0 437 -500 250 275 500 136 136 136 500 0 -50 0 136 0 500 475 0 0 0 0 -50 0 -388 0 0 0 0 0 136 0 0 0 0 566 0 0 0 0 0 0 0 0 0 500 0 0 0 0 500 0 0 0 0 0 -200 0 0 136 136 0 0 0 0 500 0 100 100 100 0 0 0 0 458 0 0 0 0 0 0 0 0 0 0 136
0 0 0 800 800 350 0 0 0 700 500 0 0 0 250 0 337 299 750 975 833 454 454 454 900 0 0 0 454 0 600 466 0 0 0 0 0 0 833 1000 0 0 0 0 454 0 1000 0 0 700 0 0 0 0 0 1000 500 0 0 1000 0 500 0 0 900 0 0 100 0 0 262 0 0 454 454 0 0 0 1000 833 0 250 250 250 1000 0 1000 0 736 0 0 0 0 0 0 0 0 0 0 454
#LFC 2015-10-31
0 0 0 0 400 -100 0 0 0 186 0 0 0 0 500 750 0 500 250 -388 0 -138 250 0 0 333 562 600 703 0 243 0 0 50 200 66 191 500 0 0 -100 550 0 68 200 0 500 400 0 500 0 250 0 0 0 0 350 0 350 625 350 0 350 0 350 0 0 0 0 0 0 600 -202 0 -350 350 350 0 0 350 350 700 0 0 350 800 0 0 -400 0 500 0 0 0 0 0 0 -400 0 625
0 0 0 0 550 83 0 0 0 626 0 0 0 0 500 400 1000 900 483 833 0 138 333 0 0 333 541 875 843 0 550 0 0 275 100 466 450 850 0 1000 50 400 1000 227 100 0 150 400 0 150 0 450 0 0 0 0 650 0 650 888 650 0 650 0 650 0 0 0 0 1000 0 950 644 0 183 650 650 0 0 650 650 700 166 0 650 400 0 0 400 0 1000 0 0 0 0 0 0 400 0 888
#LFC 2015-10-25
418 0 0 0 800 0 41 600 300 0 0 -15 250 200 49 1000 0 0 -200 700 0 0 0 0 0 0 166 1000 387 0 500 450 442 -300 400 -400 0 1000 1000 261 -10 593 0 0 -200 -400 0 0 0 600 0 0 700 -375 0 0 -800 0 0 0 0 0 1000 500 0 -250 0 0 1000 0 0 600 -550 500 250 500 0 500 0 0 583 -142 0 0 -166 -200 24 -250 49 0 0 -300 442 500 500 0 0 250 250 250
466 0 0 1000 400 0 779 900 500 0 0 625 350 200 450 300 0 0 300 600 0 0 0 0 0 0 241 400 575 700 200 494 717 600 375 950 0 400 400 386 304 800 0 0 800 600 0 0 0 900 0 0 600 600 0 0 900 0 0 0 0 0 300 900 0 1000 0 0 1000 0 0 900 750 550 375 900 0 900 500 0 1000 535 0 0 1000 500 533 1000 567 0 0 600 717 650 850 0 0 333 333 333
#SaintsFC 2015-10-25
0 0 0 0 18 200 0 0 200 0 200 -75 0 0 0 0 300 800 280 -466 1000 0 800 0 0 500 55 25 0 500 500 500 300 -400 500 0 0 -400 -200 400 195 428 500 119 500 800 566 375 0 0 400 800 -100 500 500 250 49 0 0 625 87 0 0 -625 0 0 0 0 0 0 0 0 0 0 0 500 0 0 0 -250 -250 333 333 0 -300 0 306 0 0 0 0 0 800 0 500 -155 0 0 0 312
0 0 0 0 477 100 0 0 100 0 100 366 0 0 0 0 500 1000 620 733 1000 0 400 450 0 500 277 175 0 1000 500 1000 408 400 1000 0 0 400 300 400 550 535 500 678 1000 400 666 100 0 0 900 400 50 150 700 333 512 550 0 700 287 0 0 400 0 0 0 250 0 0 0 0 0 0 0 1000 0 0 0 250 250 316 283 0 650 0 450 0 0 0 0 0 750 0 625 288 0 0 0 333
#AFCB 2015-10-25
0 0 -71 0 0 -244 533 0 -71 0 0 0 0 -400 0 0 1000 66 0 1000 0 0 0 0 1000 700 0 0 0 0 -937 -25 0 -200 0 800 0 0 0 0 200 0 0 281 0 0 0 0 0 312 500 416 250 0 -71 0 0 -200 0 0 0 0 0 0 0 -625 0 0 0 0 0 0 0 -150 0 1000 250 136 0 -400 0 0 100 -71 0 -131 0 0 200 0 0 -400 0 400 89 0 800 375 0 800
0 0 214 0 0 244 800 0 214 0 0 0 0 400 0 0 300 500 0 1000 0 0 66 99 300 950 66 0 0 0 1000 380 0 700 300 750 0 0 0 0 200 0 0 529 0 0 0 0 0 333 500 666 416 0 214 0 0 250 0 0 0 0 0 0 600 400 0 0 0 0 0 66 0 116 0 300 333 500 0 700 0 0 400 214 0 450 0 1000 500 0 0 400 0 400 196 0 900 650 0 900
#COYS 2015-10-25
500 366 166 31 0 625 0 0 0 0 0 800 0 300 900 0 -57 0 0 368 500 0 0 0 0 0 0 0 0 633 104 0 0 0 0 500 0 800 -50 350 380 781 -300 0 0 -200 0 312 700 0 66 500 0 833 -51 800 0 0 0 0 -781 500 0 659 0 49 0 625 -400 350 583 0 0 -119 666 475 0 505 -125 200 0 0 625 100 0 500 1000 0 900 400 800 -37 150 0 0 100 0 175 87 0
600 700 366 375 0 875 0 0 0 0 0 575 0 100 700 0 617 0 0 750 500 0 428 0 0 0 100 0 0 566 570 0 0 0 0 612 0 400 244 361 441 500 300 125 0 250 0 541 600 0 100 500 0 466 129 400 0 0 0 0 700 150 312 830 0 550 400 1000 400 300 750 0 0 246 708 650 0 527 350 637 0 0 1000 300 500 550 300 0 1000 900 1000 266 600 0 0 600 0 500 325 0
#MUFC 2015-10-25
1000 0 1000 1000 0 400 400 0 500 0 343 0 0 400 500 0 0 0 390 0 800 100 0 0 500 0 500 68 1000 800 0 0 0 1000 800 800 0 16 0 0 -400 0 0 0 0 0 0 0 0 0 0 100 136 0 49 49 49 136 500 22 0 0 800 357 250 220 1000 22 0 0 0 1000 1000 0 0 -649 0 0 0 0 0 1000 0 0 0 0 0 0 0 0 700 800 0 0 0 1000 -400 800 -125 0
1000 0 1000 1000 0 800 800 0 500 0 600 0 475 800 825 0 0 100 200 0 1000 400 0 0 500 0 500 250 1000 1000 0 0 0 1000 1000 400 400 433 0 66 400 0 0 0 0 0 0 50 0 0 100 200 454 250 600 600 600 454 833 394 0 0 400 571 449 520 300 394 0 0 0 400 400 0 0 1000 750 0 0 0 0 875 100 0 0 0 0 0 0 0 633 1000 0 0 0 1000 400 400 375 0
#MCFC 2015-10-25
0 0 0 400 400 0 0 396 150 0 0 0 -300 0 0 0 0 0 0 0 0 200 0 0 -71 0 0 0 625 357 800 1000 1000 450 0 -600 0 0 0 -125 0 0 0 0 500 200 0 0 1000 250 0 0 0 195 0 0 0 0 0 0 0 0 -200 0 0 0 0 0 250 0 0 0 0 0 500 0 500 500 125 0 550 0 333 0 0 0 0 0 1000 625 500 250 0 0 0 136 0 500 1000 0
0 0 0 800 800 0 0 583 162 0 0 0 533 0 0 0 0 0 0 0 0 500 0 0 214 0 0 0 500 571 400 400 400 800 750 1000 0 0 0 375 0 0 0 0 888 400 0 0 400 312 0 0 0 211 0 0 0 0 0 0 0 0 600 0 0 0 0 0 500 100 100 0 0 0 500 0 400 500 200 0 200 0 333 0 0 0 0 0 750 900 1000 250 0 0 0 454 0 500 400 83
#SAFC 2015-10-25
325 136 0 0 591 -600 0 0 -500 800 0 0 0 -325 0 0 0 0 0 -400 400 0 0 49 0 500 0 -799 0 0 0 -250 0 0 0 0 0 186 150 200 0 500 0 357 337 0 0 700 0 466 500 350 -100 0 0 0 250 800 0 0 1000 0 500 0 0 500 0 0 0 0 0 0 0 125 0 700 800 0 0 200 0 318 0 100 0 0 0 400 0 -125 0 125 0 0 500 -318 136 -325 0 0
433 454 0 0 783 800 0 0 700 400 100 0 0 550 0 0 0 0 66 600 450 0 0 850 0 500 66 1000 0 0 0 650 300 0 0 0 0 718 649 500 0 833 0 571 387 0 0 600 0 466 1000 333 500 0 0 0 300 1000 0 0 300 0 500 400 0 500 0 0 0 0 0 0 0 166 0 600 750 0 0 500 0 477 0 500 0 0 0 1000 0 375 0 216 0 0 500 419 500 550 1000 0
#NUFC 2015-10-25
-200 0 0 -250 400 400 285 0 0 -250 0 -83 0 136 357 800 -500 0 214 500 800 -500 250 0 0 250 0 0 500 -300 500 0 375 -799 0 0 0 462 100 0 0 0 0 0 141 625 0 400 400 0 -133 400 0 266 0 500 400 0 500 500 0 0 550 0 0 483 500 0 100 0 0 0 0 -155 250 -99 350 -799 0 0 0 0 0 0 -250 800 250 -1000 200 150 0 0 11 800 0 0 0 150 0 0
595 0 1000 500 800 800 535 1000 1000 350 0 216 0 454 571 400 700 0 642 400 400 700 550 0 0 333 0 0 500 600 600 0 900 1000 0 1000 0 675 200 0 50 533 0 0 438 500 1000 450 450 0 488 800 0 666 0 500 800 0 600 500 0 0 700 0 1000 541 500 0 200 0 0 500 0 288 350 800 550 1000 100 0 0 0 650 0 250 1000 333 1000 100 950 0 0 611 400 0 0 0 649 0 0
#AFC 2015-10-24
800 400 400 0 200 0 -400 0 600 0 0 200 386 100 0 339 800 0 0 0 0 0 0 0 600 0 0 0 0 0 0 0 0 0 -50 0 166 0 0 0 0 0 650 0 0 0 0 800 1000 200 1000 400 0 0 0 0 0 0 214 100 214 0 500 0 -131 0 350 500 0 0 -100 228 -500 -24 0 0 500 0 0 50 0 0 -87 0 0 0 200 0 800 0 0 900 1000 200 200 500 -16 200 200 -166
900 800 800 0 400 0 400 0 600 0 0 300 486 538 0 672 1000 0 0 0 0 0 0 0 1000 0 0 0 0 0 100 0 0 0 50 0 366 0 125 0 0 0 712 0 0 0 0 900 300 100 300 800 0 0 0 0 0 0 642 1000 642 0 1000 0 427 0 400 600 0 0 1000 385 1000 225 0 0 900 0 0 133 0 0 318 0 0 0 300 0 1000 0 0 1000 1000 400 200 500 133 300 300 166
#EFC 2015-10-24
900 -71 0 0 0 0 136 150 -9 337 0 0 136 0 0 0 0 136 150 0 136 150 1000 0 0 150 136 0 136 150 0 400 0 -55 0 0 0 -50 0 0 0 0 318 0 0 68 0 31 160 0 0 -71 400 136 0 -650 0 378 118 0 -208 0 166 0 231 0 250 0 0 288 100 -278 -250 -341 0 87 0 383 266 266 -260 -16 150 0 0 31 0 0 0 0 650 600 -312 -62 0 500 0 1000 -71 0
1000 214 0 0 0 0 454 500 371 200 0 0 454 100 0 500 0 454 500 500 454 500 1000 500 0 500 454 0 454 500 500 900 0 583 0 0 0 400 0 100 100 0 671 0 600 227 0 250 539 0 0 214 800 454 0 1000 0 251 327 100 166 66 500 66 568 0 333 500 0 400 1000 487 800 458 0 429 66 338 177 155 423 311 266 66 66 250 0 0 0 0 900 900 250 687 0 500 125 1000 214 0
#AVFC 2015-10-24
400 400 -71 0 449 700 0 200 -135 33 0 0 0 0 -500 -391 0 700 400 0 350 -283 -250 -250 0 -100 0 750 750 0 -50 -155 0 -166 0 350 700 0 0 0 700 0 0 0 0 0 0 0 0 0 233 225 0 75 0 500 0 -250 250 750 0 0 75 100 200 800 75 75 800 0 125 0 75 75 250 0 0 0 700 0 500 0 249 600 0 75 21 700 0 -71 400 909 37 500 568 350 1000 0 400 600
800 800 214 0 400 600 0 200 437 799 0 0 0 0 299 833 0 600 200 0 500 366 400 400 0 900 0 1000 400 0 449 288 0 166 1000 400 600 0 0 0 600 0 0 0 0 0 0 0 0 0 833 316 0 334 0 1000 0 250 900 594 0 0 334 400 750 825 334 334 1000 0 1000 0 334 334 283 66 0 0 600 0 900 112 475 250 0 334 500 944 0 214 800 780 487 275 512 850 1000 0 400 900
#Swans 2015-10-24
0 -187 500 1000 400 850 500 500 0 1000 0 0 0 200 500 500 0 -400 0 0 0 0 200 -500 -400 0 0 0 -500 -250 50 250 0 0 0 -400 0 0 500 0 0 800 0 0 0 0 0 0 0 0 0 312 0 800 0 0 0 0 0 800 0 0 0 800 0 -500 0 0 200 0 0 0 375 0 -175 0 0 0 -500 0 0 -500 500 500 -500 0 0 -500 0 -375 0 -500 0 0 0 0 0 0 0 0
100 500 600 1000 900 1000 600 600 0 300 0 0 0 500 800 900 0 400 0 0 0 0 200 1000 400 0 0 1000 300 100 100 200 0 125 0 400 0 0 1000 0 0 900 0 0 0 0 0 0 0 0 125 333 0 400 0 0 100 0 0 400 0 0 0 900 0 1000 0 0 200 0 0 0 200 0 700 0 0 0 1000 0 0 1000 1000 600 1000 0 0 1000 0 600 0 1000 0 0 0 0 0 0 0 0
#LCFC 2015-10-24
0 308 0 0 0 0 0 0 0 0 0 0 500 0 0 -400 0 0 0 83 -400 100 -400 0 100 266 325 200 1000 0 0 0 0 0 -125 250 75 0 500 125 -200 0 0 285 100 0 250 0 0 500 0 100 0 199 0 0 0 0 0 500 0 0 0 0 600 0 -200 -14 0 0 543 543 0 0 0 0 0 0 0 199 700 0 850 0 0 0 800 0 649 -125 0 0 0 0 0 0 0 0 0 0
0 516 0 0 0 0 0 0 0 0 0 0 600 0 0 400 0 0 0 291 400 700 400 0 700 250 566 300 300 0 0 0 600 0 375 250 725 0 500 1000 50 0 0 535 700 0 200 0 0 500 0 700 0 500 0 0 0 0 0 500 0 0 0 0 600 100 800 411 0 0 600 600 0 0 0 0 0 0 0 500 600 0 450 0 0 0 400 0 800 375 0 0 0 0 0 0 0 0 0 0
#CPFC 2015-10-24
-71 0 333 0 0 0 500 66 318 0 1000 0 0 1000 378 500 500 -500 -500 800 0 0 0 0 0 0 0 0 516 400 0 0 0 0 -71 -125 -500 520 250 -500 -500 -500 500 -200 0 0 -71 -500 0 0 0 0 100 0 600 600 0 0 200 0 0 0 0 0 0 0 0 375 450 800 0 0 0 0 0 0 0 0 0 0 0 0 0 500 800 500 0 0 0 375 312 0 625 0 0 -291 0 0 0 0
214 0 200 0 0 0 500 216 677 0 300 0 0 300 818 500 500 1000 1000 900 0 0 0 1000 1000 0 1000 0 733 600 0 0 0 0 214 375 300 1000 300 1000 1000 1000 500 50 0 1000 214 1000 0 0 0 0 100 1000 1000 650 0 512 400 1000 0 100 0 0 0 0 0 1000 475 400 0 0 0 0 0 0 0 0 0 0 0 0 0 500 400 600 0 0 0 500 333 0 888 0 0 541 0 0 0 0
#ncfc 2015-10-24
133 -125 0 0 0 700 0 214 133 0 228 0 -154 800 0 -107 833 0 0 900 0 0 1000 0 800 0 650 0 -300 0 0 0 -750 -388 0 0 0 0 -166 562 -250 0 -250 0 -388 0 0 0 0 100 -125 0 0 233 0 0 625 -400 0 800 0 -262 350 0 0 0 0 800 0 0 0 0 228 0 0 0 800 0 0 600 0 500 0 0 0 404 0 0 0 0 200 0 1000 0 0 0 0 0 0 0
475 125 0 0 0 900 0 642 308 0 495 100 545 900 0 717 399 0 100 1000 0 0 300 0 750 0 1000 0 600 0 0 0 1000 833 0 0 100 0 555 650 888 0 250 0 833 0 0 0 0 100 375 0 0 641 0 0 900 400 0 900 0 387 500 0 0 250 0 1000 0 0 0 0 485 0 0 0 400 0 100 1000 0 500 0 0 0 333 100 0 0 266 200 0 900 0 0 0 0 0 0 0
#WBA 2015-10-24
0 0 378 333 0 -71 0 0 300 -166 -171 -166 156 100 100 0 0 0 0 0 0 0 0 0 0 0 -71 0 0 0 0 0 0 0 0 100 100 200 -137 0 0 150 0 0 0 0 100 0 0 0 -71 0 350 0 0 0 446 -125 0 0 0 0 0 150 625 136 0 500 400 400 0 250 400 0 0 0 -375 0 0 0 0 0 300 0 0 0 0 500 162 0 0 0 0 0 0 0 0 0 136 31
0 0 251 666 0 214 0 0 100 333 468 333 550 600 600 0 0 0 0 0 0 0 0 0 0 0 214 0 0 0 0 0 0 0 0 1000 1000 900 475 266 0 350 100 0 0 0 100 0 0 0 214 0 650 0 0 0 571 100 0 0 0 0 0 350 500 477 0 600 800 500 0 200 500 0 0 0 400 0 0 0 0 0 200 0 0 0 0 900 550 0 0 0 0 0 0 0 0 0 477 300
#SCFC 2015-10-24
0 0 0 0 -100 -133 0 0 0 -500 500 200 250 -500 800 49 -500 -400 0 268 -500 -500 -500 0 0 250 0 0 0 100 -400 -400 0 100 0 0 -500 0 0 0 0 -500 0 0 583 -500 -500 -500 200 0 500 0 0 0 0 0 0 500 0 -400 0 0 200 0 800 0 250 200 1000 0 0 270 -400 0 -500 200 0 400 -500 400 400 0 0 200 -312 0 0 0 0 400 0 0 0 41 100 500 0 -71 0 0
0 0 0 0 200 177 0 600 0 700 1000 950 750 700 400 450 400 700 0 627 700 700 700 0 0 250 0 0 0 100 550 550 0 291 0 0 700 0 0 66 0 1000 66 0 566 700 700 700 900 0 450 0 0 66 0 0 0 450 0 400 0 0 200 0 900 0 250 200 300 0 0 483 400 0 1000 200 0 500 1000 500 500 0 0 500 687 0 0 0 0 850 0 0 0 388 300 500 400 214 0 0
#WatfordFC 2015-10-24
-388 -190 0 625 -71 0 0 0 227 -166 227 -200 214 500 700 227 227 250 -388 -343 -388 0 0 -12 0 0 227 227 97 136 0 0 0 -388 250 0 -71 333 0 0 0 400 136 100 909 0 200 433 -500 0 -388 -388 0 0 781 200 227 400 0 0 400 500 0 375 75 0 312 0 0 100 475 500 800 1000 -166 0 0 0 0 0 -71 100 175 0 0 350 325 0 250 0 -400 400 400 800 0 0 500 0 0 0
833 370 0 900 214 0 0 0 545 166 545 100 642 500 600 545 545 649 833 750 833 0 0 613 0 0 545 545 491 454 0 0 0 833 200 0 214 474 125 0 333 800 454 100 780 0 500 833 700 0 833 833 0 0 600 200 545 800 125 0 800 450 0 475 375 66 333 0 0 100 566 450 400 1000 166 0 0 0 0 0 214 100 250 0 0 550 850 0 450 250 400 800 800 400 500 0 500 500 0 500
#WHUFC 2015-10-24
0 -188 0 -150 0 0 -250 0 562 -150 1000 0 950 0 -94 -250 0 562 -250 0 562 1000 0 -250 0 562 -150 -71 170 625 282 0 -82 0 0 0 0 -500 0 250 0 1000 0 450 0 0 100 -500 568 0 0 700 700 0 0 355 500 0 116 800 -400 500 0 0 0 0 0 -249 0 700 250 483 0 500 600 0 781 404 0 -71 625 0 687 303 0 0 0 500 0 0 368 0 0 399 0 0 0 1000 800 0
0 950 0 750 0 0 1000 0 737 750 1000 533 650 0 600 1000 0 737 1000 0 737 300 0 1000 0 737 750 214 454 1000 585 0 558 0 0 0 0 400 0 333 0 300 600 366 0 0 400 300 512 0 0 600 600 600 0 799 762 0 183 750 400 500 0 0 0 0 0 433 0 600 200 733 0 500 600 0 600 523 0 214 500 0 800 735 0 0 0 500 0 0 702 0 0 200 400 0 0 300 750 0
#CFC 2015-10-24
1000 0 0 0 0 -350 0 800 0 400 400 0 0 750 -500 0 0 100 0 0 0 0 0 0 0 250 0 325 -900 0 0 -225 309 -71 200 0 0 -137 -200 625 200 0 500 0 0 133 -250 -250 0 0 0 500 1000 0 -291 -200 0 -150 1000 -500 175 0 1000 500 250 0 125 500 500 500 0 0 1000 0 -291 -200 0 700 500 -200 0 -500 -550 0 0 0 0 0 0 0 0 0 200 200 200 0 199 0 250 0
300 0 1000 0 0 600 0 900 0 800 800 0 0 650 700 0 0 1000 0 0 0 0 0 0 33 250 0 725 700 0 33 633 404 214 400 0 0 387 200 500 500 0 1000 0 0 391 500 500 0 0 0 900 1000 0 541 200 0 750 300 875 222 0 300 150 477 0 324 500 500 500 0 0 300 0 541 200 0 600 500 200 0 700 800 0 0 0 0 0 0 0 0 0 300 300 300 0 300 0 750 0
#Swans 2015-10-19
-71 800 136 0 537 300 0 0 -75 0 136 -400 0 0 0 0 333 0 366 -200 -200 600 0 250 -12 200 0 375 312 0 0 -400 -233 0 0 0 833 0 -1000 800 800 0 0 0 0 625 187 0 0 500 0 -900 0 0 0 812 0 136 0 -250 0 0 600 700 600 0 0 0 0 0 0 0 0 0 0 -400 0 0 0 0 0 0 0 500 500 0 0 0 0 0 200 0 -71 0 0 0 50 0 0 0
214 400 500 0 450 550 66 0 575 0 454 400 0 0 0 0 600 0 596 500 250 550 33 416 387 400 0 500 333 0 0 400 508 0 0 0 666 0 1000 400 400 0 0 0 0 600 450 0 0 1000 0 1000 0 0 0 950 0 454 0 750 0 0 1000 600 800 0 0 0 0 0 0 0 0 0 0 400 0 0 0 0 0 0 0 1000 1000 0 0 0 0 0 200 0 214 0 0 0 100 0 133 0
#SCFC 2015-10-19
-71 0 0 45 -150 0 62 87 -400 250 166 0 -100 0 0 0 0 0 600 0 -200 0 0 600 125 0 -200 0 0 0 -118 -41 0 0 0 0 400 0 0 0 160 0 0 0 0 199 416 0 0 -400 350 0 0 199 -500 0 0 -500 0 544 -200 200 -250 0 0 -75 0 575 0 -100 700 -200 0 -85 -50 0 -100 0 -100 0 130 600 0 0 166 0 -107 0 -50 0 0 0 1000 -100 0 0 700 0 0 -50
214 0 0 184 225 0 533 287 400 283 666 66 300 0 0 0 0 0 1000 0 250 0 0 1000 300 0 600 0 0 0 296 458 0 0 875 0 400 0 0 0 539 0 0 0 0 350 533 0 0 400 350 0 0 350 1000 0 0 1000 66 583 200 200 888 0 0 366 0 700 150 400 600 0 0 229 400 0 400 0 400 0 770 1000 0 0 166 0 417 0 400 0 0 0 750 400 875 0 600 66 0 200
#NUFC 2015-10-18
0 400 400 100 0 -116 0 0 -62 0 200 800 0 -699 -77 431 0 -625 0 -468 -125 400 0 0 0 0 -49 350 750 650 400 187 -49 119 -175 -97 178 27 0 0 0 0 0 0 150 0 0 500 68 0 450 0 -200 0 0 500 250 -250 0 0 158 0 0 400 -400 400 0 0 0 0 0 -700 -150 850 -750 0 -1000 250 0 0 75 149 800 300 0 0 350 433 300 0 0 -250 0 0 800 0 -200 136 0 0
0 800 800 100 0 850 0 0 400 0 300 400 0 666 144 609 0 1000 0 600 375 300 600 0 0 0 600 300 750 750 300 366 950 436 1000 391 511 472 0 1000 1000 0 1000 1000 100 1000 0 400 750 1000 750 0 733 0 1000 500 250 583 0 0 633 0 0 800 600 800 0 0 0 0 0 800 800 450 800 0 1000 750 0 0 350 350 400 400 0 0 750 666 750 0 1000 649 0 0 750 0 450 454 1000 0
#ncfc 2015-10-18
500 0 0 0 0 0 699 0 0 -125 500 -1000 0 0 0 0 0 0 0 0 0 500 0 0 0 500 100 0 0 0 -333 0 136 520 0 250 0 0 0 520 0 625 166 0 -400 0 0 0 660 0 0 520 0 136 0 0 0 781 -125 0 100 166 0 0 -175 0 0 0 0 0 0 0 0 525 525 0 0 0 0 166 -125 546 0 -125 0 -155 0 0 68 700 -125 500 0 625 0 250 285 -244 0 0
750 0 0 0 0 100 666 0 0 125 750 1000 0 0 1000 0 0 0 0 0 0 600 0 62 0 150 550 0 0 0 533 1000 454 666 0 200 0 0 0 666 0 900 333 0 400 0 0 0 683 0 0 666 0 454 0 0 0 500 325 0 400 333 0 0 450 0 0 0 0 0 0 0 0 366 366 0 0 1000 0 333 375 650 0 375 0 288 0 100 227 600 375 1000 0 888 0 200 535 125 0 0
#WatfordFC 2015-10-17
100 -71 250 0 0 1000 250 450 100 0 500 0 100 -218 1000 800 250 100 0 0 33 0 138 0 0 800 0 0 0 0 500 1000 700 0 0 0 0 -400 0 0 0 125 -300 9 0 500 160 0 250 -92 224 1000 0 177 550 0 0 233 0 0 0 116 -71 -92 160 150 500 212 0 -183 350 160 0 150 350 600 0 0 250 312 266 0 160 242 375 0 0 0 233 0 400 250 200 0 212 0 0 0 136 -166
300 214 500 0 0 1000 875 750 400 0 900 0 300 175 300 750 333 350 0 0 400 0 577 1000 1000 400 0 0 1000 1000 500 1000 600 1000 1000 0 0 400 0 0 0 1000 600 561 0 1000 539 0 200 521 775 1000 900 588 300 0 0 466 0 0 0 116 214 521 539 400 750 314 0 400 600 539 0 400 550 950 0 1000 250 333 466 0 539 548 475 0 0 0 633 100 400 333 100 0 750 1000 0 1000 454 433
#AFC 2015-10-17
0 450 450 450 400 400 500 0 437 500 0 0 0 -250 0 -666 0 0 0 0 168 0 540 49 0 400 0 0 0 200 0 400 100 0 200 -400 -150 0 0 0 0 0 400 -208 0 350 350 -183 166 800 150 -300 0 0 0 0
0 450 450 450 800 800 500 0 625 812 0 0 0 500 0 1000 0 0 0 0 377 0 494 450 0 250 0 0 0 100 0 1000 400 0 100 600 200 0 0 0 0 0 800 333 0 300 300 750 333 1000 500 600 0 0 0 0
#CFC 2015-10-17
500 500 136 100 0 525 400 400 -700 625 0 -100 800 0 600 -700 -700 250 0 0 0 0 416 100 472 166 0 0 0 0 0 0 0 0 0 0 0 0 0 0 416 0 0 0 0 0 0 0 500 500 0 0 0 0 0 -500 1000 0 0 0 472 -500 0 0 500 500 500 168 -874 508 0 0 0 800 31 800 0 508 318 500 500 500 500 500 500 500 1000 0 0 0 318 0 250 0 0 0 687 0 -260 500
525 525 454 900 0 387 800 800 800 650 0 200 1000 0 744 1000 800 375 0 0 0 0 500 900 799 333 0 0 0 0 0 0 0 0 0 0 0 0 0 0 500 0 0 0 0 0 0 0 525 525 0 625 0 0 0 1000 300 0 0 0 799 900 0 0 525 525 525 377 666 750 0 0 0 400 262 400 0 750 477 525 525 525 525 525 525 525 1000 0 0 0 477 0 250 0 0 0 600 0 229 525
#AVFC 2015-10-17
400 400 0 0 0 0 250 0 375 0 0 0 0 0 600 0 100 -1000 0 -400 0 0 -500 0 142 -400 -400 700 -400 0 -400 0 -400 156 0 -400 0 0 -166 300 225 216 0 0 750 800 650 0 -71 0 250 0 0 0 -400 0 0 0 265 400 0 500 0 0 0 136 0 0 700 0 136 -400 -400 -218 433 500 0 0 0 0 500 -71 0 0 -125 400 0 0 266 0 24 149 0 750 400 400 400 400 400 0
800 800 0 1000 0 0 500 1000 750 0 0 0 1000 0 1000 0 600 666 0 400 0 0 600 450 267 400 400 600 400 0 400 0 400 1000 0 400 0 0 633 750 325 400 0 0 900 400 450 0 214 1000 500 0 0 500 400 0 0 0 1000 900 66 500 450 0 0 454 0 0 600 0 454 400 400 750 966 750 0 66 66 0 500 214 0 0 375 800 0 0 966 0 466 500 0 650 900 900 900 900 900 0
#CPFC 2015-10-17
166 0 0 0 0 0 -24 0 0 0 0 378 300 200 68 468 0 0 0 700 0 0 -71 0 0 1000 0 0 -71 0 0 0 0 0 0 -500 224 0 0 0 0 0 -400 0 0 0 318 0 -500 318 -500 0 318 -500 31 250 0 0 0 0 250 0 0 0 0 0 0 781 83 650 0 400 -200 0 66 -300 0 0 500 0 0 0 0 0 0 0 312 -71 -400 26 0 0 0 170 170 0 136 0 0 0
466 0 0 0 0 0 700 0 0 0 0 251 500 200 227 602 0 0 0 600 500 0 214 0 0 300 0 0 214 100 0 0 0 1000 0 700 727 0 0 0 0 0 400 0 500 0 602 0 500 602 500 0 602 500 687 200 0 0 0 0 500 0 0 0 0 0 0 875 333 250 0 400 300 0 666 600 0 0 500 100 0 0 0 0 0 0 333 214 400 311 0 0 0 454 454 0 500 0 0 0
#WHUFC 2015-10-17
400 0 318 -71 0 0 318 250 500 0 0 0 0 0 0 0 0 0 200 68 1000 100 0 400 700 0 700 0 0 0 0 -187 150 0 0 500 -77 0 -400 0 0 0 -500 0 0 0 0 0 0 533 -500 -500 0 -500 -150 0 -400 0 -500 0 250 587 0 350 0 0 250 0 -100 0 625 0 0 136 229 0 0 0 0 0 250 -100 -500 0 0 200 -500 250 0 250 0 71 300 1000 300 0 0 500 -500 0
400 0 477 214 0 0 477 500 700 0 0 0 0 0 0 0 0 0 200 227 1000 300 0 900 550 0 550 1000 0 0 0 500 0 0 0 500 323 0 700 0 0 0 700 0 0 0 500 0 0 666 700 700 0 700 750 0 400 0 700 0 200 450 0 550 0 0 500 0 400 0 700 0 0 454 379 0 0 0 66 0 100 100 700 0 0 500 700 750 0 300 0 223 544 300 0 0 0 500 700 0
#EFC 2015-10-17
0 -312 -200 0 500 0 243 500 0 0 0 0 125 0 378 0 700 500 0 0 0 -155 400 0 68 81 800 0 0 50 0 0 0 0 -260 -50 0 0 0 0 -71 0 0 0 1000 0 0 900 0 0 400 1000 0 550 0 0 0 500 -71 -262 100 0 0 585 0 0 800 0 0 200 0 350 200 0 0 0 0 0 1000 0 0 0 -125 0 166 0 500 150 523 0 -25 0 -400 -200 0 0 49 -200 0 -31
0 687 300 0 500 0 375 500 0 0 0 0 166 0 251 0 200 600 0 0 0 288 800 0 227 575 900 0 0 200 0 0 0 0 500 12 0 0 0 0 214 33 0 0 1000 0 0 1000 0 0 700 300 66 500 66 0 66 500 214 550 400 0 0 200 0 0 750 66 100 200 0 650 200 0 0 66 66 66 1000 0 0 50 125 357 500 0 533 250 625 0 150 0 400 200 0 0 550 500 0 627
#MUFC 2015-10-17
0 0 0 0 0 500 500 450 450 450 600 400 400 0 0 0 0 58 0 0 -100 400 0 781 0 93 0 0 0 0 -166 0 0 0 0 0 100 0 0 0 500 500 400 300 0 500 733 0 750 0 0 1000 0 0 1000 500 0 400 0 500 500 0 -200 0 0 -333 466 400 500 625 0 500 0 0 100 0 0 0 0 416 0 125 0 0 400 500 500 500 500 500 0 500 500 0 0 0 0 400 -500 0
1000 0 0 1000 100 525 525 450 450 450 300 800 800 0 0 0 0 466 100 0 200 800 0 700 0 437 0 0 0 0 666 0 0 0 0 50 400 0 0 0 525 525 250 900 0 500 783 0 650 0 0 400 0 0 900 525 0 800 1000 525 525 0 633 0 0 1000 750 1000 500 400 0 500 0 0 200 0 0 0 0 500 0 125 0 0 400 525 525 525 525 525 0 525 525 0 0 0 0 800 900 0
#MCFC 2015-10-17
0 500 500 400 400 0 -71 0 -50 400 400 0 400 0 500 500 0 0 0 1000 500 500 500 0 0 0 0 318 250 500 500 500 500 500 500 500 0 0 0 400 0 -200 301 800 500 500 500 500 0 0 -200 0 0 0 0 278 0 -283 0 600 0 0 0 600 85 0 0 170 0 -600 -71 0 -200 500 0 90 1000 0 1000 500 1000 0 0 133 500 0 0 0 0 1000 59 -125 136 203 812 0 0 0 544 0
0 525 525 800 800 0 214 0 400 900 900 0 900 0 525 525 0 0 0 400 525 525 525 0 0 0 0 477 500 525 525 525 525 525 525 525 0 0 0 800 0 233 727 400 400 525 525 525 0 0 600 0 1000 0 0 351 250 283 0 900 66 0 1000 1000 427 0 0 454 0 800 214 0 100 900 1000 303 300 0 300 500 400 0 0 400 600 0 0 0 0 750 206 400 454 600 1000 0 0 125 835 0
#AFCB 2015-10-17
0 0 0 550 500 -88 62 0 0 -71 1000 0 0 750 0 -71 0 312 -100 0 366 0 150 0 -200 -400 0 399 0 200 0 250 0 0 0 0 -100 43 0 0 0 0 0 800 250 200 0 1000 0 136 187 50 0 0 0 136 136 0 0 0 0 234 375 312 0 250 0 0 0 645 0 400 0 200 136 0 300 0 -71 0 0 -125 -400 -50 468 0 0 0 0 268 750 625 0 375 0 0 136 68 0 136
0 0 0 875 900 244 500 0 100 214 750 0 0 750 0 214 0 600 100 0 633 0 100 0 50 400 0 566 0 750 0 200 0 0 0 0 550 450 0 0 0 0 0 750 250 300 0 1000 0 454 700 650 0 0 0 454 454 0 0 0 0 394 500 333 0 250 0 0 0 501 125 400 125 300 454 0 700 0 214 0 0 375 400 400 602 0 125 0 0 427 449 725 0 750 0 125 454 352 0 454
#SaintsFC 2015-10-17
300 0 0 416 0 -71 0 0 416 0 0 0 0 0 0 0 800 0 0 0 0 0 0 0 0 0 224 650 0 0 380 500 -50 250 0 0 166 0 0 335 50 0 650 100 500 0 0 0 -400 0 0 -50 50 -200 0 0 0 0 668 0 0 0 166 0 0 -155 0 0 -155 0 0 0 416 0 0 0 -400 -400 0 650 100 -600 0 225 416 208 0 200 -25 0 0 0 -400 418 250 0 0 0 666 187
100 0 0 500 0 214 0 0 500 0 0 0 0 0 0 0 725 0 0 0 0 0 0 0 0 0 250 600 0 0 380 500 400 500 0 0 333 0 0 527 200 0 600 100 500 0 0 0 400 0 0 400 200 350 0 0 0 0 912 0 0 0 333 750 0 288 0 0 288 0 1000 400 500 0 0 0 400 600 0 600 512 900 125 320 500 402 0 900 200 0 0 125 400 527 200 0 0 0 766 375
#LCFC 2015-10-17
0 0 -71 0 0 0 0 0 0 0 0 0 0 0 0 0 0 0 0 0 0 650 0 0 0 0 0 0 0 166 50 650 200 -400 0 0 50 0 0 0 0 0 0 0 0 166 0 -25 0 0 0 250 -400 0 750 750 0 650 -500 0 -500 500 533 250 0 500 0 -400 800 0 0 0 0 0 0 0 0 0 100 0 0 0 900 500 -208 -208 800 500 500 0 -300 0 -300 187 0 0 650 0 0 0
0 0 214 0 0 0 357 0 0 0 0 0 0 0 0 0 0 0 0 0 0 600 0 0 0 0 0 0 0 333 200 600 575 400 500 0 200 0 0 0 0 0 0 0 0 333 750 449 0 0 0 300 400 0 500 500 0 600 700 0 900 500 666 250 0 500 0 400 750 0 0 0 0 0 0 0 0 0 400 0 0 0 525 600 66 66 750 500 500 0 600 0 600 437 0 0 600 0 0 0
#WBA 2015-10-17
-71 250 0 0 250 800 800 0 300 333 0 0 0 -390 33 0 800 -12 0 -166 -200 -200 0 -57 357 -400 500 500 500 500 500 0 0 0 0 0 800 0 0 0 0 150 200 1000 316 0 50 1000 375 -71 0 0 0 0 207 0 0 0 0 0 0 375 0 0 242 0 0 0 0 0 0 0 850 850 0 0 0 153 -137 0 0 0 458 0 -71 399 333 350 -155 -155 -155 -155 -155 0 378 225 -1000 0 -70 0
214 500 0 0 333 400 400 0 575 666 0 0 0 100 533 0 1000 675 0 433 200 200 0 467 535 400 500 500 500 500 500 0 0 0 0 0 750 0 0 0 0 916 200 400 816 0 400 300 750 214 50 0 0 0 314 0 0 0 0 0 0 750 0 0 517 0 0 0 0 0 0 0 650 650 0 375 0 454 300 0 0 522 316 0 214 333 666 400 288 288 288 288 288 0 251 358 1000 0 254 0
#SAFC 2015-10-17
0 500 850 0 0 0 0 0 300 0 -166 -287 0 0 0 250 0 500 0 0 400 0 0 84 675 0 0 0 500 31 0 100 500 0 300 0 -125 100 268 100 375 -166 100 466 0 300 150 357 -400 0 0 100 -500 0 0 0 0 0 500 558 0 -1000 0 0 0 0 400 -50 0 500 0 -200 -87 -400 -83 0 0 0 0 -400 0 156 0 600 0 250 -500 0 -375 100 1000 0 100 0 0 0 500 550 0 250
0 1000 1000 0 0 0 0 100 575 0 500 551 0 0 0 500 1000 1000 0 0 450 0 0 722 825 0 100 0 1000 400 125 400 500 0 300 0 250 400 577 400 766 433 400 466 0 100 313 535 400 0 66 400 600 0 0 0 0 0 366 366 0 1000 0 0 0 100 800 277 0 700 500 400 137 400 266 0 0 0 0 600 0 298 0 900 0 500 600 100 875 400 300 0 600 50 0 0 500 700 0 700
#COYS 2015-10-17
1000 1000 325 533 285 1000 0 0 800 0 0 500 0 0 0 0 0 0 300 0 0 0 0 0 250 0 200 400 -388 525 0 -100 550 0 800 600 500 525 662 0 0 800 650 750 0 0 0 100 0 800 0 500 0 136 362 196 366 700 0 0 -89 266 387 100 500 1000 0 199 0 800 0 87 433 0 -657 766 850 469 266 800 0 500 -750 0 566 373 500 600 -400 750 0 750 -50 0 559 800 0 0 525 0
1000 1000 650 666 535 750 0 0 750 112 0 1000 0 0 0 0 0 0 0 0 0 0 0 100 500 0 500 800 833 300 0 0 362 0 750 600 875 300 558 0 0 400 1000 525 0 0 0 400 0 575 0 150 0 454 481 563 716 600 0 0 142 500 583 700 700 1000 550 600 0 750 0 575 533 0 828 650 500 513 533 750 0 700 1000 0 399 494 500 425 600 500 0 500 50 0 520 400 0 0 541 0
#LFC 2015-10-17
0 0 0 350 0 -125 500 500 -166 -75 0 0 0 0 0 -100 0 -71 1000 306 -694 0 -291 0 0 0 500 0 578 250 190 500 0 0 0 0 68 68 500 118 0 0 0 500 500 500 0 0 0 0 0 700 -50 150 200 0 0 1000 500 0 500 500 0 0 0 0 600 600 350 0 125 0 136 0 0 200 0 0 0 166 331 0 0 500 500 500 500 500 500 500 0 0 0 0 0 0 250 -300 125 75
0 0 1000 550 0 875 525 525 583 700 0 1000 0 0 0 200 0 214 300 760 916 0 541 0 0 1000 600 0 485 333 580 400 0 0 0 0 727 727 500 668 0 0 0 500 525 525 0 0 0 0 0 600 244 697 700 0 0 400 525 0 525 525 0 0 0 0 600 600 550 0 283 0 454 0 0 700 1000 0 1000 833 725 0 0 525 525 525 525 525 525 525 1000 0 0 0 0 0 333 900 166 912
#AFC 2015-10-04
1000 0 0 -155 400 400 0 1000 0 0 0 0 500 -600 500 0 0 500 500 500 0 266 0 100 -300 0 -1000 -1000 -1000 -155 0 0 500 266 266 650 0 0 0 500 0 0 0 0 100 0 1000 0 700 340 1000 0 400 0 800 0 0 -500 -175 -300 0
600 0 0 288 800 800 0 300 0 0 0 0 500 800 500 0 0 500 500 900 0 133 0 350 600 0 1000 1000 1000 288 0 0 900 133 600 616 0 0 0 900 0 0 0 0 400 0 600 0 600 565 300 0 1000 0 400 0 0 400 800 1000 0
#MUFC 2015-10-04
0 250 33 100 100 0 0 0 400 400 0 0 400 0 0 33 0 0 1000 100 800 0 0 0 0 0 0 500 500 0 0 0 0 0 800 352 0 -125 0 0 0 800 0 0 700 168 0 0 0 0 0 0 0 0 0 500 800 0 0 -41 600 0 625 0 0 0 900 0 800 0 1000 0 0 0 500 650 266 100 500 62 0 0 -250 100 458 0 0 233 800 0 266 0 0 650 0 800 0 -175 0 0
0 500 233 200 200 0 0 0 800 800 0 0 800 0 0 233 100 0 300 700 400 0 0 0 0 0 0 750 850 0 0 0 0 0 400 478 0 375 0 0 0 400 0 0 600 612 0 0 0 0 0 0 0 0 300 850 400 0 0 583 611 0 900 0 0 0 575 0 400 0 400 0 0 0 1000 700 133 350 850 500 0 0 1000 300 583 0 0 533 400 0 133 0 0 616 0 400 0 283 1000 0
#Swans 2015-10-04
-400 227 0 0 0 0 600 -49 0 -400 400 0 0 0 -16 0 0 500 0 0 158 302 -71 0 750 0 0 0 0 0 0 0 400 400 400 400 0 -156 210 0 250 0 -400 500 0 400 136 0 0 0 -400 0 0 -400 0 600 500 100 850 0 0 0 0 200 0 0 0 0 0 -400 375 312 0 500 0 0 -388 0 0 0 0 0 0 0 700 0 0 0 0 400 0 200 0 833 0 0 400 0 0 0
600 545 0 0 0 0 950 875 0 500 400 0 1000 0 422 0 0 500 0 0 433 708 214 0 675 0 0 0 0 0 100 0 375 375 375 375 0 375 377 0 200 100 400 1000 0 400 500 0 0 0 600 0 0 400 0 950 900 300 1000 0 0 0 0 200 0 0 0 0 0 400 500 333 0 500 0 0 833 0 0 0 0 0 0 0 350 0 0 0 0 400 0 500 0 866 0 0 800 0 0 0
#COYS 2015-10-04
0 0 0 0 200 400 250 545 100 0 566 0 0 0 0 1000 500 670 223 0 0 750 -49 0 0 0 1000 250 0 250 136 375 1000 -200 800 0 0 287 0 452 0 0 335 0 0 361 128 170 125 400 0 0 0 -200 18 -75 40 50 500 800 266 400 375 27 516 320 0 0 266 -400 240 0 0 1000 213 0 700 300 133 -300 -486 0 0 800 500 533 0 800 0 700 0 51 -71 0 0 0 166 0 0 0
0 450 0 0 400 500 250 551 750 0 600 0 1000 0 0 1000 888 916 285 0 0 950 875 0 0 0 300 1000 0 1000 454 875 750 250 750 0 0 575 333 811 0 0 677 0 0 634 507 500 950 700 0 0 0 233 475 300 460 400 462 1000 416 550 875 485 583 430 0 0 333 400 380 0 0 300 476 0 950 200 188 400 833 0 0 1000 1000 383 125 1000 0 950 0 354 214 0 100 0 666 0 0 0
#EFC 2015-10-04
136 0 -400 250 0 -166 400 0 400 0 0 700 350 900 640 -150 0 -150 0 0 0 0 700 120 400 0 800 136 0 0 -291 108 0 350 -75 350 0 136 136 0 0 0 278 0 136 -375 266 0 -71 0 0 0 500 0 333 -400 400 0 0 -125 -100 400 0 0 0 400 0 0 172 50 0 0 0 0 150 0 900 0 -71 -250 -200 0 3 0 900 0 0 500 0 250 0 800 -200 3 357 0 400 0 0 0
454 0 400 500 0 1000 200 0 200 0 0 600 550 700 666 700 0 700 0 0 0 0 600 545 825 0 1000 454 0 100 541 633 0 550 483 325 0 454 454 0 0 0 535 0 500 1000 333 0 214 0 0 0 500 0 666 600 825 0 0 375 100 800 0 0 0 500 0 0 594 150 0 0 0 0 475 0 700 0 214 0 600 0 526 0 700 0 0 500 0 250 0 1000 600 526 571 0 1000 0 0 0
#LFC 2015-10-04
0 0 400 0 0 0 0 0 0 1000 0 -600 0 0 0 31 0 500 -800 0 350 -125 0 400 800 0 0 0 0 333 400 0 300 500 0 113 -250 0 0 -200 500 375 0 0 450 -750 250 177 0 1000 0 400 1000 0 0 -50 500 0 500 225 0 -400 333 0 0 0 0 -166 0 0 -325 -16 136 -250 400 100 0 0 0 400 -71 -331 -187 0 0 50 -97 64 800 224 -197 0 0 2 0 0 0 0 100 -57
0 0 400 0 0 0 0 1000 0 300 0 800 0 0 0 312 0 850 900 0 550 375 300 200 400 0 0 0 250 422 425 0 200 1000 0 772 50 0 1000 100 850 200 0 0 762 1000 800 466 522 300 0 900 400 433 0 383 850 0 600 450 0 600 416 0 0 0 0 1000 0 1000 520 338 454 666 200 100 0 0 0 200 214 627 500 100 0 224 500 207 1000 700 447 0 0 414 0 0 1000 0 150 928
#CFC 2015-10-03
0 0 0 0 0 0 0 200 400 400 0 0 -1000 0 0 0 0 0 0 68 700 0 0 0 350 500 0 -105 -750 0 0 0 -875 50 0 50 214 0 200 33 50 0 50 142 625 149 0 0 -750 200 -750 -200 0 214 0 0 -750 800 0 68 0 0 0 0 500 -100 1000 0 0 -166 -105 0 0 0 -1000 0 0 0 0 0 0 -500 0 0 0 0 0 50 -200 0 0 0 0 0 0 0 0 0 -750 0
0 0 0 800 0 0 0 100 800 800 0 0 1000 0 0 0 950 0 0 227 700 100 0 0 800 1000 0 133 750 0 0 0 1000 575 0 575 571 0 200 383 575 0 575 767 900 300 0 0 750 100 750 900 0 571 0 0 600 400 0 227 0 0 0 0 500 200 300 0 0 222 222 0 0 0 1000 0 0 0 0 0 0 500 800 0 0 0 0 150 200 0 0 0 0 0 0 0 0 0 750 0
#SaintsFC 2015-10-03
50 0 0 0 0 0 0 500 -200 0 0 0 0 -50 0 0 -1000 0 300 357 566 0 0 500 0 0 0 375 500 0 750 0 208 909 800 0 0 0 416 0 0 0 -500 -83 0 208 400 0 -750 -187 350 0 0 150 0 412 0 0 125 0 0 -150 0 0 0 0 0 8 0 600 0 500 0 0 0 800 0 136 0 500 0 0 208 150 0 0 300 0 0 0 750 462 100 -200 0 150 0 0 195 375
575 0 0 0 416 0 0 500 200 0 0 0 0 400 0 0 1000 0 200 571 716 0 0 1000 0 0 0 750 500 0 950 0 500 780 700 125 1000 0 833 0 0 0 500 416 0 475 800 0 1000 366 300 0 0 300 0 400 500 100 200 0 0 400 0 750 0 0 0 723 0 950 125 500 125 0 0 400 0 454 0 1000 0 0 833 300 0 0 200 0 0 0 950 687 200 233 0 300 0 0 551 500
#AVFC 2015-10-03
0 0 0 0 0 0 400 400 0 0 0 0 0 0 300 0 0 368 0 -150 -225 0 0 136 500 0 0 700 0 0 700 0 0 0 0 0 0 -85 0 375 0 0 400 -197 0 0 0 -325 0 0 160 0 0 -83 0 0 300 166 0 -31 0 0 0 200 0 0 400 0 0 375 812 1000 0 0 8 0 0 174 0 378 0 408 0 0 50 -500 10 -104 0 -250 0 0 -37 400 0 0 -450 -450 0 0
0 76 0 0 0 0 800 800 0 0 0 0 0 0 666 0 0 677 1000 700 400 0 0 454 1000 0 0 600 0 0 600 0 76 0 0 0 0 453 0 541 0 0 350 583 0 0 0 825 0 0 539 0 0 66 0 0 900 333 1000 125 0 0 0 200 0 0 800 0 0 541 944 1000 0 0 91 0 0 469 1000 251 0 546 0 0 1000 700 480 83 0 800 0 0 423 200 0 0 700 700 0 0
#SCFC 2015-10-03
0 -150 -225 700 0 -325 0 160 0 0 250 516 0 0 0 0 0 390 0 -230 -16 0 -500 0 -150 337 400 250 250 210 0 233 -150 0 0 0 0 0 800 500 500 0 -66 -350 0 -66 0 0 0 0 800 482 0 -500 160 -66 -31 -800 0 160 0 357 500 -800 350 0 0 100 -400 -500 0 100 0 100 0 0 350 350 -300 350 350 118 0 -400 -93 118 250 118 118 118 0 0 0 800 0 0 160 500 0 -500
0 700 400 600 0 825 0 539 0 0 450 522 0 0 0 0 0 300 0 313 266 0 700 0 450 558 375 250 450 430 0 200 450 0 0 300 0 500 400 500 500 0 233 600 0 233 0 0 0 0 750 512 0 700 539 233 377 900 0 539 0 535 600 900 550 0 0 300 700 700 0 300 0 100 0 0 550 550 600 550 550 377 0 700 500 377 333 377 377 377 0 0 0 400 0 0 539 900 0 700
#AFCB 2015-10-03
0 0 0 0 -400 900 0 0 625 0 200 138 0 0 0 0 136 0 0 -187 0 250 0 0 0 0 136 55 -155 625 850 0 0 0 800 0 0 0 0 750 0 700 0 0 0 500 312 0 800 99 325 0 0 0 -505 -166 187 346 0 187 0 0 187 0 0 200 0 0 362 600 0 -187 136 62 -312 -312 0 0 50 -500 99 0 0 0 0 0 350 0 500 -750 350 406 0 0 0 -750 0 0 0 0
0 0 0 0 400 900 100 0 1000 0 200 561 0 0 0 0 454 0 100 500 0 200 0 0 0 0 454 244 288 888 1000 0 0 0 400 0 0 0 0 950 0 1000 0 0 0 483 333 0 750 650 500 0 0 0 1000 66 925 483 0 925 0 0 600 0 1000 391 0 0 700 1000 0 500 454 500 437 437 0 0 500 1000 500 0 0 0 0 0 300 0 600 750 333 229 0 0 0 750 500 0 0 0
#WatfordFC 2015-10-03
-600 0 0 0 -400 0 0 -400 833 0 0 562 418 0 3 136 0 0 199 0 549 138 -600 0 0 418 66 0 250 0 0 0 318 0 0 0 268 0 380 445 250 237 213 0 261 800 0 -100 0 500 0 136 0 136 83 500 0 0 136 0 233 0 450 0 0 0 650 350 300 375 312 478 -312 266 0 0 -155 400 136 0 0 0 318 136 0 0 0 0 -166 0 0 418 345 318 -200 0 0 500 392 350
800 0 0 0 700 0 0 400 1000 0 0 500 527 0 276 454 66 0 527 0 900 561 800 0 0 577 166 0 550 0 0 0 727 0 0 0 477 0 477 590 200 656 454 0 634 400 0 500 0 600 0 454 0 454 66 600 0 0 454 0 366 0 575 0 0 0 875 550 575 500 333 568 800 383 0 0 288 1000 454 0 125 0 477 454 125 0 0 0 66 0 0 577 484 727 233 0 0 1000 522 244
#MCFC 2015-10-03
-100 0 400 400 -375 0 0 0 0 0 200 0 0 0 600 0 0 400 900 68 250 0 1000 312 0 0 0 0 500 0 0 -141 1000 136 300 0 0 550 187 -250 400 0 0 400 1000 0 0 0 100 0 0 100 -400 0 0 0 100 0 0 250 31 900 350 0 0 0 0 0 0 0 700 -800 1000 0 0 0 500 -116 0 0 0 333 0 0 0 -116 0 0 400 136 0 500 0 0 0 166 0 312 1000 68
500 0 800 800 500 0 0 0 0 1000 200 0 0 0 950 0 66 1000 700 227 466 0 300 333 0 0 0 0 150 100 100 533 400 454 750 0 0 449 437 183 800 66 0 800 300 1000 0 0 200 0 0 650 400 83 0 0 400 0 1000 250 250 875 650 0 100 0 0 0 0 0 900 800 400 0 0 0 600 641 0 0 0 666 1000 0 0 450 100 0 800 454 0 183 0 0 0 333 66 333 400 227
#NUFC 2015-10-03
400 400 0 -486 500 0 0 0 0 -400 800 0 -100 0 -155 400 0 18 -100 0 0 0 0 0 136 700 187 400 0 0 0 400 0 400 0 0 0 0 600 350 -400 0 0 700 285 0 0 250 -350 100 0 -38 250 0 0 600 0 0 0 800 0 200 200 100 83 0 0 -800 0 0 500 416 0 0 400 400 524 0 0 0 0 700 0 0 136 312 136 250 400 -500 0 0 0 0 0 0 0 0 0 0
800 800 0 833 850 0 0 0 0 700 400 0 300 0 288 800 0 377 200 0 0 0 0 0 454 600 437 800 0 0 0 800 650 800 0 0 0 0 800 650 400 0 0 600 535 0 0 250 550 400 0 345 350 0 0 800 0 0 0 400 0 400 200 200 700 0 0 900 0 0 500 277 0 0 375 800 600 0 0 0 0 850 0 0 500 333 500 1000 1000 533 0 0 0 0 0 0 0 0 0 0
#ncfc 2015-10-03
0 -250 625 0 1000 250 -400 0 0 0 0 1000 0 1000 1000 0 0 0 300 0 0 537 350 500 0 0 200 0 0 0 0 0 -400 625 0 100 575 0 500 250 166 0 0 -500 125 136 136 700 267 0 0 0 316 0 -250 0 0 800 200 0 300 50 200 125 0 0 0 0 -400 0 0 0 0 0 0 100 0 200 0 0 800 850 266 100 -750 475 0 0 -125 1000 0 -400 -166 0 1000 0 0 0 0 0
0 200 900 0 400 375 400 0 0 0 0 300 0 400 400 0 0 0 100 0 0 400 300 1000 0 0 200 0 0 0 0 0 400 900 0 100 700 0 1000 900 533 0 0 400 400 454 454 500 767 0 100 0 366 0 100 0 0 400 500 0 350 250 100 400 0 0 0 0 400 0 0 500 0 0 0 900 0 350 0 0 400 1000 466 228 1000 600 1000 0 125 300 0 600 333 0 400 0 0 0 0 0
#LCFC 2015-10-03
0 0 1000 0 0 0 136 200 800 0 250 0 0 0 0 -400 0 0 -400 200 -400 -400 -400 -400 0 0 0 100 0 0 0 0 0 0 0 500 500 0 49 0 136 0 285 0 285 0 0 0 0 0 800 -107 400 -50 0 49 0 0 500 0 -175 800 0 0 533 100 -500 0 0 -175 0 0 0 -250 -500 450 0 0 500 0 0 -400 83 -400 0 0 0 0 0 500 0 562 800 -400 0 0 0 0 0 0
0 0 300 0 0 0 500 100 200 0 375 0 0 0 0 400 0 0 400 200 400 400 400 400 0 0 0 800 0 0 0 0 0 0 0 600 500 0 450 0 454 125 535 0 535 0 0 0 0 0 1000 467 400 250 0 450 0 0 1000 0 250 400 0 0 833 100 900 0 0 550 0 0 0 250 750 700 0 0 1000 0 0 400 650 400 0 0 0 0 0 1000 0 500 750 400 0 0 0 0 0 0
#SAFC 2015-10-03
600 800 0 0 0 0 0 368 95 0 0 0 700 150 0 0 500 0 0 0 0 83 -188 -100 166 566 0 250 0 416 625 375 524 0 50 136 0 0 -100 0 175 208 50 0 100 0 700 0 50 250 125 400 50 -166 300 136 0 250 400 0 0 0 0 0 0 136 350 600 -312 233 0 268 0 136 0 0 800 0 0 0 0 0 0 0 -166 1000 166 0 0 125 0 312 0 250 222 100 0 0 250 0
950 600 100 0 0 0 0 677 415 100 0 0 799 150 0 0 475 300 0 0 0 700 230 400 333 462 0 250 0 277 675 611 600 0 450 454 0 0 100 0 650 333 450 0 1000 0 600 0 450 500 400 550 450 333 500 454 0 200 800 0 0 0 0 0 0 454 550 950 888 200 0 577 0 454 0 0 400 0 66 0 0 66 100 0 433 400 333 0 0 300 0 333 0 333 644 241 0 0 250 0
#WHUFC 2015-10-03
0 1000 0 0 0 291 0 0 0 400 0 250 0 400 0 0 600 500 -600 0 0 0 600 0 0 0 0 800 0 0 0 1000 0 -125 0 408 0 468 136 400 -12 0 0 0 136 -12 0 0 0 468 0 0 0 0 1000 0 0 0 0 0 0 0 0 0 0 136 0 0 0 0 136 0 0 0 0 333 -400 0 0 0 0 0 0 0 0 0 0 0 0 0 0 0 0 700 0 -45 0 0 0 0
0 300 0 0 0 450 0 0 0 400 0 750 0 800 0 0 900 500 900 0 0 0 1000 0 0 0 0 400 0 0 780 300 66 700 66 546 0 427 454 400 0 0 0 0 454 0 66 0 0 450 0 0 0 0 300 66 0 500 0 0 0 0 130 0 66 454 0 1000 0 0 454 0 0 0 0 500 400 0 0 0 0 0 0 0 0 0 0 0 0 0 0 0 0 1000 0 445 0 0 0 0
#CPFC 2015-10-03
0 136 500 800 0 0 0 0 500 0 0 -400 454 0 250 0 -400 454 -400 -400 -400 -400 -200 600 -400 454 600 600 -400 -400 454 454 0 150 136 -25 0 0 0 0 0 0 0 0 0 -450 0 0 0 0 500 0 0 -125 0 0 162 -400 0 250 0 0 0 500 300 0 500 500 0 -25 800 0 0 0 81 100 0 0 -187 0 378 100 250 33 0 -375 0 312 100 100 0 0 0 100 0 0 0 500 100 0
0 454 541 750 0 0 1000 0 900 0 0 700 765 0 500 0 700 765 700 700 700 700 800 900 700 765 900 900 700 700 765 765 500 211 500 625 125 125 0 125 0 0 0 0 125 550 0 125 125 125 500 0 125 700 0 0 300 400 0 200 0 0 0 150 300 0 888 900 0 625 400 0 0 0 467 300 0 0 500 0 251 200 283 99 0 500 0 333 300 300 0 0 0 300 0 0 0 900 300 0
#WBA 2015-10-03
100 378 100 31 833 0 700 0 -250 0 0 0 0 0 0 0 -24 0 -51 900 0 1000 0 162 93 800 900 900 0 0 0 0 0 0 0 0 0 500 0 333 0 1000 0 0 800 0 378 976 633 633 633 0 -75 -450 -300 0 0 0 0 390 0 208 500 525 478 0 0 0 0 0 0 0 800 318 0 68 0 500 125 -77 0 0 -374 0 -97 0 -400 500 500 0 0 0 150 0 248 875 0 0 0 0
400 251 700 569 496 100 600 0 888 0 0 0 0 0 0 0 433 0 118 1000 0 300 0 300 656 750 1000 1000 0 0 0 0 0 100 100 0 0 150 0 666 0 300 0 0 400 1000 251 600 799 799 799 0 366 550 300 0 0 0 0 1000 0 250 500 625 651 0 0 0 0 0 0 0 400 700 1000 277 0 150 250 394 1000 0 408 0 206 0 700 750 700 0 0 0 133 0 565 600 0 0 0 0
