#SAFC 2016-09-12
81 0 0 0 750 0 333 61 300 250 500 61 0 0 158 0 158 68 0 0 61 61 0 0 0 0 0 0 232 -333 -100 -112 -25 0 550 0 0 250 -76 0 -25 300 300 0 933 -25 -25 -25 800 600 500 0 0 0 750 0 0 33 0 200 -166 625 -155 -155 0 0 100 400 0 400 0 0 0 -291 0 50 0 0 0 170 0 136 136 0 0 199 0 0 136 136 0 -291 388 -37 200 0 0 0 0 0
525 0 0 0 500 166 666 266 0 500 888 266 0 0 283 100 283 727 0 0 266 266 0 0 0 0 0 0 550 666 500 408 450 0 1000 33 0 333 269 0 450 388 450 0 433 450 450 450 1000 1000 600 0 0 0 600 100 0 650 0 600 333 500 288 288 0 0 100 800 0 800 0 0 0 491 0 600 0 0 0 500 100 454 454 0 0 266 0 0 454 454 66 541 766 487 200 0 0 0 0 0
#EFC 2016-09-12
0 0 0 68 0 400 100 0 0 0 0 0 0 400 0 68 0 0 0 -200 -200 0 0 -300 -300 0 -200 0 -300 0 -200 0 -300 833 62 0 0 0 800 0 -200 145 -300 0 -350 150 0 0 0 400 0 0 416 0 0 400 0 -300 199 0 0 0 0 0 0 0 0 0 0 454 666 0 0 0 0 0 833 550 0 0 0 0 0 0 625 666 0 0 600 0 0 0 400 0 -500 0 0 0 0 200
0 0 0 477 0 800 0 0 0 0 0 125 0 800 0 393 0 0 0 50 50 0 0 200 200 0 50 0 200 0 50 0 200 600 500 100 0 0 750 0 50 639 200 0 799 649 0 125 0 800 0 0 583 0 0 800 0 200 441 0 100 0 0 0 0 100 0 125 0 845 533 0 250 0 33 0 783 625 0 0 0 0 0 0 500 533 0 0 800 0 0 0 800 0 700 0 455 0 0 250
#Swans 2016-09-11
-166 0 -500 0 100 800 136 587 0 0 0 0 0 0 500 500 -250 0 0 350 0 -250 -625 0 0 500 0 0 716 0 0 0 100 -377 -166 800 -50 162 -500 0 0 0 0 -400 800 68 0 -250 0 0 0 0 0 0 0 0 0 0 -250 -250 800 136 0 33 0 800 300 800 125 0 0 0 0 250 0 0 0 0 0 150 -100 136 0 0 0 0 46 -83 66 687 0 50 0 0 0 0 0 0 0 0
433 0 900 0 400 400 454 450 0 0 0 0 100 0 700 900 312 0 0 550 0 312 1000 0 0 725 0 0 833 0 0 0 400 688 333 1000 562 612 500 0 0 0 0 700 1000 289 100 250 0 0 0 0 0 0 0 0 0 0 250 250 400 500 0 399 0 1000 0 1000 166 0 0 0 0 333 0 0 0 0 0 550 50 500 0 0 0 0 100 341 100 750 0 400 0 0 0 0 0 0 0 0
#CFC 2016-09-11
650 0 -50 68 0 0 781 450 0 0 600 166 0 50 400 187 187 187 800 800 0 187 187 50 800 0 0 0 0 0 400 200 781 0 750 450 400 450 450 0 0 0 0 0 0 0 0 0 0 0 0 0 325 0 0 0 250 400 0 0 0 -500 1000 0 0 216 225 350 233 800 400 1000 400 50 33 400 0 0 0 800 0 0 0 0 0 50 0 0 0 0 0 0 1000 0 0 1000 0 0 0 0
450 0 750 377 0 0 750 625 0 0 900 500 0 200 500 437 437 437 400 400 0 437 437 200 400 0 0 0 0 0 500 300 750 0 500 625 500 625 625 0 0 0 0 0 0 0 0 0 0 0 0 0 416 0 0 0 375 500 0 0 0 750 300 0 0 416 375 550 300 400 800 300 800 200 133 500 0 125 0 400 0 0 0 0 0 200 0 0 0 0 0 1000 300 0 0 300 0 0 0 0
#LFC 2016-09-10
163 0 487 0 0 170 0 0 0 0 0 0 800 0 600 500 0 0 151 136 0 0 0 -600 0 0 50 0 100 0 350 0 0 468 700 218 400 0 0 0 412 0 300 0 500 500 0 -500 0 0 0 -291 0 0 0 0 0 0 0 0 0 0 0 0 0 0 500 0 0 0 151 350 0 0 500 500 0 0 68 0 0 0 0 0 151 0 -100 168 0 333 151 0 650 0 0 0 0 0 0 184
433 0 775 0 0 454 0 100 100 0 0 1000 750 100 1000 850 0 0 393 454 0 0 1000 700 0 0 50 0 0 0 550 1000 66 427 600 400 875 0 0 0 450 0 900 0 600 600 1000 866 1000 0 0 541 0 0 0 0 0 0 0 0 0 0 0 0 0 0 1000 0 1000 125 393 650 0 0 450 1000 0 0 227 0 0 0 0 0 393 0 400 527 0 833 393 0 250 100 0 0 0 0 0 373
#LCFC 2016-09-10
0 0 0 0 160 200 0 0 0 0 0 0 0 0 0 0 0 0 0 0 0 0 175 0 0 0 0 0 537 1000 0 -93 -155 0 0 700 428 316 0 275 1000 200 0 0 0 -166 -250 0 800 0 0 0 0 0 0 0 99 -625 0 0 0 433 0 0 -16 0 500 0 1000 500 625 541 433 0 600 428 428 566 133 253 218 333 976 0 136 400 0 0 -212 136 0 0 0 159 0 800 700 0 400 0
0 0 0 0 539 200 1000 0 0 0 0 0 0 0 0 0 125 0 0 0 0 0 325 0 0 0 0 0 400 300 0 500 288 0 0 600 685 716 125 524 400 312 0 0 1000 166 250 0 400 0 0 0 0 100 0 0 414 900 0 0 0 833 0 0 411 0 800 0 900 500 800 733 833 0 1000 685 685 566 433 296 583 455 800 0 454 800 0 0 825 454 0 0 0 363 0 900 600 0 600 0
#AFC 2016-09-10
0 -121 0 0 136 0 0 0 625 0 250 0 0 200 0 0 318 0 400 0 0 0 0 0 0 0 0 0 0 0 500 -327 600 0 0 0 0 0 0 0 0 0 0 0 333 0 0 0 0 0 0 100 428 0 0 1000 0
0 584 125 0 454 0 0 0 600 0 750 0 0 200 0 0 477 125 800 0 0 0 0 0 0 0 0 0 0 0 150 644 900 0 0 0 0 1000 0 0 0 0 0 0 366 0 0 0 0 0 0 400 685 0 0 900 0
#SaintsFC 2016-09-10
0 0 0 0 800 0 -50 0 354 0 287 1000 74 0 275 416 150 0 50 0 525 0 0 400 700 312 600 0 250 0 0 0 400 0 24 0 0 450 138 250 0 0 0 0 285 0 0 0 1000 75 0 400 166 -500 311 250 0 100 400 0 0 0 13 400 500 400 -166 0 0 350 14 -166 -300 -99 -99 -99 375 -400 250 -200 400 0 0 0 0 -77 0 400 0 0 0 -300 -150 0 -166 500 0 -125 166 -150
0 0 0 0 400 0 150 0 533 0 412 1000 700 66 325 444 625 0 500 0 800 0 0 400 600 400 1000 500 200 0 0 0 400 0 475 0 0 750 600 333 0 0 0 0 535 0 0 0 1000 494 0 400 750 300 588 250 0 400 400 0 0 0 380 400 1000 400 333 500 0 300 514 166 400 250 250 250 400 400 750 800 400 0 0 0 0 294 0 400 0 0 66 525 300 0 166 650 0 375 333 300
#AFCB 2016-09-10
0 0 0 0 0 -327 0 0 0 0 0 0 -222 -154 234 61 0 50 0 -197 -500 0 0 0 0 200 0 0 0 -300 200 -400 317 0 250 58 0 -312 0 -350 216 0 375 400 183 200 0 0 550 0 250 50 -600 0 -186 0 0 0 0 0 0 533 0 200 0 0 200 49 -166 -500 0 575 200 500 0 0 0 0 0 400 800 0 0 437 75 -500 0 900 0 0 -100 0 0 275 800 550 0 0 0 0
0 0 0 0 0 644 0 0 125 0 0 0 585 504 394 405 0 500 0 702 900 100 0 0 1000 500 0 0 0 700 200 400 542 0 200 591 0 687 0 475 333 300 500 700 283 200 0 0 650 125 376 429 800 0 655 0 0 0 0 0 66 633 0 200 100 0 350 700 333 1000 0 475 350 150 0 0 0 0 0 800 400 0 0 625 844 500 0 900 0 0 250 0 0 944 400 500 0 100 0 0
#WBA 2016-09-10
0 0 0 500 300 0 100 0 0 500 500 0 0 350 0 173 50 0 340 200 500 200 0 0 200 0 0 0 0 213 0 0 285 0 0 0 0 150 0 0 500 0 325 0 0 0 0 -200 0 -400 0 150 0 0 -250 500 0 500 1000 0 0 0 0 625 0 237 0 500 500 300 0 -125 0 400 136 0 250 -125 0 -625 333 0 1000 0 0 0 0 100 0 136 0 0 0 0 0 0 -250 0 0 0
0 0 0 500 366 0 100 0 0 500 500 0 0 750 100 586 300 0 503 300 500 100 0 0 500 0 0 0 300 500 0 0 535 0 0 0 0 900 0 0 900 0 850 0 0 0 0 475 0 700 0 900 0 0 100 900 0 888 300 0 0 0 0 500 0 575 0 900 900 100 0 375 0 500 454 500 250 375 0 1000 500 0 300 0 0 0 0 125 0 500 0 0 0 0 0 0 800 0 0 0
#Clarets 2016-09-10
0 0 136 -100 0 0 0 0 136 0 0 0 250 800 700 62 62 0 625 350 0 1000 500 500 0 50 -155 625 112 112 0 -600 -141 -131 0 0 0 -500 0 0 0 375 0 0 0 0 1000 50 62 62 0 600 366 550 0 976 0 0 600 400 400 800 800 0 0 95 95 1000 0 0 0 0 0 50 50 475 66 66 93 93 0 16 16 700 700 -33 -33 117 13 13 0 -66 -66 83 0 0 -40 41 41 375
0 0 454 400 0 0 0 0 454 0 0 0 333 900 600 450 450 0 900 550 0 300 500 500 0 100 288 900 450 450 0 1000 404 427 0 0 0 400 0 0 0 200 0 0 0 0 750 100 450 450 0 488 222 650 0 600 0 0 500 900 900 750 750 0 0 770 770 750 0 0 33 33 0 383 383 700 133 133 243 243 0 461 461 600 600 233 233 467 293 293 0 241 241 500 0 0 407 250 250 625
#hcafc 2016-09-10
0 0 -400 500 -400 500 25 500 0 500 800 250 -500 200 1000 500 500 -600 270 0 0 225 0 437 0 0 0 0 0 27 0 575 700 200 10 0 -41 0 200 725 0 0 750 136 -400 0 500 -500 512 -75 0 0 -133 136 -33 0 200 0 0 0 0 0 0 99 800 0 0 136 -600 1 -500 500 -177 -900 0 0 -58 500 400 -350 0 160 500 0 600 0 324 0 418 -512 -125 -175 0 800 0 0 0 700 250 107
0 0 600 500 600 1000 825 500 0 900 750 511 700 364 950 500 500 800 348 0 0 500 0 550 0 0 0 0 0 416 0 550 600 300 950 0 521 0 450 537 0 357 400 454 600 0 500 900 551 650 0 0 516 454 300 0 200 0 0 0 0 0 1000 166 400 0 100 454 1000 550 600 500 750 850 0 0 591 500 525 600 0 320 183 0 950 0 500 0 627 600 375 291 0 750 0 0 0 600 444 470
#boro 2016-09-10
136 0 250 0 483 0 0 0 250 0 0 350 0 0 500 0 350 0 25 0 0 0 0 0 0 0 350 0 0 0 0 0 0 0 0 0 500 0 0 0 -400 0 0 285 150 500 0 0 200 0 0 800 -166 0 0 0 0 0 0 0 0 0 0 0 700 0 250 275 -155 0 0 268 0 200 266 300 0 0 0 0 200 0 500 0 -388 -388 0 136 0 0 -400 700 700 222 136 650 0 350 -100 0
454 0 250 0 811 0 0 0 250 0 0 475 0 100 500 533 700 0 525 0 0 100 33 100 0 0 650 0 0 0 100 0 0 0 0 500 500 0 0 0 400 0 0 700 650 500 0 0 250 0 0 400 333 0 0 100 0 0 0 0 0 0 0 0 600 0 250 944 288 0 0 427 0 100 633 450 0 0 125 0 350 0 500 0 833 833 0 454 0 0 400 600 600 277 454 750 0 362 633 0
#CPFC 2016-09-10
0 0 0 136 0 0 0 268 0 0 0 625 250 0 483 0 -156 700 0 -329 0 0 0 0 0 78 800 0 0 0 0 136 0 0 0 83 0 0 0 0 -400 0 0 0 -400 -699 0 322 0 0 0 0 0 -400 0 250 0 -600 500 0 0 250 800 250 0 0 0 0 0 -600 300 666 -25 0 0 0 0 400 0 0 0 300 0 0 0 325 227 400 -50 355 0 0 318 0 0 0 250 0 0 0
0 0 0 454 0 1000 0 627 0 0 0 1000 250 125 811 0 375 600 0 391 50 0 0 0 0 551 700 0 0 0 100 454 100 0 0 466 0 0 0 0 600 0 0 0 700 666 0 500 0 0 0 0 0 600 0 200 0 800 600 0 100 250 700 333 0 0 0 0 0 900 441 633 233 0 0 0 100 400 0 0 0 450 0 0 0 975 411 1000 400 555 0 0 477 0 0 1000 750 0 0 100
#SCFC 2016-09-10
0 0 0 0 0 0 200 0 0 250 375 0 425 1000 0 0 500 0 0 0 0 0 200 0 1000 0 0 0 400 0 200 0 250 0 0 14 0 0 0 250 0 0 0 99 250 0 0 0 0 0 656 250 250 350 0 200 0 0 175 600 0 0 0 0 283 100 0 333 0 0 166 0 -25 450 0 -400 249 0 0 378 283 0 -400 -400 0 100 136 0 0 0 -12 283 0 -1000 -425 0 0 0 0 283
0 0 0 0 0 0 200 0 0 533 416 0 425 1000 0 0 600 0 0 0 0 0 300 0 900 0 0 1000 400 0 200 0 750 0 300 472 0 0 0 750 0 0 0 675 300 0 0 0 0 0 275 500 500 416 0 850 0 0 325 1000 0 0 0 0 383 650 0 500 0 0 250 100 475 450 0 400 328 100 100 584 383 100 400 400 0 0 454 1000 100 0 0 383 0 1000 600 0 0 0 0 383
#COYS 2016-09-10
0 625 0 0 300 -500 400 0 0 0 800 0 0 100 0 0 550 433 133 1000 0 0 0 0 0 0 -171 0 333 659 625 -30 400 87 900 800 318 0 0 625 0 -216 0 0 136 500 0 -200 500 227 500 428 0 346 800 -200 0 0 -100 27 200 700 0 500 500 0 0 0 100 -100 800 875 0 0 0 575 575 500 575 -388 0 0 0 0 1000 0 0 0 -77 0 0 625 107 0 183 -633 350 466 257 550
0 600 250 0 562 600 800 0 0 0 750 0 0 400 0 0 662 916 166 400 0 0 0 0 250 0 264 0 133 550 625 639 800 656 1000 1000 527 0 0 500 0 666 0 0 454 1000 0 250 600 766 600 685 0 511 575 700 0 0 50 402 722 600 0 700 1000 0 0 0 900 350 400 600 0 0 0 712 712 800 712 833 0 0 250 0 900 0 0 0 144 0 0 800 371 0 483 822 333 666 442 616
#WHUFC 2016-09-10
0 0 0 600 600 0 0 300 200 0 0 0 0 0 0 0 500 0 116 250 0 250 0 416 0 50 195 0 0 0 375 0 0 700 200 208 0 200 0 0 -250 0 0 -600 400 33 700 0 0 600 0 -200 800 0 0 0 0 0 500 0 136 225 312 368 400 0 0 0 350 400 0 -71 -400 800 -166 0 -349 0 100 0 312 0 368 0 0 0 0 136 0 0 0 153 0 0 400 0 250 0 0 0
0 0 0 600 600 0 0 512 466 0 0 0 100 0 0 0 600 0 233 333 0 200 0 684 0 500 362 0 0 0 500 0 0 600 300 666 0 200 0 0 400 0 0 1000 1000 366 600 0 0 600 0 250 400 0 300 0 0 0 500 0 454 416 250 677 1000 100 0 0 650 1000 0 142 400 750 333 0 333 0 200 0 250 0 677 0 0 0 0 454 0 0 0 213 0 300 800 0 333 0 0 0
#WatfordFC 2016-09-10
400 306 400 366 0 0 0 318 0 0 0 50 250 0 0 1000 0 500 0 0 1000 0 0 0 0 318 0 328 306 -77 0 0 400 0 500 -600 -250 0 0 0 166 1000 250 0 100 0 350 136 -155 200 0 0 600 0 0 200 45 0 0 0 -125 0 0 0 0 0 0 166 700 133 -125 0 0 0 0 0 0 0 136 500 136 0 0 400 0 0 0 400 -100 0 0 200 400 136 0 0 0 111 -41 -77
800 266 800 508 0 0 0 500 0 0 750 500 450 0 1000 750 0 700 0 0 300 0 0 0 0 500 0 551 639 594 0 0 500 0 700 800 500 0 0 0 333 400 333 500 300 0 458 500 288 100 0 0 1000 0 0 100 418 0 0 0 375 400 0 0 0 0 0 394 600 438 375 100 0 100 100 0 0 100 454 600 454 0 0 800 0 0 0 400 450 100 0 500 400 454 66 100 0 580 350 144
#MUFC 2016-09-10
0 0 0 350 0 350 0 350 7 0 1000 400 0 0 0 357 200 133 0 0 450 0 0 0 0 0 0 -750 100 0 87 -50 0 0 0 900 0 0 900 0 50 -500 0 0 350 0 300 650 500 -452 0 0 0 0 0 0 0 0 0 850 0 0 0 0 0 0 200 0 0 -375 -200 0 500 100 0 0 1000 0 0 333 334 350 350 0 700 200 0 0 0 0 0 0 0 0 0 0 0 0 0 0
0 0 0 950 0 950 0 950 430 0 1000 800 0 0 100 571 625 555 0 0 750 0 0 0 0 0 0 1000 183 0 550 100 0 0 0 1000 0 0 1000 0 50 1000 0 0 550 0 1000 875 500 682 0 0 0 0 0 0 0 0 0 1000 0 0 0 0 0 125 500 0 0 700 350 0 600 200 0 0 900 0 0 1000 500 950 950 0 800 500 0 0 0 0 0 0 0 0 0 0 0 0 0 0
#MCFC 2016-09-10
0 0 0 350 350 0 0 0 0 0 0 900 900 0 0 900 0 350 700 0 0 0 0 0 0 397 0 166 0 0 0 0 258 0 400 400 -250 0 85 0 0 800 500 0 0 0 -300 700 0 533 -31 0 0 372 428 0 0 0 -100 0 266 0 1000 0 0 0 0 0 0 428 0 500 0 500 0 0 0 0 1000 350 1000 0 0 0 0 0 -700 0 0 0 800 0 0 136 0 0 0 0 0 0
0 0 0 950 950 0 0 0 0 0 0 1000 1000 0 0 1000 0 550 800 0 0 0 0 0 100 425 0 833 0 0 0 0 341 500 800 800 333 0 250 0 0 800 900 0 0 0 400 600 0 833 627 0 0 700 685 0 0 0 900 0 250 0 900 0 0 0 0 0 1000 685 0 500 0 900 0 0 0 100 900 300 300 0 0 500 100 0 850 100 0 0 400 0 0 454 0 0 0 0 0 500
#MCFC 2016-08-28
-125 0 37 0 1000 166 0 0 0 0 0 49 4 350 0 0 0 0 0 0 0 0 0 0 0 400 400 900 0 0 0 150 0 0 0 142 0 0 125 0 0 -187 0 0 0 0 0 875 0 0 0 0 0 0 750 -424 437 0 396 318 437 800 0 0 0 0 800 0 75 0 69 0 0 0 500 781 0 433 0 200 800 250 0 1000 0 100 500 0 0 0 400 500 0 0 1000 -388 1000 0 62 0
366 0 500 0 900 500 0 0 0 0 0 649 444 500 0 0 0 0 0 0 0 0 0 0 333 800 800 600 0 100 0 550 0 0 0 267 0 0 1000 0 0 616 0 0 1000 0 0 600 0 0 1000 0 0 100 400 516 550 780 883 477 550 400 100 0 0 0 400 0 100 0 347 0 125 0 500 500 0 833 0 400 750 750 0 1000 0 200 500 0 0 0 600 500 0 0 400 833 300 0 137 0
#WHUFC 2016-08-28
0 300 0 -100 0 0 0 600 600 0 -200 0 550 400 75 0 0 0 250 0 0 156 0 0 -800 100 0 0 0 0 -800 0 0 0 285 0 136 0 250 0 -156 0 250 0 600 600 49 275 0 250 250 0 100 400 0 0 0 156 0 324 -400 200 -600 0 100 -108 0 0 0 208 0 0 0 0 0 0 0 350 0 -125 0 -500 50 -93 0 0 0 0 800 0 0 0 0 0 156 0 300 0 0 0
0 800 0 400 0 0 0 600 600 0 700 66 700 408 950 0 0 0 200 1000 0 416 0 0 1000 400 0 0 100 0 1000 0 0 0 535 0 454 0 333 0 543 0 500 0 600 600 512 425 0 200 200 0 400 408 0 0 0 416 0 525 400 500 800 0 200 233 0 0 0 561 0 0 0 0 0 0 0 333 0 375 0 1000 1000 283 0 0 150 0 1000 0 0 0 0 0 666 66 100 0 200 0
#WBA 2016-08-28
-125 -24 216 0 700 0 0 337 500 0 0 125 100 400 -100 200 0 0 425 0 200 -400 -100 650 0 0 200 0 0 100 0 -800 0 250 0 0 0 500 500 0 500 233 -200 0 0 0 0 0 0 300 416 0 -600 106 -800 0 0 0 0 48 350 0 -166 0 0 100 0 125 0 0 1000 0 0 0 0 0 150 0 0 0 0 0 0 0 300 0 -100 200 500 -99 250 -200 0 800 800 250 250 0 0 875
175 750 766 0 933 0 0 600 600 0 100 166 450 800 400 500 0 0 525 0 500 700 400 700 0 0 500 0 0 400 0 200 0 300 0 0 0 500 500 0 500 500 800 0 0 0 0 0 0 400 500 0 700 700 800 0 0 0 0 346 450 0 455 500 0 400 0 625 0 0 300 0 0 0 0 0 775 0 0 0 0 0 0 0 950 0 200 200 900 700 300 600 0 750 750 750 750 0 0 600
#boro 2016-08-28
0 0 0 0 0 0 50 156 0 1000 0 0 0 0 0 0 100 0 0 166 0 150 -100 0 0 0 0 0 0 0 0 125 16 -600 0 -150 850 -300 0 170 500 0 200 -166 0 0 700 0 0 0 0 0 0 0 0 250 0 0 500 0 366 0 266 0 0 0 0 500 0 0 0 0 0 136 0 166 200 500 0 0 0 136 0 418 0 700 200 0 250 400 0 0 0 0 212 0 0 0 0 -62
0 0 0 0 0 0 200 200 0 600 0 0 0 0 0 0 200 0 0 333 125 700 500 0 0 0 0 0 0 0 0 511 133 800 0 300 750 400 0 454 500 0 500 333 0 1000 600 0 0 0 0 0 0 0 0 500 0 0 600 0 466 0 250 0 0 0 0 500 0 0 0 0 0 454 0 233 500 875 0 0 0 454 0 577 66 600 200 1000 487 400 1000 0 0 0 534 0 0 0 0 187
#hcafc 2016-08-27
500 0 0 285 0 0 800 500 425 0 0 0 50 99 0 166 800 0 -400 0 0 -166 -99 0 130 0 700 266 0 -300 0 0 168 -300 -100 0 0 100 214 0 100 0 -125 500 99 500 0 142 0 875 0 0 -360 100 0 0 87 0 0 500 -450 0 -194 0 250 0 550 300 284 0 -416 0 0 0 750 300 500 400 500 0 0 0 0 0 0 -175 0 125 0 0 200 400 250 250 266 0 1000 0 0 0
600 0 0 535 0 0 750 750 525 0 0 0 450 566 0 366 750 0 400 0 0 966 583 0 630 0 600 441 1000 325 0 250 277 566 381 0 0 133 500 250 650 0 375 500 566 500 0 267 0 600 0 0 590 200 0 1000 387 0 0 900 750 0 288 0 100 0 500 400 660 0 1000 125 0 0 1000 450 625 500 500 0 0 0 0 0 0 199 0 218 0 100 900 400 250 750 441 0 1000 0 0 0
#MUFC 2016-08-27
0 0 0 0 0 650 400 0 0 0 -200 0 0 400 -400 250 0 100 0 -31 0 0 -116 0 0 -400 0 0 100 0 50 0 0 0 0 100 195 0 0 0 -150 0 0 0 0 0 0 0 0 0 0 357 137 500 500 500 111 0 0 -133 142 0 142 142 0 0 50 0 0 0 0 0 0 0 0 0 0 0 0 0 0 0 0 0 350 -99 -99 0 0 0 0 0 100 0 400 0 400 291 0 0
0 0 0 0 0 644 800 0 0 0 0 0 0 900 400 200 0 400 0 427 0 1000 283 0 0 400 0 0 200 0 50 0 0 0 0 100 400 0 0 0 750 0 0 0 0 0 0 0 0 0 0 535 687 750 600 900 355 0 666 696 517 0 517 517 0 0 350 750 0 0 0 0 0 0 0 0 0 0 0 0 0 0 0 0 300 330 330 0 0 0 0 0 200 0 800 0 800 438 0 125
#CFC 2016-08-27
0 0 0 -187 71 0 0 0 500 -100 0 0 -300 800 136 -200 0 0 500 233 100 0 -100 -50 0 0 62 0 -156 0 400 400 0 0 500 0 0 656 0 0 0 1000 0 600 -150 0 0 216 -312 0 0 0 0 -312 500 -600 0 0 0 0 0 -50 -100 195 0 -100 0 -500 -100 -125 625 -100 0 0 0 -100 0 450 0 0 0 0 0 0 -250 0 0 800 0 -283 -275 100 0 0 0 0 -416 0 75 -200
0 0 0 1000 786 0 0 0 500 400 0 0 400 900 454 600 0 0 550 566 600 0 400 200 0 0 500 0 843 0 800 800 125 0 900 0 0 734 0 0 0 300 100 216 262 0 0 616 687 0 0 0 0 687 700 800 0 0 1000 0 0 200 400 200 0 400 125 1000 100 375 888 200 0 0 0 400 0 600 0 0 0 0 0 0 1000 0 0 400 0 500 700 300 100 0 0 0 833 0 625 266
#Clarets 2016-08-27
0 0 -168 0 0 -400 0 170 68 68 170 0 375 0 0 0 0 -400 0 0 0 0 0 0 0 250 0 0 0 -699 0 700 700 0 800 0 0 0 0 0 0 0 116 -300 0 0 0 0 500 0 -283 49 125 -150 -792 0 -429 0 -400 0 -100 0 0 0 0 136 1000 50 -9 136 0 136 1000 -216 0 566 0 337 200 136 0 136 100 400 0 0 0 0 0 0 0 -100 0 0 0 0 0 0 50 0
0 0 462 0 0 400 125 454 750 750 454 0 475 0 0 0 0 600 0 0 0 0 0 0 0 333 0 0 0 666 0 600 600 0 1000 0 0 0 0 0 0 0 350 600 0 0 0 0 1000 0 666 1000 191 950 812 0 600 0 400 0 400 0 0 0 0 500 1000 200 300 500 0 500 750 238 0 433 0 422 500 500 0 500 1000 800 0 0 0 0 66 0 0 400 0 0 0 0 0 0 100 100
#CPFC 2016-08-27
-333 700 1000 0 0 -62 0 150 625 200 363 0 0 137 800 111 300 0 0 0 0 0 0 0 136 500 300 1000 -875 833 178 -200 134 0 166 290 0 200 0 0 -400 0 550 0 156 0 500 -416 285 0 0 -322 0 0 700 580 0 500 0 -333 850 0 226 100 0 900 136 0 0 -200 150 0 -100 600 375 -100 0 -75 650 0 0 295 0 0 500 700 0 0 -200 250 0 350 500 0 0 142 550 0 0 400
1000 600 300 0 0 437 0 650 900 200 522 0 0 687 1000 355 400 0 0 0 0 0 0 0 454 888 500 300 800 533 368 500 413 125 333 528 0 400 0 0 700 0 750 206 900 0 500 666 535 0 0 766 0 0 600 570 0 500 300 1000 650 0 233 383 0 1000 454 0 0 0 300 0 500 600 500 100 0 366 500 0 0 478 0 0 500 600 1000 1000 350 500 0 650 1000 1000 0 301 950 0 0 650
#AFCB 2016-08-27
0 0 445 625 0 136 100 0 -49 0 62 350 441 100 1000 0 0 0 0 500 -99 0 187 700 0 228 350 250 -325 700 0 0 700 800 0 0 0 -218 700 0 0 0 283 368 335 -77 -699 0 500 450 0 400 0 -212 650 136 0 0 0 0 0 0 0 500 0 0 0 137 -166 -155 0 0 0 0 0 400 550 0 0 0 0 500 0 0 0 -799 325 392 0 -233 800 550 0 0 0 0 0 300 0 0
0 0 584 900 0 454 1000 125 1000 0 184 350 300 1000 300 0 100 0 0 900 327 0 500 600 0 611 362 200 575 600 0 0 600 800 0 0 0 650 600 0 0 0 461 750 696 144 666 0 750 483 0 800 0 350 675 454 0 1000 0 0 0 0 0 500 100 0 0 600 333 277 0 0 0 0 125 800 700 0 0 0 400 1000 0 0 0 1000 312 517 0 400 750 500 100 0 500 66 300 166 0 0
#EFC 2016-08-27
0 0 133 0 100 400 700 -125 0 0 0 0 0 0 0 200 0 425 400 0 250 200 0 0 0 0 -350 285 250 -208 187 500 200 175 -75 266 0 0 0 0 0 0 0 0 0 0 0 -150 0 487 0 0 800 0 333 283 400 375 -800 266 -175 0 0 0 175 400 0 -250 0 225 136 0 0 0 -37 0 500 0 0 0 0 0 0 236 -1000 500 0 0 0 0 177 433 0 285 0 500 400 350 0 0
0 0 433 0 0 800 600 500 0 0 0 0 0 1000 125 200 0 437 800 0 500 500 0 0 0 0 433 535 333 66 650 525 200 691 50 587 0 0 0 0 0 0 100 0 0 0 0 350 0 533 0 125 400 0 366 333 800 500 750 587 550 0 0 0 691 800 0 400 142 500 454 0 0 0 504 500 500 100 0 0 0 0 0 472 900 500 0 0 0 0 507 549 0 535 0 600 425 400 0 0
#SCFC 2016-08-27
464 0 0 0 0 0 0 0 -400 0 0 0 500 112 112 257 0 0 112 112 0 0 625 0 500 0 308 -312 0 100 0 50 0 0 0 0 0 0 0 100 100 0 -608 254 0 0 0 0 566 0 -700 0 200 0 0 200 0 100 750 0 0 0 0 0 0 0 400 400 -75 0 0 200 100 750 0 400 0 0 0 192 0 0 -200 0 -200 0 133 -50 0 464 0 -100 0 0 0 0 0 0 0 0
742 0 0 0 0 0 0 0 400 0 0 0 900 518 518 503 0 0 518 518 0 33 400 0 500 0 772 300 0 200 0 550 0 0 0 1000 0 0 0 100 400 0 700 470 0 0 0 0 566 0 200 0 100 0 0 100 1000 200 400 0 0 0 0 0 0 0 400 400 350 33 0 100 200 400 0 400 0 0 0 617 33 0 400 0 400 0 533 400 0 742 0 200 0 0 0 0 0 0 0 0
#LCFC 2016-08-27
0 1000 0 1000 0 0 266 0 625 216 0 500 800 0 0 0 0 0 0 0 0 0 800 0 0 600 -400 0 0 250 -400 425 0 0 16 800 0 350 0 261 216 0 800 -125 0 0 0 0 -93 0 0 175 0 0 0 800 312 316 0 -250 200 0 0 0 700 0 50 0 450 450 0 166 0 0 700 0 208 0 0 93 0 600 0 -400 250 0 433 -400 0 0 0 0 390 0 0 166 -400 216 0 0
0 1000 0 300 0 0 500 0 500 377 283 500 400 0 0 0 0 0 0 0 0 0 400 0 125 900 400 0 0 250 400 525 0 0 133 400 0 700 0 472 377 0 875 375 0 0 0 0 250 0 0 275 0 0 0 400 500 716 125 750 312 0 0 0 950 0 150 0 650 650 1000 166 100 0 700 0 666 0 0 235 0 900 0 400 300 0 833 400 0 0 0 0 1000 1000 0 230 500 377 0 0
#Swans 2016-08-27
800 800 0 0 0 800 500 0 122 50 500 0 800 0 0 100 0 0 0 0 0 0 136 0 0 0 0 136 -166 0 0 0 0 0 -600 0 0 0 0 0 0 0 0 0 0 0 0 0 0 400 0 0 0 400 0 0 469 0 0 0 800 0 124 1000 -33 0 0 0 0 -100 0 266 0 0 68 -100 175 68 0 -281 175 400 136 0 136 0 68 0 125 0 -400 750 500 0 0 0 0 400 0 0
400 400 0 0 0 400 1000 0 866 711 1000 0 400 0 0 400 0 0 0 0 0 0 454 0 0 0 0 454 333 0 100 0 0 0 900 0 0 0 0 0 0 0 0 0 0 0 0 0 0 500 0 0 0 400 100 0 530 0 0 0 1000 0 375 1000 633 0 0 0 0 400 0 277 0 0 250 400 275 250 0 583 275 700 500 0 500 0 250 0 166 0 400 675 750 0 0 0 0 700 100 0
#SaintsFC 2016-08-27
0 900 0 0 100 0 0 0 600 0 0 0 -349 0 0 0 0 136 -400 -100 0 750 0 0 170 0 0 483 -150 282 500 0 0 0 500 349 562 247 0 -81 0 0 312 800 900 750 176 136 100 600 -200 350 0 136 136 600 458 136 136 160 136 136 136 400 0 0 0 500 0 400 100 0 0 200 0 0 0 0 0 500 0 0 136 -500 0 0 0 0 0 0 0 349 0 475 200 250 400 0 0 250
0 1000 0 0 400 0 0 0 900 0 0 357 833 0 0 0 0 454 400 50 0 1000 650 0 454 0 0 933 700 625 500 0 0 0 600 666 694 791 0 427 0 0 333 750 1000 1000 789 454 150 1000 233 550 0 454 454 1000 633 454 454 539 454 454 454 900 0 0 0 550 0 900 400 0 0 200 0 0 0 0 0 500 0 0 454 1000 0 0 0 0 0 0 0 666 0 800 400 333 1000 500 0 525
#SAFC 2016-08-27
0 0 0 0 142 350 0 124 350 -400 0 -312 0 285 0 300 625 0 0 0 0 133 99 250 0 0 113 -781 0 -50 0 0 -500 -600 0 0 0 200 800 200 0 100 0 0 600 -166 687 225 600 0 500 0 500 0 383 0 0 -166 0 0 0 0 400 0 350 0 175 0 0 250 -404 50 0 -155 500 450 0 0 1000 200 500 0 500 106 500 0 566 300 0 0 0 0 0 0 500 0 225 16 500 0
0 0 0 0 517 550 0 316 649 400 0 687 0 535 0 475 475 0 0 0 0 766 449 875 0 0 772 1000 100 400 0 0 1000 1000 0 0 0 900 900 400 50 300 0 0 700 333 744 425 833 125 500 0 500 0 666 250 0 433 0 500 1000 0 1000 0 650 0 430 0 0 333 811 449 0 288 500 700 0 0 750 200 694 300 600 450 800 0 633 100 0 0 0 0 0 0 600 0 300 700 500 0
#WatfordFC 2016-08-27
136 -500 800 400 0 400 412 -300 0 300 0 525 100 -200 -166 200 136 0 250 83 0 0 0 0 -1000 750 0 0 0 22 304 0 0 400 0 0 136 0 0 68 0 127 937 500 150 700 0 0 -200 0 0 0 0 0 0 1000 400 -200 500 400 170 550 0 350 0 375 1000 0 150 -200 0 170 500 0 0 62 -100 0 0 900 136 -51 100 300 200 0 0 1000 0 -500 0 0 0 400 1000 0 400 0 136 0
454 1000 750 800 150 800 825 399 1000 700 66 366 900 100 250 200 454 625 333 485 0 0 0 0 1000 750 0 0 0 194 633 0 0 600 125 0 454 0 125 227 0 180 900 900 0 600 0 125 50 0 0 125 0 125 125 300 200 50 408 500 454 391 0 550 0 375 300 0 0 50 0 500 500 0 0 350 500 0 0 650 454 229 400 0 250 750 0 750 0 900 0 112 112 900 750 50 500 0 454 0
#AFC 2016-08-27
650 0 0 500 0 0 0 0 0 0 0 0 0 200 0 0 300 0 0 0 200 800 -200 0 0 0 0 0 0 200 400 -200 0 0 1000 800 1000 -100 350 0 0 266 0 0 0 0 0 0 0 0 0 0 0 0 0 0 50 0 0 0 0 0 350 -290 -37 100 0 0 0 0 0 248 -200 216 0 320 0 399 400 200 0 150 800 0 -312 0 0 0 349 136 0 0 -312 0 313 62 0 30 350 0
700 0 0 500 0 0 0 0 0 0 0 0 0 300 0 100 50 0 0 0 450 1000 400 0 0 400 0 0 0 300 800 850 0 0 300 1000 300 100 550 0 0 300 0 0 0 0 0 0 0 0 0 0 0 0 0 0 233 0 0 350 0 0 550 425 600 200 0 0 0 0 0 468 466 350 0 480 0 466 875 500 0 500 900 0 687 0 0 0 666 454 0 0 687 500 616 350 0 350 466 0
#COYS 2016-08-27
0 400 0 -59 250 -300 0 350 0 0 50 0 400 0 0 166 0 700 1000 449 0 0 -114 0 0 -33 0 0 -87 200 290 0 781 0 -250 0 0 866 430 -976 125 0 0 0 0 500 0 0 400 900 0 -468 0 -52 450 0 -400 0 166 600 -200 0 0 136 200 0 0 0 -375 59 0 0 0 1000 -247 0 0 -125 0 500 156 468 700 0 0 -200 -500 -388 0 0 0 0 0 0 0 -274 0 325 0 500
0 450 0 528 375 100 0 800 0 0 350 0 800 0 0 500 0 600 1000 300 0 0 450 0 0 517 0 0 750 433 590 0 500 0 400 0 0 633 570 300 187 0 125 0 0 666 0 0 800 1000 0 625 1000 319 150 0 400 0 333 550 800 0 0 454 500 0 0 0 694 538 0 0 0 1000 520 0 0 819 500 744 750 750 600 0 0 425 1000 833 0 0 0 0 0 0 0 750 0 666 0 500
#LFC 2016-08-27
0 400 500 169 -59 -200 200 0 -600 0 0 556 0 500 500 0 0 0 0 200 359 300 0 0 0 0 0 1000 0 700 0 0 0 633 0 0 142 -44 875 0 0 142 0 0 0 50 100 0 0 0 325 0 800 496 0 700 100 0 0 -399 412 142 0 99 0 0 0 0 0 200 500 500 0 0 68 166 0 1000 1000 142 -238 0 0 0 0 0 0 0 0 0 0 0 0 0 0 0 200 0 -600 0
0 450 600 480 528 100 100 0 900 0 0 366 0 500 850 0 0 125 0 200 426 1000 0 0 0 0 0 400 0 600 0 0 0 666 0 0 517 288 600 500 0 517 0 0 0 50 0 0 0 0 625 0 900 883 0 600 400 0 0 433 550 517 0 550 0 0 0 0 125 100 600 900 0 400 227 333 666 300 1000 517 619 0 0 250 0 0 0 0 0 0 0 0 0 0 0 0 550 0 800 0
#WHUFC 2016-08-21
0 0 0 0 100 600 0 -175 -400 0 241 0 0 0 100 0 0 0 0 0 600 0 0 0 200 0 0 600 250 0 0 500 -400 100 0 0 0 0 -400 681 0 99 0 -225 0 800 68 0 0 0 137 100 0 -500 400 111 0 0 0 0 0 0 0 800 0 0 0 0 0 800 0 0 -400 0 0 0 0 0 0 0 800 500 -166 500 168 0 0 100 0 0 0 0 -194 129 -83 600 200 700 500 400
0 0 0 0 300 600 0 224 400 0 655 0 0 0 300 0 100 0 0 0 900 0 1000 0 500 0 0 600 200 0 0 600 400 300 0 0 0 0 400 625 0 366 0 225 0 400 227 0 0 0 358 300 0 700 800 222 0 0 0 0 0 0 0 750 0 0 0 0 1000 400 0 0 400 0 0 0 0 0 100 0 400 888 333 1000 277 0 0 1000 0 0 0 0 288 475 583 900 300 600 500 800
#AFCB 2016-08-21
0 0 -166 0 0 88 0 0 0 0 250 0 0 0 0 1000 136 -500 250 0 0 0 0 0 -400 -90 312 0 0 166 0 0 400 0 0 425 136 0 0 0 0 0 250 0 0 0 -166 136 0 0 500 0 0 0 0 0 -300 -235 400 0 0 0 0 0 0 220 0 0 0 218 136 0 437 -300 0 0 0 0 0 0 250 0 0 550 0 136 0 439 250 300 0 136 100 500 0 0 0 -266 375 0
0 0 166 0 125 211 0 0 0 0 333 100 0 0 0 1000 454 299 200 0 0 0 1000 0 400 340 300 0 0 708 0 0 378 0 0 650 454 0 0 0 0 0 333 100 0 0 333 454 0 0 500 0 0 0 0 0 400 271 800 0 0 0 0 0 0 611 0 0 0 585 500 0 337 600 0 0 0 0 0 0 333 0 0 500 100 454 0 700 333 166 0 454 200 1000 0 0 0 266 750 0
#SAFC 2016-08-21
183 0 250 -66 800 -125 0 500 -312 0 -483 0 -187 -196 0 69 0 -93 -600 0 0 200 49 -100 800 33 -200 800 0 200 0 0 -200 330 -400 0 -100 -200 800 33 800 -500 350 161 500 187 212 500 0 0 350 0 0 -155 -100 0 0 0 0 166 166 -250 -600 200 -200 0 111 0 111 700 0 200 -200 -699 87 -349 0 0 58 0 1000 0 0 -388 244 850 0 600 95 300 -223 800 100 100 0 900 0 0 700 250
633 1000 750 388 400 375 0 306 500 0 800 0 373 553 0 360 0 500 700 0 0 200 360 400 750 633 50 1000 1000 100 0 0 400 619 400 500 400 50 1000 633 750 550 650 222 500 487 451 833 0 0 300 300 262 455 50 100 0 0 0 166 333 800 800 100 700 0 622 0 311 600 1000 100 700 666 950 333 0 0 466 0 300 0 0 833 650 550 1000 1000 261 600 363 750 400 633 0 600 0 0 600 200
#boro 2016-08-21
1000 0 513 0 -500 700 0 0 0 0 0 0 0 0 -1000 0 -600 0 0 600 500 50 0 -300 400 0 0 0 500 500 400 200 300 250 0 100 500 0 -200 0 0 -166 0 0 -108 800 0 0 -625 0 143 645 0 0 0 0 0 250 0 100 350 0 0 0 0 400 75 500 500 151 0 0 875 187 0 0 0 0 0 250 500 0 800 0 0 0 0 0 0 -400 333 333 -125 0 0 0 0 0 0 133
200 0 472 0 1000 600 0 0 0 0 0 0 0 0 1000 0 800 0 550 549 750 100 0 550 375 0 0 0 500 500 600 100 500 333 0 1000 500 0 300 0 0 333 0 33 350 400 0 0 1000 0 547 449 0 0 0 0 0 750 1000 100 494 0 0 0 0 400 200 500 900 310 0 0 600 437 0 0 0 0 0 494 900 0 400 0 0 66 0 0 0 400 500 500 200 0 0 0 0 0 0 416
#LCFC 2016-08-20
0 400 0 0 0 216 0 400 0 136 136 50 0 0 0 0 0 0 0 0 136 0 500 0 0 0 433 0 362 0 0 318 0 136 200 400 0 500 500 136 316 0 200 136 0 566 450 136 0 0 0 500 136 200 433 0 -400 200 318 216 216 136 136 0 0 166 0 200 500 0 500 433 625 0 0 1000 0 1000 0 0 0 68 0 400 250 500 0 0 216 0 0 -162 0 0 400 0 0 136 350 152
125 900 0 0 100 377 1000 900 0 454 454 100 0 0 0 0 0 0 0 125 454 0 900 0 0 0 322 0 684 0 0 477 0 500 500 250 0 500 600 454 716 125 312 454 1000 533 650 454 100 0 0 500 454 500 833 100 400 500 477 377 377 454 454 0 0 372 0 200 500 0 500 833 888 0 0 1000 0 390 0 0 0 289 0 425 500 600 66 0 377 0 0 458 0 0 600 0 0 454 550 296
#AFC 2016-08-20
0 0 0 400 45 0 -291 0 0 0 0 0 0 0 0 0 218 136 0 0 0 0 400 0 -150 0 400 0 -400 0 0 0 333 1000 150 170 -68 250 0 0 0 0 0 0 0 0 50 0 0 -296 0 0 500 216 0 0 0 0 -416 500 0 -250 68 500 0 0 600 250 156 -166 0 125 0 118 0 0 0 0 0 -437 386 525 0 -25 0 187 0 250 0 -625 0 0 500 -50 175 500 625 0 0 -93
0 0 0 900 318 0 541 0 0 0 0 0 0 0 0 0 668 454 0 0 0 1000 900 500 399 0 800 0 400 125 0 0 833 300 600 454 454 750 0 0 0 0 0 0 0 200 1000 95 0 504 0 0 875 916 0 0 0 0 1000 500 0 300 289 500 0 0 825 450 625 333 0 597 0 325 0 0 0 0 0 645 513 850 0 350 0 375 0 416 0 600 0 0 500 450 325 500 500 0 0 250
#Clarets 2016-08-20
800 0 368 0 0 100 0 500 0 0 0 0 220 500 0 0 100 0 0 375 500 0 0 0 0 -100 0 -50 100 0 0 -50 281 500 0 0 0 0 500 0 0 0 0 0 170 0 0 0 136 0 0 0 1000 0 0 0 0 0 0 0 0 0 333 250 0 0 625 625 0 400 400 300 0 500 -100 0 -625 250 0 800 0 0 0 0 800 412 -400 -87 100 100 0 0 0 500 0 0 0 800 136 0
400 0 677 0 0 400 666 900 0 0 0 0 425 900 100 0 400 0 0 875 1000 1000 1000 0 0 400 0 400 400 0 0 400 462 500 0 0 0 300 900 0 1000 1000 0 0 500 0 0 0 454 0 0 76 300 0 0 0 0 0 0 0 0 0 766 450 0 400 600 600 0 500 500 450 0 900 500 0 1000 500 0 750 66 0 0 0 750 550 700 284 200 200 0 0 0 600 0 0 0 400 454 0
#LFC 2016-08-20
1000 700 0 0 500 0 0 0 0 500 0 500 0 0 0 0 0 55 500 125 250 0 500 0 0 0 -100 24 0 0 0 0 136 0 0 0 0 850 760 0 125 0 63 0 0 0 350 50 -200 100 370 337 -83 0 500 200 0 0 105 350 0 -243 0 250 0 400 0 412 0 0 500 49 0 0 633 500 -1000 0 0 0 600 0 0 0 0 0 0 0 0 0 0 0 -325 0 0 0 0 0 1000 0
300 600 0 0 500 0 0 0 0 1000 0 500 0 0 0 0 0 277 850 250 333 0 500 0 0 1000 274 675 0 0 0 800 454 0 0 0 0 450 616 112 400 1000 933 0 0 0 550 50 0 0 677 377 33 0 900 100 1000 0 329 300 1000 288 0 700 100 400 700 550 333 0 500 450 0 0 566 600 1000 0 0 0 625 0 0 0 0 0 0 0 0 0 0 0 425 1000 0 0 0 0 1000 800
#Swans 2016-08-20
0 0 0 137 0 625 136 0 136 0 500 0 0 0 136 0 0 200 500 400 0 0 0 68 1000 -500 268 0 0 0 0 0 0 0 250 0 0 0 0 0 0 0 0 0 -800 0 0 0 0 250 0 0 -100 68 0 0 0 200 0 500 0 -75 0 937 200 0 0 -166 0 0 0 100 312 0 0 0 0 0 250 0 433 200 250 976 0 0 0 0 0 0 0 900 0 0 0 400 -54 -125 0 0
0 0 0 411 0 750 454 0 454 300 550 0 0 0 500 0 0 500 1000 1000 0 100 0 250 1000 300 427 0 0 0 0 0 0 0 200 0 0 0 0 1000 0 1000 0 0 900 0 0 0 0 250 0 0 400 250 0 400 0 300 0 650 0 366 0 900 900 0 0 333 0 0 0 325 518 0 0 0 0 0 250 0 783 100 437 500 0 0 0 0 0 0 0 1000 0 0 0 400 451 125 0 0
#hcafc 2016-08-20
0 0 -1000 700 33 0 350 21 566 -50 312 400 200 250 1000 111 100 0 0 0 -200 0 0 0 -600 0 0 0 100 350 0 100 0 449 0 -75 0 0 0 -500 600 0 218 136 0 0 0 0 625 -250 0 0 0 0 136 0 0 0 0 500 0 0 -488 0 175 0 0 0 500 -400 -250 363 -500 -119 0 0 468 0 -62 136 0 100 0 0 0 225 250 0 250 0 0 0 0 0 485 0 0 560 -400 0
0 0 1000 600 388 0 650 696 533 400 333 1000 250 362 1000 611 375 0 0 0 333 0 1000 0 800 0 0 0 225 500 66 400 0 600 0 366 0 0 0 1000 950 0 375 454 0 0 0 0 500 888 0 0 0 0 454 0 0 0 0 500 0 0 250 0 431 0 0 0 500 400 400 522 600 450 500 0 750 0 894 454 0 350 100 0 500 350 500 66 500 0 0 0 0 0 677 0 0 966 400 0
#COYS 2016-08-20
100 333 400 500 0 350 0 250 0 0 136 200 400 250 125 0 700 0 -339 500 0 0 600 900 125 850 0 250 0 0 0 0 -125 -166 0 312 0 0 113 100 -500 0 800 66 0 -156 -200 475 200 -400 450 0 850 0 400 136 700 0 0 0 0 0 136 0 0 -550 -83 666 0 0 -166 0 0 -200 -300 0 0 0 243 233 -100 0 0 166 750 172 -12 -976 16 0 0 0 0 366 0 0 187 350 350 0
300 833 800 833 0 300 0 333 0 0 454 200 800 772 366 0 800 0 492 666 0 0 1000 750 250 1000 0 541 0 0 0 0 375 166 0 900 0 0 286 400 500 0 900 100 166 375 350 566 500 400 300 0 1000 0 400 454 600 0 0 0 0 100 454 0 0 650 83 500 66 0 333 0 0 50 399 0 0 0 300 633 400 0 0 333 644 394 0 1000 566 0 0 0 0 399 0 0 625 400 350 0
#CPFC 2016-08-20
700 0 0 0 0 0 0 285 0 0 0 0 0 0 0 136 250 24 136 -600 400 0 0 0 62 0 126 0 0 -66 400 0 0 0 0 50 0 350 200 0 0 0 0 0 285 0 0 0 -366 -300 600 60 100 -199 0 0 -187 0 0 -125 0 350 0 0 1000 -175 0 0 100 166 233 500 200 750 -437 0 0 500 0 -125 349 243 100 0 0 500 0 -50 700 533 399 333 0 0 500 0 142 0 0 0
600 0 0 0 0 0 0 535 0 0 0 0 0 0 0 454 333 833 454 1000 357 0 0 0 497 0 631 125 0 633 700 0 0 0 0 150 0 450 900 0 0 100 0 666 535 0 0 0 433 100 900 620 150 466 0 0 500 0 50 494 0 850 0 66 1000 550 0 0 500 666 516 483 300 1000 500 100 0 314 0 100 862 502 400 0 0 500 1000 400 600 566 950 316 0 0 500 400 267 0 0 0
#WatfordFC 2016-08-20
0 0 100 400 0 0 300 0 0 29 0 400 24 136 137 0 0 0 0 399 -100 500 0 0 0 303 500 0 0 0 0 125 0 0 33 459 -250 0 750 400 500 -400 0 75 66 700 500 100 0 0 700 0 0 0 0 512 166 0 500 0 0 125 0 0 0 0 0 0 -75 -140 36 0 0 38 0 0 0 0 500 250 0 0 -132 0 700 -500 -77 0 346 0 1000 0 -699 209 199 146 0 200 0 -600
0 0 200 800 0 0 300 0 0 670 0 800 216 454 637 0 0 0 0 741 449 666 0 0 0 452 500 0 0 0 0 333 0 0 516 763 888 0 675 1000 1000 800 0 300 699 600 625 200 0 0 600 0 0 0 0 900 199 125 500 100 0 500 0 0 0 0 0 1000 366 727 334 0 0 540 0 0 0 0 833 416 0 0 350 0 600 900 498 0 449 0 400 0 666 488 500 727 0 100 125 800
#CFC 2016-08-20
0 40 0 250 800 0 0 0 -155 200 0 0 166 0 0 -49 200 0 0 500 200 -50 200 750 133 0 0 136 0 0 0 0 0 0 250 -155 0 0 136 0 0 0 -155 400 400 0 0 0 0 0 0 300 0 200 0 0 0 0 0 0 400 0 500 0 49 99 0 0 700 0 0 0 -50 400 0 0 0 0 0 99 133 0 0 200 0 0 237 133 -800 0 0 0 500 0 0 0 -300 0 0 0
0 291 0 250 750 0 0 300 288 200 0 0 333 0 0 183 100 0 0 900 200 400 200 800 399 0 0 454 0 0 0 1000 0 0 750 288 0 0 454 0 0 0 288 800 800 125 0 0 0 300 0 400 0 300 0 0 0 0 0 0 600 0 500 0 600 300 0 0 600 0 0 0 400 500 0 0 0 0 0 300 399 0 0 400 83 0 300 399 800 0 0 0 900 0 0 0 600 0 100 0
#WBA 2016-08-20
250 500 0 0 0 300 0 -699 166 0 500 0 -195 0 -229 0 142 0 195 0 366 416 183 314 166 350 500 0 -15 0 -6 0 100 800 0 277 186 0 100 0 0 175 0 211 -86 0 0 0 650 250 406 83 245 250 133 0 700 -200 0 -100 0 -100 716 0 0 -400 -94 533 383 0 0 0 0 0 0 0 0 0 333 0 -400 625 0 -111 -600 0 0 -300 -116 0 0 -10 466 400 2 0 0 33 136 75
500 600 0 0 0 400 0 666 500 0 600 0 737 0 343 0 267 0 300 0 455 633 666 662 666 449 500 0 576 0 562 0 300 400 0 500 580 0 300 1000 0 206 0 369 572 0 0 0 650 200 350 722 518 500 466 0 600 800 750 375 0 400 733 66 383 900 527 785 549 0 0 0 0 0 0 0 0 0 1000 66 400 500 0 294 1000 0 0 400 550 0 0 629 549 500 682 1000 0 566 454 615
#EFC 2016-08-20
377 0 0 166 0 400 100 0 0 0 0 0 500 -875 0 0 0 0 0 0 0 0 0 -95 0 0 0 0 0 -200 0 0 400 0 0 0 183 350 300 0 300 49 600 0 0 0 45 0 0 0 0 -187 33 400 0 0 0 0 0 0 0 0 0 0 0 0 250 250 250 0 0 250 -31 0 0 0 0 250 0 233 136 400 500 322 0 0 0 0 0 -500 500 -100 0 0 -200 0 0 0 0 250
561 100 0 666 0 800 0 0 0 0 0 0 600 1000 100 0 66 0 125 0 0 0 0 796 0 0 0 0 0 100 0 0 800 0 0 0 494 650 0 0 0 450 616 0 0 0 351 100 0 0 0 750 216 800 0 0 0 0 0 0 0 0 0 0 0 0 250 250 250 0 300 250 427 0 0 0 0 250 0 733 454 800 500 388 0 0 0 0 0 875 500 0 100 0 250 0 0 0 0 250
#SCFC 2016-08-20
-100 100 100 0 0 0 0 0 750 -300 -100 -300 -100 -300 0 0 0 158 0 0 -100 0 0 300 160 136 0 0 0 -111 0 106 200 0 -150 0 335 214 0 0 0 700 0 0 0 0 488 -83 0 0 33 220 0 500 0 350 0 -150 0 0 350 50 375 0 541 0 0 0 0 0 0 0 -131 0 0 -500 125 0 0 0 0 6 0 0 -100 0 6 0 0 0 0 106 0 200 0 0 0 0 0 0
274 300 200 0 0 0 0 0 950 850 700 850 700 850 0 1000 1000 450 0 0 274 0 0 700 539 500 0 0 500 417 0 650 500 0 450 0 677 571 0 0 575 600 0 0 0 0 500 83 0 0 366 425 500 500 0 350 0 450 0 0 550 383 200 0 733 0 0 0 0 0 0 0 450 0 0 700 300 0 0 0 0 411 0 0 400 0 411 0 0 0 0 650 0 500 0 0 0 0 0 0
#MCFC 2016-08-20
136 0 0 0 0 0 0 0 0 -120 0 1000 0 0 0 0 400 400 -500 266 0 388 0 -16 0 0 266 0 542 0 0 0 0 0 750 -200 700 0 269 0 512 0 0 500 136 0 0 0 0 0 0 0 -600 -300 125 125 0 0 -49 -600 0 -250 433 200 0 0 200 0 125 332 0 0 500 0 0 500 600 0 0 0 0 160 0 0 0 0 0 0 1000 500 500 500 100 100 0 0 233 -500 0 500
454 0 0 0 0 0 0 0 0 383 0 1000 0 0 0 0 800 800 1000 500 0 555 0 344 0 0 483 0 642 0 0 0 0 0 750 850 550 0 647 0 362 0 500 500 454 0 0 0 100 0 0 0 1000 400 229 229 125 0 133 1000 0 449 833 400 0 0 100 0 229 454 0 0 500 0 0 500 900 0 0 0 0 539 0 0 0 0 0 0 675 500 500 500 900 900 0 0 566 1000 0 900
#MUFC 2016-08-19
425 93 0 0 0 0 650 400 400 136 -45 0 0 -187 275 0 0 0 50 500 0 -350 0 0 62 0 250 0 0 0 312 0 0 0 0 0 0 600 0 0 0 1000 -250 500 136 0 0 500 0 0 187 -400 0 0 0 0 64 0 400 0 -187 500 0 -75 0 49 -300 -300 0 0 0 745 0 0 400 0 0 -187 0 0 0 416 0 0 100 0 100 200 0 250 100 0 0 0 0 500 0 0 500 0
666 556 650 0 0 0 625 800 550 454 420 1000 0 500 500 0 0 0 50 500 0 900 0 0 100 0 100 0 0 0 500 0 0 0 0 0 0 600 0 0 0 1000 333 600 454 100 0 500 0 0 204 700 0 0 0 0 207 0 800 125 500 250 0 366 0 100 600 600 0 0 0 716 0 0 800 0 0 500 0 0 0 500 0 0 400 0 200 300 0 650 400 0 0 0 0 500 0 0 500 0
#SaintsFC 2016-08-19
0 0 100 0 -75 500 316 166 136 200 0 500 200 75 0 -75 -75 0 -1000 -875 -1000 0 -250 0 0 0 187 -1000 -450 0 250 333 -200 250 0 0 650 -250 233 250 0 -62 500 0 0 0 0 0 0 150 0 0 125 0 0 0 0 0 0 0 0 357 357 166 0 136 250 0 475 458 375 0 0 0 0 0 136 250 0 50 0 0 0 0 133 500 0 333 0 400 0 318 400 136 0 1000 0 -250 0 0
0 0 50 0 366 500 266 133 500 100 0 900 500 700 0 366 366 0 1000 1000 1000 0 375 0 0 0 387 1000 787 0 333 529 450 200 0 0 1000 700 683 750 0 366 400 0 0 0 287 0 0 83 0 0 750 0 0 0 0 0 0 0 550 571 571 366 1000 454 500 0 350 708 416 0 0 0 0 0 454 500 0 233 0 0 0 0 425 449 0 333 0 400 0 671 400 454 0 300 66 500 0 125
#CFC 2016-08-15
450 0 0 0 0 0 0 0 -166 0 43 0 0 0 0 68 -116 0 500 450 400 0 116 -47 0 0 0 0 0 0 0 0 0 0 0 0 0 0 0 0 0 0 0 158 0 0 0 0 0 0 0 0 200 400 400 400 400 200 0 0 0 0 200 300 0 200 0 0 0 0 0 0 0 0 500 0 0 1000 0 1000 0 -125 50 0 200 200 0 0 0 0 0 0 0 0 0 0 437 0 800 437
750 0 0 0 0 0 0 0 433 0 402 0 0 0 0 310 388 0 500 750 500 0 226 560 0 66 125 0 0 0 0 0 0 0 0 0 0 0 0 0 0 0 0 325 0 66 0 0 0 0 0 0 100 800 800 800 800 100 125 0 0 100 200 900 0 200 0 0 0 0 0 0 0 0 1000 0 0 1000 0 400 0 600 833 0 200 100 0 0 0 0 0 0 0 0 0 0 867 0 750 867
#WHUFC 2016-08-15
0 0 0 0 0 0 0 0 -225 0 0 0 0 118 175 0 366 0 600 0 0 0 0 350 -200 0 850 0 0 500 0 0 379 156 0 700 0 0 0 -200 0 0 0 0 500 383 625 0 366 -75 350 -83 333 0 83 0 400 0 0 0 583 312 0 0 900 0 350 450 0 0 250 0 0 0 0 0 0 0 0 500 800 500 250 0 0 0 136 16 0 -166 74 0 353 0 0 0 0 0 0 500
0 0 0 0 0 0 0 1000 300 0 0 0 0 526 449 0 633 0 600 66 0 0 0 500 800 0 875 0 0 600 0 0 366 400 0 900 0 0 0 233 0 0 650 0 1000 416 500 0 522 566 650 566 366 0 833 100 450 0 0 0 366 900 0 0 700 0 550 400 0 0 1000 0 0 0 0 0 0 0 0 500 900 500 333 0 0 100 454 711 0 333 283 0 613 0 325 0 650 650 650 500
#AFC 2016-08-14
350 0 800 800 625 0 0 456 -250 200 -31 0 0 400 0 0 0 333 25 0 0 0 468 250 0 -50 500 -125 500 0 0 0 600 0 0 85 0 0 0 0 0 0 400 82 100 0 0 136 66 0 200 0 200 100 0 0 74 -200 0 -58 0 100 330 0 136 400 0 250 -50 -50 136 -133 1000 0 0 250 0 0 0 133 0 350 725 0 400 0 250 800 0 0 0 0 0 0 450 450 0 0 -50 468
650 0 400 400 600 0 1000 518 500 300 450 0 0 800 0 0 0 294 400 0 0 0 427 333 0 400 900 950 900 0 0 0 550 0 0 727 0 0 0 0 0 0 700 480 666 0 0 454 477 0 300 0 500 400 0 0 588 250 0 755 0 0 520 0 454 1000 0 1000 400 400 454 233 400 0 0 600 0 0 0 329 0 550 925 0 600 0 500 400 0 0 0 1000 1000 1000 650 650 100 0 400 750
#LFC 2016-08-14
0 0 0 250 -99 -1000 168 0 0 -400 0 250 700 375 0 600 500 -1000 0 0 0 0 350 -50 -50 0 200 0 471 0 200 0 -50 0 0 0 0 0 0 43 -50 -50 200 0 50 0 100 0 -50 0 0 0 0 400 375 0 500 412 500 68 175 0 125 0 0 207 468 500 249 500 166 0 0 625 500 0 250 1000 800 0 0 100 0 800 -50 500 0 0 0 350 0 449 0 200 0 0 -350 8 0 0
0 0 0 375 238 1000 477 0 0 400 0 250 600 416 0 666 850 1000 0 0 100 0 750 400 400 0 300 0 784 0 500 0 400 0 0 0 0 1000 1000 700 400 400 500 0 50 0 0 0 400 500 0 0 0 500 750 0 500 550 1000 227 485 0 216 100 0 370 427 600 410 1000 333 0 0 500 500 0 350 1000 750 0 0 700 0 1000 400 900 0 0 125 300 0 400 0 200 0 125 600 450 0 0
#AFCB 2016-08-14
0 700 0 -200 136 0 0 136 0 500 0 136 500 150 -199 0 136 400 0 0 0 500 -120 12 0 0 500 0 0 -500 0 -157 240 0 0 0 500 200 800 0 0 0 0 275 -133 0 0 0 100 0 0 466 250 533 0 78 700 0 0 316 0 -175 0 125 575 0 213 600 0 300 700 0 153 0 172 -200 0 0 378 399 -357 0 0 -400 100 -649 0 0 0 -154 50 0 87 0 -100 0 -300 400 0 199
0 700 0 100 454 0 0 454 0 1000 0 454 833 875 850 562 454 900 125 0 0 1000 380 537 0 0 500 0 0 600 0 667 450 0 0 0 500 600 750 100 0 0 1000 316 600 0 0 0 100 0 0 879 200 700 0 566 700 0 0 816 0 550 0 900 666 1000 454 1000 0 0 600 0 812 0 394 800 0 0 518 1000 767 0 0 400 400 783 0 0 0 616 500 0 387 0 400 0 533 800 0 700
#MUFC 2016-08-14
-400 0 0 136 800 0 -62 68 136 -91 0 0 0 0 500 1000 0 0 0 0 0 700 0 -116 0 0 875 0 250 0 0 500 0 0 0 -55 500 200 300 0 800 0 0 0 0 0 0 0 0 0 0 300 0 0 0 0 0 0 0 0 333 -250 0 625 0 500 0 50 0 233 133 0 -131 0 -66 -600 0 0 0 0 0 0 0 0 0 -200 1000 0 500 0 0 0 0 0 625 0 500 -166 200 258
400 0 0 454 1000 0 750 250 367 433 0 0 0 0 500 900 0 0 0 0 0 600 0 533 0 0 600 0 500 0 0 500 1000 0 0 144 500 100 400 0 750 0 0 0 600 0 0 125 0 0 0 825 0 0 0 0 0 0 0 0 500 500 0 600 0 600 0 50 0 366 799 0 193 0 422 800 0 1000 0 0 0 0 0 0 0 500 1000 0 833 33 0 0 0 0 600 0 600 433 200 600
#MCFC 2016-08-13
0 0 0 976 650 -287 0 0 0 200 0 266 -100 0 50 0 0 0 400 400 400 0 750 0 700 100 0 0 1000 237 0 0 0 -200 0 0 0 0 -100 0 0 0 0 0 0 750 0 0 0 100 250 585 500 250 700 0 136 0 166 0 0 0 473 375 700 0 500 68 0 500 0 0 0 0 1000 0 0 0 0 400 0 0 0 450 0 0 0 0 0 0 0 0 133 -200 0 0 500 750 0 800
0 0 0 500 450 784 0 0 0 900 0 500 100 0 150 0 0 0 800 800 800 0 700 0 600 550 0 0 400 434 357 0 0 400 0 0 0 0 100 0 0 0 0 1000 0 700 0 0 0 900 250 400 500 550 550 0 454 0 333 100 0 0 377 500 650 0 700 727 0 900 0 0 0 0 400 0 0 0 0 750 0 0 0 391 0 0 0 0 0 0 0 0 833 362 0 0 500 700 0 400
#SAFC 2016-08-13
250 -83 0 136 -155 250 0 0 0 271 0 -50 0 0 136 0 0 0 -500 170 200 500 333 -500 0 233 -366 568 212 -600 400 -200 0 133 -800 0 0 -12 0 650 0 0 366 0 -200 0 100 416 0 170 0 500 0 -399 -381 120 -25 0 0 875 0 -331 -400 250 136 875 -500 800 100 0 0 -250 83 700 400 0 68 0 0 -500 -87 -275 -400 -50 136 27 95 136 166 -150 0 -70 0 -32 208 399 -400 687 250 350
300 33 500 454 288 750 0 0 0 750 0 666 0 500 454 0 0 500 1000 454 100 500 666 600 125 862 633 725 447 800 800 350 0 300 900 100 0 237 0 450 666 0 433 0 200 0 600 966 0 454 0 500 0 622 521 535 125 0 0 600 0 677 600 300 454 600 1000 900 600 0 0 1000 544 900 700 0 727 0 0 600 497 575 600 400 454 235 345 454 283 500 0 644 0 313 702 799 450 550 437 350
#Clarets 2016-08-13
0 0 0 199 0 0 0 0 0 0 0 200 0 -100 -400 0 -187 600 136 600 0 0 600 600 312 0 0 -100 -100 200 0 0 -187 -100 -100 0 500 0 0 0 -287 0 0 0 0 136 -400 412 500 0 1000 0 0 0 0 -200 0 -100 0 -100 0 800 0 0 250 0 0 -125 0 0 0 0 166 -62 136 0 136 0 500 0 0 700 375 500 0 0 0 500 0 625 -100 0 -100 0 0 262 0 0 0 0
0 0 0 500 0 0 0 0 0 0 0 200 0 400 400 0 500 1000 454 1000 0 0 1000 1000 250 0 0 400 400 200 1000 0 500 400 400 0 500 0 0 0 484 0 0 0 0 454 700 550 500 50 300 0 0 0 0 400 0 200 0 200 0 400 0 0 333 0 0 625 0 0 0 0 833 600 454 0 454 0 500 0 0 700 750 800 0 0 0 800 0 900 200 0 200 0 0 587 0 0 0 0
#Swans 2016-08-13
375 250 0 200 200 -155 136 0 0 0 0 0 200 200 0 100 500 248 0 500 0 350 0 0 0 100 266 -250 -100 434 0 0 250 350 0 375 0 700 466 450 0 0 -100 136 0 733 0 0 0 350 0 500 0 0 0 625 0 0 500 -300 400 0 459 0 0 0 250 0 136 0 -800 0 0 0 0 0 0 0 -166 0 0 0 0 0 0 0 0 0 0 0 -183 125 0 0 750 275 100 0 0 0
600 750 1000 200 100 288 454 0 0 1000 0 0 100 200 1000 900 600 297 0 500 0 550 0 0 0 900 333 0 400 510 100 1000 200 550 0 475 0 600 616 750 0 0 100 454 0 733 0 0 0 300 0 833 0 0 0 600 0 0 500 400 550 0 600 0 0 0 250 0 454 0 800 0 0 0 0 0 0 0 333 0 0 0 0 0 0 0 400 0 0 0 133 500 0 0 900 775 0 0 0 0
#CPFC 2016-08-13
0 136 0 0 0 1000 0 0 -250 -1000 0 0 0 0 0 0 0 0 0 150 733 318 0 162 0 0 116 0 1000 0 0 0 0 0 0 0 200 0 0 0 0 0 0 11 0 200 0 650 133 0 0 400 0 0 136 0 0 0 0 1000 0 0 0 0 -250 350 0 0 160 500 0 136 0 711 411 136 0 250 -118 0 500 99 0 0 0 0 0 250 250 250 -937 0 0 0 200 0 0 -14 0 312
0 454 0 0 0 300 0 0 149 1000 125 0 0 0 0 0 0 0 0 600 683 477 0 325 0 500 370 0 300 0 0 0 0 0 0 0 100 0 0 100 0 0 0 808 0 600 0 675 446 0 0 900 0 0 454 0 0 0 0 300 0 0 0 0 888 650 0 0 270 833 0 454 0 861 611 454 0 200 611 0 700 650 100 0 0 0 0 500 500 500 900 500 0 0 200 0 0 246 83 562
#WBA 2016-08-13
106 136 0 158 0 0 0 0 250 0 700 0 162 0 0 0 -16 0 136 0 0 500 -155 0 500 -250 0 0 0 0 0 0 500 -181 -50 0 0 99 0 0 0 0 -150 0 274 0 0 0 0 0 0 68 0 6 0 -600 136 -200 160 100 0 700 285 250 0 -312 0 0 0 0 -50 -150 -200 100 550 400 0 -125 -750 200 0 0 568 400 400 500 177 0 265 66 0 0 250 -750 149 0 -375 0 0 500
227 454 0 491 0 0 0 0 383 0 600 0 325 0 0 0 358 0 454 0 0 500 288 0 875 0 0 0 0 0 0 0 1000 285 400 0 0 650 0 0 0 0 437 0 511 0 0 0 0 0 0 277 0 411 0 800 454 800 539 550 0 600 535 500 0 687 0 0 0 0 200 550 800 400 650 800 0 375 1000 616 0 0 377 500 700 500 377 0 944 466 0 0 300 1000 650 0 550 0 125 500
#EFC 2016-08-13
333 -200 250 -388 0 0 136 0 233 136 0 136 0 428 -400 0 400 100 0 0 0 800 0 0 0 0 0 500 133 -250 500 0 0 0 0 0 145 0 0 28 0 396 433 0 0 0 0 24 0 -300 0 0 -800 57 500 -125 136 0 0 0 0 0 0 266 400 0 0 0 0 0 0 -99 0 0 0 0 0 850 0 83 -349 0 142 322 0 566 500 399 0 600 0 196 0 0 0 0 -100 200 -187 0
500 800 333 833 0 0 454 0 233 454 125 454 0 534 600 0 800 0 0 0 0 900 0 0 0 0 0 500 566 888 888 0 0 0 0 0 584 125 100 547 0 608 733 0 0 1000 0 300 0 200 0 0 800 336 500 666 454 100 0 0 0 0 0 388 800 0 0 0 0 0 0 650 0 0 0 0 0 450 0 283 383 0 517 594 0 483 666 166 0 650 0 683 0 0 0 0 400 100 950 0
#COYS 2016-08-13
700 781 166 500 0 -30 0 0 500 170 136 400 0 0 0 0 -150 0 237 0 -200 -25 400 150 400 0 -1000 0 0 -500 400 0 500 1000 0 0 42 93 0 -300 0 -500 400 0 0 0 800 0 0 0 368 0 342 -75 500 -600 200 375 0 0 250 250 0 0 0 -600 480 208 366 519 212 136 0 0 -500 -50 0 0 283 0 200 0 -150 716 136 0 500 136 0 0 0 0 0 0 -181 39 0 0 350 428
600 500 233 600 0 268 0 0 900 500 454 800 0 0 0 0 191 0 875 0 800 50 875 300 800 375 1000 0 0 1000 800 0 1000 300 0 0 317 750 0 550 0 1000 500 0 0 0 950 0 0 0 727 0 467 366 833 1000 200 750 66 0 200 333 66 0 0 1000 770 166 500 540 651 454 66 0 1000 244 0 0 833 0 400 0 250 616 454 0 600 454 0 0 0 0 0 0 450 400 0 0 750 702
#boro 2016-08-13
200 0 0 162 0 399 0 -75 -300 0 0 250 0 0 0 102 0 737 0 0 0 0 0 0 0 0 300 0 100 -125 0 0 0 0 0 0 800 0 250 0 0 0 0 0 0 866 0 0 0 -166 -305 0 250 0 0 0 0 0 366 68 0 260 0 0 0 0 0 0 0 800 0 250 444 -125 0 600 0 350 0 -738 0 50 0 0 136 0 0 0 0 350 -399 260 -400 0 0 500 0 0 800 875
300 0 100 325 0 341 0 366 322 0 0 250 0 0 100 363 0 587 0 0 0 0 0 0 0 100 250 0 291 375 0 125 0 0 0 0 400 0 333 0 0 0 0 0 0 875 0 0 0 333 1000 0 333 0 0 0 0 0 166 727 0 522 0 0 0 0 0 50 0 1000 0 500 1000 375 0 1000 0 300 0 299 0 150 0 0 454 0 0 0 0 300 733 260 700 0 0 500 0 0 1000 600
#SCFC 2016-08-13
116 0 0 649 0 0 0 0 0 0 0 0 0 100 625 500 0 0 0 0 -155 0 0 0 0 0 250 0 0 500 -250 0 0 538 -12 0 0 900 250 0 0 0 0 -200 0 400 0 0 333 0 1000 0 -200 250 500 500 250 0 500 0 0 0 -1000 0 0 0 0 0 0 0 250 250 250 250 0 500 0 0 0 250 250 -200 0 500 250 -312 0 0 0 175 0 250 350 -50 0 0 114 0 -50 0
411 0 100 800 0 0 0 0 0 0 0 0 0 200 900 1000 0 0 0 0 288 0 0 1000 0 0 500 0 0 875 0 0 0 533 675 0 0 1000 875 0 100 0 0 800 0 1000 0 0 416 0 300 0 0 333 600 600 500 0 600 0 0 0 1000 0 0 0 0 0 0 0 500 500 500 500 0 600 0 0 0 333 500 0 0 875 333 337 0 0 0 525 0 333 550 400 0 0 296 0 400 0
#SaintsFC 2016-08-13
-625 250 0 0 33 308 -750 0 0 0 500 700 100 1000 225 0 700 250 0 -400 0 -250 0 700 250 418 -875 0 0 -197 -200 425 1000 800 -200 0 500 0 -155 0 116 0 -1000 -300 0 625 -175 -317 136 0 0 -550 800 0 500 0 -27 0 -875 0 -200 0 136 -875 136 -224 0 0 0 0 187 0 -700 -131 116 0 25 -250 0 -600 416 0 0 0 250 -200 780 0 0 -500 500 0 16 100 136 -250 0 0 500 -150
900 244 0 0 583 583 1000 125 0 0 900 600 350 1000 600 125 600 333 0 600 0 500 0 600 200 577 1000 0 125 647 400 666 300 750 800 0 1000 0 288 0 450 0 1000 600 0 1000 450 450 454 0 125 650 750 0 1000 0 433 0 1000 1000 50 0 454 1000 454 500 0 0 0 0 625 0 1000 450 566 0 483 0 0 900 466 0 0 0 250 449 1000 0 0 1000 833 0 433 400 454 500 0 0 500 383
#WatfordFC 2016-08-13
400 170 201 0 400 0 0 170 -233 0 0 0 0 0 177 -100 62 0 136 0 0 0 200 150 500 0 136 136 0 -250 136 0 0 250 166 0 -71 0 500 0 136 0 250 0 0 0 0 0 300 0 0 250 136 875 0 0 0 261 323 0 0 0 0 136 136 68 0 200 0 0 136 136 0 270 136 0 0 250 500 0 0 0 0 136 213 -51 250 0 0 233 300 0 0 136 0 278 0 136 77 0
800 454 414 0 800 0 0 454 766 0 0 0 0 0 255 200 550 0 454 0 750 0 450 316 500 0 454 454 0 0 454 0 0 500 333 0 214 0 475 0 454 0 500 0 0 0 0 0 0 0 0 500 454 600 0 0 0 366 351 0 0 0 0 454 454 227 0 300 0 0 454 454 0 363 454 0 0 200 700 0 0 1000 0 454 454 160 375 0 0 700 0 0 500 454 0 418 0 454 388 0
#hcafc 2016-08-13
0 0 170 0 0 -450 199 -400 136 0 0 -300 -937 -200 0 0 -246 0 366 0 0 550 250 136 350 0 0 50 0 -312 200 -237 -150 0 800 253 -474 100 -110 0 800 359 0 0 166 0 0 0 0 0 500 0 350 45 -312 0 48 0 -69 -50 214 0 156 0 0 500 0 41 250 0 68 100 0 50 49 0 60 0 -83 0 0 0 0 200 0 700 -200 700 0 -250 50 0 0 0 68 200 0 800 800 0
1000 0 454 0 0 700 500 400 454 0 0 400 1000 400 0 0 453 0 816 0 0 762 300 454 650 0 678 250 0 250 200 295 150 0 400 318 777 250 355 0 400 444 0 0 208 0 0 0 50 0 633 0 650 484 687 0 280 0 588 400 571 0 166 0 0 444 0 616 600 0 477 300 0 350 366 0 440 0 666 0 0 500 0 400 0 600 100 600 0 133 350 1000 0 0 227 300 0 400 400 0
#LCFC 2016-08-13
0 0 0 0 0 -500 0 1000 0 0 0 0 111 166 0 0 0 0 0 0 250 0 250 350 -400 0 0 0 0 0 0 0 0 0 -250 0 0 0 0 316 0 200 0 0 0 0 0 1000 454 0 0 0 450 0 0 0 0 0 0 0 136 0 136 0 0 433 0 0 433 0 136 0 0 0 216 216 0 500 68 75 0 500 136 136 0 0 800 -16 433 0 218 -291 240 0 475 450 0 0 0 0
0 0 0 0 0 1000 0 1000 1000 0 0 0 311 416 0 0 0 0 0 0 250 125 250 316 400 0 0 0 0 0 0 0 0 0 250 0 0 0 0 716 125 312 0 0 0 0 0 300 845 0 100 100 650 0 100 0 0 0 0 0 454 125 454 0 0 535 0 0 833 100 454 0 0 0 377 377 0 900 227 215 0 500 454 454 0 0 400 377 833 0 277 541 439 0 575 825 0 0 0 0
#MUFC 2016-05-17
-366 -500 0 0 0 0 49 0 -400 -500 -200 0 500 100 -122 350 0 -250 83 0 -116 100 0 0 -250 0 0 100 92 0 329 33 250 0 0 0 400 0 0 -50 -250 -150 -100 0 -200 208 0 0 100 79 0 100 -33 0 266 100 0 100 0 400 0 0 0 0 431 250 50 -225 100 -24 -100 50 -166 175 112 -116 -100 -50 0 0 0 0 625 0 0 0 400 0 266 1000 375 0 268 -250 450 0 500 625 0 136
466 750 0 0 0 0 450 0 400 1000 350 0 500 200 594 550 333 888 375 0 588 200 0 0 850 1000 0 200 517 0 767 191 333 0 0 0 700 0 0 577 500 700 300 0 350 333 477 0 200 433 0 200 650 473 666 200 0 200 477 900 477 0 0 0 600 500 50 425 400 600 300 100 633 600 562 516 600 450 0 0 0 0 888 0 600 1000 800 0 566 300 550 0 627 1000 650 0 500 900 0 454
#AFCB 2016-05-17
350 0 0 400 250 0 -199 0 -137 0 0 200 -500 200 248 100 0 0 136 -800 478 -116 -200 0 137 400 450 0 100 0 -50 -466 0 0 -162 -200 -200 0 100 50 0 0 0 -114 0 -100 0 200 0 -11 0 -62 -466 125 0 -112 500 0 400 0 -216 200 -500 0 0 200 500 392 187 350 0 307 0 275 187 0 500 0 0 0 0 0 0 0 0 -233 -150 0 375 210 130 375 0 0 500 0 0 0 0 700
550 333 0 900 500 0 733 0 750 0 0 625 1000 200 529 450 0 0 500 800 684 600 400 0 468 400 650 0 200 291 400 799 0 0 150 512 350 0 200 350 0 0 0 566 0 700 0 900 750 279 187 187 799 133 0 383 541 0 900 125 471 600 450 0 0 900 900 712 579 400 0 614 0 750 650 187 500 0 0 100 0 0 0 0 100 500 300 600 662 605 1000 200 0 0 888 0 0 0 500 600
#AFC 2016-05-15
0 125 0 -150 0 80 -87 250 0 200 0 100 0 211 0 0 100 136 199 -93 0 -100 0 400 0 199 100 468 250 -231 0 500 100 0 0 -150 300 800 492 0 136 766 450 -99 800 -330 -500 0 0 -312 0 -200 199 -99 100 0 199 0 350 -281 136 0 68 0 312 0 -50 0 308 250 68 0 -400 500 -400 0 -400 -400 0 -400 875 0 0 0 131 200 68 400 0 -74 0 0 16 -250 -500 0 0 200 500 87
0 750 1000 300 0 777 784 200 0 200 0 400 0 355 0 100 600 454 352 750 0 106 0 800 66 352 383 427 250 650 0 800 50 0 0 300 466 750 717 0 454 700 450 274 725 622 700 1000 0 850 0 800 352 241 300 0 352 0 487 560 454 0 227 0 350 0 883 0 641 250 227 0 600 600 600 0 600 600 0 600 600 0 0 0 287 700 289 800 0 350 25 0 533 750 1000 0 0 200 500 318
#AVFC 2016-05-15
0 0 0 1000 0 -155 600 0 500 141 -77 150 0 178 0 0 0 -102 -102 -102 -1000 -102 -102 -102 366 500 0 0 500 800 -166 -188 -116 0 533 333 500 300 -350 333 0 -49 0 136 -150 0 0 700 0 66 0 -66 350 500 167 0 -200 0 -166 -166 -166 -166 -166 -25 -800 16 0 0 0 0 1000 136 0 136 -166 700 0 0 600 -400 0 0 -166 0 0 -333 0 0 0 0 0 300 0 0 0 300 -62 300 500 0
0 1000 750 750 0 288 583 0 500 933 144 600 0 285 1000 0 0 344 344 344 1000 344 344 344 466 500 0 0 500 725 433 300 275 0 633 666 600 750 633 666 0 700 0 454 333 0 0 600 0 83 0 322 300 900 570 0 100 0 433 433 433 433 433 700 900 133 0 0 0 125 1000 500 0 454 433 600 0 0 1000 900 0 0 900 0 0 455 0 650 0 0 0 333 0 0 0 750 400 750 900 0
#CFC 2016-05-15
200 200 0 0 0 0 350 0 209 0 0 0 800 0 -40 221 150 0 1000 -300 250 170 0 300 175 350 0 1000 0 0 -166 -250 41 500 0 100 199 -400 -500 0 -181 0 500 -500 -250 100 -166 -281 0 -250 1000 553 0 0 66 100 700 100 300 -166 450 468 0 0 0 0 0 450 0 0 -1000 500 0 214 500 -250 0 400 0 0 0 100 -166 0 725 0 -104 0 0 -500 0 516 1000 300 0 300 0 220 268 0
300 300 0 0 0 0 550 0 388 650 0 0 1000 0 236 276 100 0 300 850 500 500 100 0 275 550 0 300 0 600 333 500 250 650 0 383 799 400 1000 0 727 0 800 1000 500 600 333 560 0 500 300 480 0 100 399 600 600 550 200 833 425 727 0 0 0 0 0 875 600 0 1000 500 0 571 750 1000 0 875 0 0 0 550 833 650 674 0 844 0 650 950 0 611 300 200 0 200 0 350 677 600
#LCFC 2016-05-15
0 62 500 125 200 1000 125 0 0 0 400 125 900 -108 -108 -108 500 125 0 50 -250 0 187 -400 0 0 625 -400 0 333 0 850 125 500 0 0 0 -250 -187 500 375 0 0 0 500 0 0 700 400 0 0 0 77 0 0 0 1000 350 136 77 -50 107 0 750 0 0 0 0 0 -300 750 250 77 600 0 0 -133 0 0 0 0 0 357 77 616 437 500 1000 800 121 0 125 0 -699 77 875 -312 0 237 0
0 500 750 1000 100 300 1000 100 0 0 408 1000 350 866 866 866 650 1000 0 100 233 0 1000 800 0 0 1000 400 0 666 650 1000 1000 1000 100 0 0 700 500 500 1000 0 0 0 600 0 0 825 900 0 0 0 811 0 0 0 300 550 454 811 400 335 0 750 0 0 233 0 0 600 525 300 811 900 0 0 950 0 0 0 0 0 571 811 791 650 150 1000 950 415 0 1000 0 666 811 600 875 0 416 0
#EFC 2016-05-15
400 -37 0 0 400 0 0 0 136 0 0 0 0 500 50 0 136 0 136 136 400 0 0 0 0 100 68 -55 350 209 500 500 250 366 0 172 285 50 49 0 0 0 -300 366 -1 0 -100 208 0 0 0 0 0 0 0 800 0 0 -66 0 0 -100 500 800 0 0 -163 0 466 0 -200 0 0 0 0 -200 1000 300 0 0 0 146 113 -155 0 800 -155 136 0 0 600 0 -155 -166 166 0 0 0 0 400
750 466 1000 0 800 0 0 0 454 0 0 0 0 800 100 0 454 0 454 454 200 0 0 0 0 283 227 122 544 506 500 500 575 466 0 394 535 191 700 0 0 0 900 833 459 0 250 266 500 0 0 500 500 500 500 400 0 1000 466 0 0 200 750 400 100 0 272 0 466 0 400 0 0 0 0 400 300 1000 0 0 0 451 272 288 0 1000 288 454 0 0 1000 0 288 166 583 1000 1000 0 0 550
#ncfc 2016-05-15
0 0 0 -200 0 200 0 0 -102 -102 -102 -102 -102 -102 0 0 0 0 0 -51 0 0 0 0 -400 0 300 0 0 -49 400 -400 0 224 0 0 0 0 0 0 0 350 0 0 0 0 0 0 0 0 300 300 0 0 0 399 292 237 300 0 400 -700 650 0 0 0 0 0 250 0 -316 500 -87 0 0 0 0 318 550 0 0 1000 -166 0 249 285 -155 0 75 500 0 -250 0 250 0 0 0 0 0 -31
0 0 500 233 0 200 0 125 344 344 344 344 344 344 0 241 0 0 0 129 125 1000 0 0 600 0 750 0 241 700 375 600 0 325 0 125 0 0 0 0 0 300 0 0 0 0 0 0 0 0 750 750 0 0 0 466 317 312 750 0 200 850 200 0 0 0 0 0 333 500 300 500 187 0 0 0 0 527 375 0 0 1000 66 0 700 535 288 500 466 600 0 888 0 850 0 400 0 0 125 400
#NUFC 2016-05-15
0 -275 -799 0 0 0 700 466 150 0 0 250 285 0 -300 -714 150 0 400 0 0 0 0 0 222 500 0 -102 178 -102 -102 500 100 0 100 33 -102 -102 -102 311 -194 -600 0 0 -166 0 0 0 500 200 306 0 200 -200 675 0 0 99 -300 0 200 0 285 113 0 300 285 0 0 362 350 200 0 -49 0 175 0 0 0 0 0 0 0 0 0 0 0 0 0 333 250 333 0 0 -288 100 -600 546 0 0
0 492 1000 0 0 50 600 679 1000 0 1000 250 535 0 400 857 350 1000 850 0 0 0 0 0 777 600 0 344 335 344 344 800 1000 0 200 288 344 344 344 714 288 1000 0 0 561 0 0 211 500 200 600 500 200 100 775 100 750 487 900 0 300 1000 535 322 0 750 535 0 0 543 650 900 1000 700 0 325 0 0 0 0 0 0 0 0 0 0 0 0 0 666 250 666 0 0 311 200 800 650 1000 1000
#COYS 2016-05-15
350 0 0 700 400 0 0 1000 0 0 500 0 238 -50 1000 0 -100 0 0 0 1000 700 1000 0 1000 0 -75 0 0 175 800 0 0 500 133 0 187 500 0 0 -600 180 -131 0 0 50 0 766 375 0 0 350 271 0 286 266 406 0 1000 250 100 375 0 0 0 375 0 0 -312 -99 300 0 800 0 0 236 0 800 0 37 566 150 368 0 0 500 0 0 800 200 333 0 -250 470 0 625 700 0 0 0
650 0 100 700 800 0 0 750 0 0 600 0 722 400 300 0 500 0 0 0 750 900 1000 0 750 0 366 0 0 325 400 916 0 500 233 0 475 500 0 100 900 525 679 0 0 350 0 866 500 0 0 650 476 0 380 633 416 0 700 687 350 500 66 0 0 500 0 0 100 433 100 0 575 266 0 220 0 575 0 425 516 350 550 0 0 500 0 100 950 200 483 0 500 633 0 600 600 0 0 0
#SaintsFC 2016-05-15
-312 625 12 0 1000 -87 68 0 333 737 0 68 0 600 0 0 0 750 0 100 0 0 100 1000 0 333 333 -377 136 350 0 0 136 0 212 274 300 0 0 0 718 250 0 -700 0 0 0 225 800 850 500 0 0 0 0 800 -200 168 0 199 0 0 0 375 -500 -9 0 -200 800 250 -200 0 0 0 0 1000 333 249 380 -125 406 708 -3 400 150 -250 0 -205 133 -500 0 781 0 0 0 0 -500 0 136 0
687 700 584 0 1000 618 277 66 500 800 500 227 0 250 0 0 0 449 0 400 0 0 400 1000 66 500 500 644 454 550 0 0 454 0 447 675 600 0 0 0 725 200 1000 1000 500 0 0 644 900 675 888 0 1000 0 0 900 700 427 0 549 0 0 0 562 200 537 0 700 900 200 300 0 0 0 0 900 99 500 730 600 350 966 577 900 400 800 0 464 433 400 0 600 0 0 0 0 1000 0 454 0
#CPFC 2016-05-15
0 0 -87 178 0 0 0 225 0 781 0 336 0 -750 0 0 0 99 100 100 0 0 566 0 0 250 399 500 250 0 0 -377 -500 0 0 0 0 0 0 111 224 0 0 150 333 0 200 0 -83 -333 500 250 250 250 350 0 1000 500 -1000 416 0 275 600 0 0 300 0 -232 0 225 0 0 500 0 -75 250 800 0 0 183 0 0 -166 0 0 0 33 0 161 1000 0 -700 0 500 191 -400 0 0 -385 -187
0 0 618 284 1000 0 1000 631 0 1000 0 297 0 800 0 0 0 500 400 400 500 500 633 0 0 200 566 1000 300 0 0 644 900 0 66 0 66 0 0 167 462 0 0 50 533 0 300 0 688 666 600 333 300 200 600 0 1000 566 1000 450 0 650 625 0 0 100 0 538 0 668 1000 0 600 0 800 333 750 0 0 666 100 0 166 1000 0 0 633 500 422 1000 0 1000 500 500 516 600 0 0 596 750
#SCFC 2016-05-15
0 0 12 500 0 -100 0 0 0 0 -62 0 0 0 0 500 500 318 0 0 0 0 147 285 -250 0 0 0 0 0 0 0 833 0 136 0 0 0 0 0 0 0 0 0 0 0 500 0 0 -194 0 0 0 68 0 0 433 433 0 1000 0 0 -400 0 250 0 0 200 0 0 0 0 0 400 0 500 0 500 0 200 0 200 500 0 307 278 406 0 800 0 0 0 500 0 0 500 0 0 187 0
0 0 25 800 0 100 0 0 700 0 187 0 0 0 0 466 500 477 0 0 0 0 470 535 500 0 0 0 0 0 83 0 666 0 454 0 0 0 0 0 100 0 0 0 0 0 650 0 0 525 0 0 0 750 0 0 733 733 0 400 43 0 400 0 500 0 0 100 0 0 0 0 0 400 0 600 0 650 0 100 0 100 400 0 485 467 533 0 400 0 0 66 800 0 0 466 0 0 437 0
#WHUFC 2016-05-15
250 250 0 200 1000 0 -155 0 0 0 0 0 0 0 250 0 -199 0 0 400 400 400 0 0 0 100 250 250 0 0 0 649 0 0 -62 0 0 0 0 0 0 300 300 300 -150 -200 333 0 0 166 0 630 250 0 0 0 -500 0 0 0 0 -300 -500 0 -500 0 -208 0 0 -250 0 625 0 250 400 -166 -125 -333 0 497 0 833 0 0 781 0 200 0 0 0 300 0 500 0 0 0 0 0 0 68
850 250 0 575 1000 0 288 0 0 0 0 0 0 216 500 0 288 100 100 800 800 800 0 0 0 100 200 200 0 0 0 800 0 0 687 0 0 0 0 0 0 525 525 525 400 800 500 0 0 578 100 740 500 0 0 0 400 0 0 625 0 200 700 0 700 0 791 500 0 233 0 750 0 700 400 333 375 500 0 387 1000 833 0 1000 1000 0 500 0 0 0 100 0 500 0 0 0 0 0 0 750
#Swans 2016-05-15
0 0 -100 0 -100 850 0 318 0 0 333 50 -100 -100 0 0 -112 -100 0 1000 0 500 0 800 -100 250 0 0 500 0 0 -400 -400 -400 0 0 0 0 325 1000 750 0 0 350 700 118 0 0 0 700 250 0 675 0 -166 0 0 0 0 0 0 0 700 0 200 0 0 0 0 0 0 500 0 0 0 0 0 0 68 -125 0 318 0 0 0 -195 99 0 0 0 0 0 0 0 500 0 0 700 0 650
0 0 100 0 100 1000 0 527 0 0 666 500 100 100 0 0 237 100 0 1000 0 1000 0 750 100 200 0 0 1000 0 0 700 700 700 0 0 0 0 500 1000 650 0 0 550 600 427 0 0 0 575 333 0 800 0 333 0 0 0 0 0 0 0 700 0 200 0 0 0 0 0 0 650 0 0 0 0 0 0 750 375 0 727 0 1000 0 300 533 0 0 0 0 0 0 0 650 0 0 1000 1000 875
#MCFC 2016-05-15
125 250 0 200 0 0 136 625 0 625 136 150 -165 0 -200 -100 0 0 402 0 0 0 0 0 0 400 0 500 0 0 0 0 0 0 0 0 0 0 333 0 250 -200 0 800 700 0 0 200 -500 -260 0 100 700 0 737 0 0 0 700 100 0 0 0 0 0 0 0 0 0 0 0 0 0 0 -112 0 0 -350 800 333 0 0 800 0 50 0 -100 0 285 0 0 500 0 500 0 0 68 607 0 0
750 1000 0 900 0 0 454 500 0 900 454 300 650 0 850 0 0 0 644 1000 1000 0 0 1000 0 800 0 800 0 0 0 0 0 0 0 0 83 0 666 0 333 850 1000 750 600 0 1000 200 1000 166 0 250 550 0 812 0 125 0 600 900 500 0 0 0 0 0 0 0 0 0 0 0 750 0 237 0 0 300 750 500 0 0 750 0 262 0 100 500 535 0 0 875 0 500 0 0 227 714 0 0
#WatfordFC 2016-05-15
400 -199 -714 0 500 239 0 99 0 333 250 500 -187 136 0 250 0 200 0 50 0 0 0 250 750 200 0 33 0 625 466 0 100 466 0 900 0 62 0 -26 750 100 1000 0 0 800 0 183 -57 1000 142 400 625 200 0 300 500 416 0 0 437 400 800 0 0 0 -54 118 -83 333 100 0 87 136 100 550 -500 0 0 0 0 -150 0 0 0 136 0 200 399 -250 0 242 -400 285 91 -500 500 500 0 433
800 600 857 0 500 459 0 800 0 416 250 500 900 454 100 250 0 450 0 1000 0 0 0 566 750 900 0 627 0 500 533 0 320 549 0 950 0 500 0 433 800 100 1000 0 0 400 0 425 667 1000 267 875 500 200 0 1000 522 500 0 66 650 400 700 0 0 66 355 718 83 366 466 0 300 454 700 750 875 0 0 0 500 750 0 0 0 454 76 900 208 550 0 417 400 535 400 900 500 1000 0 333
#SAFC 2016-05-15
0 0 0 0 0 500 150 350 168 0 139 0 500 0 0 60 0 500 100 250 625 250 133 0 500 0 0 500 500 500 700 166 162 125 0 0 144 -200 -202 -600 0 0 0 470 0 -159 0 200 312 100 225 233 200 66 0 -400 500 68 350 200 0 0 700 325 0 200 0 250 250 250 0 0 1000 0 250 0 300 0 700 200 0 0 250 250 0 0 200 800 500 300 -155 0 49 0 800 139 -274 483 0 -166
0 0 33 0 0 750 875 350 700 0 200 0 600 0 1000 559 0 600 200 900 650 250 566 0 500 0 211 600 600 600 600 333 312 166 0 0 644 1000 344 800 1000 1000 1000 599 0 380 0 100 494 383 216 399 100 166 100 700 600 277 544 500 0 0 600 497 0 100 0 333 333 333 366 233 300 0 250 0 100 0 900 450 100 100 200 200 0 0 300 1000 375 450 288 0 600 750 750 200 575 708 0 433
#WBA 2016-05-15
190 0 900 250 800 800 -400 0 0 0 400 0 350 450 0 0 -400 250 60 -112 466 1000 800 0 0 0 333 0 625 0 0 700 600 1000 0 -187 300 0 0 700 150 0 800 0 968 550 600 400 600 0 0 -133 0 900 0 0 0 -388 -312 18 -234 -55 0 150 150 -400 150 0 388 136 700 -142 -230 -195 500 600 1000 780 0 900 250 100 0 0 25 600 0 -200 500 500 600 187 -50 468 100 100 0 -600 0 0
500 0 900 333 1000 1000 600 0 0 0 900 0 350 700 0 1000 400 300 530 387 700 1000 1000 0 0 0 666 0 500 0 0 900 1000 300 0 500 750 0 0 1000 550 0 1000 0 950 900 900 900 900 0 0 166 0 1000 0 0 0 833 687 512 822 588 50 441 441 600 441 0 555 454 900 450 533 583 600 900 1000 1000 50 1000 500 900 0 0 425 1000 0 366 750 500 900 734 266 727 400 400 0 900 0 0
#LFC 2016-05-15
650 1000 125 250 0 0 -100 0 0 -666 0 0 0 0 0 0 -300 200 0 20 0 -99 200 0 250 -875 -300 136 0 0 1000 0 1000 500 500 220 0 0 0 150 0 0 227 200 0 66 500 0 0 -66 151 361 283 0 -250 287 0 0 0 0 0 -66 233 300 150 200 600 0 500 0 151 296 100 0 0 0 125 -699 0 500 250 0 -800 227 100 0 250 0 -400 -166 151 0 0 900 0 500 0 100 0 0
575 750 925 850 0 0 550 1000 0 1000 0 1000 1000 0 0 500 1000 700 0 702 0 700 700 0 250 1000 1000 500 0 0 1000 0 1000 500 500 450 0 0 0 300 1000 0 545 950 250 399 600 0 0 799 416 511 674 0 233 333 0 0 0 0 0 799 466 966 400 300 900 0 1000 0 416 542 600 0 0 0 291 666 0 800 850 1000 900 545 600 1000 300 0 400 333 416 0 0 900 1000 400 0 383 0 0
