#SaintsFC 2014-12-08
500 800 500 0 0 -533 -400 0 -250 300 203 136 -291 0 0 0 500 400 666 0 0 600 400 0 250 0 0 0 0 0 0 -223 291 0 1000 312 375 375 -250 200 200 200 0 750 0 500 0 0 -625 0 0 600 0 0 0 0 250 0 350 0 100 275 0 0 0 0 322 0 0 0 0 0 0 0 200 0 0 0 0 400 0 -91 285 0 0 0 316 0 500 0 0 0 0 0 -400 -750 0 0 0 0
500 750 500 0 0 799 600 0 250 0 360 454 541 0 0 0 500 400 683 0 0 300 233 0 200 0 0 0 0 0 0 415 567 0 750 333 500 500 400 300 300 200 0 850 0 600 0 66 625 650 0 733 0 0 0 0 250 0 300 0 300 350 0 0 0 0 566 0 0 0 0 0 0 100 300 0 0 0 0 350 0 607 535 0 0 0 622 0 700 0 0 0 0 0 400 650 0 0 0 1000
#MUFC 2014-12-08
0 -130 0 0 0 0 0 0 500 100 0 0 0 1000 0 0 300 0 0 0 -155 500 0 800 800 -90 0 400 -121 0 0 125 183 0 0 300 250 -93 0 0 0 0 0 0 0 0 0 0 0 0 0 -72 0 0 0 0 0 0 -72 -72 -72 -72 -72 -72 -72 -72 -72 -72 -72 -72 -72 -72 -72 -72 -400 0 0 0 450 0 150 285 0 0 0 0 -200 100 0 275 0 300 183 33 250 -72 500 -500 649 400
0 187 0 0 0 0 0 0 1000 350 0 0 0 300 0 0 0 0 0 0 288 1000 0 750 750 330 0 800 418 0 0 400 483 0 0 0 533 375 0 0 0 0 0 0 0 0 0 0 0 0 0 264 0 0 0 0 0 0 264 264 264 264 264 264 264 264 264 264 264 264 264 264 264 264 600 0 0 0 844 0 300 535 0 0 0 0 700 300 0 700 0 0 300 155 250 264 1000 666 800 400
#AVFC 2014-12-07
0 800 750 0 0 91 300 0 0 91 400 91 91 91 91 91 91 91 91 0 91 91 91 91 91 91 91 700 91 91 91 91 91 91 91 91 91 91 91 91 91 91 91 91 91 91 91 91 91 91 91 91 0 0 0 0 0 350 0 0 0 0 0 1000 0 350 0 400 566 250 0 500 0 0 175 285 200 625 -100 -25 0 250 200 0 500 200 625 149 400 0 -400 0 250 0 500 0 0 1000 0 0
0 400 1000 125 0 625 100 0 0 625 233 625 625 625 625 625 625 625 625 0 625 625 625 625 625 625 625 600 625 625 625 625 625 625 625 625 625 625 625 625 625 625 625 625 625 625 625 625 625 625 625 625 0 0 0 0 0 550 0 0 0 0 0 1000 0 600 0 400 708 200 0 600 0 0 500 535 500 500 200 416 0 694 500 0 600 500 500 500 483 0 400 0 333 0 500 0 0 300 66 0
#LCFC 2014-12-07
650 0 -200 0 0 625 200 318 800 800 800 -200 0 -1000 0 -155 -200 0 -400 83 0 0 0 -500 0 0 0 0 266 -1000 -800 0 0 375 71 0 -100 0 416 0 58 -31 508 500 99 750 100 0 0 -204 0 -100 0 0 428 800 117 200 0 0 -333 0 -400 0 156 0 -600 0 -50 50 0 0 249 0 0 0 0 500 300 -400 266 200 0 0 0 0 0 200 0 0 0 0 -500 -500 -250 -250 -71 0 0 136
700 0 362 0 0 1000 900 527 400 750 750 300 100 1000 0 288 300 0 400 333 0 0 0 900 0 0 0 0 633 1000 900 0 0 425 657 0 200 0 500 0 751 277 700 888 800 1000 900 0 33 745 0 1000 0 0 511 400 387 900 0 0 666 0 400 0 1000 533 800 0 550 650 0 0 350 125 0 0 0 500 775 600 233 300 0 0 0 0 0 350 0 0 0 100 1000 1000 888 888 511 0 0 500
#WHUFC 2014-12-07
-200 500 500 0 -500 0 0 0 285 0 -900 478 0 0 0 166 -800 250 -500 -500 150 400 0 -500 0 300 500 0 375 375 312 0 500 0 0 0 400 156 0 500 200 300 0 500 250 -131 0 285 800 400 0 1000 0 136 136 0 0 66 0 0 0 0 0 0 500 0 -194 0 400 136 800 0 150 400 0 100 500 0 166 350 0 0 -400 1000 0 0 333 0 0 0 266 -400 136 500 500 0 0 0 -184 244
450 900 900 0 1000 0 0 100 535 0 1000 735 0 0 0 199 900 200 400 1000 250 900 0 900 0 450 650 500 500 500 333 0 500 0 0 0 900 300 0 500 200 450 0 500 450 450 0 535 400 687 0 750 0 500 500 0 0 199 0 0 0 66 0 0 900 0 450 100 900 454 400 0 250 200 0 1000 900 0 633 600 0 0 400 400 100 66 466 125 66 0 266 600 454 500 900 0 0 0 337 200
#Swans 2014-12-07
0 0 391 0 0 0 0 0 0 0 0 0 200 0 0 0 -250 600 0 312 -166 0 0 0 437 0 0 300 0 -750 0 750 -500 136 136 -750 0 518 -750 136 0 -750 250 -750 0 0 500 0 433 -750 0 -750 433 0 -188 500 -750 300 500 390 -800 0 466 0 0 500 800 50 0 0 -388 0 0 1000 0 0 250 0 0 0 0 -388 -388 0 0 0 0 0 49 0 -200 0 0 0 0 0 0 0 -100 700
0 0 616 0 0 0 100 0 0 0 0 0 600 0 0 0 700 1000 500 333 433 0 0 0 550 0 0 450 0 1000 0 775 1000 500 500 1000 0 825 1000 454 0 1000 1000 1000 0 1000 400 0 433 1000 0 1000 433 0 522 500 1000 300 500 1000 900 0 466 500 0 500 750 100 0 0 833 0 0 300 0 0 250 0 100 500 0 833 833 0 0 0 0 0 700 0 100 0 0 0 0 0 0 0 756 600
#MCFC 2014-12-06
0 250 0 400 0 200 300 0 1000 0 350 462 350 0 0 600 875 -53 483 187 0 0 0 0 0 0 1000 0 1000 -33 800 0 400 400 352 0 0 0 200 505 505 142 -200 0 0 600 136 400 246 250 0 450 0 0 -400 0 100 400 0 1000 0 0 400 500 250 500 66 0 0 0 -166 166 0 0 100 87 375 250 285 0 0 0 0 0 256 0 0 0 125 633 -500 0 0 0 0 0 -500 0 -400 806
0 1000 0 1000 0 300 700 0 300 125 550 354 650 0 0 733 600 383 700 437 425 0 0 0 0 0 300 0 300 66 400 0 400 800 638 0 66 0 250 577 577 267 400 0 0 583 454 200 535 375 0 250 0 0 700 125 100 700 0 1000 0 0 700 500 399 1000 399 0 0 0 300 591 100 0 383 850 500 1000 535 0 1000 0 0 0 318 0 0 0 350 500 400 0 0 0 0 0 500 0 400 830
#EFC 2014-12-06
250 0 0 400 0 155 400 0 136 0 0 0 0 0 316 0 600 0 -200 0 0 0 200 200 200 200 0 0 0 0 0 0 0 0 500 0 0 -125 0 200 0 0 0 733 0 0 -241 150 0 625 0 -500 0 250 0 -200 -200 -299 0 -750 -750 -750 -750 -800 0 -750 -200 -750 -750 -750 -750 0 -200 0 0 50 125 -200 -750 -750 300 -750 -750 -750 600 0 0 0 0 200 -400 0 199 -500 250 -103 0 500 -388 250
562 0 0 1000 0 522 800 0 500 0 500 0 0 0 644 0 700 0 200 1000 0 1000 100 100 100 100 0 0 0 0 0 0 0 0 600 0 0 750 0 100 0 0 0 500 1000 1000 633 700 33 500 0 1000 0 750 0 250 250 433 0 850 850 850 850 800 0 850 200 850 850 850 850 0 200 66 66 720 166 200 850 850 449 850 850 850 900 0 0 0 0 250 400 0 400 750 333 509 0 866 833 250
#hcafc 2014-12-06
0 0 0 192 0 0 0 488 566 18 -312 0 0 -275 -400 0 -200 250 0 250 0 318 -400 0 142 0 0 -100 0 0 -250 333 -194 18 -566 0 0 0 0 0 -125 800 0 -155 0 83 250 0 -33 600 29 24 0 0 0 500 -155 0 -166 0 0 0 0 550 0 166 0 0 875 -399 100 -33 29 25 0 25 0 50 -600 339 700 0 125 116 0 0 0 166 0 0 0 0 0 399 500 0 200 0 -200 500
0 0 0 767 0 0 0 1000 655 566 687 0 0 600 400 66 200 312 1000 405 0 500 400 0 301 0 0 588 66 125 250 833 288 649 577 333 0 0 0 0 593 400 0 288 0 355 750 0 833 1000 175 300 0 0 0 1000 288 0 66 0 0 0 0 894 0 600 0 0 600 166 150 833 175 366 0 450 100 400 700 313 600 0 550 452 0 0 0 333 0 0 0 0 0 500 500 0 200 0 250 1000
#WBA 2014-12-06
0 0 0 0 -200 800 1000 0 0 -1000 -166 0 0 0 0 0 500 0 0 0 -66 200 0 268 0 0 0 1000 -1000 -33 -62 262 -145 -150 0 0 -625 0 0 25 0 468 0 212 492 0 250 53 0 49 0 0 -62 500 0 625 468 468 200 200 200 468 468 468 468 468 468 468 468 468 0 0 0 120 500 0 0 -250 0 0 0 -600 100 0 524 0 700 0 363 0 -200 500 0 -400 -133 -625 0 800 0 0
0 0 0 0 200 575 300 0 0 1000 166 0 0 0 0 0 500 0 0 0 362 200 0 427 0 0 750 300 1000 200 333 275 333 644 0 0 700 1000 0 300 0 427 0 547 717 0 750 846 0 512 0 0 187 550 300 500 427 427 100 100 100 427 427 427 427 427 427 427 427 427 0 0 0 337 888 100 0 700 0 0 0 1000 400 0 575 0 900 0 583 0 800 500 500 400 150 1000 62 700 0 0
#LFC 2014-12-06
-700 0 0 100 0 0 180 550 100 50 0 150 167 133 0 0 0 151 566 366 0 0 0 595 0 0 -312 400 400 412 383 136 850 166 800 167 100 -60 166 166 500 20 750 0 484 1000 0 400 0 0 190 0 100 0 0 0 0 0 0 300 383 0 0 0 0 -266 0 0 136 0 0 0 0 166 1000 0 0 0 0 0 0 0 475 0 0 0 0 136 0 700 0 0 0 625 0 100 68 750 216 0
1000 0 0 341 0 100 722 750 650 150 0 297 329 500 0 0 0 393 333 616 0 0 0 718 0 0 250 500 800 633 616 454 875 333 750 370 300 300 333 333 500 166 1000 0 625 300 0 425 0 0 801 0 150 0 0 100 0 0 0 533 488 0 0 0 0 500 0 0 454 0 100 0 0 666 300 0 0 0 0 0 0 100 825 0 0 100 0 500 0 550 0 0 66 900 0 400 227 1000 583 0
#SAFC 2014-12-06
0 0 0 0 1000 0 0 666 0 0 0 0 0 250 0 0 300 0 625 150 -14 -200 400 150 400 0 500 375 312 0 0 -200 1000 0 -200 -200 -200 378 250 0 0 -100 0 500 -800 0 199 0 0 0 357 0 0 500 200 0 -400 0 500 0 675 0 0 357 0 0 0 0 0 0 294 268 0 0 200 500 0 0 -24 0 0 62 357 0 625 0 0 0 0 0 400 416 0 -400 800 0 0 0 0 245
100 125 0 0 300 0 0 455 0 0 0 0 0 200 0 0 500 0 700 200 657 233 800 200 500 0 750 500 333 0 0 233 750 0 233 233 233 568 250 0 0 100 0 500 900 0 405 0 0 400 571 0 0 350 200 0 400 0 800 0 1000 0 0 571 0 66 0 0 0 0 455 577 66 0 575 694 400 0 250 500 0 312 571 0 1000 0 66 0 0 0 800 266 0 400 400 0 0 0 0 451
#QPR 2014-12-06
0 0 -388 -388 216 0 1000 -21 0 -388 -388 0 0 -21 545 449 -99 0 0 0 0 0 -200 250 0 112 -99 411 -800 0 -21 0 0 337 0 166 0 0 0 375 312 0 0 -400 0 75 0 0 0 0 125 500 0 0 0 0 0 0 0 0 0 0 0 0 366 0 50 200 0 0 0 200 575 -400 0 250 0 250 266 266 0 0 0 0 0 400 0 0 0 200 -166 500 0 0 0 193 0 68 575 0
0 0 833 833 387 0 300 384 0 833 833 0 0 384 451 550 350 100 100 100 100 100 400 200 0 218 350 911 900 0 384 0 0 812 0 333 0 350 0 500 333 0 0 400 0 1000 66 0 0 0 1000 500 750 750 750 750 750 0 0 66 0 0 0 0 666 0 500 100 0 0 0 100 525 400 0 300 0 250 255 255 0 0 0 0 0 550 0 0 0 450 491 900 0 0 0 727 0 227 650 0
#Clarets 2014-12-06
0 0 250 0 0 -200 375 312 0 -400 0 0 0 0 0 0 136 0 0 350 0 800 150 0 800 0 0 250 -200 0 0 0 0 250 -200 0 0 0 750 0 250 0 750 0 0 0 0 0 0 0 0 0 0 0 0 0 0 0 0 0 250 -31 375 312 250 390 -50 0 1000 0 0 0 0 0 0 0 -250 0 0 0 0 0 0 0 0 0 0 0 250 0 0 300 0 0 250 0 0 300 0 0
0 0 200 0 0 200 500 333 1000 400 0 0 0 0 0 0 454 0 0 650 1000 400 316 0 1000 0 0 1000 200 0 0 0 0 1000 200 0 0 0 850 0 312 0 850 50 0 0 0 0 0 0 0 0 500 0 0 0 0 0 0 0 200 200 500 333 1000 1000 950 0 1000 0 0 0 0 0 100 0 1000 0 0 0 1000 0 0 0 0 0 0 0 333 0 0 475 0 0 333 0 0 475 0 0
#SCFC 2014-12-06
200 0 200 0 500 0 500 0 200 0 0 500 462 462 0 700 433 1000 0 -800 0 0 200 -150 -99 1000 500 0 250 -500 -183 -200 250 -600 -450 0 383 0 350 0 -400 350 266 0 -500 0 390 250 0 400 0 0 0 0 -100 406 500 -100 0 0 0 0 -100 0 0 700 0 77 0 100 145 0 416 0 0 0 0 0 0 0 500 0 500 0 800 0 100 -41 -41 250 200 0 0 0 250 250 -99 -600 750 -450
500 0 100 0 750 142 500 0 500 0 0 500 925 925 1000 1000 549 300 0 1000 0 0 100 100 700 300 500 0 500 1000 950 0 333 700 800 0 575 0 650 0 400 650 255 0 400 0 333 500 0 400 0 66 0 0 737 375 700 250 0 0 0 0 1000 0 0 600 0 877 0 300 427 0 500 0 0 0 0 0 0 100 900 0 750 0 1000 0 150 750 750 200 516 0 0 0 1000 1000 399 700 550 800
#AFC 2014-12-06
0
0
#COYS 2014-12-06
0 200 -300 0 0 0 0 475 0 475 0 0 -86 400 449 0 125 -75 566 0 125 -250 0 0 0 0 0 345 0 -150 400 1000 400 1000 400 700 249 1000 133 454 -200 450 0 0 800 0 0 0 300 -187 500 400 400 1000 400 0 900 0 0 284 75 0 267 0 -120 -625 1000 750 -750 -62 -75 400 0 0 -400 187 55 0 150 1000 133 0 200 266 0 0 210 0 83 333 88 0 1000 0 0 0 166 0 0 0
0 300 400 0 0 0 0 825 0 825 62 0 622 512 500 125 250 131 300 0 1000 1000 0 0 0 0 0 651 0 666 700 750 900 900 900 600 700 1000 300 423 233 900 0 0 750 0 0 0 100 500 500 900 900 300 900 0 1000 0 0 545 291 0 571 0 387 400 650 800 850 825 250 900 0 0 400 375 222 0 400 650 233 0 575 255 0 50 477 0 199 372 242 0 300 0 0 0 666 0 0 0
#CPFC 2014-12-06
0 0 0 183 700 0 0 0 0 250 0 200 400 250 0 0 0 0 0 500 0 549 216 100 100 800 250 166 0 0 -138 450 0 156 100 200 200 200 350 150 375 312 -50 0 0 -500 0 0 -194 283 437 0 0 0 0 0 0 62 203 0 0 -200 0 0 -400 0 0 136 0 0 0 0 -500 322 322 214 0 0 0 800 0 0 136 200 0 0 625 -400 781 -122 0 -100 -625 -700 175 0 0 0 -294 0
0 0 0 283 600 0 0 0 0 300 0 200 500 300 125 0 125 125 0 900 0 544 611 200 600 400 200 366 0 0 500 649 0 205 1000 100 100 100 300 0 500 333 750 0 0 300 0 0 371 500 600 0 0 0 0 0 0 600 520 100 0 200 0 0 400 0 0 454 0 0 0 0 400 644 644 571 0 0 0 750 0 0 500 200 76 100 500 400 500 222 0 150 500 200 266 0 0 0 855 0
#NUFC 2014-12-06
250 500 0 750 100 -241 100 1000 0 369 0 0 0 0 -400 1000 136 500 -200 300 0 0 0 0 0 800 0 933 0 650 0 0 700 0 0 208 175 500 1000 1000 0 1000 0 100 1000 0 0 800 250 0 300 0 -222 0 0 0 0 400 150 1000 -14 146 -400 800 -1000 0 400 0 0 0 400 -187 0 200 1000 0 375 375 312 0 -50 0 0 225 0 0 -113 0 500 846 -625 0 0 500 0 0 0 0 0 0
375 850 500 750 300 758 300 1000 0 673 0 66 0 0 400 1000 454 500 650 650 0 0 1000 0 0 750 0 683 0 625 0 0 1000 100 0 722 275 1000 1000 1000 0 300 100 383 1000 0 0 1000 200 0 500 0 555 0 0 0 0 500 175 300 657 485 400 1000 1000 0 800 0 0 0 500 1000 0 200 300 0 500 500 333 0 400 0 0 600 0 0 450 0 600 733 400 0 0 500 0 1000 0 0 0 0
#CFC 2014-12-06
200 700 0 400 500 0 0 0 0 0 100 0 0 500 0 500 0 0 0 0 0 600 0 400 0 0 0 0 -100 0 -600 0 466 0 0 466 0 399 427 800 266 0 0 0 500 0 0 800 0 -1000 0 -33 500 0 350 -100 250 0 0 0 0 0 0 0 0 0 0 0 50 0 166 250 0 0 500 -28 0 0 357 468 136 0 0 0 0 0 0 0 400 0 0 0 0 -100 0 500 300 0 0 0
533 600 0 900 500 0 0 0 0 0 300 0 0 150 0 500 0 0 0 0 0 600 0 800 100 0 0 0 0 0 800 0 616 0 0 616 0 388 620 1000 366 0 0 0 888 0 0 1000 0 1000 0 300 925 0 450 799 944 0 0 0 0 0 0 0 0 0 0 0 233 0 500 750 0 0 500 398 0 0 571 602 454 0 0 0 0 0 0 0 900 0 0 0 0 799 0 500 650 0 0 0
#AFC 2014-12-03
0 0 0 0 74 0 450 0 0 0 -6 0 0 321 -250 -200 200 -47 1000 100 416 383 0 250 0 100 -93 0 0 250 200 387 0 0 0 500 0 387 375 250 250 0 290 100 0 -300 -166 100 -400 0 400 500 0 0 0 500 800 156 0 127 0 412 0 0 100 0 0 0 300 0 0 0 900 800 0 0 389 168 0 300 -892 0 -175 625 750 0 400 0 0 0 -600 600 0 70 0 83 250 -100 0 0
0 500 0 125 591 0 799 125 125 0 50 0 0 408 750 250 200 490 1000 400 483 533 0 500 0 366 250 0 0 333 450 550 0 0 0 1000 0 550 200 333 333 0 600 650 1000 600 433 50 400 0 200 500 0 0 0 500 750 291 0 510 0 450 0 0 241 0 0 0 606 0 500 0 900 750 0 0 487 277 0 300 857 0 550 500 800 0 400 0 0 0 1000 900 0 300 0 349 350 200 0 0
#SaintsFC 2014-12-03
136 136 136 68 136 136 -100 0 0 0 -62 750 0 0 -500 93 -99 187 -400 0 0 -200 0 50 425 400 1000 500 500 0 0 0 268 1000 250 0 0 0 900 153 250 300 0 0 0 -300 0 -50 0 500 300 0 0 0 800 0 0 0 0 0 136 136 -1000 1000 -400 0 -100 -400 -179 0 0 136 136 -200 0 0 -16 212 0 800 -250 0 0 136 0 0 136 0 -43 -388 136 136 136 200 136 0 55 0 -25 -416
500 500 500 300 500 477 400 0 0 0 687 900 0 0 1000 218 583 437 400 0 0 400 0 600 562 400 900 500 500 0 0 0 505 900 200 0 0 0 700 500 700 637 0 0 0 600 0 900 0 500 0 0 0 0 750 366 125 0 0 0 500 500 1000 300 400 0 50 400 568 0 357 500 500 150 0 0 316 450 0 700 1000 0 0 500 0 0 500 0 608 833 500 500 500 450 500 0 244 700 325 666
#CFC 2014-12-03
83 0 0 500 83 0 136 136 136 68 136 136 625 100 0 1000 800 400 300 0 1000 0 0 0 250 0 0 312 -125 0 312 0 233 0 500 0 285 0 0 500 0 -133 0 750 750 500 100 0 191 750 400 625 366 233 250 -400 250 166 -166 -400 350 -116 350 -16 -100 0 0 0 500 750 500 500 0 0 0 0 500 0 583 500 0 0 233 200 200 -100 1000 150 233 250 0 1000 -400 267 0 416 170 0 0 0
500 0 0 750 500 0 500 500 500 300 500 477 500 133 0 1000 400 800 200 0 400 0 0 0 375 0 0 750 375 0 750 0 400 0 500 0 535 0 0 500 125 266 0 400 400 266 100 0 750 400 1000 500 700 400 500 400 500 333 166 400 550 350 450 311 200 0 0 0 500 400 266 500 0 0 1000 0 500 0 725 150 0 0 433 500 500 200 300 283 433 283 0 1000 750 500 0 666 454 0 0 0
#COYS 2014-12-03
133 156 475 0 800 0 -400 593 475 679 293 525 0 131 -1000 350 0 0 0 136 200 0 475 -400 600 0 0 750 0 100 0 100 200 125 475 475 240 475 500 475 250 0 234 679 790 475 0 475 445 362 516 0 0 0 0 225 0 475 0 933 475 475 400 576 0 0 800 -1000 475 475 475 290 125 156 0 475 475 475 0 101 475 -100 475 475 0 616 -9 475 250 475 475 295 437 -225 0 0 437 475 475 475
433 399 825 0 750 0 400 600 825 883 295 766 0 687 500 350 50 0 0 454 100 0 825 400 350 0 0 400 0 250 0 100 500 166 825 825 290 825 500 825 300 0 301 883 625 825 0 825 366 566 850 0 0 0 1000 212 0 825 0 683 825 825 325 787 0 0 750 1000 825 825 825 459 500 373 0 825 825 825 0 762 825 400 825 825 0 883 371 825 500 825 825 266 458 275 333 0 300 825 825 825
#EFC 2014-12-03
-700 0 400 500 250 250 250 250 0 0 400 0 800 25 25 200 250 -400 700 0 0 449 0 0 0 100 500 0 0 0 700 933 800 666 0 250 0 0 0 0 0 625 800 0 -173 500 -250 365 500 0 568 425 800 0 300 568 0 0 0 1000 850 0 0 375 900 49 0 16 1000 136 400 282 800 1000 500 354 0 0 -119 3 -400 800 136 350 125 0 -500 0 0 0 0 -178 500 0 0 625 900 0 49 0
200 0 800 500 500 500 500 500 0 0 475 0 400 50 50 200 500 400 700 0 0 400 66 0 0 200 500 0 0 0 600 683 400 633 0 333 0 0 0 0 0 500 750 0 355 900 400 538 300 0 377 543 750 0 580 377 0 0 0 1000 500 0 0 481 765 550 0 466 750 500 375 625 750 750 500 637 0 0 510 425 700 1000 500 800 166 0 400 0 0 0 0 285 633 0 0 500 1000 0 450 0
#hcafc 2014-12-03
136 136 136 68 136 136 0 -400 0 450 0 200 0 0 0 0 600 -170 161 0 -49 267 0 915 0 0 0 0 0 -93 -349 0 136 -187 136 136 0 0 0 700 -445 136 136 136 136 136 136 136 136 -200 150 800 0 0 0 -291 -56 285 166 250 -325 550 125 0 0 0 0 237 0 0 500 -600 800 0 350 -266 0 166 41 0 400 0 -600 -600 800 800 0 0 0 -500 -600 266 -155 650 0 0 0 0 0 0
500 500 500 300 500 477 0 400 0 533 0 716 0 100 0 0 900 529 761 0 600 367 0 500 0 0 0 66 0 437 333 0 454 500 500 500 0 0 0 600 720 500 500 500 500 500 500 500 500 100 650 750 0 0 0 541 383 535 833 750 550 350 125 0 0 0 0 350 0 0 500 700 750 0 550 266 0 250 250 1000 800 100 1000 1000 1000 1000 0 0 0 400 700 433 288 950 0 0 0 0 0 0
#SAFC 2014-12-03
0 0 136 0 0 0 250 0 25 250 -400 0 0 500 0 0 0 0 0 500 200 0 0 600 136 700 0 0 200 0 0 0 400 500 170 0 400 400 400 -400 250 250 250 0 0 750 750 750 333 0 50 -200 300 500 -289 0 1000 0 875 155 164 16 0 0 449 0 244 0 0 141 266 500 194 0 0 520 400 400 400 600 350 0 300 900 0 0 900 1000 400 100 187 -400 350 266 225 0 250 0 625 39
0 100 454 0 100 0 500 0 400 500 400 0 0 500 500 0 0 0 0 1000 600 100 0 250 500 600 0 0 600 0 0 0 700 300 454 0 700 700 700 400 399 399 399 0 0 550 550 550 666 0 100 0 200 1000 750 0 1000 0 600 522 510 466 0 0 750 0 388 0 0 633 483 1000 277 0 0 633 700 700 700 800 800 0 475 1000 0 0 1000 750 900 200 520 400 477 466 316 0 300 0 500 400
#MCFC 2014-12-03
0 0 0 99 233 0 0 250 0 0 250 0 350 350 350 350 675 250 0 0 0 0 350 350 0 256 -500 0 0 0 300 136 350 200 0 0 0 0 750 -125 650 168 550 -500 0 0 -400 0 0 0 -125 650 500 0 500 357 0 0 100 900 50 -400 0 0 300 300 850 500 183 0 300 0 0 599 0 0 0 0 0 0 0 200 0 250 0 0 0 0 0 0 0 0 0 650 0 0 0 0 136 800
0 0 0 950 566 0 0 333 0 0 500 1000 550 550 550 550 425 300 0 0 0 0 550 550 0 266 900 0 0 0 200 454 550 500 0 0 0 0 400 375 700 277 875 900 1000 0 400 0 0 0 375 700 1000 0 1000 571 0 0 400 1000 250 400 0 0 200 200 550 500 266 0 200 0 0 714 0 0 0 0 0 0 0 100 0 350 0 0 0 0 0 0 0 125 0 950 0 0 0 0 454 750
#CPFC 2014-12-02
0 136 500 250 625 0 250 0 0 500 500 500 0 500 937 0 250 -216 -200 400 -54 200 537 537 537 136 100 -150 100 250 153 400 -500 0 0 -37 300 500 300 800 100 0 312 0 0 525 136 218 136 136 136 0 0 500 136 0 0 -500 0 250 0 0 0 218 136 136 136 700 0 0 -41 466 0 -500 0 0 218 212 0 1000 100 -187 400 175 0 -400 0 168 -218 0 -200 -78 0 0 0 227 0 227 227 0
0 500 1000 475 500 0 750 0 0 500 500 500 0 900 900 0 625 216 250 600 175 100 500 500 500 500 1000 875 1000 850 454 400 400 500 0 408 350 550 900 750 1000 0 333 33 66 475 500 500 500 500 500 0 0 500 500 0 0 550 500 416 0 0 0 500 500 500 500 200 0 0 358 470 0 550 0 0 233 684 0 300 600 500 250 475 0 400 0 327 658 0 250 446 0 0 0 545 1000 545 545 1000
#AVFC 2014-12-02
183 -500 -500 136 0 0 0 0 0 900 138 0 0 0 -200 0 600 350 192 0 0 125 0 85 0 0 0 0 0 -175 0 0 0 192 700 -399 -234 -799 0 -200 -300 168 400 100 0 168 -12 0 250 0 -976 300 -100 -200 0 0 0 150 0 0 168 0 0 122 750 0 0 750 800 0 375 312 215 0 62 0 475 633 0 168 168 0 458 0 166 0 68 136 0 0 0 218 136 136 136 0 0 0 550 200
396 1000 1000 500 0 0 0 0 433 1000 722 0 0 0 250 0 900 550 367 0 0 500 0 227 0 0 0 0 66 800 100 100 100 367 600 566 500 1000 0 250 600 327 625 200 100 327 687 0 200 0 1000 500 400 225 0 0 0 250 0 0 327 0 0 644 675 0 0 899 1000 0 500 333 600 0 500 0 700 733 125 327 327 0 500 0 666 0 227 500 0 66 0 500 500 500 500 0 0 100 650 200
#WBA 2014-12-02
-50 400 -200 80 416 -25 0 -688 0 350 0 -208 -291 -123 0 1000 -200 -100 0 0 0 0 -500 169 0 0 300 0 0 -56 300 133 0 -183 227 250 -800 0 -750 146 -208 0 227 0 -24 350 0 268 0 -550 -350 150 350 1000 0 0 0 0 650 125 0 0 0 -37 0 1000 0 0 483 0 0 0 400 0 0 250 0 0 -874 0 0 0 0 322 0 0 0 0 0 0 0 -625 -123 -200 -377 -100 333 700 0 0
100 200 800 770 694 450 0 840 0 562 0 333 789 565 400 1000 375 200 0 0 0 0 400 480 0 0 800 0 66 650 425 433 0 866 485 275 900 0 900 593 480 100 545 66 595 400 0 427 0 900 650 275 700 300 66 0 0 333 625 508 0 112 0 537 0 1000 0 0 683 0 0 0 400 0 0 900 0 0 666 0 0 0 0 375 0 0 0 0 0 125 0 1000 565 375 755 200 566 600 0 1000
#WHUFC 2014-12-02
136 900 900 233 318 114 500 0 0 -50 300 100 0 0 0 0 -77 400 -200 312 0 0 533 0 0 72 22 68 68 136 568 -500 0 0 1000 375 312 500 136 0 0 -400 225 218 136 136 136 0 500 211 250 316 0 0 0 -400 0 250 650 0 0 0 250 -400 0 800 0 375 1000 0 0 0 -50 500 0 588 0 0 136 136 0 500 0 800 0 175 359 1000 33 100 100 -300 0 0 260 0 250 -8 600 -750
500 700 700 200 577 429 900 0 100 200 491 150 125 0 0 825 194 366 233 300 0 0 666 0 0 519 355 250 250 500 400 400 0 0 300 500 333 500 500 0 0 700 625 500 500 500 500 0 550 517 1000 716 0 0 0 400 0 700 950 0 0 0 550 400 0 1000 0 1000 1000 0 0 0 200 750 0 600 0 0 500 500 0 900 0 400 0 266 538 400 550 250 250 399 0 1000 450 0 700 591 588 750
#Clarets 2014-12-02
136 -156 0 0 250 0 375 312 136 0 0 136 218 136 136 136 0 0 218 136 136 136 -400 0 0 0 0 250 0 0 136 0 136 136 136 136 136 136 68 136 136 136 136 136 0 136 136 0 0 175 136 136 136 136 136 136 0 0 0 0 0 136 0 136 0 136 136 136 800 136 136 300 136 136 136 136 300 0 136 136 136 136 -75 136 136 0 -75 0 1000 100 0 0 0 0 0 100 0 0 0 0
500 375 0 0 200 0 500 333 500 0 0 500 500 500 500 500 0 0 500 500 500 500 400 0 0 0 0 408 0 0 500 0 500 500 500 500 477 500 250 500 500 477 500 500 0 500 500 0 0 266 500 500 500 500 500 500 0 0 0 0 0 500 0 500 0 500 500 500 400 500 500 370 500 500 500 500 50 0 500 500 500 500 366 500 500 0 366 0 300 400 0 0 100 0 0 400 0 0 100 0
#NUFC 2014-12-02
166 0 500 500 0 0 0 800 0 0 762 0 0 142 0 0 -16 0 0 500 0 0 0 800 45 0 0 -750 0 0 200 0 0 250 0 250 600 0 0 -400 0 0 0 1000 125 0 208 0 -304 68 68 136 568 -500 500 200 0 0 125 0 0 0 500 1000 0 0 -400 312 -125 0 283 350 0 207 -400 212 0 0 400 0 0 650 0 136 0 800 0 -200 0 0 0 250 -200 -400 0 -500 0 -600 0 0
333 0 850 500 250 0 0 400 0 423 600 0 0 267 0 0 133 500 100 200 0 0 0 400 311 125 0 950 0 0 200 0 0 250 0 375 1000 0 0 400 0 0 0 300 450 0 250 0 883 250 250 500 400 500 750 566 0 0 291 0 0 0 600 300 0 400 400 333 375 0 783 350 0 364 700 484 0 0 900 0 0 750 0 500 0 750 1000 100 357 0 0 500 200 600 0 600 1000 800 0 0
#LCFC 2014-12-02
136 0 0 0 0 -349 0 200 0 0 0 0 0 0 400 466 0 0 0 0 0 0 133 0 334 0 0 0 525 0 136 0 0 300 0 136 0 0 68 0 1000 0 218 136 136 136 218 136 136 136 525 0 625 0 0 0 0 41 166 0 -183 250 0 0 0 625 0 0 -218 0 0 -50 0 131 99 0 148 0 0 0 800 500 0 136 136 136 136 136 136 68 136 136 136 0 0 0 0 400 -390 136
500 0 0 66 0 366 200 400 0 0 0 0 0 0 500 916 0 0 0 0 0 0 466 0 571 0 0 0 700 0 500 0 0 600 0 500 0 0 283 500 300 0 500 500 500 500 500 500 500 500 700 0 500 0 0 0 300 250 666 0 483 333 0 0 0 500 0 0 658 0 0 350 0 386 566 0 357 0 0 0 1000 750 0 500 500 500 500 477 500 250 500 500 477 0 0 0 0 400 400 500
#LFC 2014-12-02
0 0 1000 500 800 800 166 136 -1000 0 0 0 0 0 0 150 -291 233 0 0 0 0 136 136 170 0 136 200 0 300 0 0 0 -99 0 500 212 350 -600 0 400 0 0 443 0 0 0 0 0 0 68 0 0 0 -125 418 136 0 0 -363 -700 136 0 533 0 0 4 0 68 0 0 357 0 625 0 157 136 0 790 0 0 0 0 0 0 300 0 800 0 600 500 0 0 136 0 0 0 0 0 168
0 0 700 500 900 900 333 500 1000 0 0 0 0 0 0 433 541 200 500 0 500 0 454 454 454 0 454 100 0 333 500 0 0 875 0 500 651 483 1000 0 800 0 500 518 66 0 500 0 0 0 227 0 0 125 125 527 454 500 0 813 1000 454 500 916 0 0 525 650 727 0 100 450 500 500 0 336 454 0 750 0 0 0 500 500 0 100 0 400 500 650 500 500 0 454 500 0 500 50 500 277
#MUFC 2014-12-02
1000 0 136 0 825 0 -150 445 -450 0 0 100 0 0 0 466 0 50 0 0 0 0 0 0 1000 150 0 900 0 0 0 0 225 100 0 0 0 0 200 0 750 0 0 254 0 0 800 0 700 -500 0 800 0 0 625 400 0 0 0 0 0 925 250 0 325 0 -200 750 187 0 500 150 150 150 150 150 150 150 150 150 0 0 0 100 0 0 0 0 0 0 0 0 0 0 0 0 0 0 0 0
900 0 500 0 875 1000 500 551 1000 0 0 400 0 0 0 366 0 700 0 0 0 0 0 0 1000 400 0 525 0 0 0 0 400 400 0 0 0 0 300 0 650 0 0 586 0 0 400 0 600 666 0 400 0 0 500 400 0 0 0 0 0 1000 333 750 575 0 733 1000 600 0 750 400 400 400 400 400 400 400 400 400 0 0 0 400 0 0 0 0 0 0 0 0 0 0 0 0 0 0 0 0
#SCFC 2014-12-02
136 500 800 -300 100 0 200 100 700 0 225 0 0 0 0 0 0 0 0 500 300 0 136 218 136 136 136 0 0 100 -700 0 0 300 -20 0 0 0 462 0 0 0 0 350 175 250 0 0 227 0 500 -700 0 136 0 0 136 662 1000 0 0 0 0 136 136 0 175 227 0 0 0 400 0 500 0 0 0 0 0 194 0 0 0 600 200 136 136 136 250 125 0 462 0 462 0 0 0 0 0 0
500 500 400 650 100 1000 500 200 600 0 266 50 100 0 0 0 0 0 0 500 825 0 500 500 500 500 500 0 0 100 200 0 0 355 318 0 0 100 925 0 0 0 0 550 475 494 0 0 545 1000 500 200 0 500 1000 0 500 550 1000 0 0 0 0 500 500 0 475 545 1000 0 0 350 125 500 0 0 0 0 0 466 0 0 0 1000 200 500 500 500 300 166 0 925 0 925 0 0 0 0 0 0
#Swans 2014-12-02
0 0 136 0 0 0 500 378 -364 375 312 0 800 0 425 136 0 0 -312 218 136 136 136 0 187 0 0 800 1000 0 0 600 500 375 0 250 650 0 500 136 136 0 0 0 0 250 0 357 800 0 -187 136 136 136 0 500 0 850 0 0 -118 136 0 -700 50 850 725 136 0 136 0 -750 0 0 450 136 136 -199 0 0 -700 250 0 0 247 100 136 0 136 0 0 160 0 0 500 -11 0 -166 0 0
0 0 500 0 0 0 500 651 541 500 333 0 200 0 750 500 0 0 199 500 500 500 500 0 366 0 0 750 400 0 0 950 233 575 0 408 616 0 500 500 500 0 0 0 0 416 0 571 600 0 500 500 500 500 1000 500 0 1000 0 0 300 500 0 200 50 1000 700 500 0 500 0 750 0 0 875 500 500 647 0 0 200 250 0 0 405 400 500 0 500 0 0 539 0 0 1000 233 0 433 0 0
#QPR 2014-12-02
136 75 -400 0 800 0 433 0 800 -233 -250 200 -500 -233 0 300 0 0 0 0 1000 250 250 200 446 0 0 170 500 0 218 0 375 312 0 0 -10 0 333 136 525 0 -400 0 0 218 136 136 136 0 0 0 0 525 0 437 416 0 0 375 100 0 0 0 0 0 -102 236 0 0 500 0 0 274 0 49 200 0 0 0 0 -200 0 250 0 0 0 0 375 800 136 0 0 136 136 0 0 700 -750 0
500 425 400 0 400 0 962 0 400 433 600 500 1000 433 100 700 500 0 0 0 300 200 200 200 535 0 1000 433 500 100 400 0 500 333 0 500 347 0 833 500 700 0 600 0 0 500 500 500 500 0 0 0 0 700 0 400 500 0 0 712 100 0 0 0 0 0 400 570 0 0 500 0 0 525 0 700 200 0 0 0 0 800 0 408 0 0 0 0 375 700 500 0 0 500 500 0 1000 600 1000 125
#COYS 2014-11-30
0 0 625 0 0 0 0 0 800 0 0 -1000 0 -400 -312 500 250 -166 0 66 0 1000 0 0 0 400 -166 400 -300 587 280 0 375 0 0 0 1000 100 -700 0 200 0 0 388 250 450 0 0 0 95 0 0 0 0 0 320 0 0 0 0 0 100 500 0 0 0 -500 0 400 0 625 500 0 700 200 -625 0 0 55 0 0 0 -300 -148 322 142 272 0 -500 500 0 0 -166 49 0 -200 0 350 500 0
900 0 825 0 0 125 0 0 1000 0 0 1000 0 500 687 550 1000 433 0 300 0 750 100 0 66 408 166 312 400 787 508 0 875 0 1000 0 1000 150 900 0 300 0 0 444 333 1000 0 0 0 473 0 0 0 0 0 486 0 0 0 0 0 0 500 550 0 0 400 0 400 0 600 1000 0 600 200 1000 0 1000 99 0 66 0 500 515 344 267 454 0 300 1000 0 0 533 675 0 250 0 650 500 0
#EFC 2014-11-30
136 90 136 218 136 0 700 0 400 0 0 0 375 83 0 500 1000 0 0 500 225 225 500 200 0 500 650 250 0 0 0 0 0 625 -50 0 0 0 450 250 0 166 0 0 -200 155 50 250 0 0 625 -166 325 400 0 500 -233 0 -250 325 500 500 0 0 0 800 -166 0 -166 0 136 625 0 833 0 500 0 0 0 0 0 0 650 -333 100 0 -500 350 -166 0 0 136 136 136 136 136 0 0 225 0
500 318 500 500 500 0 900 0 800 0 0 100 1000 783 0 500 1000 100 0 500 300 300 500 400 100 500 600 250 0 0 0 0 0 500 200 0 0 0 533 300 0 222 0 0 350 530 650 1000 0 650 1000 166 549 375 0 650 433 0 100 549 500 500 0 0 0 400 433 0 433 0 500 500 100 866 0 650 0 0 0 0 100 0 600 666 0 0 700 550 166 0 0 500 500 500 500 500 0 0 397 0
#SaintsFC 2014-11-30
136 90 136 218 136 0 -46 0 0 0 0 700 0 20 -200 -236 650 -800 0 0 -49 -300 800 375 0 318 0 0 0 -200 0 0 0 125 -124 -49 250 0 1000 350 375 312 0 0 0 0 -25 0 100 350 0 0 150 0 0 -208 136 0 -400 0 400 0 100 136 512 -100 500 136 0 0 0 0 200 0 800 0 -100 100 0 0 0 0 -88 0 0 0 100 500 136 136 136 136 136 0 0 0 136 136 136 136
500 318 500 500 500 0 325 100 0 0 400 600 100 233 700 852 625 900 0 0 700 400 400 900 0 477 0 0 0 900 0 0 0 400 366 950 312 250 300 361 500 333 0 0 0 0 477 0 400 361 0 100 850 0 0 66 454 0 400 0 800 0 200 500 659 500 500 500 0 0 0 0 500 0 400 0 500 1000 0 0 0 0 431 0 0 0 383 600 500 500 500 500 500 0 0 0 500 500 500 500
#MCFC 2014-11-30
0 0 0 383 0 390 0 0 250 0 -675 0 500 0 136 0 0 0 0 0 700 700 700 300 700 0 500 300 100 700 0 0 568 1000 0 700 0 650 700 500 0 -300 500 0 0 0 500 700 750 0 0 -250 500 -49 0 0 -300 0 -250 0 349 0 0 0 0 0 -250 325 0 0 625 0 494 500 0 0 33 0 136 0 0 0 0 0 300 465 244 0 570 250 0 -44 166 400 500 0 0 0 0 281
0 0 0 477 0 200 0 0 750 0 1000 0 500 0 500 0 0 0 0 0 600 600 600 0 600 0 1000 0 212 600 0 0 750 300 0 600 0 625 600 1000 0 400 550 0 0 0 500 600 500 0 100 250 500 950 0 0 400 0 250 0 666 0 0 100 0 0 250 549 0 66 500 0 375 888 125 0 133 0 454 66 0 0 0 0 400 563 1000 0 666 750 0 488 600 800 500 0 0 0 0 449
#SAFC 2014-11-29
0 0 0 0 0 0 0 0 375 312 0 0 0 0 500 625 0 33 500 0 625 0 0 -150 250 0 0 0 0 0 0 0 0 31 800 266 0 0 0 0 0 0 166 0 0 487 -156 0 187 0 0 0 0 0 0 -500 0 800 -57 125 250 450 0 0 250 0 0 0 100 350 500 0 0 0 0 0 0 0 250 250 0 0 0 0 189 -408 250 303 0 0 0 -700 0 0 200 378 149 0 0 0
0 66 66 400 0 0 0 0 500 333 0 0 0 0 1000 500 0 322 500 0 1000 0 0 200 333 0 0 0 0 0 0 0 0 250 700 500 0 0 66 0 0 0 500 0 0 650 375 66 83 66 0 450 0 500 0 533 0 400 467 466 333 700 0 0 200 0 0 0 1000 550 375 0 0 0 0 0 0 0 333 333 0 0 0 0 433 358 333 315 0 0 0 800 0 0 100 507 600 0 0 0
#CFC 2014-11-29
0 250 0 166 0 0 0 -202 433 144 0 400 500 0 191 0 0 0 1000 0 328 400 0 0 0 0 -156 250 -149 -200 0 0 125 0 0 0 750 199 0 0 0 0 0 -100 0 0 800 100 366 100 450 0 -327 500 0 0 500 0 625 399 0 0 0 0 0 -416 0 0 0 0 -100 600 0 0 -400 68 136 575 0 0 0 400 350 200 350 600 0 0 0 0 0 0 600 350 800 0 0 450 -400 500
0 100 0 333 0 0 0 607 633 645 0 800 500 0 446 0 0 0 1000 0 301 200 0 0 0 0 750 1000 638 233 0 66 250 0 0 0 1000 399 0 0 0 0 0 450 0 500 700 400 577 400 750 1000 644 500 0 0 1000 0 500 466 0 0 0 0 0 1000 0 0 0 0 200 1000 0 0 700 227 454 675 0 0 0 1000 650 500 650 1000 0 0 250 0 0 0 1000 650 700 0 0 400 600 500
#Clarets 2014-11-29
0 0 0 0 0 0 0 0 0 0 0 0 0 0 0 375 312 -150 -200 136 136 136 136 136 136 136 136 136 136 136 0 0 0 0 166 0 136 118 136 136 136 50 136 118 136 136 136 0 0 0 136 136 0 136 0 136 0 0 0 -150 0 -200 0 0 0 0 450 33 0 500 0 0 0 100 0 0 0 0 0 100 0 0 0 0 0 0 0 136 0 0 0 200 0 0 0 0 0 0 200 0
0 0 0 0 0 0 0 0 0 0 0 0 0 0 0 500 333 300 200 500 500 500 500 500 500 500 500 500 500 500 0 0 0 0 272 0 500 450 500 500 500 50 500 450 500 500 500 0 0 0 500 500 0 500 0 500 0 0 0 300 0 200 0 0 0 0 700 683 0 900 0 0 0 400 0 0 0 0 0 400 0 0 0 0 0 0 0 477 0 0 0 300 0 0 0 0 0 0 300 0
#AVFC 2014-11-29
166 0 500 0 500 -202 133 700 0 0 0 -350 0 250 -200 250 500 290 0 0 0 700 0 0 -233 -431 0 0 0 10 136 250 250 136 0 500 625 0 0 0 0 0 0 -66 166 0 250 250 0 0 50 0 0 300 26 200 75 0 0 1000 125 500 83 800 -137 350 66 0 500 0 0 166 200 0 0 -136 -100 0 325 31 -308 -266 -83 0 150 0 283 500 250 0 -106 311 -208 37 -250 0 550 399 -500 0
666 0 625 0 500 269 833 600 0 0 0 500 0 1000 800 333 500 636 0 0 0 600 0 0 755 727 0 0 0 628 454 625 933 454 0 475 725 0 1000 0 0 0 0 700 333 0 200 200 650 0 200 0 66 100 760 400 725 0 0 1000 166 500 229 1000 425 350 333 0 750 0 0 283 200 0 0 772 222 0 375 750 600 266 377 0 100 275 795 533 361 0 843 707 166 674 888 0 650 500 900 0
#LFC 2014-11-29
-125 0 0 400 100 166 0 0 0 0 0 0 383 0 500 500 800 0 1000 0 800 800 0 1000 400 -13 136 625 136 0 500 -200 0 0 0 0 0 -50 0 399 600 0 0 500 136 0 -200 0 400 250 -750 0 500 416 100 -260 83 250 0 0 100 500 0 700 0 200 -600 -780 0 350 0 0 0 0 136 159 136 200 0 0 250 350 0 45 136 136 45 45 45 136 136 0 0 533 800 700 0 100 0 700
1000 0 0 562 208 166 0 0 0 0 0 0 466 125 500 700 1000 0 750 0 900 900 0 300 800 430 454 500 454 0 600 399 0 0 0 0 0 362 0 466 900 0 0 700 454 0 600 0 575 500 1000 0 1000 583 250 695 166 500 0 66 200 700 0 700 0 100 1000 1000 0 650 0 0 33 0 454 713 477 400 0 0 500 800 0 651 454 454 651 651 651 454 454 0 0 566 900 550 0 200 0 600
#SCFC 2014-11-29
0 900 0 0 0 500 0 136 0 0 0 483 0 0 0 0 0 0 0 0 0 0 -357 0 -208 0 0 500 425 24 400 0 0 0 500 0 136 136 136 136 136 136 136 136 136 136 136 400 500 0 500 0 -400 800 0 136 0 -200 300 0 0 0 136 118 136 136 136 0 800 181 0 0 1000 0 531 0 136 0 750 0 0 0 0 0 0 0 0 0 0 314 0 0 0 136 -250 0 -71 0 350 0
0 350 0 0 0 800 0 500 0 0 0 933 0 0 0 0 0 0 0 0 0 0 428 0 166 0 0 500 575 225 400 0 0 0 800 0 500 500 500 500 500 500 500 500 500 500 500 800 800 0 800 0 700 750 0 500 0 600 0 0 0 0 500 450 500 500 500 0 750 787 0 0 1000 0 833 0 500 0 650 0 0 0 0 0 0 50 0 0 50 562 0 0 0 500 500 50 166 50 550 400
#MUFC 2014-11-29
0 0 0 0 200 285 100 0 100 500 0 500 350 285 0 0 100 0 -80 0 0 0 0 0 0 0 800 800 0 200 0 0 0 0 333 1000 0 0 256 800 0 0 0 49 600 0 0 625 -77 0 0 0 200 0 -100 0 100 0 -500 500 0 0 0 33 0 0 1000 800 166 0 700 0 233 437 0 -300 0 0 0 0 0 100 150 0 0 0 800 136 450 0 0 66 0 0 49 0 -399 0 0 0
0 0 0 0 200 535 400 0 300 1000 0 500 650 535 0 0 200 0 380 0 0 0 0 0 0 0 750 750 0 300 0 0 0 0 833 400 0 0 550 400 0 0 0 450 1000 0 1000 500 344 0 0 0 100 0 400 500 200 100 700 750 0 500 0 66 0 0 300 700 233 0 600 0 533 416 0 600 0 125 0 0 0 100 650 0 0 0 750 454 400 0 0 575 0 0 450 0 533 0 0 0
#hcafc 2014-11-29
0 250 75 0 0 0 0 0 0 0 78 0 0 0 0 0 0 100 -250 0 0 0 0 250 237 250 -625 136 136 136 136 136 136 136 136 136 136 136 -400 0 200 0 0 0 100 100 0 249 -200 500 800 0 0 1000 0 199 0 136 118 136 136 136 0 136 118 136 136 136 -150 700 -1000 136 193 136 200 0 0 0 0 0 0 0 -500 -500 0 136 136 0 700 0 0 0 0 -125 -1000 0 0 0 -250 -699
0 312 231 0 0 0 0 0 0 0 625 0 0 0 0 0 0 100 250 0 0 0 0 475 475 500 1000 500 500 500 500 500 500 500 500 500 500 500 400 0 200 0 0 0 200 200 0 500 100 625 400 0 0 1000 0 325 0 500 450 500 500 500 0 500 450 500 500 500 516 600 1000 500 643 500 200 0 0 0 0 125 62 400 700 700 0 500 500 0 600 0 125 0 0 500 666 0 125 0 888 666
#QPR 2014-11-29
1000 0 0 0 166 0 0 0 0 0 0 0 0 0 0 0 0 0 0 0 0 0 412 156 600 150 0 0 166 0 0 0 1000 0 200 0 136 136 136 136 136 136 136 136 136 136 136 0 750 0 1000 0 566 0 -354 0 0 0 566 293 500 0 0 0 136 400 566 700 566 800 566 344 566 566 0 136 -600 458 0 0 800 0 136 118 136 136 136 0 0 0 0 0 -300 350 100 0 0 100 -155 483
1000 0 0 0 333 0 0 0 0 0 0 0 0 0 0 0 0 0 0 0 0 400 575 400 666 50 0 125 466 0 0 0 300 0 300 125 500 500 500 500 500 500 500 500 500 500 500 0 950 600 300 0 433 0 233 0 0 0 433 612 400 0 0 125 500 400 433 600 433 700 433 933 433 433 0 500 800 596 0 0 650 0 500 450 500 500 500 0 125 0 0 0 400 400 200 0 0 540 288 511
#LCFC 2014-11-29
0 0 0 0 0 0 0 0 0 0 0 0 0 0 -500 0 -975 1000 0 0 0 -291 0 0 0 1000 700 136 136 136 136 136 136 136 136 136 136 136 0 0 100 0 0 200 350 85 800 0 0 0 -52 0 0 0 800 0 0 0 0 0 800 800 0 0 0 0 0 550 0 100 0 0 136 118 136 136 136 170 136 118 136 136 136 1000 0 500 -500 800 -388 800 800 -375 800 800 800 136 800 -388 0 -150
0 0 0 0 0 0 0 0 0 0 0 0 0 0 400 0 975 300 0 0 0 541 500 0 1000 400 600 500 500 500 500 500 500 500 500 500 500 500 0 0 600 0 0 400 650 336 400 0 0 0 244 0 0 0 400 0 0 0 0 0 400 400 0 0 0 0 0 500 0 400 0 0 500 450 500 500 500 454 500 450 500 500 500 750 0 900 500 400 833 400 400 625 400 400 400 454 400 833 125 500
#Swans 2014-11-29
500 500 400 0 0 0 0 0 0 0 0 0 250 0 0 0 125 -208 0 312 400 0 350 800 -400 0 0 -300 136 136 136 136 136 136 136 136 136 136 136 0 0 0 0 500 0 -187 0 0 136 118 136 136 136 300 750 0 0 0 50 0 136 0 -200 0 0 500 0 0 0 136 0 0 0 0 1000 250 0 -454 -133 0 500 500 -166 350 1000 -750 333 550 0 1000 0 -200 0 -187 0 0 350 300 400 0
600 600 400 0 0 0 0 0 0 0 0 0 200 0 0 142 400 166 0 333 400 0 462 900 700 0 0 450 500 500 500 500 500 500 500 500 500 500 500 0 0 0 0 1000 0 500 0 0 500 450 500 500 500 650 800 0 0 0 100 0 500 0 400 0 0 500 0 0 0 500 0 0 0 0 300 250 0 500 549 0 600 500 433 333 1000 750 833 800 0 300 0 400 0 500 0 0 575 0 600 0
#CPFC 2014-11-29
118 -200 500 300 0 0 0 0 200 0 0 0 0 136 0 600 0 0 0 0 0 50 0 537 0 516 0 -337 0 0 0 0 0 0 0 1000 0 318 -29 1000 162 -208 400 0 375 312 0 700 800 -200 225 0 750 300 787 136 136 136 136 136 136 136 136 136 136 136 136 136 136 136 136 136 136 136 136 136 136 0 0 122 0 0 0 375 0 0 0 0 149 0 0 300 0 0 300 300 0 0 0 320
400 200 500 750 0 0 0 0 200 0 0 0 0 454 0 1000 0 0 0 0 0 1000 0 550 100 183 0 600 0 0 0 0 0 0 0 900 0 500 611 300 750 166 500 100 500 333 0 600 700 400 291 0 900 500 600 500 500 500 500 500 500 500 500 500 500 500 500 500 500 500 500 500 500 500 500 500 500 0 0 606 0 0 100 750 0 0 0 0 500 0 0 0 0 100 0 0 0 0 0 514
#WHUFC 2014-11-29
0 0 500 516 516 0 500 0 0 0 0 0 0 49 0 250 0 500 500 0 -291 0 0 0 0 0 250 -500 483 0 0 220 0 976 483 0 0 375 312 -500 0 0 0 450 0 0 550 250 -195 0 -375 500 136 136 136 136 136 136 136 136 136 136 136 0 -1000 -233 350 0 0 0 0 0 333 0 160 0 100 0 0 -500 -65 787 -383 800 0 0 136 118 136 136 136 0 68 -600 0 -100 437 0 100 625
0 0 900 316 316 833 900 0 0 0 0 0 0 937 0 300 0 500 500 0 408 0 0 0 0 0 200 400 283 0 400 513 0 800 283 0 0 500 333 1000 0 0 0 550 0 0 1000 333 375 100 600 900 500 500 500 500 500 500 500 500 500 500 500 0 1000 600 550 0 0 0 0 0 833 0 539 0 1000 0 0 1000 225 600 677 400 0 0 500 450 500 500 500 0 227 900 0 900 950 0 400 900
#NUFC 2014-11-29
390 500 136 0 0 0 0 483 0 0 0 42 300 -274 0 224 0 250 0 0 0 500 83 170 0 -66 0 0 0 0 250 0 -450 0 250 0 0 500 0 -400 400 250 500 500 1000 383 0 383 -87 400 600 100 128 500 250 -277 -277 -277 -277 -277 -277 -277 -277 -277 -277 -277 -277 -277 -277 -277 -232 0 200 0 0 0 100 136 800 700 136 500 41 0 0 0 -208 0 0 650 270 0 550 0 0 -250 0 -125 0 0
1000 850 454 0 0 0 0 500 0 0 50 430 350 625 525 391 250 333 0 0 0 600 147 454 0 600 0 0 0 0 300 0 700 0 300 0 0 450 0 600 450 300 500 500 300 483 0 483 551 900 800 350 325 600 200 833 833 833 833 833 833 833 833 833 833 833 833 833 833 833 853 0 200 0 0 0 900 454 750 600 454 500 416 66 0 600 166 0 500 550 644 0 1000 0 0 250 0 375 0 0
#WBA 2014-11-29
0 199 -375 50 0 0 0 0 0 0 412 -75 100 500 -208 -500 100 -250 0 100 62 0 0 0 0 0 0 0 0 0 0 0 0 0 0 0 0 25 0 100 500 800 -50 0 0 700 0 0 0 0 -50 -50 400 250 0 0 0 0 -50 500 750 -50 800 500 0 0 100 800 0 0 -50 -50 0 0 0 0 12 0 800 -400 0 800 178 136 62 0 950 25 0 0 200 0 -40 284 -344 0 0 0 550 0
0 572 666 200 0 0 0 0 0 275 575 300 400 500 166 900 400 649 0 450 421 0 0 0 0 0 0 0 0 0 0 0 0 0 0 0 500 285 0 400 500 400 0 0 0 900 0 0 0 0 0 0 800 333 0 0 0 0 0 500 500 0 1000 300 0 0 800 400 0 0 0 0 0 0 0 0 287 0 400 400 0 400 535 500 350 0 1000 285 0 0 200 0 312 541 396 0 0 0 750 0
#AFC 2014-11-29
168 0 0 285 250 147 147 147 147 147 0 0 120 -24 -400 0 462 300 0 0 0 62 375 233 0 400 0 500 0 475 0 0 0 0 0 0 0 0 0 500 416 -260 0 1000 200 -780 350 800 0 0 112 0 100 700 700 541 -141 0 0 0 0 0 250 -612 0 0 0 -600 -600 -400 -100 0 500 200 136 0 375 500 375 400 375 0 50 0 0 0 500 0 462 100 0 400 256 0 312 0 0 0 68 462
527 0 0 535 750 423 423 423 423 423 0 125 396 400 400 0 475 100 0 0 1000 520 216 199 0 900 0 600 0 575 0 0 0 0 0 0 0 0 0 1000 583 695 0 1000 100 1000 600 900 0 0 518 0 200 600 600 512 633 0 0 0 0 0 850 600 0 0 0 700 1000 700 450 0 500 300 454 0 500 1000 500 900 500 0 200 0 0 0 900 0 475 400 0 233 600 0 475 0 0 0 227 475
#AVFC 2014-11-24
-69 -49 50 -100 0 0 0 0 0 300 0 0 0 -200 136 136 136 0 0 0 0 0 0 218 0 -450 700 483 800 153 1000 0 431 933 -194 0 585 0 0 500 0 250 0 185 136 250 326 349 -300 0 100 0 0 -300 185 185 185 185 -75 585 185 0 0 -200 0 0 0 0 0 0 166 0 0 0 0 -133 325 74 0 0 0 0 0 0 1000 0 0 0 0 166 -307 0 0 0 -33 125 -168 -99 -33 -400
583 783 350 575 0 0 0 0 0 100 0 0 0 300 500 500 500 0 0 0 0 0 0 500 0 850 600 583 750 572 300 0 670 799 288 0 100 0 0 600 0 200 0 351 503 333 451 666 300 0 799 0 0 399 351 351 351 351 875 625 351 0 100 400 0 0 0 0 0 0 166 0 0 0 0 466 287 750 0 0 0 0 0 0 300 0 0 100 0 333 461 0 0 0 700 450 333 777 224 400
#SaintsFC 2014-11-24
-100 -100 0 0 0 0 0 0 125 125 0 -125 136 136 136 0 136 0 0 0 0 0 285 0 500 0 431 500 433 166 0 0 600 0 250 200 0 -50 237 433 0 500 0 0 312 66 -200 -33 0 466 0 0 66 149 0 0 0 137 0 -50 333 800 800 0 800 49 150 0 0 0 0 152 550 600 0 0 -41 250 200 0 216 850 0 1000 0 300 431 640 0 -250 400 0 0 150 -250 0 500 300 102 193
50 400 0 0 0 0 0 550 229 229 0 300 500 500 500 0 500 0 0 0 0 0 535 0 500 0 670 500 833 600 0 0 950 0 558 400 0 233 450 633 0 888 0 0 333 833 200 200 0 633 0 0 66 500 100 0 0 372 1000 466 566 900 900 100 900 450 350 0 0 0 0 608 950 561 0 0 166 266 200 0 466 550 0 400 0 691 670 500 100 400 200 0 0 400 750 0 500 100 369 424
#hcafc 2014-11-23
0 0 800 0 425 0 800 800 136 800 136 136 136 0 0 0 1000 136 -33 136 0 350 0 154 0 0 0 -117 0 0 0 0 800 550 500 0 -166 516 250 875 0 0 766 750 0 166 136 0 0 0 0 0 0 0 0 -155 0 0 0 0 0 0 0 250 0 0 360 -200 0 -166 0 160 500 -150 0 -400 0 0 0 0 0 0 -131 -131 200 125 -50 0 0 0 400 227 0 0 0 383 0 500 0 0
0 0 1000 0 600 0 1000 1000 500 1000 500 500 500 0 0 0 1000 500 483 500 66 650 0 350 0 0 0 750 125 125 600 0 400 687 875 0 166 611 750 600 0 0 700 750 0 522 454 0 1000 1000 1000 1000 1000 0 0 288 0 0 0 500 500 0 0 1000 0 0 766 300 50 166 0 539 600 200 0 400 0 0 0 0 0 0 450 450 100 850 200 0 0 0 400 545 0 500 0 575 0 900 0 0
#COYS 2014-11-23
0 399 500 -249 0 425 800 0 350 0 0 50 50 0 -277 422 0 450 516 0 250 0 -400 0 0 600 0 500 550 -50 -187 1000 0 0 566 458 0 337 0 400 0 0 0 350 312 0 -133 100 0 175 0 -135 0 800 -257 140 0 0 0 0 0 500 0 300 0 -1000 0 0 339 500 850 900 333 0 0 0 0 -400 700 350 281 0 0 0 0 0 -166 0 0 0 0 0 400 500 200 0 600 0 350 0
0 166 500 483 0 600 1000 0 350 0 0 200 200 0 555 294 0 750 762 125 600 0 600 0 0 450 0 500 650 400 500 900 0 0 708 700 100 525 100 375 100 650 0 650 750 0 166 505 0 775 500 507 0 750 717 330 0 0 0 125 0 600 0 775 0 1000 0 0 600 1000 450 500 400 0 0 0 0 400 600 300 600 0 0 0 0 0 166 0 0 0 0 0 375 600 200 0 1000 125 600 0
#CPFC 2014-11-23
0 0 0 300 0 0 142 0 0 0 0 136 136 136 136 250 136 400 400 400 690 800 500 250 304 136 136 100 -200 468 0 250 0 0 0 0 375 312 0 0 0 0 400 400 136 0 200 -400 -449 0 500 0 0 -163 -150 250 0 -56 -600 361 625 46 0 0 0 250 0 0 0 0 0 468 -304 86 0 366 0 -100 0 0 0 0 0 0 -450 0 0 0 0 0 0 0 700 312 500 -166 0 0 -500 500
0 0 0 583 0 0 267 0 0 0 0 500 500 500 454 333 500 562 562 562 950 400 900 200 589 500 500 400 600 427 100 250 0 125 125 125 500 333 0 0 0 0 400 400 454 0 300 400 683 0 833 0 0 569 50 1000 0 272 1000 485 833 746 0 0 0 300 0 0 1000 0 0 427 600 561 0 633 0 350 0 1000 1000 1000 1000 1000 600 0 0 66 0 0 0 0 600 200 600 266 0 1000 400 500
#LFC 2014-11-23
0 375 116 1000 583 0 0 0 0 0 0 0 500 500 202 -62 0 0 357 200 500 91 0 400 0 116 500 0 285 133 0 0 0 87 0 0 0 0 0 0 0 0 0 468 0 116 0 100 -66 0 0 0 0 0 0 -87 400 0 0 500 0 -388 0 0 166 0 0 0 136 0 100 136 0 800 800 800 0 0 0 100 0 99 300 357 136 0 0 166 0 306 136 -50 0 250 0 500 100 250 285 -22
0 666 508 300 916 0 0 0 0 0 250 0 500 500 513 812 0 0 514 900 900 411 0 375 0 508 850 0 535 266 0 0 0 381 0 0 0 0 0 0 0 0 0 677 0 508 0 50 583 0 0 0 0 0 0 384 700 0 0 500 0 833 0 0 833 0 100 0 500 0 200 454 0 900 900 900 0 0 0 200 0 406 400 571 500 0 0 833 0 436 500 300 0 333 0 550 200 750 535 577
#AFC 2014-11-22
0 0 0 -200 0 800 518 -400 160 625 0 0 0 0 0 400 300 0 400 250 0 30 0 0 0 500 287 -100 237 0 283 147 147 147 0 0 0 250 -400 193 0 0 0 250 0 0 500 -400 0 -290 566 300 125 0 0 -71 -200 0 0 0 500 0 0 0 0 0 -300 350 500 0 0 500 -500 0 -400 250 400 0 0 0 24 0 0 390 0 225 0 250 0 125 0 250 250 399 300 0 312 208 250 250
0 0 0 250 0 400 727 400 539 600 0 0 0 0 0 400 375 0 800 400 0 227 0 0 0 500 400 100 377 0 399 423 423 423 0 0 0 333 400 477 0 0 0 333 0 0 500 400 0 371 366 375 250 0 0 214 400 0 0 0 500 0 0 0 0 0 400 400 500 0 0 1000 666 0 400 333 400 0 0 0 175 0 0 333 0 266 0 333 0 200 0 333 333 433 750 0 333 400 333 333
#MUFC 2014-11-22
400 -125 -500 0 124 450 -250 0 300 -625 600 0 -200 400 -81 0 250 0 800 -500 -500 -136 800 0 0 400 0 400 -364 400 0 375 375 0 400 -500 0 166 0 0 0 0 0 0 0 0 0 -250 625 500 0 -81 -133 400 0 400 0 0 -150 -150 350 500 500 166 700 1000 350 0 0 0 350 -500 400 0 500 0 0 0 400 700 0 0 -175 50 0 250 400 -500 0 0 400 140 200 0 0 -121 0 0 0 0
1000 375 666 0 475 750 500 0 100 666 850 0 250 1000 427 0 750 0 400 666 666 422 400 0 0 1000 0 1000 541 1000 0 416 416 0 1000 600 0 166 700 0 0 0 0 0 0 0 0 233 500 850 0 427 466 1000 0 400 0 0 550 550 550 900 900 166 600 1000 650 100 400 0 550 666 800 0 500 0 0 0 800 600 0 0 1000 422 0 312 1000 666 0 0 1000 730 500 0 0 457 0 0 0 0
#CFC 2014-11-22
-116 0 0 0 0 800 640 500 -800 0 0 500 0 0 350 0 0 0 518 500 0 0 0 0 0 0 0 0 0 0 0 0 0 -300 118 0 100 0 -600 166 0 0 500 0 200 0 0 0 0 0 0 0 500 18 0 0 400 0 283 400 400 200 200 -400 0 31 200 -25 136 125 400 0 0 400 0 0 193 0 500 62 400 200 0 0 0 0 200 0 700 -200 -400 161 400 200 0 0 300 0 700 0
350 0 0 0 0 400 694 500 900 0 0 500 100 0 400 0 0 0 727 500 0 0 0 0 0 0 0 0 0 0 0 0 0 400 677 0 200 0 1000 500 0 0 500 0 200 0 0 0 0 0 0 0 600 618 400 0 400 0 514 400 400 200 500 1000 0 312 400 250 454 1000 400 0 0 400 100 0 477 0 500 500 425 300 0 0 66 0 100 0 600 250 1000 545 400 200 0 0 1000 0 600 0
#WBA 2014-11-22
0 0 0 0 0 0 400 0 0 0 0 0 0 500 0 37 0 0 0 0 625 0 0 0 0 0 68 0 -99 166 500 -400 400 300 0 200 -166 -16 175 1000 0 -166 800 0 1000 0 -550 -125 0 0 83 -300 0 0 0 0 0 0 0 0 0 -281 100 0 0 525 525 300 0 -150 0 0 0 0 0 0 0 0 0 0 0 0 100 0 300 0 -313 0 -250 0 0 0 0 687 0 -400 0 0 0 0
0 0 0 0 0 0 400 0 0 0 0 0 0 744 0 611 0 0 0 0 500 0 0 0 0 0 227 0 350 533 500 400 700 450 1000 100 166 383 337 1000 0 166 900 0 300 0 675 233 0 0 166 400 0 0 550 0 0 0 0 0 0 843 900 0 0 366 366 500 0 50 0 0 0 0 0 0 0 0 0 0 0 0 400 1000 400 0 575 100 400 0 0 0 100 800 0 700 0 0 0 0
#EFC 2014-11-22
888 166 687 0 0 0 0 500 187 125 0 0 0 0 0 166 0 0 733 0 0 0 0 0 0 0 0 0 0 0 193 0 0 266 0 0 0 166 500 136 0 136 388 0 0 0 650 0 0 212 375 375 136 0 500 0 700 -400 0 91 0 650 0 136 0 266 0 266 0 790 0 800 0 0 0 0 136 0 500 250 450 0 0 300 -150 500 -150 500 166 0 0 0 0 1000 200 750 0 0 650 0
600 666 875 0 0 100 100 900 375 250 400 0 0 0 100 799 0 0 500 0 0 0 0 0 0 0 0 100 0 100 477 300 112 99 100 0 1000 166 1000 500 0 500 666 100 0 0 450 0 0 484 1000 1000 454 0 500 0 600 400 0 334 66 450 66 500 0 327 0 133 0 600 1000 750 0 0 0 0 500 0 500 333 644 0 0 100 900 500 900 500 333 0 0 0 0 1000 200 744 0 0 625 0
#WHUFC 2014-11-22
0 888 0 500 0 0 0 250 1000 0 -166 -200 0 0 250 0 0 136 0 800 136 136 800 100 400 312 0 375 -750 0 250 0 136 1000 0 0 136 0 790 0 250 500 0 399 0 136 166 -92 1000 0 0 0 475 0 0 0 200 0 136 0 0 0 -433 0 0 500 0 -400 500 0 0 500 136 0 0 800 0 0 0 625 200 0 0 0 0 0 1000 -200 334 500 0 350 350 0 -400 0 500 0 1000 0
0 600 0 888 0 0 0 250 1000 0 666 250 0 0 200 1000 0 500 0 400 454 500 400 200 200 333 0 500 1000 0 333 0 333 300 0 66 500 0 600 0 250 900 0 400 0 500 208 485 300 0 0 0 437 0 0 0 300 0 454 0 0 0 833 0 0 900 100 800 900 0 0 900 500 0 0 1000 0 0 0 900 500 0 0 0 0 0 300 233 150 900 0 550 550 0 400 0 355 0 1000 0
#LCFC 2014-11-22
0 0 0 0 0 136 0 136 200 200 200 0 200 200 200 350 136 136 100 0 62 500 0 0 -250 0 0 0 500 0 -400 175 0 112 250 175 136 136 0 -699 0 0 136 -169 0 136 400 250 200 208 -500 800 800 0 0 400 0 0 0 0 0 0 0 0 0 0 0 0 64 1000 0 425 0 900 -166 136 136 250 0 0 0 0 0 0 718 0 0 0 -75 900 900 0 0 -325 -200 0 500 -100 0 0
0 0 0 0 0 500 500 500 200 200 200 0 200 200 200 350 500 500 600 0 500 694 0 0 1000 0 0 0 500 0 400 775 0 412 750 775 500 500 0 666 0 0 500 294 0 500 550 250 200 708 1000 400 400 0 0 700 0 0 0 0 0 0 0 0 0 0 0 0 750 900 0 525 0 600 433 500 500 250 0 0 0 0 0 0 1000 0 0 0 450 600 600 0 0 700 700 0 500 50 0 0
#SAFC 2014-11-22
0 625 0 136 255 250 0 0 0 233 0 100 700 800 33 0 312 375 0 0 0 -400 0 0 525 166 378 0 0 0 -400 206 0 500 166 200 0 -400 400 0 268 500 -500 400 750 -33 0 750 -33 0 0 178 0 416 378 0 0 -250 1000 -650 338 0 -750 50 0 -155 0 0 300 -125 0 0 166 750 0 0 0 0 200 -325 250 0 0 -100 -166 -100 250 0 416 416 -166 0 0 0 175 -50 0 0 -500 0
0 500 0 500 166 300 0 500 0 199 0 755 900 900 633 0 333 500 0 0 0 400 0 0 700 333 635 0 0 0 700 266 0 600 333 100 0 400 800 0 577 500 1000 800 950 133 0 950 133 0 1000 399 0 500 635 0 0 1000 1000 1000 633 100 1000 212 0 288 0 0 350 375 0 66 666 950 0 0 100 0 200 500 291 66 0 333 666 400 783 0 500 500 366 0 100 100 266 200 0 0 1000 0
#MCFC 2014-11-22
500 0 250 0 166 0 300 0 800 166 0 400 976 0 0 -200 0 0 265 -18 400 0 500 300 -1000 0 0 -166 0 211 0 500 -799 0 0 0 -400 500 500 250 0 0 0 0 0 0 0 800 600 575 0 0 0 0 0 56 600 -250 0 600 0 250 800 0 0 0 0 0 0 0 500 0 -29 -62 0 400 0 0 125 0 0 0 -333 412 0 250 -21 0 166 700 300 0 0 0 500 418 0 -250 387 -750
500 0 500 0 500 0 375 0 750 166 0 800 1000 0 0 250 0 0 400 212 1000 66 900 375 400 0 0 166 0 561 0 500 1000 0 0 0 400 900 500 283 0 0 0 0 0 0 0 700 1000 675 0 0 0 0 0 473 1000 800 0 1000 0 1000 700 0 0 0 0 0 0 0 500 0 516 133 0 200 0 0 533 0 0 0 1000 623 0 375 351 0 300 600 800 0 1000 125 500 428 1000 250 575 1000
#Swans 2014-11-22
0 0 0 0 0 -787 250 0 0 136 136 0 312 375 0 100 136 -400 -75 250 0 136 0 0 250 625 0 0 136 0 1000 0 0 0 250 70 0 500 0 136 781 0 0 100 68 55 -388 206 136 0 0 0 285 0 0 0 600 68 200 136 0 160 160 250 0 0 0 0 160 0 136 136 0 0 -75 0 500 700 400 250 -241 -49 500 500 0 62 500 150 0 350 0 0 0 166 1000 -75 -400 500 0 136
0 0 0 0 0 950 200 0 0 500 500 0 333 500 0 1000 722 400 750 333 0 500 0 0 500 366 0 0 500 0 300 0 0 1000 375 637 0 500 0 454 1000 0 0 400 289 644 833 550 500 0 125 0 535 0 0 0 550 289 200 477 66 539 539 250 0 0 0 0 539 0 500 454 0 0 750 0 500 500 100 250 512 500 600 1000 0 500 500 241 0 550 0 0 0 397 300 635 400 500 0 454
#NUFC 2014-11-22
375 -100 50 -125 0 0 91 500 0 0 20 -125 0 0 200 800 0 0 0 0 -250 800 0 0 500 181 0 0 0 125 0 -125 0 0 0 200 200 166 -333 0 200 0 0 0 1000 0 181 0 0 683 91 466 0 0 399 250 100 100 0 200 625 600 0 50 250 400 0 625 156 285 0 337 0 0 0 0 -400 500 0 100 312 0 375 550 -200 0 100 142 0 650 100 142 0 0 0 700 53 50 200 0
666 100 525 750 0 0 411 600 0 0 483 750 0 0 200 400 0 0 0 0 450 400 0 0 500 329 0 0 0 250 0 750 0 0 0 200 200 166 583 0 200 0 0 0 300 0 329 0 0 650 411 916 0 500 500 500 900 300 0 900 1000 900 0 350 600 800 0 500 750 535 0 561 0 0 0 0 400 600 500 600 333 0 500 850 450 0 100 767 1000 800 600 330 0 0 0 600 546 700 300 0
#QPR 2014-11-22
366 400 300 976 0 0 800 0 0 0 1000 100 0 187 250 0 136 128 0 136 -400 0 449 312 375 0 0 600 150 0 0 0 400 -400 500 200 450 0 0 1000 0 136 0 0 -27 316 0 187 136 238 0 500 0 800 500 800 0 350 -50 -200 0 0 500 0 125 390 0 0 0 -230 0 0 0 0 0 0 0 0 0 0 0 0 -200 500 625 0 0 125 136 0 500 0 0 0 136 0 0 0 0 0
533 900 550 500 0 0 400 0 0 0 300 200 0 297 200 0 500 335 0 500 400 500 400 333 500 0 0 700 500 0 0 0 900 400 500 200 875 0 0 1000 0 500 0 0 344 866 0 297 500 366 0 500 0 750 500 750 0 550 50 233 0 0 500 0 166 200 0 0 0 313 0 0 0 0 66 0 0 0 1000 1000 0 0 100 750 483 0 0 300 500 0 700 66 1000 0 500 0 0 0 0 0
#SCFC 2014-11-22
0 400 0 0 0 525 0 0 0 500 462 1000 208 500 0 -200 0 166 136 0 0 -4 -400 136 600 0 0 0 0 500 0 400 0 0 -400 0 266 733 136 500 193 800 0 0 0 0 -400 800 136 288 500 0 -699 0 500 0 -320 0 800 0 500 166 288 50 0 0 0 0 -375 0 0 0 700 136 500 0 0 0 0 0 83 500 0 0 0 100 500 500 0 0 0 0 0 0 136 500 0 0 500 0
0 800 0 0 0 366 0 0 0 500 925 300 383 550 0 250 0 230 500 0 0 479 400 500 550 0 0 0 0 500 0 900 0 0 400 0 700 750 500 550 618 400 0 0 100 0 483 400 500 733 1000 0 666 0 550 0 780 0 750 0 550 230 733 162 0 0 0 1000 400 0 0 0 600 500 500 0 0 0 0 0 750 750 0 0 300 200 150 600 0 1000 1000 0 0 0 477 700 0 0 500 0
#Clarets 2014-11-22
250 136 136 136 -400 136 0 312 375 -400 136 136 136 136 125 0 0 0 0 0 0 136 136 250 0 136 136 0 0 166 166 500 0 433 0 500 0 0 -400 0 0 700 0 500 500 0 136 136 0 0 136 136 136 318 136 136 136 136 136 136 136 318 136 136 136 136 0 0 0 220 0 220 0 0 250 136 136 136 136 375 312 0 0 0 0 0 0 0 0 170 0 136 136 0 0 0 0 400 400 0
200 500 500 500 400 500 0 333 500 400 500 500 500 500 229 0 0 0 66 0 0 500 500 333 0 500 500 50 0 541 541 500 0 300 0 500 0 0 600 0 0 600 0 500 500 0 500 500 0 0 500 500 500 750 500 500 500 500 500 500 500 750 500 500 500 500 0 0 0 613 0 613 0 0 200 500 500 500 500 500 333 0 0 0 66 300 0 0 0 454 0 500 500 0 0 0 0 700 700 0
#Swans 2014-11-09
800 0 0 0 136 0 0 0 250 0 -300 0 0 234 -500 100 -200 312 0 800 0 -187 -216 0 136 0 0 0 0 0 0 0 0 0 250 0 500 136 136 0 0 0 -200 300 0 187 0 0 0 0 136 0 0 364 0 0 0 123 0 0 250 0 0 568 136 1000 0 -131 0 0 800 0 0 0 0 136 0 0 0 0 0 0 0 0 0 0 0 0 0 0 0 400 0 0 0 136 -187 0 0 0
575 100 0 0 500 0 0 0 200 0 300 0 0 375 299 300 800 333 0 575 0 500 833 0 500 0 0 0 0 0 0 66 0 0 750 0 500 500 500 0 0 0 400 775 199 500 66 0 66 0 454 0 0 416 0 0 0 279 0 0 283 0 0 727 500 1000 0 450 0 0 1000 0 0 0 0 500 0 0 0 0 0 0 0 0 0 0 0 0 0 50 0 475 0 0 0 454 500 500 0 0
#AFC 2014-11-09
0 0 0 216 0 -350 500 -77 -50 -400 0 0 0 216 -200 0 216 0 0 0 0 740 0 0 700 0 500 -600 -312 0 0 0 136 0 0 266 450 0 0 50 0 270 200 0 -31 0 188 0 800 0 136 136 83 136 136 449 700 -400 400 600 136 0 0 0 148 -400 89 1000 1000 200 0 0 0 0 0 0 0 200 0 0 121 600 0 136 305 0 0 0 0 650 147 147 147 -77 -77 -77 312 0 800 -237
0 0 1000 450 33 600 500 455 50 400 0 0 500 450 50 0 450 0 0 0 0 550 0 0 600 0 500 800 800 0 0 0 454 0 0 600 799 0 0 550 0 344 500 0 627 0 449 0 400 0 500 454 399 454 454 400 950 600 200 900 454 0 0 0 479 600 238 300 300 500 0 0 0 0 0 0 0 500 0 0 258 900 0 454 351 650 0 0 0 625 423 423 423 206 206 206 750 0 400 711
#SAFC 2014-11-09
-37 900 267 0 -28 625 0 333 0 0 -131 0 0 0 0 0 250 0 400 150 0 0 0 0 0 222 800 500 0 0 100 375 312 250 400 0 0 -100 0 0 0 400 0 0 0 250 0 0 0 0 -225 200 0 500 800 0 533 0 0 0 0 166 0 0 300 0 0 -200 573 0 300 0 -50 268 357 357 0 0 136 400 -500 0 318 0 0 0 366 103 100 300 -1000 50 200 400 100 100 100 100 0 100
300 1000 310 0 387 833 279 833 0 0 627 62 125 0 0 0 200 1000 200 300 0 200 0 0 0 361 400 500 0 0 400 500 333 944 500 0 0 100 0 0 0 800 0 0 550 250 500 0 0 0 644 100 0 1000 900 0 566 0 125 0 0 666 0 0 562 0 0 800 622 0 562 1000 400 627 571 571 0 0 454 800 1000 0 477 0 0 0 833 333 400 800 1000 700 400 800 400 400 400 400 0 400
#EFC 2014-11-09
0 0 600 400 -266 650 0 250 800 500 500 500 500 0 0 0 136 0 0 500 0 0 0 0 250 0 168 0 900 250 0 733 0 0 333 800 800 800 -200 0 0 766 170 600 500 0 350 250 0 700 0 100 800 0 0 0 -400 300 300 0 216 0 1000 0 0 0 0 83 -175 433 0 0 0 0 133 0 136 136 136 -200 0 666 282 -166 0 0 0 0 0 0 0 0 0 0 0 0 0 -500 0 0
0 1000 450 400 799 950 0 500 400 750 750 750 750 0 0 0 500 0 0 750 0 0 0 0 250 0 327 0 350 500 0 650 0 1000 833 400 400 400 100 0 0 716 454 1000 900 0 449 300 0 600 0 300 400 0 0 0 400 450 450 0 866 0 300 0 0 0 0 166 300 488 0 0 0 0 466 0 500 500 500 250 0 766 600 166 0 0 0 0 125 0 0 125 125 125 0 0 0 500 0 0
#COYS 2014-11-09
0 500 0 0 0 0 300 300 0 300 100 300 0 0 0 0 0 0 -200 0 337 500 0 466 0 0 -208 0 0 266 800 -62 0 500 0 750 800 525 400 0 -400 350 500 650 0 0 800 800 0 233 1000 500 0 443 487 300 625 375 -500 0 -125 1000 550 0 800 539 800 400 325 266 0 -400 -1000 0 0 0 500 199 0 500 300 700 600 0 500 0 800 0 0 0 500 0 625 -49 0 -200 0 0 0 -400
0 500 0 1000 0 0 100 100 0 100 100 100 0 0 0 0 0 0 800 0 387 1000 0 383 0 0 166 76 0 166 750 1000 0 500 0 1000 750 541 500 0 600 550 300 625 678 0 766 900 0 591 700 500 0 702 400 750 275 750 1000 0 400 400 744 0 750 642 400 400 245 283 0 400 1000 0 0 0 750 433 0 825 425 600 1000 0 750 0 750 0 0 0 500 0 500 650 0 225 0 0 0 450
#SCFC 2014-11-09
0 1000 0 136 0 0 100 0 166 1000 49 250 500 612 646 150 0 400 -100 -51 1000 -100 -100 500 -100 -87 0 -100 -100 226 216 -100 -100 -50 0 136 136 136 136 0 0 500 136 136 142 0 166 0 0 0 0 0 125 0 425 250 0 -400 0 0 0 468 0 -400 -400 0 0 125 0 -1000 33 0 -51 199 0 0 200 0 0 0 -131 0 0 400 250 0 0 136 0 0 -400 0 0 0 0 583 0 0 0 0
678 300 0 500 0 0 200 0 250 300 450 500 500 698 509 500 0 400 500 137 300 500 500 500 200 750 66 500 500 434 866 500 500 450 0 500 500 500 500 62 0 500 500 500 330 0 333 0 0 0 0 0 450 125 575 333 0 400 0 0 0 602 0 400 400 125 0 250 0 1000 300 66 137 333 0 400 500 0 0 0 450 0 0 450 1000 125 0 500 0 0 400 0 300 0 0 683 125 0 125 125
#WBA 2014-11-09
200 0 -50 0 0 0 0 0 0 325 0 350 800 130 0 0 350 0 666 500 200 -83 -137 200 800 0 0 -500 0 500 170 170 170 170 0 0 0 -250 350 -300 0 0 0 0 0 0 0 0 0 0 0 0 0 0 0 0 0 500 200 -100 0 0 266 0 200 -200 0 -390 125 68 0 0 0 0 0 288 0 366 0 0 0 -100 0 0 0 0 0 0 0 0 0 0 0 0 0 0 0 0 0 -300
400 0 50 0 0 0 0 0 0 589 0 300 750 669 0 0 344 0 683 500 100 883 437 100 700 0 0 1000 0 600 454 454 454 454 0 0 0 425 400 400 0 0 100 0 0 0 0 0 0 0 0 0 0 0 0 0 0 500 100 350 0 0 366 0 100 100 0 250 694 250 0 0 0 0 0 733 0 746 0 0 0 1000 0 0 0 0 0 0 0 0 0 0 0 0 0 0 0 0 0 400
#NUFC 2014-11-09
200 0 900 0 0 500 800 200 0 83 0 1000 87 200 -250 0 0 200 250 0 0 0 -33 0 0 100 300 0 0 300 300 91 18 0 0 950 -50 0 0 0 0 0 0 0 0 0 0 0 0 800 400 0 400 333 333 0 0 -150 216 225 0 212 0 0 211 0 0 0 0 0 0 0 550 487 -312 500 400 400 229 440 0 0 170 170 170 170 0 0 150 0 0 0 0 0 500 250 400 0 250 150
100 0 1000 0 0 600 400 100 0 541 0 300 533 100 250 0 0 100 150 0 0 125 500 0 0 650 0 0 633 0 0 411 427 0 0 875 600 0 0 0 0 0 0 0 500 0 0 62 125 750 800 0 200 433 433 0 0 400 516 187 0 450 0 0 855 0 0 0 0 1000 1000 0 850 487 100 375 500 500 700 566 0 0 454 454 454 454 0 0 950 0 0 0 0 0 500 333 800 1000 625 950
#QPR 2014-11-08
468 800 1000 150 468 0 500 136 136 468 0 500 0 0 0 700 468 1000 100 0 0 0 0 0 0 799 468 900 900 600 600 -325 1000 250 250 468 0 -500 468 0 416 0 468 350 0 400 0 500 125 0 0 500 -400 468 -400 312 468 0 0 100 100 233 500 0 0 468 0 0 0 0 0 175 0 0 0 0 0 450 0 416 0 0 0 0 136 136 136 136 136 136 136 136 136 118 68 136 533 468 0 0
427 1000 300 600 427 0 300 500 500 427 0 500 0 0 0 600 427 750 400 0 0 0 0 0 1000 733 427 350 350 900 700 416 300 200 200 427 0 700 427 0 454 0 427 650 0 800 0 1000 666 0 0 533 600 427 600 333 427 0 0 200 300 408 583 0 0 427 0 0 0 0 0 375 0 0 0 0 0 450 0 454 0 0 0 0 500 500 500 500 500 500 500 500 500 450 250 500 288 427 0 0
#MCFC 2014-11-08
0 0 500 0 0 0 0 -250 200 357 250 0 0 375 500 0 0 0 0 0 0 0 0 500 0 0 0 -316 0 0 -187 0 -187 81 0 0 0 433 81 0 0 83 -500 -133 -100 625 400 625 -100 225 281 0 800 -158 -449 0 0 375 -500 -500 -400 100 300 136 136 0 -100 800 0 433 0 0 287 0 333 0 0 1000 0 0 0 0 -500 433 0 0 0 0 300 400 500 68 -500 0 0 0 0 800 800 0
0 0 466 1000 0 0 0 250 400 571 500 0 0 616 900 0 0 300 0 0 0 0 0 900 0 0 0 300 0 0 500 0 500 496 0 0 0 605 496 0 250 750 1000 233 0 600 262 600 0 416 500 0 400 212 533 0 66 400 1000 1000 400 200 100 454 454 0 200 400 66 733 0 0 400 0 666 0 66 300 333 0 0 0 500 733 0 0 0 0 525 800 533 377 900 0 0 0 0 400 400 100
#Clarets 2014-11-08
0 0 500 0 0 0 0 0 -100 0 0 136 136 100 0 0 0 0 0 250 250 312 0 0 0 0 0 136 136 136 136 136 136 136 136 136 118 68 136 0 0 0 0 0 650 136 136 136 136 136 136 136 136 136 136 136 0 0 100 0 0 -125 0 500 0 0 0 0 0 0 0 0 0 0 0 0 0 0 -100 0 450 218 218 136 136 136 136 136 136 136 90 136 136 136 136 318 136 136 0 0
0 0 1000 0 0 0 1000 0 0 0 0 500 500 400 0 0 0 0 0 200 200 333 0 0 0 0 0 500 500 500 500 500 500 500 500 500 450 250 500 0 0 0 0 66 616 500 500 500 500 500 500 500 500 500 500 500 0 0 200 0 1000 750 0 1000 0 0 0 0 0 0 0 0 0 0 0 0 1000 0 0 0 550 500 500 477 500 500 500 500 500 500 318 500 500 500 500 750 500 500 0 0
#hcafc 2014-11-08
136 136 100 0 0 0 0 0 0 125 120 0 0 0 0 0 0 136 136 136 136 136 136 136 136 136 118 68 136 0 -200 0 -194 0 0 216 -194 0 0 0 400 0 0 900 -283 0 0 0 0 0 136 136 136 136 136 136 136 136 136 136 -405 -25 0 0 0 136 0 0 800 0 0 -750 500 0 266 0 0 0 500 0 0 0 -194 0 0 -187 0 0 0 0 500 0 0 550 0 0 0 492 0 0
500 500 400 0 0 0 0 0 0 200 199 0 0 0 0 0 0 500 500 500 500 500 500 500 500 500 450 250 500 0 100 0 416 0 0 522 416 0 0 0 500 150 0 1000 500 0 0 0 0 0 500 500 500 500 500 500 500 500 500 500 655 625 0 0 0 500 0 0 400 0 0 1000 900 0 516 0 0 0 1000 0 0 0 288 0 500 500 0 0 0 0 600 0 0 750 0 0 66 567 0 0
#MUFC 2014-11-08
0 -600 -400 0 0 0 0 500 0 0 0 0 0 800 0 0 0 0 0 600 0 0 0 0 0 136 0 1000 0 0 0 200 0 0 0 976 0 0 0 800 0 200 0 1000 0 0 0 0 -100 0 0 0 0 -50 -50 0 0 0 0 0 0 -312 0 0 0 0 0 625 400 0 500 300 33 100 200 200 200 0 0 0 0 0 0 0 0 0 0 0 0 0 0 1000 0 200 200 0 0 306 600 0
0 800 400 0 0 0 0 850 0 0 0 0 0 400 0 0 0 0 0 633 0 0 0 0 0 454 0 750 0 0 0 200 0 0 0 600 0 0 600 1000 0 300 0 300 0 0 0 0 200 0 0 0 0 50 50 0 0 0 0 0 0 800 0 0 0 0 0 500 800 0 600 750 433 150 300 300 300 0 0 0 0 0 0 0 0 0 0 0 0 0 0 300 0 600 300 0 0 625 600 0
#CPFC 2014-11-08
0 -50 0 68 0 114 1000 -125 0 136 199 136 0 0 357 100 0 0 0 0 0 250 250 0 0 357 0 0 375 0 0 -200 0 0 -100 0 0 0 0 0 0 0 0 0 0 0 0 0 0 0 312 500 0 0 200 0 0 125 -155 100 0 0 342 0 -63 0 0 0 0 -400 400 136 136 136 136 136 136 136 136 136 118 68 136 136 0 0 0 0 -31 533 0 214 0 437 0 0 0 0 136 -194
0 450 0 750 33 429 300 375 0 500 500 500 0 0 535 400 0 0 0 0 0 200 200 0 0 535 0 0 500 0 0 200 0 1000 0 50 50 50 50 50 50 50 50 50 50 50 50 50 0 0 333 550 0 0 400 0 0 300 288 200 0 0 627 0 347 0 0 0 0 400 383 500 500 500 500 500 500 500 500 500 450 250 500 500 0 1000 0 0 277 829 0 571 0 600 0 0 0 0 500 416
#SaintsFC 2014-11-08
0 339 -400 136 0 136 0 318 200 -41 0 0 500 500 100 0 0 0 0 0 0 -133 0 600 0 24 437 312 136 250 700 200 650 200 0 75 312 -208 0 0 0 0 -125 136 0 0 0 0 150 0 250 0 100 183 0 455 0 350 0 0 136 136 136 136 136 136 136 136 136 118 68 136 1000 -50 -62 284 142 462 0 0 0 0 0 -62 0 133 136 200 0 0 -150 0 200 0 0 0 0 750 0 306
1000 542 400 500 0 500 0 550 100 547 0 0 500 500 400 0 0 0 0 0 0 600 0 900 0 366 750 250 454 300 600 200 825 200 0 565 333 500 0 0 0 0 975 454 0 0 0 0 400 400 450 0 300 183 0 744 0 550 0 0 500 500 500 500 500 500 500 500 500 450 250 500 1000 375 687 593 267 550 0 0 0 0 0 600 0 288 454 200 0 0 500 333 200 0 0 0 0 1000 0 484
#LCFC 2014-11-08
0 136 375 136 0 0 0 -49 100 0 0 0 0 0 0 550 0 500 1000 0 0 0 -187 0 250 0 0 61 0 0 -250 0 136 136 136 136 136 136 136 136 136 118 68 136 0 0 125 135 135 0 312 150 0 0 -194 0 0 0 0 0 0 0 400 0 0 -125 285 450 0 136 136 136 136 136 136 136 136 136 136 136 0 227 227 227 227 227 136 103 136 0 0 300 0 0 0 0 500 0 0 0
0 500 500 500 0 0 0 197 400 0 0 0 0 0 0 750 500 500 400 0 0 0 500 0 250 0 0 234 250 0 250 0 500 500 500 500 500 500 500 500 500 450 250 500 50 50 700 377 377 0 900 850 0 0 416 0 0 0 0 0 0 0 700 0 0 375 535 444 0 500 500 500 500 500 500 500 500 500 500 454 0 545 545 545 545 545 500 485 454 0 0 475 0 0 0 0 633 0 125 0
#WHUFC 2014-11-08
0 0 136 136 0 400 -400 100 100 0 0 0 0 0 250 136 233 150 500 0 380 0 312 0 0 0 -700 0 0 0 0 0 214 -200 -714 0 0 625 0 0 178 0 250 500 0 500 -750 0 0 0 0 418 0 0 0 0 136 136 136 136 0 136 136 136 136 136 118 68 136 -400 0 0 500 0 0 0 0 0 387 -200 0 400 0 0 0 0 0 500 0 0 0 0 0 0 -133 0 200 241 0 87
0 0 500 500 0 800 400 100 400 0 0 0 0 0 200 454 399 850 1000 0 440 0 333 0 0 0 200 250 0 66 100 0 500 700 857 0 0 650 0 0 651 0 800 1000 0 900 1000 0 0 0 0 577 0 0 300 1000 500 500 500 500 0 500 500 500 500 500 450 250 500 400 0 0 500 200 0 0 0 0 600 233 0 400 0 0 0 0 0 875 0 100 0 0 100 0 1000 1000 200 441 0 387
#AVFC 2014-11-08
0 -400 475 -221 399 237 200 -120 66 0 0 0 600 0 -287 0 500 -500 -44 -21 -470 0 8 28 -21 0 0 400 0 -21 0 400 -266 -199 0 0 0 0 175 33 0 0 -200 175 -383 0 781 151 0 0 400 500 0 0 193 1000 700 -166 136 0 618 618 -166 0 400 -100 136 800 275 -300 0 -21 0 136 0 800 500 -25 0 466 200 -475 -500 0 -21 500 112 0 500 333 73 -50 -108 700 0 -100 0 -100 0 100
0 600 524 525 575 449 240 570 566 0 0 0 800 62 650 0 212 1000 288 484 820 0 341 768 484 0 0 766 100 484 0 800 333 522 0 0 500 0 450 650 66 0 600 491 666 66 500 393 1000 0 150 500 100 650 393 1000 600 666 454 0 825 825 166 0 800 83 500 750 375 900 0 484 0 500 0 700 600 500 500 750 900 533 1000 0 484 900 550 400 500 433 209 391 391 600 0 631 0 500 0 200
#LFC 2014-11-08
0 500 0 0 0 400 0 0 185 1000 0 -750 500 -33 0 0 0 200 400 1000 0 0 0 325 105 0 -275 -223 900 0 0 700 -350 37 -250 0 0 0 500 0 400 250 261 -400 45 0 200 298 -200 0 0 0 0 0 0 0 -500 0 200 200 0 0 200 566 0 0 46 474 1000 0 46 -100 0 0 0 -200 800 150 850 136 264 0 87 8 0 0 900 0 136 -150 -500 900 283 0 0 0 0 200 150 100
0 850 300 50 666 500 0 0 713 1000 0 1000 1000 533 0 0 0 300 800 300 0 0 0 622 462 0 450 285 400 300 0 700 550 337 500 0 0 300 1000 0 800 250 777 700 433 0 100 541 250 125 0 0 50 0 0 0 400 62 300 200 750 300 100 866 50 300 783 600 300 0 585 200 0 0 1000 400 400 50 1000 500 490 633 319 325 100 0 400 0 500 83 300 400 549 0 50 0 0 900 875 100
#CFC 2014-11-08
0 0 0 0 400 0 -750 0 0 0 0 68 281 0 0 0 0 0 233 0 0 100 233 233 0 100 100 0 0 0 0 0 -200 1000 142 0 0 0 -50 -50 -93 0 0 0 -600 0 136 0 800 0 136 0 0 800 0 -62 0 0 0 0 0 500 0 0 -750 -400 0 0 31 0 125 0 0 150 368 136 0 0 875 0 0 100 800 800 0 0 -22 800 0 0 100 0 0 0 0 0 0 0 0 0
0 0 0 0 300 0 1000 0 0 0 0 250 650 0 0 0 0 0 741 0 0 200 741 741 0 200 200 0 0 0 0 0 250 300 267 0 0 0 400 400 300 0 0 0 800 1000 500 0 400 0 500 0 0 1000 0 875 0 0 0 0 400 600 0 0 1000 700 0 0 750 0 625 0 0 300 727 500 0 0 600 0 0 100 400 400 0 0 544 400 0 0 400 0 0 0 0 0 0 0 0 0
