#boro 2016-12-05
0 375 400 0 0 300 0 0 0 -500 0 400 0 0 325 0 -312 325 400 700 325 380 800 700 0 0 400 0 193 0 0 450 0 450 1000 -50 -400 0 0 83 125 0 439 1000 0 0 412 400 433 0 500 -200 0 0 0 0 500 218 0 500 0 250 400 492 0 0 233 1000 1000 -633 200 0 357 0 0 0 -289 0 0 1000 342 0 0 -350 0 228 0 200 400 0 0 68 400 500 0 0 0 300 0 0
0 750 400 0 0 700 0 0 0 1000 0 400 0 0 666 0 750 666 400 900 666 313 400 800 0 0 800 0 477 0 0 875 0 500 300 449 700 1000 0 333 300 0 656 300 0 0 550 400 666 1000 500 700 0 0 0 1000 475 627 0 266 0 333 233 567 0 0 799 300 300 799 100 0 535 0 0 0 342 0 0 300 467 0 0 425 0 345 0 500 1000 0 0 250 1000 500 0 0 0 500 0 0
#hcafc 2016-12-05
0 0 250 250 200 0 99 -150 500 260 500 0 200 433 -190 500 700 -1000 -400 800 -750 -9 320 -16 350 95 -200 0 0 0 0 -500 0 -370 1000 750 500 -600 0 0 0 200 525 300 0 -187 100 300 -506 0 -175 0 0 100 0 0 500 0 500 0 300 136 1000 0 -180 500 227 0 -200 0 0 0 -39 250 1000 0 0 800 0 -277 0 0 0 366 350 0 0 0 0 0 500 200 0 0 0 0 0 -500 0 500
0 0 500 425 300 66 300 800 500 442 900 0 100 450 448 500 600 1000 400 900 750 489 346 562 300 511 400 0 0 0 0 1000 0 762 1000 1000 600 800 0 0 0 900 429 500 0 500 700 750 677 0 550 0 0 400 0 0 500 0 1000 0 500 500 750 1000 402 500 545 0 400 0 0 0 646 333 1000 0 0 750 0 344 0 0 0 600 550 0 0 0 0 0 500 300 0 0 0 0 0 500 0 500
#EFC 2016-12-04
0 -175 -200 0 0 -66 0 100 400 -500 0 -250 0 0 0 0 500 0 400 0 -300 0 0 700 0 400 0 300 -699 0 0 25 0 -100 0 375 0 0 -200 0 0 0 0 0 0 0 400 -200 0 0 0 0 -200 0 -290 133 0 0 0 -156 0 333 0 0 0 0 0 250 0 0 0 0 0 0 0 0 0 0 0 0 0 0 0 0 0 0 0 0 0 0 0 0 0 0 400 0 11 68 666 0
0 250 300 0 0 488 0 0 800 900 0 650 0 125 0 0 625 0 800 0 400 66 0 600 0 400 0 550 666 66 0 400 0 400 0 625 0 100 250 0 0 0 1000 0 0 0 800 200 0 1000 1000 0 200 0 450 443 0 0 100 375 0 500 125 0 125 0 0 333 0 0 0 0 0 0 0 0 0 0 0 0 0 0 0 0 0 0 125 0 0 0 0 0 0 0 900 0 211 277 533 0
#MUFC 2016-12-04
0 0 800 616 0 0 200 0 0 0 0 0 0 0 0 0 0 800 0 500 0 0 0 357 300 0 0 -388 0 437 0 -22 50 0 0 0 0 350 0 0 0 250 0 0 0 -100 0 0 0 400 500 0 0 0 0 -700 500 500 500 -125 0 0 400 125 0 0 0 37 238 400 0 0 0 0 0 0 0 0 0 -125 0 0 100 0 0 0 -100 0 178 0 0 0 300 -600 0 0 625 0 0 178
1000 1000 400 966 0 0 200 0 0 1000 0 0 0 0 0 1000 0 400 0 850 0 0 0 571 100 0 0 833 0 625 0 355 50 0 0 0 0 400 0 0 0 200 0 0 0 200 0 0 0 700 1000 0 0 0 0 800 600 200 900 375 0 0 400 166 125 0 125 777 427 800 125 600 1000 125 125 0 0 0 0 375 0 0 700 1000 125 0 500 0 335 0 0 0 200 900 0 0 500 0 0 267
#AFCB 2016-12-04
0 0 104 216 125 0 550 0 900 0 0 0 0 0 0 0 0 -1000 50 266 0 750 500 0 428 0 0 -300 0 100 250 0 100 0 0 0 0 0 0 0 0 400 -400 0 0 0 0 -131 0 0 0 99 250 400 200 -200 -250 0 305 0 -16 0 0 0 0 0 0 250 250 550 0 35 0 500 300 0 0 0 136 0 0 0 0 0 0 0 0 0 -345 0 0 0 0 0 650 0 -500 136 100 0
0 0 566 355 125 125 875 0 1000 0 0 0 0 0 0 0 1000 1000 600 600 0 450 500 0 660 0 0 600 0 500 500 0 300 0 0 0 0 0 0 100 100 1000 400 0 0 0 0 427 0 0 0 700 444 800 950 100 600 0 916 0 316 105 0 0 0 0 100 500 500 500 100 496 0 500 166 0 100 0 500 0 0 100 0 300 0 0 0 0 450 0 100 0 0 0 616 0 1000 454 1000 0
#LFC 2016-12-04
0 0 800 0 0 0 -155 0 625 0 687 500 0 500 0 0 0 -8 0 0 520 0 -155 500 0 278 0 0 0 -375 0 0 300 0 278 0 -83 0 0 50 100 125 0 0 600 166 -449 700 475 0 0 200 216 0 0 0 500 0 300 0 0 100 500 500 175 0 225 250 0 -625 0 225 0 -500 0 0 600 600 250 600 350 136 238 0 -10 0 0 0 211 136 0 0 175 50 0 0 0 285 0 800
0 0 400 0 0 0 288 0 650 600 550 500 0 475 0 0 0 425 0 0 454 0 288 850 0 291 0 0 0 633 0 0 100 0 490 0 83 0 0 50 0 666 0 0 425 1000 666 900 550 0 0 200 355 100 100 100 950 500 400 0 0 300 600 200 325 0 150 350 0 1000 0 316 0 1000 0 0 1000 1000 333 1000 300 454 427 125 583 0 0 0 333 454 0 0 325 700 0 0 0 535 0 400
#WHUFC 2016-12-03
312 0 0 -100 -15 0 0 0 0 0 0 -100 -361 0 234 0 0 0 -133 0 625 900 500 241 -400 0 0 193 0 312 -25 -162 -222 -200 200 358 -139 -100 -133 0 0 0 0 0 0 0 600 500 -137 0 0 0 -300 0 -200 0 140 0 -125 -275 0 100 -100 -162 -250 0 250 -150 542 100 150 0 -83 0 450 0 0 -12 200 0 0 0 375 0 -400 -127 0 250 -175 0 161 5 0 0 48 0 263 0 -50 41
300 0 0 400 294 0 0 0 0 0 0 150 461 0 375 0 0 0 133 0 500 1000 500 833 400 100 0 450 0 200 1000 600 355 350 900 266 342 400 133 0 0 0 0 0 0 0 600 500 237 0 0 0 550 0 400 0 522 0 175 525 0 900 400 500 250 1000 333 300 617 100 600 500 83 0 800 0 0 0 200 0 100 0 750 0 600 344 0 100 325 0 334 437 0 0 496 0 372 0 225 250
#AFC 2016-12-03
0 250 900 0 243 0 0 0 650 24 0 -150 625 -99 0 500 0 0 0 -500 0 493 200 0 0 316 0 0 0 0 0 0 -50 0 800 1000 0 0 0 0 0 0 0 0 0 -250 468 625 0 0 0 1000 0 500 562 -166 0 0 -100 -77 99 0 0 100 -300 0 0 0 -227 0 0 0 450 62 0 -187 400 168 0 0 500 -500 62 62 -97 0 0 -100 357 0 -227 0 -300 0 0 0 0 181 0 250
1000 750 1000 0 500 0 66 0 750 503 0 700 900 966 400 150 0 0 0 766 0 150 300 0 0 300 0 650 0 0 0 0 400 0 1000 1000 0 0 66 66 0 0 0 0 0 1000 500 900 0 0 0 300 0 750 950 166 650 0 200 469 533 0 0 400 300 0 0 0 444 0 0 1000 650 500 0 500 233 277 0 0 900 900 500 500 187 0 0 150 571 0 444 0 550 0 0 0 1000 287 0 750
#CPFC 2016-12-03
100 0 0 0 0 0 0 250 250 0 0 0 -50 0 0 0 0 -500 0 48 399 0 0 0 0 0 0 500 312 120 0 500 0 0 0 0 500 500 0 -700 0 -50 170 0 100 325 -750 166 250 1000 425 0 100 -500 306 0 0 250 0 0 0 0 -600 392 0 0 0 0 0 -125 0 0 0 0 -100 0 0 0 0 83 500 0 0 274 500 500 0 0 0 187 0 311 750 750 -600 214 -300 -300 0 0
200 0 0 125 0 0 0 500 500 0 0 0 716 0 0 125 125 750 0 679 166 0 0 0 625 0 0 888 758 353 0 500 100 0 0 0 500 500 0 1000 100 375 454 0 200 650 1000 383 508 1000 700 0 200 1000 661 0 0 375 0 0 0 0 800 517 0 0 0 0 0 725 125 125 125 0 100 0 0 0 0 366 888 500 0 508 600 600 0 0 0 500 0 540 449 750 900 571 200 200 0 0
#SaintsFC 2016-12-03
0 656 83 0 0 0 0 300 0 0 0 0 425 500 0 0 0 0 0 500 0 500 500 500 0 0 200 -350 0 200 -700 0 -300 0 100 0 0 -437 0 0 0 -50 0 -37 333 300 -16 0 0 0 0 0 0 225 -400 0 200 200 200 200 0 0 0 0 400 0 -133 0 0 170 200 0 170 0 0 450 800 0 250 183 -250 0 0 312 300 0 0 -50 0 -100 1000 0 0 0 0 130 0 0 0 0
0 316 233 500 0 0 0 449 0 0 0 0 725 500 0 0 0 0 0 833 0 916 833 833 0 1000 300 600 0 200 1000 0 399 0 200 0 0 562 0 0 0 400 0 337 666 100 229 0 0 0 0 0 0 650 400 0 100 100 100 100 0 0 0 0 700 0 466 0 66 454 300 0 454 0 500 450 400 0 100 216 700 66 0 850 400 0 0 475 0 400 1000 0 1000 0 0 1000 0 0 0 0
#SCFC 2016-12-03
0 0 0 0 0 0 0 0 0 -50 0 0 -250 16 500 500 0 0 -50 -50 -50 0 166 -25 187 0 0 0 450 0 0 0 -291 600 600 0 0 0 0 0 16 16 -200 -200 0 0 0 0 0 1000 0 0 250 -77 0 0 -400 0 0 166 166 0 0 0 -200 -200 -200 0 0 0 333 450 0 0 0 0 0 0 0 0 0 0 250 0 375 375 412 0 0 0 0 0 0 0 300 300 0 0 0 0
0 0 0 0 0 0 0 0 0 500 0 0 100 491 900 900 0 0 350 350 350 0 329 600 216 0 0 0 750 0 0 0 541 900 900 800 0 0 0 100 491 491 250 250 0 0 0 0 0 300 0 0 250 144 0 0 400 800 0 333 333 0 0 0 250 250 250 0 0 0 666 750 0 0 0 0 0 0 0 0 0 0 333 0 875 875 550 0 0 0 0 0 0 0 100 100 0 0 0 0
#Clarets 2016-12-03
0 0 500 500 0 0 412 1000 0 250 0 136 0 0 100 900 0 750 700 -25 500 0 0 0 0 -200 300 625 0 0 0 500 600 0 -200 0 -200 625 0 641 0 0 412 500 0 -12 0 0 0 0 500 0 -50 0 0 625 16 -200 0 -200 625 0 100 136 0 0 250 0 566 -100 -100 -50 -50 0 -500 -500 0 800 0 0 -350 300 0 0 733 0 0 -500 625 0 0 -200 0 0 412 16 0 156 0 0
0 0 500 687 0 0 550 300 0 588 0 454 0 0 650 575 0 850 600 250 212 0 0 0 0 300 200 900 0 0 0 1000 400 1000 300 0 300 900 0 666 0 0 550 687 0 0 0 0 0 0 500 0 286 0 0 900 277 400 0 400 900 0 100 500 0 0 450 0 333 850 850 400 400 500 1000 1000 0 400 0 0 900 266 0 0 750 0 0 1000 900 0 0 800 1000 0 550 383 0 450 0 0
#SAFC 2016-12-03
43 0 1000 0 1000 0 0 0 333 400 0 800 1000 1000 0 125 1000 1000 0 -250 0 1000 1000 0 1000 136 99 114 0 1000 100 224 1000 45 285 600 500 400 400 0 0 0 50 0 0 0 0 0 1000 500 1000 0 -75 200 0 400 0 100 100 -50 0 -100 500 -100 -600 500 291 250 800 291 0 400 0 0 0 0 1000 -208 0 500 400 0 0 0 0 0 0 500 -21 909 500 0 0 0 0 0 0 0 0 0
368 0 300 300 400 100 0 0 666 700 0 400 400 400 0 187 400 400 500 100 0 400 400 0 400 454 433 596 0 400 100 744 400 250 535 550 500 700 700 0 0 0 150 0 0 0 0 0 400 500 300 0 450 1000 100 700 0 200 200 325 0 350 150 100 800 500 691 300 1000 691 0 800 0 0 0 0 300 66 0 500 800 0 0 0 0 0 0 900 384 780 500 0 0 0 0 100 0 0 0 0
#LCFC 2016-12-03
0 0 0 0 0 0 142 300 0 0 490 0 -100 -625 0 125 0 875 0 -100 0 -625 -100 0 0 0 0 383 166 -100 0 136 0 316 0 200 0 -200 -100 0 0 0 450 800 -155 0 400 62 433 0 -155 -300 0 -625 433 0 0 166 0 0 333 250 0 236 0 0 0 0 0 0 0 0 0 0 1000 0 0 0 400 0 0 0 0 0 0 0 0 0 0 0 200 0 -125 0 625 0 281 136 -168 50
0 0 0 0 0 0 435 525 0 0 600 0 400 1000 0 425 125 600 0 400 0 400 400 0 0 0 0 444 633 400 0 454 0 716 125 312 1000 400 150 100 0 0 650 750 288 0 1000 500 833 0 288 600 0 400 833 0 0 666 0 1000 666 750 1000 277 0 0 0 0 0 100 0 0 0 0 300 0 0 0 600 0 0 0 1000 500 0 0 0 0 0 0 500 0 200 0 800 0 450 454 600 1000
#COYS 2016-12-03
399 0 0 0 0 -4 562 0 -416 0 400 8 350 416 0 0 800 700 0 0 0 0 0 0 0 0 -250 0 500 181 127 100 400 234 0 -625 0 -400 400 568 0 136 136 520 0 136 583 0 600 0 700 0 0 0 1000 625 0 227 600 0 0 700 0 136 0 -100 900 0 700 468 0 0 1000 0 400 85 0 -625 0 166 0 0 0 0 0 0 199 312 700 0 0 0 0 0 -125 0 0 800 68 -75
466 0 0 0 0 495 819 0 933 0 800 616 300 500 0 0 750 600 0 0 0 100 0 0 0 0 250 1000 600 500 317 1000 400 338 0 400 0 800 800 727 100 454 454 454 0 454 727 100 1000 1000 700 0 0 0 300 600 0 545 300 0 0 600 500 454 0 200 1000 0 700 727 0 0 300 1000 375 227 0 400 0 166 0 0 0 0 0 0 525 434 600 0 0 0 0 0 375 0 0 1000 227 366
#Swans 2016-12-03
49 0 800 0 0 0 666 600 434 333 357 400 0 0 0 0 400 114 0 634 0 0 0 500 0 0 400 250 500 0 -80 400 0 0 285 0 0 0 0 -400 -97 0 0 133 0 0 201 0 0 0 0 850 0 0 0 0 0 500 -16 -200 0 0 0 0 0 431 0 0 675 0 200 350 0 0 0 0 400 0 0 0 0 0 214 150 0 400 136 0 0 0 600 0 136 0 0 136 309 500 -250 -250
750 0 1000 0 0 0 666 300 595 666 571 450 0 0 0 0 450 596 0 375 0 0 0 900 0 0 900 333 300 800 580 900 0 0 427 0 0 800 0 400 187 800 0 816 0 0 580 0 0 0 100 700 0 0 800 0 1000 500 133 250 0 0 0 0 0 500 800 0 800 0 475 550 0 0 0 0 400 66 0 100 0 0 642 466 800 1000 454 0 0 800 300 0 500 0 0 500 381 300 1000 1000
#WBA 2016-12-03
170 0 0 0 300 0 250 -161 400 0 0 0 0 0 0 0 0 269 0 0 0 0 0 0 0 250 400 0 0 0 0 0 300 186 0 0 0 0 224 300 0 0 0 0 0 0 100 0 -250 600 -144 0 -125 0 0 0 937 200 200 50 500 0 0 0 0 0 266 500 0 0 0 0 50 0 0 0 50 0 -125 0 -200 0 0 -125 0 0 166 0 0 100 99 0 350 0 0 0 300 0 400 100
360 0 0 0 200 0 200 269 550 0 0 0 0 0 0 0 0 647 0 0 100 0 0 0 0 500 900 0 0 0 300 0 450 546 0 0 0 0 950 800 0 0 0 0 0 0 400 0 1000 600 422 0 187 0 0 0 1000 100 100 500 500 0 0 0 0 0 66 1000 0 0 0 0 100 0 0 0 83 500 187 0 333 0 0 250 0 0 566 0 0 400 477 0 950 0 0 0 800 0 900 1000
#WatfordFC 2016-12-03
233 200 300 0 400 300 0 0 0 400 500 0 0 0 0 0 0 300 0 0 233 0 600 200 0 0 250 400 600 0 162 0 0 49 600 0 0 0 400 0 0 300 0 0 0 0 0 0 0 0 0 650 0 0 0 300 136 0 -291 0 -125 400 500 0 400 -99 -291 100 400 136 136 0 500 -349 200 200 -50 -50 -100 -50 -50 350 333 42 0 0 1000 400 500 100 0 500 0 1000 -200 0 0 166 0 0
300 325 800 0 800 800 0 0 0 800 750 0 1000 0 1000 0 0 0 300 125 300 66 833 325 0 0 283 1000 900 0 329 0 288 50 800 0 0 0 1000 0 0 0 0 0 500 0 0 0 0 0 0 750 0 0 0 0 454 0 541 0 187 1000 1000 100 1000 399 541 500 1000 454 454 0 500 383 100 100 200 200 58 200 200 550 500 317 0 700 1000 900 183 200 0 1000 0 900 800 0 0 566 400 0
#MCFC 2016-12-03
200 0 0 279 0 0 0 800 0 0 0 0 200 700 0 0 -433 400 68 500 0 500 300 0 -125 357 0 -625 0 0 416 138 0 0 0 -125 0 0 1000 0 0 0 -125 0 279 0 0 0 0 0 500 136 284 -125 500 0 0 0 0 200 0 0 0 0 -468 0 0 0 0 0 0 0 0 650 0 700 0 500 0 0 0 0 100 0 0 279 0 -250 0 800 500 0 318 800 0 -625 0 0 0 0
500 0 0 285 0 0 0 400 0 100 0 0 300 550 0 0 600 800 277 500 0 1000 100 0 500 571 0 400 0 0 500 241 0 0 0 500 0 0 900 0 0 0 500 0 285 0 0 0 0 0 750 454 438 500 1000 0 0 0 1000 500 0 0 100 0 775 0 0 0 0 0 0 0 0 500 1000 600 0 566 0 0 100 100 550 0 0 285 0 500 0 400 900 0 500 400 0 400 0 0 0 0
#CFC 2016-12-03
0 250 -200 500 -562 0 279 0 0 0 0 0 -200 0 0 0 0 -150 0 0 400 0 0 0 0 500 -125 0 -625 0 0 0 0 0 -125 0 0 445 -388 250 -194 0 -125 279 0 -388 0 -416 0 0 500 0 0 250 0 0 300 -125 0 0 0 0 466 0 0 0 400 0 0 0 0 0 0 0 0 0 800 428 0 0 90 -3 300 0 0 0 0 0 0 0 0 200 500 0 0 279 0 -162 -250 -100
0 200 800 500 950 0 285 0 0 0 0 0 700 0 0 83 0 550 0 0 800 0 125 0 0 1000 500 0 400 0 0 0 0 0 500 0 0 751 833 1000 416 0 500 285 0 833 0 688 0 0 750 0 0 900 0 0 500 500 0 0 0 0 483 0 1000 0 1000 0 100 0 0 0 0 0 0 0 750 535 0 0 430 431 750 0 0 0 0 0 0 0 0 500 500 0 0 285 0 426 1000 150
#MUFC 2016-11-27
600 505 0 0 0 0 0 0 -500 500 100 0 0 1000 350 -399 0 333 500 0 50 500 0 0 0 0 -199 0 0 0 0 0 300 400 400 400 400 800 -290 700 332 -250 332 332 332 675 300 0 0 0 0 0 0 50 600 250 525 0 0 300 0 350 0 0 0 500 500 500 500 0 500 -500 0 0 0 0 0 250 306 306 0 306 306 200 0 0 0 0 0 58 0 0 0 1000 0 0 0 0 0 0
1000 550 100 100 100 0 0 0 666 600 100 0 0 300 300 366 0 375 150 0 116 600 0 0 0 0 266 0 0 0 0 0 200 800 800 800 800 400 506 600 454 450 454 454 454 750 200 0 0 0 0 0 0 50 600 283 625 0 0 200 0 550 0 0 0 800 800 800 800 0 500 666 0 0 0 0 0 450 627 627 0 627 627 200 0 0 0 0 0 450 0 0 0 1000 0 0 0 0 0 0
#WHUFC 2016-11-27
400 0 0 0 0 136 0 250 0 0 -100 0 266 0 0 0 0 0 0 0 0 0 0 0 -400 0 600 0 600 0 0 0 0 0 600 0 136 100 0 0 0 0 -76 0 0 0 0 -200 0 0 0 -1000 0 0 0 277 316 -500 125 0 0 -166 0 0 0 0 350 400 277 -100 0 0 0 0 0 0 285 0 800 -388 0 0 100 383 0 0 0 0 0 600 400 100 -76 500 0 600 0 0 300 0
900 100 0 0 0 454 500 416 0 0 400 100 133 0 0 0 0 0 0 0 0 500 357 0 400 0 900 0 600 0 0 0 0 0 900 0 454 200 0 0 0 0 269 0 0 0 0 400 125 0 0 1000 0 0 0 611 591 500 187 1000 0 500 0 0 0 0 350 400 244 500 0 0 0 0 0 100 535 0 1000 833 0 0 200 311 0 0 0 0 0 600 800 200 269 500 0 600 0 0 100 0
#SaintsFC 2016-11-27
0 200 -700 0 0 0 0 0 0 -550 -88 0 0 -25 0 0 213 500 800 187 800 350 50 0 0 300 200 400 800 0 -99 300 0 0 0 850 800 0 700 0 0 0 400 399 16 700 250 0 0 0 -266 154 0 700 200 500 -450 100 -162 700 -600 700 0 0 0 0 0 -155 0 0 500 0 0 466 175 285 0 -400 0 0 0 111 0 679 0 -133 136 800 250 0 500 0 0 0 -800 0 0 0 -250 0
0 600 800 0 0 0 0 0 0 550 422 0 0 750 0 0 500 500 1000 650 750 650 200 0 0 500 500 875 1000 0 583 500 0 0 1000 1000 400 0 600 0 0 0 375 400 350 800 400 0 0 0 622 816 100 750 300 400 450 400 420 750 900 750 0 0 0 0 0 288 0 0 833 0 0 750 275 535 125 400 0 0 0 462 0 642 333 900 454 750 450 0 650 0 0 0 900 0 0 0 500 0
#EFC 2016-11-27
0 -700 -700 0 100 400 0 0 0 550 0 291 229 0 0 0 100 800 500 0 225 0 0 500 800 0 0 0 0 0 0 0 0 200 200 400 0 0 800 0 200 0 0 0 0 0 0 0 136 0 0 0 333 400 800 200 357 0 18 -150 0 0 0 800 0 0 0 0 136 0 0 0 0 300 500 285 0 0 166 0 357 0 200 200 200 0 200 500 56 -700 0 0 0 0 500 800 100 0 700 0
0 800 800 0 0 800 0 0 0 750 0 766 437 0 0 0 400 1000 500 125 175 100 0 600 1000 0 0 0 0 0 0 0 0 500 500 800 0 0 1000 0 500 0 500 0 0 0 0 0 454 0 0 0 666 800 400 100 571 0 456 500 0 100 0 400 0 0 0 0 454 0 0 0 0 500 400 523 0 0 208 0 571 0 500 500 500 441 500 500 362 1000 0 0 0 0 500 600 200 0 750 0
#AFC 2016-11-27
0 0 0 0 0 -100 0 0 800 0 0 0 0 0 68 0 0 350 -400 0 416 100 400 0 0 0 344 0 -224 500 500 136 0 0 168 0 500 1000 500 0 260 0 0 0 0 0 0 136 0 0 0 -500 -200 0 0 625 0 466 0 0 800 0 0 0 136 0 0 0 500 0 400 400 100 0 0 0 104 312 450 0 0 0 0 0 0 0 0 0 0 -300 111 0 0 250 0 133 0 0 0 400
0 100 0 0 0 400 0 0 400 0 0 0 0 0 427 0 0 550 400 0 666 300 900 0 0 0 661 0 458 766 500 454 0 0 277 0 500 1000 500 0 502 0 0 0 0 0 0 454 0 0 0 1000 800 100 0 900 0 583 0 0 400 1000 0 0 454 125 0 0 500 0 700 700 350 0 0 0 275 200 650 66 0 0 0 125 0 0 0 0 0 800 528 0 0 375 0 300 0 0 0 900
#AFCB 2016-11-27
0 0 0 0 0 0 0 0 400 0 0 260 0 0 136 0 0 0 0 0 700 0 0 0 200 285 725 0 0 400 0 350 -400 0 446 0 0 800 750 500 0 0 416 0 0 -100 136 -399 400 0 0 -54 600 0 250 136 0 -500 0 -250 -166 0 0 0 0 0 0 0 0 0 0 250 136 400 800 0 0 0 0 150 -500 0 -388 500 412 0 0 0 -400 -250 800 0 -49 0 550 0 136 0 0 712
100 0 0 0 0 0 0 0 733 0 125 502 0 0 454 0 0 0 0 0 600 0 0 0 100 535 875 0 0 425 0 550 400 0 535 50 0 400 449 700 0 0 483 0 0 400 454 500 400 0 0 359 1000 0 900 454 0 500 100 250 433 0 0 0 0 0 0 0 0 0 0 250 454 800 1000 0 0 0 0 600 1000 0 833 1000 550 0 0 0 400 250 400 0 700 0 500 100 454 300 0 750
#WatfordFC 2016-11-27
700 400 150 150 0 -155 359 400 1000 0 1000 812 125 0 500 0 0 0 333 0 750 0 0 0 250 0 0 0 800 0 0 0 566 0 0 -400 0 0 170 300 0 0 0 -400 1000 0 0 0 0 0 50 0 0 0 62 0 0 197 116 100 0 -100 0 100 0 800 100 300 650 425 0 0 0 0 0 0 0 0 0 -100 0 0 500 -400 1000 0 -400 400 -50 0 0 178 295 333 170 125 0 0 399 399
750 800 0 0 0 288 707 800 300 0 750 725 150 0 500 0 0 0 416 0 750 0 0 0 200 1000 0 0 400 1000 0 400 600 0 0 700 66 0 500 450 275 0 0 700 300 0 0 0 0 0 500 0 0 0 500 0 0 416 416 400 0 550 0 400 0 750 400 0 450 769 0 0 0 0 0 0 0 0 0 900 0 0 500 400 390 0 400 800 150 0 0 317 591 355 500 291 0 0 366 366
#SCFC 2016-11-27
350 -125 -155 -125 0 500 300 -166 -166 0 0 -400 1000 250 0 0 0 400 400 136 136 0 0 500 500 0 1000 600 -500 -500 0 300 0 0 562 0 0 0 400 400 0 0 0 0 0 600 0 0 0 0 600 0 0 0 -150 -850 0 0 0 -500 250 0 216 216 650 12 400 400 357 0 150 0 0 0 136 0 357 0 -75 125 0 250 399 -125 0 0 399 0 0 0 69 0 0 0 0 875 0 0 650 0
550 375 288 375 0 500 500 66 66 0 250 400 300 283 0 0 0 566 400 454 454 0 0 500 500 0 300 1000 600 600 0 200 0 0 600 0 0 0 400 400 0 0 0 0 0 800 66 0 0 0 550 0 0 0 750 600 0 0 0 600 250 0 616 616 450 200 700 700 571 0 366 0 0 0 500 0 571 0 325 100 0 416 366 375 0 0 366 0 0 100 380 0 0 0 0 600 0 0 450 0
#CFC 2016-11-26
-278 0 250 400 0 0 -166 0 500 0 0 0 800 0 0 0 0 150 0 0 0 800 0 0 0 0 250 250 0 0 0 0 0 0 166 500 0 0 0 0 0 0 0 0 400 0 -625 0 0 0 200 200 400 0 0 0 350 500 0 0 0 0 0 1000 0 -312 0 0 0 0 0 193 0 200 0 0 0 200 0 68 0 800 156 0 0 116 0 0 0 -200 525 0 0 0 0 0 0 0 0 0
300 0 400 800 0 0 166 0 900 0 0 0 400 0 0 0 0 550 0 0 0 750 0 0 0 0 250 750 0 0 0 0 0 0 333 500 0 0 0 0 0 0 0 0 800 0 400 0 125 0 300 300 800 0 0 0 500 625 0 0 0 0 0 300 0 1000 0 0 0 0 0 602 0 100 0 0 0 300 0 727 0 400 216 0 0 833 0 0 0 350 666 0 0 0 0 0 0 1000 0 0
#COYS 2016-11-26
400 -166 0 0 0 300 0 -700 -500 0 -166 0 400 -400 100 0 487 0 187 0 100 0 -66 0 344 800 -625 26 0 -125 -166 0 625 400 0 172 0 800 0 800 0 0 0 0 125 -116 0 0 500 0 250 0 600 -107 0 0 625 -22 0 0 1000 0 0 0 0 0 -62 0 0 100 0 0 -187 0 0 0 0 0 450 0 333 0 0 333 0 0 0 -250 0 0 0 400 0 0 500 500 600 -200 -83 0
800 166 0 0 0 475 0 875 400 0 300 0 800 600 250 0 775 100 575 0 300 0 266 0 588 1000 400 360 250 750 305 0 600 800 0 560 0 400 0 400 0 0 0 0 500 549 1000 0 500 0 250 66 650 717 0 100 500 619 0 444 300 0 0 0 0 0 400 0 0 300 0 0 500 0 0 400 0 0 750 583 500 0 0 500 0 0 0 550 0 0 0 700 0 0 700 900 1000 200 266 0
#hcafc 2016-11-26
0 0 0 -1000 0 66 166 -233 0 0 150 300 500 0 -150 -600 345 -234 0 -200 700 399 166 0 0 0 0 200 0 145 250 33 0 0 0 20 68 -1000 200 -200 100 166 0 0 166 -200 0 0 0 600 625 0 -208 0 0 250 116 -71 172 300 -200 50 99 49 136 375 -155 -250 125 250 0 0 -208 0 -166 -175 0 266 700 -150 0 0 0 0 -200 250 0 500 0 0 0 0 0 0 100 0 -375 0 450 0
0 0 0 1000 0 388 166 822 0 0 833 388 1000 0 700 900 666 500 0 400 600 666 166 0 0 0 0 500 0 443 300 700 0 0 0 449 250 1000 500 400 1000 166 0 0 500 500 0 357 0 1000 600 0 433 0 66 450 441 142 394 200 50 233 466 450 500 616 288 250 500 300 0 0 433 0 66 288 0 816 900 475 0 0 0 0 300 450 0 500 0 550 50 0 0 0 100 0 500 0 700 0
#WBA 2016-11-26
0 0 337 0 0 0 461 128 191 328 0 200 333 212 500 500 -50 0 375 333 0 400 0 0 0 0 416 0 0 -250 0 0 0 0 0 0 -975 625 0 0 0 80 0 0 0 0 0 -117 0 212 1000 0 -250 0 0 0 0 0 0 0 -50 0 100 0 0 0 0 224 0 0 0 0 0 433 0 0 0 0 -500 0 357 0 976 0 0 0 0 0 700 0 100 333 -187 0 600 0 0 -156 333 500
0 0 537 0 0 0 478 238 494 501 0 250 666 359 666 500 100 0 275 666 0 375 0 0 0 0 166 0 0 500 0 0 0 0 0 0 1000 500 0 0 0 405 333 0 200 0 0 250 0 359 1000 0 500 0 0 300 0 0 0 0 200 0 1000 0 100 0 0 325 0 66 500 0 0 733 0 0 0 0 500 0 571 0 500 0 0 0 0 66 600 0 1000 666 312 0 900 0 0 343 666 1000
#LCFC 2016-11-26
400 0 0 -125 0 0 200 800 0 -166 0 0 0 0 0 0 -400 500 -625 0 0 0 0 -699 0 0 800 0 300 -100 0 0 316 200 0 -133 136 -12 0 0 0 136 0 433 800 0 150 0 416 0 800 433 333 642 -625 0 -400 66 0 375 0 0 0 0 0 245 400 -500 0 0 0 250 0 566 0 0 0 400 285 0 -25 0 0 -625 0 0 0 900 -800 -800 500 100 0 0 900 0 0 100 -50 0
800 0 0 375 0 0 300 400 0 433 0 0 0 0 0 0 400 500 400 125 0 0 0 666 0 0 750 0 550 400 1000 0 716 312 1000 488 500 0 100 0 0 454 0 833 400 0 250 0 500 0 1000 833 666 417 400 0 400 366 0 625 0 0 0 0 0 386 600 1000 0 0 0 250 0 566 0 0 0 966 535 0 183 0 0 400 0 0 0 900 1000 1000 500 100 0 0 900 0 0 400 150 0
#boro 2016-11-26
0 0 0 0 100 -600 136 700 700 300 49 1000 650 0 0 100 0 600 0 0 600 0 0 375 0 -200 0 0 0 0 0 0 471 0 500 0 200 0 0 0 0 500 0 0 0 0 0 500 500 350 399 -400 500 100 0 0 400 0 -400 166 -200 -699 300 -166 0 0 466 0 0 312 0 300 -100 0 136 0 0 -50 500 0 0 0 0 0 0 -400 -1000 -100 0 214 0 -200 0 0 0 0 600 0 170 0
0 0 0 0 200 900 500 750 600 500 650 750 800 0 0 100 0 950 0 0 1000 0 0 750 0 400 0 0 0 0 500 1000 396 0 500 0 438 0 0 0 0 500 250 0 0 0 0 500 500 800 433 400 1000 1000 0 0 800 0 400 272 400 666 700 66 0 0 488 0 0 400 0 750 400 0 454 0 0 850 1000 0 0 0 0 0 0 400 1000 400 0 571 0 700 0 0 0 0 1000 0 500 500
#LFC 2016-11-26
0 0 0 200 0 0 500 250 875 300 -200 0 0 500 333 350 316 800 0 0 0 -125 -155 0 0 0 0 -155 800 0 0 450 0 0 0 333 0 0 -500 41 0 -400 0 0 0 866 -262 0 800 0 400 900 500 0 216 -150 0 0 600 0 0 50 0 350 100 0 -450 0 0 0 0 -400 150 0 0 -500 524 200 250 -250 0 136 -300 200 0 350 0 1000 0 0 234 0 66 412 100 0 -200 600 0 0
0 0 0 575 100 0 850 500 600 550 50 0 0 150 475 550 450 700 0 0 0 700 288 0 0 0 0 288 400 0 0 750 0 0 0 500 0 0 1000 166 0 550 0 0 747 900 387 0 400 0 600 900 1000 0 766 399 0 0 600 0 0 50 0 550 0 0 600 0 0 500 0 400 133 0 0 1000 625 200 200 300 0 454 600 200 0 550 0 300 0 0 666 0 166 550 100 0 800 900 0 1000
#SAFC 2016-11-26
-225 0 -262 285 500 150 0 566 300 0 1000 0 350 1000 55 1000 -300 1000 0 800 0 0 0 0 500 0 500 1000 700 166 0 1000 0 0 1000 136 -178 200 316 1000 0 0 1000 1000 99 1000 0 0 0 -333 900 0 500 250 0 0 800 0 1000 1000 -125 1000 0 800 1000 0 0 1000 0 0 1000 0 1000 1000 0 1000 136 1000 -400 1000 625 1000 1000 0 1000 166 350 1000 1000 1000 1000 -383 0 1000 875 1000 1000 1000 1000 1000
175 0 387 535 500 133 0 833 200 0 400 0 400 400 666 400 400 400 0 750 0 100 0 0 750 0 500 400 800 616 0 400 0 0 400 454 285 300 591 400 0 0 400 400 451 400 0 0 0 550 650 250 900 250 0 0 400 0 1000 400 100 400 400 750 400 0 250 400 0 0 400 0 400 400 0 400 500 400 400 400 500 400 400 0 900 666 650 400 400 400 400 691 100 400 600 400 400 400 400 400
#Swans 2016-11-26
500 0 0 0 500 516 333 333 0 0 1000 -50 0 0 0 100 0 0 200 250 0 0 136 750 1000 1000 1000 -166 0 900 104 55 -291 0 0 0 0 200 0 850 0 0 0 227 0 0 900 0 -400 200 0 -400 900 0 500 200 568 0 900 800 0 0 0 568 200 0 375 -187 50 500 0 0 500 50 500 0 -291 0 200 0 0 0 -100 350 200 0 200 200 -250 -139 -100 0 50 0 0 0 0 -50 0 0
1000 0 0 0 500 766 500 583 0 0 300 244 0 0 0 400 0 0 500 1000 0 0 454 400 300 300 300 166 0 1000 520 388 541 0 0 0 0 100 0 1000 0 0 0 545 0 1000 1000 0 400 100 500 400 875 0 600 100 377 0 875 400 0 0 1000 377 100 0 500 500 200 750 650 0 500 200 888 0 541 0 500 0 0 0 399 333 200 0 500 500 400 342 400 0 450 0 0 0 0 358 0 0
#CPFC 2016-11-26
700 0 150 150 150 0 0 0 400 0 0 700 1000 0 0 0 0 27 0 0 0 0 0 0 -100 0 0 0 0 0 -333 -500 -400 400 0 400 640 800 0 0 -200 -400 -208 0 136 200 -125 -125 -125 0 0 0 0 0 800 -187 0 0 400 0 0 0 0 237 0 0 0 500 500 700 0 0 0 0 500 500 0 0 0 0 0 0 318 0 0 350 400 566 0 0 0 543 800 500 0 0 0 -1000 0 0
600 0 100 100 100 0 0 0 1000 125 0 600 650 0 0 0 0 693 0 0 100 0 0 0 100 0 0 0 0 0 666 625 400 800 0 800 1000 1000 0 0 800 600 433 0 500 500 100 100 100 100 0 0 0 0 1000 900 0 0 875 0 0 0 0 629 0 0 550 500 900 800 100 0 0 0 750 800 1000 0 0 0 0 0 427 0 0 244 800 900 0 100 0 618 400 500 0 0 0 1000 1000 1000
#Clarets 2016-11-26
0 312 0 67 0 0 0 133 0 0 0 0 -21 237 500 0 0 625 200 0 900 0 -200 625 1000 0 0 1000 1000 0 0 0 0 0 250 400 0 -500 0 0 122 -166 0 0 50 350 0 -200 0 400 125 0 193 27 0 712 0 0 0 0 400 500 0 300 250 0 0 0 350 0 0 -125 0 0 0 0 0 0 0 0 0 -200 -550 -150 0 -125 0 0 0 0 0 0 0 100 0 0 0 0 -400 -100
0 553 0 583 0 0 0 466 100 0 0 0 567 437 500 0 0 900 400 0 575 0 400 900 1000 0 1000 300 300 0 0 0 0 0 250 233 0 500 0 0 544 166 0 0 250 350 0 400 0 466 275 0 393 600 0 650 0 0 0 0 633 500 0 200 450 0 0 0 550 433 0 750 0 0 0 0 0 0 0 0 0 400 650 100 0 750 0 0 0 0 0 0 0 1000 0 0 0 0 400 100
#MCFC 2016-11-26
400 200 -600 0 68 0 0 0 0 0 0 0 138 0 0 0 0 0 475 250 222 400 -625 0 0 0 0 642 0 0 0 0 0 625 0 500 0 0 -600 99 700 0 0 0 0 0 454 400 500 33 0 375 0 0 0 350 0 0 0 -125 0 500 378 500 0 0 0 0 500 0 266 0 0 0 0 200 500 416 0 200 0 0 500 0 600 0 -100 0 937 578 0 0 0 0 0 -780 0 0 500 0
800 300 900 0 227 0 0 0 0 250 0 0 222 441 0 0 0 0 725 250 518 800 400 0 0 0 0 767 250 0 0 0 0 900 0 900 0 0 1000 950 600 250 0 0 0 0 452 900 500 322 0 416 0 1000 0 550 0 0 0 375 0 500 273 500 100 0 0 0 328 0 272 0 0 0 0 900 900 450 0 500 0 0 500 0 900 0 100 0 950 650 250 0 0 0 0 1000 0 0 328 0
#WBA 2016-11-21
0 -714 250 -83 -200 600 0 0 0 0 0 0 0 0 -500 250 0 0 -200 0 0 0 0 450 367 200 475 0 0 800 0 0 250 0 0 0 0 0 0 0 600 0 700 0 0 227 0 0 0 0 0 0 0 700 625 583 700 800 0 0 500 0 0 400 500 500 0 133 600 0 0 0 233 -200 375 250 -237 700 150 0 0 0 0 0 0 0 357 200 0 0 200 0 457 0 0 0 -375 0 0 -133
0 857 600 216 300 950 0 0 0 0 0 0 0 0 1000 345 0 0 300 0 0 0 0 649 480 200 466 0 0 200 0 0 450 0 0 0 0 0 0 0 650 0 600 0 0 405 0 0 0 0 0 0 0 600 316 316 600 400 100 0 550 0 0 700 533 500 100 322 600 100 0 0 600 333 200 300 484 700 100 100 0 0 600 0 0 125 535 300 0 0 200 0 621 0 0 0 750 0 0 533
#Clarets 2016-11-21
800 700 0 136 450 0 100 0 0 200 0 0 300 0 250 0 200 200 0 -155 0 0 0 0 0 0 0 625 352 0 136 0 412 0 335 -400 0 500 0 285 0 -400 0 0 0 500 625 0 0 0 0 0 0 0 1000 0 0 -400 0 625 800 500 625 412 200 0 568 568 650 441 0 250 625 0 375 100 0 0 -400 0 1000 0 49 0 500 1000 1000 0 0 525 0 1000 500 0 0 0 500 406 406 0
400 700 0 500 900 0 650 0 0 200 0 357 600 0 333 0 200 300 0 288 0 0 66 0 400 0 250 900 655 0 500 0 550 0 462 400 0 700 550 535 0 400 0 0 0 700 900 0 0 0 0 0 0 0 400 0 0 400 0 900 400 750 900 550 100 0 377 377 650 529 1000 450 900 0 750 100 0 125 400 0 1000 0 500 0 750 300 300 0 0 366 0 300 1000 0 66 0 525 625 625 0
#boro 2016-11-20
533 600 187 0 375 0 0 600 400 400 0 270 -16 350 0 600 508 0 0 0 900 0 0 0 400 533 0 0 600 0 0 0 0 0 0 1000 0 0 0 0 0 -400 0 136 468 0 0 0 350 0 0 0 399 0 -200 0 0 800 0 0 0 200 -100 0 268 0 650 -24 0 500 100 -100 0 0 0 0 800 -250 800 800 0 100 0 -168 166 0 0 0 -125 68 0 0 68 0 0 300 0 -200 350 -400
266 666 375 0 750 0 0 666 800 800 0 458 600 333 0 666 583 0 0 0 1000 0 0 0 1000 266 0 0 666 0 0 0 0 0 0 750 100 100 0 0 0 400 0 454 677 0 0 0 333 0 0 0 494 0 100 0 0 750 0 0 0 438 250 0 627 0 450 466 0 500 400 400 0 0 0 0 1000 500 400 1000 0 100 0 450 166 0 0 0 375 227 0 0 227 0 0 100 0 100 550 400
#CFC 2016-11-20
550 550 177 400 0 0 0 0 0 0 0 136 0 0 0 0 160 0 0 0 0 0 0 375 0 800 0 400 0 0 -333 400 400 200 342 0 0 0 375 0 250 0 600 900 -50 0 0 200 0 0 0 0 0 0 0 0 0 700 1000 350 0 0 0 0 800 0 0 900 0 900 0 800 49 500 375 375 0 0 0 136 0 166 0 0 0 0 100 800 0 0 0 250 400 700 0 0 0 0 0 0
500 500 303 400 62 0 0 33 0 0 0 454 0 0 0 0 539 0 0 0 0 0 0 750 0 400 0 400 0 0 1000 800 800 300 667 0 0 0 750 0 200 0 466 700 400 0 0 500 66 0 0 0 0 0 0 0 0 700 300 411 0 0 0 0 400 0 0 700 0 700 100 400 700 600 750 750 1000 0 0 454 300 333 0 125 0 0 1000 400 0 0 0 350 800 700 0 0 125 750 750 0
#COYS 2016-11-19
0 170 0 0 -125 625 400 0 0 0 0 446 0 0 0 400 0 0 0 0 500 200 500 200 168 30 500 0 -366 0 0 0 199 0 500 0 200 0 0 0 0 0 500 316 0 0 0 -291 175 0 0 800 300 1000 400 0 136 550 0 187 400 0 -158 0 0 0 633 285 -400 350 0 67 0 0 0 -287 0 0 566 200 0 0 600 0 0 -100 0 625 625 0 0 350 250 0 0 0 0 0 0 0
0 454 0 0 375 700 800 0 0 0 0 571 0 500 0 800 0 0 100 0 500 200 600 550 399 470 150 0 325 0 0 0 366 0 400 0 500 0 0 0 0 0 500 566 0 0 0 541 548 0 0 1000 475 750 250 0 454 875 0 331 800 0 666 0 0 0 916 535 400 444 0 470 416 0 0 337 0 0 533 200 0 0 1000 0 0 100 0 700 700 0 0 500 200 0 0 0 0 0 0 0
#WHUFC 2016-11-19
600 0 -114 268 0 0 0 0 600 136 243 0 0 500 375 375 0 500 0 136 0 -600 0 0 0 -100 0 650 0 0 0 780 136 400 0 166 0 600 600 400 166 0 0 400 390 0 0 0 0 0 0 0 0 0 0 0 0 500 0 -600 136 0 136 0 0 -39 0 0 700 700 0 -100 0 0 0 0 312 500 133 350 0 0 0 0 168 0 0 0 378 200 0 -305 0 100 0 0 0 0 0 0
950 0 580 627 0 0 0 0 600 454 508 0 0 833 416 416 0 500 0 454 0 1000 0 100 0 400 0 750 0 0 1000 1000 655 450 0 333 0 600 600 200 333 0 0 500 333 0 0 0 0 0 0 0 0 0 0 0 0 500 0 1000 454 0 454 0 0 200 0 0 600 600 0 100 0 100 0 0 400 500 400 333 0 0 0 0 477 0 0 0 618 350 100 660 0 200 0 0 0 0 0 0
#CPFC 2016-11-19
-100 0 399 0 1000 1000 1000 -250 1000 1000 1000 268 800 0 1000 0 0 1000 0 1000 0 1000 0 0 0 1000 1000 1000 0 150 348 500 1000 24 0 136 1000 -250 1000 1000 302 0 0 0 0 1000 1000 200 0 1000 1000 1000 437 0 0 1000 0 199 1000 1000 1000 1000 -200 0 800 1000 0 1000 0 0 1000 1000 -400 1000 1000 1000 1000 1000 1000 1000 0 500 0 1000 1000 1000 -150 500 1000 1000 1000 1000 1000 0 133 133 133 375 0 1000
325 0 483 0 400 400 400 400 400 400 400 627 750 0 400 0 0 400 0 400 125 400 500 0 0 400 400 400 0 300 462 1000 400 825 0 500 400 400 400 400 408 100 0 0 0 400 400 200 0 400 400 400 550 250 0 400 0 274 400 400 400 400 50 0 1000 400 0 400 0 0 400 400 400 400 400 400 400 400 400 400 0 500 0 400 400 400 450 500 400 400 400 400 400 0 300 300 300 500 0 300
#MCFC 2016-11-19
0 250 250 100 0 -347 0 0 0 1000 1000 1000 1000 1000 1000 268 0 500 450 0 1000 0 1000 0 0 1000 400 400 1000 0 1000 1000 1000 0 0 0 0 0 0 0 1000 500 -155 0 166 1000 0 166 0 1000 1000 0 227 0 0 0 0 0 100 1000 1000 0 0 0 0 0 1000 1000 0 1000 625 400 400 0 0 1000 0 0 1000 584 1000 1000 0 0 1000 0 -200 0 -133 0 750 0 0 0 0 0 0 562 1000 0
0 500 500 1000 0 430 0 0 0 400 400 400 400 400 400 627 0 500 500 0 400 0 400 0 0 400 800 800 400 0 400 400 400 76 0 0 0 0 0 0 400 1000 288 0 633 400 1000 605 0 400 400 0 545 0 0 100 0 0 400 400 400 0 0 0 0 0 400 400 0 400 500 800 800 0 0 400 100 0 400 463 400 400 0 0 400 0 50 0 666 0 800 0 0 0 0 0 0 900 400 0
#EFC 2016-11-19
0 0 -400 0 0 0 0 0 0 100 400 37 150 150 150 150 1000 0 500 200 0 0 0 306 250 -1000 0 400 0 150 -1000 100 446 0 0 0 0 0 0 500 1000 0 0 0 0 0 0 0 150 400 0 -99 0 0 0 500 0 0 0 0 0 400 250 0 0 0 0 285 0 0 -16 750 166 -200 0 0 0 0 166 0 0 0 0 0 375 0 284 500 0 0 0 0 -400 0 218 0 0 0 666 0
0 0 400 0 0 0 0 0 0 0 800 383 250 250 250 250 1000 0 750 300 0 125 0 737 277 1000 0 800 0 250 1000 300 358 0 0 0 0 0 0 500 1000 0 0 0 0 100 0 0 750 800 0 600 0 100 0 900 0 0 0 0 0 400 500 100 0 0 0 535 0 100 433 500 333 200 100 100 100 100 333 0 0 1000 0 0 850 0 488 500 0 0 0 0 400 0 277 0 0 0 533 0
#Swans 2016-11-19
600 600 0 0 0 600 0 1000 0 0 -250 0 0 0 262 0 0 0 0 0 0 0 0 0 0 0 -400 -187 875 0 0 0 0 0 -400 0 250 0 800 -400 425 0 780 0 0 500 -25 0 293 -500 0 -77 -1000 0 -200 0 0 -500 -263 0 0 0 136 0 500 500 0 0 0 -200 -600 0 0 0 0 0 0 0 0 0 -250 500 0 0 0 625 0 0 500 0 50 -250 0 0 0 0 0 0 0 0
900 900 0 0 125 1000 0 300 0 300 600 450 0 0 516 0 0 100 0 0 0 0 0 0 0 0 400 500 600 0 0 0 0 0 400 0 300 0 1000 400 500 0 1000 0 0 833 350 0 663 1000 0 144 1000 125 233 0 0 900 222 0 66 0 454 0 900 900 666 0 0 250 900 0 0 0 0 0 0 0 0 0 833 500 0 0 0 500 0 0 500 0 425 833 0 666 0 0 0 0 0 0
#SaintsFC 2016-11-19
0 0 -125 0 1000 277 250 0 -400 -200 0 0 0 0 0 800 0 0 -400 400 0 0 0 0 387 -200 -75 -400 -175 312 0 0 0 350 200 300 500 -125 0 0 0 0 0 0 0 -200 0 800 42 0 300 800 0 0 400 433 379 800 0 -700 0 285 0 -400 0 187 -112 0 83 166 83 350 400 0 -400 0 0 -400 350 0 -345 0 0 268 -228 49 0 400 0 0 500 350 0 0 400 650 0 200 0 0
0 0 375 0 300 644 500 0 400 250 400 0 0 0 0 400 0 0 400 400 250 0 0 0 308 400 700 700 175 200 0 0 0 494 500 650 900 375 0 100 0 66 66 66 66 50 0 750 300 0 575 400 0 0 400 833 703 400 500 1000 0 535 0 400 0 437 200 0 83 333 83 750 458 0 400 0 0 600 750 66 470 0 0 450 250 700 0 400 0 0 500 550 0 0 400 750 0 700 500 0
#LFC 2016-11-19
0 0 0 0 0 -200 0 0 350 0 -200 0 0 200 0 0 0 312 -183 0 0 0 0 800 0 -200 200 -150 316 0 50 100 0 500 0 357 250 37 -400 0 166 -100 412 0 0 80 0 475 0 400 0 500 -166 -20 0 200 0 0 350 -291 -500 0 500 249 -250 0 0 0 0 0 0 0 166 -100 -250 0 -500 0 -400 0 -3 0 0 0 0 0 0 350 -200 0 583 0 0 166 -50 0 500 200 99 0
0 0 0 0 0 150 0 0 550 0 300 0 0 100 0 0 0 500 411 0 0 0 0 400 0 200 100 399 560 0 50 0 0 900 0 535 450 337 400 0 166 275 550 0 0 373 0 425 0 500 0 600 250 343 0 500 0 0 550 541 1000 0 900 800 1000 400 0 0 66 0 125 375 166 275 1000 0 1000 0 600 0 583 0 0 0 250 0 0 550 300 0 600 0 0 166 175 0 1000 200 650 0
#SCFC 2016-11-19
66 0 0 75 312 -200 -93 0 0 0 0 -104 400 0 0 0 0 0 -400 875 700 800 400 0 0 136 0 250 -187 0 0 300 0 0 0 0 0 0 0 275 0 0 0 300 160 0 0 0 0 650 0 -133 0 0 0 0 -139 -100 66 0 0 -200 0 0 0 0 0 0 0 0 0 -500 0 800 0 0 -500 -155 0 0 0 0 0 0 25 0 0 0 0 200 0 200 0 0 0 0 0 0 350 0
150 0 0 250 444 50 250 1000 100 0 0 478 900 0 0 0 0 0 400 600 875 400 400 0 0 500 0 500 500 0 0 750 0 0 0 0 0 0 0 448 0 0 0 399 539 0 0 0 0 700 600 166 0 0 0 0 342 400 150 0 0 50 250 0 0 0 0 0 0 0 0 900 0 750 0 0 1000 288 0 0 0 0 0 0 275 0 0 0 0 500 0 500 0 0 0 0 0 125 300 0
#AFCB 2016-11-19
0 31 0 136 1000 0 0 0 500 125 0 0 0 0 500 -400 0 5 -400 183 0 100 -400 875 -100 500 0 0 125 -400 800 -400 0 0 0 116 0 0 0 0 0 -25 -400 500 0 190 0 0 0 0 -62 400 600 0 0 500 0 0 0 550 0 875 0 150 500 500 -25 300 0 0 -781 0 0 0 0 0 0 0 -500 0 0 800 0 -1000 0 0 400 0 0 0 0 0 0 0 0 0 0 0 0 0
0 250 0 454 1000 0 125 0 350 300 100 0 0 0 1000 500 0 437 400 258 0 200 400 600 800 600 0 0 300 400 400 400 500 0 0 596 0 0 0 0 100 475 400 500 0 417 360 0 0 0 187 800 712 0 0 500 0 0 0 500 100 600 0 100 666 475 625 166 0 0 1000 0 0 0 0 0 0 100 1000 0 0 900 0 1000 0 0 800 0 0 0 0 0 0 0 0 0 0 50 0 0
#SAFC 2016-11-19
0 0 0 0 0 207 0 0 0 -400 -145 0 0 45 0 550 0 0 0 400 0 0 0 500 250 196 -400 0 800 -400 0 150 0 -145 136 250 250 -83 100 400 0 250 500 0 -400 0 -50 0 0 0 0 0 149 0 700 0 0 1000 0 400 0 0 0 0 400 0 0 700 -250 0 0 0 0 0 -33 0 0 216 500 500 500 500 112 1000 -699 -500 0 0 0 0 0 0 500 0 24 -33 125 -166 125 0
0 0 0 0 0 500 0 100 0 600 220 0 0 151 0 1000 0 0 0 450 0 0 0 800 500 533 400 0 400 400 0 525 125 220 454 500 500 83 400 700 150 500 500 0 600 0 1000 0 650 0 100 100 500 0 600 0 0 300 0 800 0 0 0 0 800 125 0 600 250 0 0 0 100 0 716 0 0 333 600 600 500 500 575 1000 666 1000 0 100 0 0 0 0 900 0 525 716 216 433 216 0
#hcafc 2016-11-19
333 449 0 0 0 500 0 0 0 -200 -9 0 0 -98 141 100 0 -400 200 150 0 350 -500 333 314 0 0 0 500 250 0 0 -49 166 -400 0 33 250 -327 350 116 200 700 625 200 350 0 250 250 250 350 250 500 500 0 0 136 250 250 0 100 0 100 -62 0 -75 0 0 -400 100 600 66 500 500 -400 0 0 200 0 291 0 0 68 -36 449 0 0 0 0 0 0 136 285 200 250 0 350 250 75 0
333 400 0 0 0 650 0 0 0 50 750 0 0 560 666 400 0 400 400 300 0 350 1000 333 591 0 0 0 1000 450 750 533 425 666 600 0 475 333 644 650 583 300 600 500 400 550 0 333 500 333 550 333 500 500 0 0 454 333 333 0 399 0 399 600 0 875 0 0 600 100 900 500 500 500 433 0 50 300 0 750 0 0 300 422 500 0 0 0 0 666 0 500 535 300 333 0 550 500 600 0
#WatfordFC 2016-11-19
400 0 -500 400 650 -500 0 0 183 175 625 400 -300 0 -125 -500 266 0 0 0 0 0 300 750 0 0 700 -550 0 350 200 -500 0 -400 -550 0 700 136 0 0 -550 0 700 0 0 0 0 0 0 -50 750 -200 200 -500 0 24 0 0 0 0 -700 20 0 0 0 150 0 200 0 0 446 136 500 -200 136 170 136 -700 0 500 0 500 99 1000 400 -89 -300 0 -125 266 0 0 150 0 500 100 850 -200 0 -400
800 0 1000 800 750 1000 0 0 366 325 500 400 400 0 444 1000 333 0 0 0 0 0 750 950 66 0 600 300 0 550 300 900 0 400 300 0 600 454 0 0 300 0 600 333 0 0 0 0 0 200 900 200 466 1000 0 275 50 0 0 66 200 204 0 250 0 125 0 175 0 0 571 454 500 400 454 500 500 200 0 500 0 500 233 750 400 142 400 0 444 333 0 0 0 0 500 200 1000 400 250 400
#LCFC 2016-11-19
0 0 0 400 0 0 0 0 100 300 0 0 -500 -50 100 0 0 136 136 0 550 0 0 316 0 200 0 0 0 0 800 0 -500 433 100 -292 0 0 -327 0 99 0 700 0 0 433 0 0 0 0 400 300 0 0 0 -400 500 0 136 546 468 400 -150 0 -600 566 446 0 0 0 0 -18 0 387 500 0 213 468 0 -400 650 0 -600 0 0 0 0 450 542 0 0 136 268 0 227 0 0 -150 0 0
0 0 0 800 0 0 0 0 200 450 125 0 1000 400 500 0 0 454 454 0 700 0 0 716 125 312 100 0 0 0 400 0 1000 833 1000 500 0 0 594 0 825 0 600 0 0 833 0 0 0 1000 800 500 0 0 0 400 500 0 454 350 200 600 450 250 900 566 571 0 0 100 0 296 0 575 500 0 454 200 0 400 625 0 700 0 0 0 0 650 467 0 0 454 627 0 545 0 0 200 0 0
#MUFC 2016-11-19
0 0 0 0 0 0 317 0 0 71 136 800 100 800 0 0 100 800 0 675 0 800 800 74 0 0 300 100 50 433 500 500 800 0 800 0 800 -275 200 100 800 317 800 0 0 0 800 1000 381 0 300 0 0 0 0 537 0 800 800 0 500 0 0 800 275 0 0 -375 87 0 268 0 -400 0 0 400 400 0 0 800 800 0 0 800 0 0 0 750 -193 0 0 -2 300 -131 166 500 50 0 0 450
0 0 0 0 0 0 488 0 0 570 454 400 83 400 0 0 1000 400 0 750 0 400 400 375 0 0 500 200 50 733 500 500 400 0 400 0 400 600 100 200 400 488 400 0 0 0 400 1000 1000 500 449 0 0 0 0 850 0 400 400 0 600 66 0 400 587 0 0 399 187 0 627 0 400 125 300 800 800 0 0 400 400 0 0 400 0 0 0 750 600 0 0 538 650 450 333 900 100 0 0 775
#AFC 2016-11-19
200 285 0 0 0 0 0 0 0 0 0 800 -50 200 0 274 -133 0 800 800 300 500 0 -367 800 -50 800 625 800 100 800 0 800 800 350 0 0 800 800 800 -15 200 0 516 200 0 268 0 1000 600 600 800 0 800 0 900 1000 800 0 800 43 200 0 1000 800 0 800 318 800 0 800 -500 150 0 0 600 68 800 0 800 -500 233 350 200 800 350 0 -200 0 250 1000 0 0 800 1000 0 0 50 500 909
300 535 0 0 0 0 0 0 0 0 0 400 150 300 0 549 233 0 400 400 350 500 0 612 400 150 400 900 400 200 400 0 400 400 925 0 0 400 400 400 250 300 300 833 100 0 627 0 1000 950 950 400 0 400 0 875 1000 400 0 400 727 500 0 1000 400 1000 400 477 400 0 400 1000 250 0 0 950 727 400 0 400 400 366 925 200 400 650 0 700 0 250 300 0 533 400 300 1000 0 133 500 780
#LCFC 2016-11-06
0 800 0 0 500 0 800 0 0 0 400 0 0 0 0 400 0 0 800 0 0 800 0 0 0 566 0 400 0 0 0 0 800 0 500 100 -600 0 0 0 0 0 0 0 800 0 0 0 400 0 1000 1000 0 400 1000 0 0 316 0 200 0 0 800 400 0 0 0 0 500 0 400 0 0 0 0 1000 200 0 0 -262 0 400 0 0 800 0 433 500 0 0 0 0 0 0 400 0 500 0 -333 0
0 900 0 0 800 0 900 0 0 0 800 0 0 0 0 800 0 0 900 0 0 750 0 0 0 566 0 800 125 0 0 0 1000 0 800 250 1000 0 0 125 0 0 0 0 1000 0 0 0 800 0 900 750 0 800 900 0 0 716 125 312 0 0 900 800 0 0 0 0 800 0 800 100 0 0 0 300 316 0 0 466 0 800 0 0 900 0 833 800 0 0 0 0 0 0 800 0 800 0 962 0
#WBA 2016-11-06
300 0 0 333 0 0 0 0 0 0 0 0 0 0 0 0 0 0 0 0 0 0 0 0 0 -107 0 0 0 0 0 0 0 0 0 0 0 0 0 255 0 0 0 0 0 0 0 0 350 0 -261 0 0 0 0 400 0 0 0 0 300 0 0 -388 0 0 0 399 166 0 0 0 0 0 0 0 0 0 0 0 0 0 285 0 0 -200 0 0 0 0 1000 0 0 0 0 0 0 0 -33 0
800 0 0 666 0 0 0 0 0 0 0 0 0 0 0 0 0 0 0 0 0 0 0 0 0 517 0 0 0 0 0 0 0 0 0 0 0 0 0 625 0 0 0 0 0 0 0 0 550 0 738 0 0 0 0 600 0 0 0 0 500 0 0 833 1000 0 0 400 166 0 0 0 0 0 0 0 0 650 0 0 400 0 535 0 0 800 0 0 0 0 300 0 0 0 0 0 0 0 266 0
#Swans 2016-11-06
500 -500 1000 500 350 1000 450 0 0 0 0 66 350 0 0 0 0 -24 0 572 0 100 0 0 0 666 0 0 0 433 0 0 0 -166 -200 0 136 500 -200 0 100 0 0 0 -200 0 -62 350 -54 136 136 0 375 0 0 0 0 1000 0 0 0 -33 -33 0 -291 0 0 0 -350 0 0 0 0 0 0 -166 0 0 0 0 0 0 0 0 0 0 233 0 0 0 0 0 0 0 0 0 0 -133 0 333
750 1000 300 750 300 300 700 0 0 0 125 108 550 0 0 0 0 800 0 583 0 744 0 0 0 666 0 0 0 500 0 0 0 812 300 0 500 500 300 0 100 0 0 0 700 0 437 550 325 500 500 0 750 0 0 0 0 1000 200 0 0 233 233 0 541 0 1000 0 100 0 0 1000 0 0 0 333 0 0 0 0 0 0 0 0 0 0 233 0 0 0 0 0 1000 0 0 0 0 799 0 566
#MUFC 2016-11-06
0 0 -29 0 0 200 400 900 0 0 0 900 0 0 250 50 199 0 400 700 0 0 24 200 0 -193 0 0 0 0 100 0 400 800 675 0 800 0 350 -341 0 0 300 -235 350 -400 0 50 0 0 316 0 0 199 -200 0 0 199 266 0 -300 0 566 316 0 0 0 250 875 0 0 300 400 1000 0 316 0 0 350 350 350 350 0 0 0 0 0 591 400 0 0 0 0 0 500 500 333 400 0 199
0 0 366 0 0 600 800 1000 125 0 0 1000 0 62 450 150 266 95 800 600 0 0 575 450 0 401 700 100 0 0 50 1000 800 400 750 0 900 0 300 650 1000 0 100 485 300 400 0 50 0 0 558 125 0 266 400 0 0 266 583 1000 600 0 633 558 0 125 0 500 600 0 550 750 800 300 125 558 0 66 750 750 750 750 0 0 0 0 0 608 375 0 0 0 125 0 500 600 500 200 0 266
#hcafc 2016-11-06
0 650 0 266 89 -216 1000 -366 166 199 0 0 0 400 0 0 0 0 0 0 50 0 350 -874 0 0 100 -187 0 0 100 0 0 0 199 -400 -187 408 -699 214 0 0 0 0 100 100 100 100 0 0 0 -200 0 -400 -700 0 800 136 0 800 100 600 0 0 0 0 450 541 0 35 -62 350 0 0 0 0 200 -400 600 50 0 0 0 0 0 0 0 0 0 0 0 0 0 227 0 0 600 -66 0 0
0 450 0 566 340 383 300 633 333 366 0 0 0 200 0 0 0 0 0 0 350 0 500 666 0 0 200 500 0 0 200 0 0 0 366 400 500 450 666 571 0 0 0 0 100 100 100 100 0 0 0 200 1000 400 1000 0 400 500 0 400 400 744 0 0 0 0 575 593 0 200 220 550 0 0 0 66 700 400 1000 100 0 0 0 400 0 0 0 1000 0 0 0 0 0 545 0 0 1000 322 66 0
#SaintsFC 2016-11-06
0 100 700 0 0 0 650 -166 200 0 1000 166 187 0 178 125 0 466 500 400 -500 0 0 350 0 0 0 0 -66 350 0 308 0 0 1000 0 0 1000 0 274 0 0 -24 -500 100 0 0 800 520 0 1000 0 375 200 100 625 -33 725 0 0 0 -250 0 -300 0 -166 437 178 0 133 0 0 200 0 350 0 250 0 -200 0 200 0 250 0 0 0 0 0 0 0 500 0 354 1000 1000 1000 0 0 0 39
0 508 600 0 0 0 450 355 539 0 300 333 412 0 600 300 0 666 500 375 1000 0 0 300 0 0 0 0 322 550 0 750 0 0 750 0 0 1000 0 391 0 0 411 1000 200 0 200 400 443 0 1000 0 408 200 200 600 233 600 0 0 0 250 0 400 0 333 399 319 0 366 0 0 300 0 433 0 750 0 200 0 550 0 700 0 500 0 0 0 0 0 888 400 420 300 300 300 0 0 0 510
#LFC 2016-11-06
350 800 533 0 0 0 350 0 0 0 137 800 136 0 33 0 0 -193 0 0 800 0 0 0 99 800 0 425 0 800 0 625 300 737 0 800 0 50 100 0 0 -12 500 0 233 0 400 0 -50 0 0 0 0 250 75 633 66 750 242 -100 0 200 250 0 0 0 -250 250 0 -100 0 0 -500 200 0 200 372 0 412 -250 175 650 0 333 0 0 0 500 800 0 112 0 0 350 -193 0 0 225 100 900
650 400 566 0 0 0 650 0 0 0 408 400 454 0 333 0 0 401 25 0 400 0 0 0 366 400 0 725 0 400 0 600 100 850 0 400 0 50 0 0 0 0 1000 0 300 0 400 0 200 0 0 333 0 1000 150 600 466 400 381 300 125 500 500 0 0 600 150 391 0 175 0 0 1000 500 0 500 858 0 550 450 325 875 333 833 0 0 0 600 575 0 462 0 0 575 401 0 0 616 1000 875
#WatfordFC 2016-11-06
0 1000 0 400 0 0 750 650 0 0 400 -41 464 -178 520 0 0 0 0 0 976 -87 136 49 0 500 700 875 500 0 0 375 0 0 0 0 520 136 266 0 800 0 0 0 426 0 0 0 227 0 0 0 0 0 0 33 0 0 750 0 750 0 800 0 0 0 0 1000 500 0 1000 450 100 500 108 0 -800 0 0 500 0 250 0 227 1000 0 0 266 0 227 0 0 0 0 0 0 0 -50 0 0
0 300 0 800 0 0 675 450 0 0 800 158 607 285 500 0 0 0 0 0 500 300 454 399 0 1000 600 600 1000 0 0 700 0 0 0 0 500 500 533 0 400 0 0 0 555 0 1000 0 545 0 0 0 0 0 0 766 0 22 675 0 650 0 750 0 0 0 0 400 500 0 400 450 449 500 515 0 900 0 0 500 0 300 1000 545 1000 0 0 333 0 545 0 0 0 0 0 0 0 700 0 0
#AFC 2016-11-06
0 100 0 0 400 0
0 183 0 66 433 0
#COYS 2016-11-06
781 0 1000 0 700 250 0 -133 -300 0 250 400 78 0 0 0 875 -300 392 0 0 0 0 -200 400 275 0 -200 0 0 -400 0 0 -200 0 6 400 200 -100 0 450 0 0 0 -200 258 200 625 0 0 0 0 0 0 0 0 0 0 800 200 0 0 200 164 0 0 0 285 400 -99 800 -100 0 0 0 0 0 0 0 0 200 800 -300 200 500 0 -500 -1000 -62 0 700 0 0 0 350 300 937 0 0 649
500 0 1000 0 600 500 0 200 400 0 600 800 466 1000 0 0 600 350 767 400 0 0 0 333 800 525 0 700 0 550 700 0 0 233 0 350 800 200 200 0 1000 0 0 0 700 516 200 500 0 0 0 0 0 0 0 0 0 0 400 200 0 0 200 557 0 0 0 423 700 449 400 200 0 0 0 0 125 0 0 0 200 625 775 200 700 0 1000 1000 577 0 800 0 0 0 300 875 1000 750 0 850
#CFC 2016-11-05
0 0 0 0 0 0 0 0 400 0 0 500 0 0 400 400 0 0 -300 0 500 0 -125 0 -400 0 0 0 0 0 0 450 0 0 0 256 0 0 450 -1000 0 0 0 0 0 0 0 250 0 0 150 500 0 0 0 0 0 -625 100 100 0 500 0 0 0 153 0 0 0 50 0 0 150 0 75 0 0 0 0 106 400 0 450 500 0 500 500 150 0 0 136 0 600 -625 400 200 0 0 0 0
0 0 0 0 0 0 0 0 800 0 0 900 0 0 800 800 125 0 400 0 1000 0 500 0 400 0 0 100 0 0 350 500 0 0 0 246 0 0 450 1000 0 0 0 0 0 0 0 444 0 0 350 1000 0 100 0 0 0 400 312 100 0 666 0 0 0 477 0 0 0 600 0 250 1000 0 324 0 0 500 1000 404 800 0 500 500 0 900 500 350 0 0 454 97 1000 400 433 200 0 0 0 0
#EFC 2016-11-05
250 0 0 100 400 1000 0 0 0 0 0 0 0 0 0 0 136 0 199 0 400 0 0 0 0 0 0 -400 0 400 0 0 0 0 500 1000 0 800 350 0 0 1000 136 500 0 0 0 0 0 0 500 400 250 -50 0 0 -1000 0 500 0 0 0 250 0 0 600 0 0 -137 625 137 0 800 150 0 0 136 -121 0 800 0 0 0 0 0 0 -200 -200 -200 0 -200 0 1000 0 0 500 0 333 0 0
375 0 0 0 800 300 0 0 0 0 0 0 0 0 0 0 500 0 366 125 500 0 125 0 0 0 0 400 0 800 0 0 66 0 500 300 0 650 600 0 0 300 454 666 100 0 0 0 0 0 500 800 333 50 0 0 1000 0 500 100 0 0 250 0 0 800 0 0 391 900 375 0 1000 100 100 0 454 451 0 900 0 0 0 0 0 0 400 400 400 0 400 0 300 0 0 900 1000 366 0 1000
#AFCB 2016-11-05
0 416 0 62 0 0 0 0 500 0 250 250 0 0 0 475 49 0 0 -83 0 0 300 0 0 1000 475 0 0 0 -166 0 0 0 0 500 285 0 0 0 0 -400 0 0 0 0 0 116 0 400 400 99 0 150 0 500 -500 0 0 0 400 -155 0 550 0 250 500 300 0 250 875 0 0 297 266 0 0 0 0 0 100 0 0 0 -400 525 0 250 525 312 250 0 24 550 0 -66 500 400 99 400
0 816 0 975 125 0 0 0 600 0 200 200 100 0 0 800 950 66 0 116 0 0 100 0 0 300 466 0 0 0 333 0 0 0 100 500 535 0 0 1000 0 400 0 0 0 0 0 690 0 400 800 66 0 600 0 625 900 0 0 0 800 288 0 500 100 333 500 166 0 300 600 0 0 791 533 0 0 0 100 0 300 0 0 0 400 366 0 450 366 333 450 0 300 650 0 388 625 800 66 400
#SAFC 2016-11-05
500 300 83 0 -99 0 475 0 100 0 700 0 0 0 300 0 -600 0 250 -350 0 200 -99 550 0 500 0 0 0 344 267 144 -175 0 0 0 -100 0 0 0 0 0 -49 800 167 -600 250 100 800 0 350 0 0 0 -200 700 0 350 500 69 -306 166 16 0 0 300 136 0 -291 433 0 0 0 150 500 500 300 0 0 0 0 0 166 0 500 0 -83 0 0 383 -87 166 0 0 0 0 0 800 200 -232
500 550 633 0 950 0 225 0 950 0 600 0 0 0 425 0 800 0 333 150 0 300 950 475 0 900 0 0 0 122 434 644 550 0 0 0 200 100 0 0 0 20 650 750 720 633 416 1000 400 0 350 0 0 1000 400 600 0 550 1000 357 800 566 533 0 0 100 454 0 541 416 0 100 300 450 500 500 400 0 0 0 1000 0 666 0 883 0 550 300 0 733 391 666 0 600 125 0 0 400 350 636
#Clarets 2016-11-05
83 641 375 0 500 0 600 500 462 500 0 0 100 0 625 0 437 0 0 500 625 83 625 0 0 0 0 625 0 0 0 250 125 300 0 250 0 625 50 300 0 0 0 0 500 0 500 500 0 0 0 200 0 625 -312 433 433 0 -312 418 0 625 800 366 500 0 200 -1000 0 0 0 366 0 625 200 0 -400 400 0 0 0 100 0 0 400 0 450 0 0 0 0 562 200 0 0 125 0 250 777 800
633 883 475 0 888 0 600 500 650 500 700 0 200 0 900 0 300 0 0 500 900 533 900 0 0 0 0 900 0 0 0 450 625 0 0 333 500 900 100 900 0 0 0 0 900 0 500 500 0 0 0 100 0 900 500 733 733 0 500 527 0 900 750 700 150 0 750 1000 0 0 0 700 0 900 500 500 600 600 0 0 0 1000 0 0 400 0 450 0 0 0 0 500 539 0 100 100 0 250 888 750
#CPFC 2016-11-05
0 0 500 0 0 0 580 0 0 0 233 0 250 250 0 0 0 500 0 500 0 0 0 0 0 625 800 24 525 0 -150 443 150 0 0 0 0 0 0 -283 250 -400 0 0 0 650 -27 -125 750 350 800 0 0 0 0 0 0 -235 0 500 0 0 600 0 0 0 0 225 0 -166 0 250 250 0 500 0 800 0 -200 500 0 200 0 0 0 0 0 0 -25 0 0 0 0 0 -400 0 800 500 500 500
0 0 600 125 0 0 559 0 0 0 433 1000 200 200 100 0 0 666 0 1000 0 0 0 0 0 500 1000 316 925 0 155 677 600 0 0 0 0 0 0 800 450 400 100 0 0 750 294 375 575 350 400 0 0 0 0 0 0 307 0 500 0 0 1000 0 0 0 0 666 0 333 0 250 250 0 694 0 400 533 500 500 0 100 100 63 0 0 0 0 450 0 0 0 0 0 400 0 750 500 500 500
#MCFC 2016-11-05
0 250 0 0 0 -125 0 400 0 0 136 0 0 0 400 400 175 500 62 0 275 0 0 0 -400 875 0 0 1000 375 0 0 875 0 200 600 0 -155 700 300 -125 0 875 400 250 -100 1000 0 0 800 0 0 0 0 0 200 0 0 0 0 178 0 0 0 0 750 800 -625 531 0 800 0 375 -413 136 333 285 0 700 0 -150 400 0 0 0 500 0 383 -187 -625 200 0 800 268 0 0 49 0 200 0
1000 622 0 0 0 1000 0 800 0 0 454 0 0 300 800 800 375 628 50 0 475 0 0 100 700 600 0 0 700 944 0 0 600 500 500 1000 0 288 650 1000 125 0 600 200 500 200 300 0 0 400 100 0 500 600 0 600 0 0 100 0 285 0 0 333 0 400 400 400 760 66 700 0 416 433 454 666 535 0 600 1000 700 800 100 0 0 500 0 372 399 400 500 0 400 627 0 100 450 0 200 0
#boro 2016-11-05
300 0 1000 120 0 0 0 0 0 0 0 0 0 0 0 0 0 240 0 0 0 0 -121 100 -400 -50 -200 250 508 0 0 0 0 0 -166 0 0 400 0 0 0 250 -100 0 0 537 0 0 0 -400 400 0 0 0 0 -121 0 -216 1000 0 0 -400 250 0 0 200 186 0 0 0 0 99 0 0 0 0 0 0 -121 525 525 -100 -100 -100 0 600 0 525 525 312 375 0 0 100 0 0 0 0 -400 750
350 0 1000 366 0 0 0 0 0 0 0 100 0 0 0 0 0 750 0 0 0 0 451 100 400 900 100 500 700 0 0 0 0 0 333 0 0 800 0 0 0 500 400 66 0 500 0 0 0 400 600 0 0 0 0 451 0 238 1000 0 0 400 500 0 0 300 540 0 0 0 0 320 0 0 0 0 0 0 451 366 366 400 400 400 1000 666 0 366 366 333 500 0 1000 1000 0 0 0 0 400 944
#WHUFC 2016-11-05
-127 450 -200 0 0 136 136 600 600 0 0 0 600 0 0 0 200 -350 -700 0 0 311 333 250 250 0 0 0 -200 0 16 0 0 0 0 0 0 0 200 -500 0 0 500 0 600 0 0 -226 0 0 0 0 600 0 0 1000 0 -104 0 0 0 0 0 213 -566 366 0 -550 0 1000 0 0 -550 0 800 0 600 0 136 -166 0 -400 800 0 0 0 0 0 0 125 0 375 0 800 0 137 0 0 0 -50
294 649 300 0 0 454 454 600 600 0 0 0 1000 0 0 100 900 100 200 250 0 483 122 200 200 0 100 0 400 0 466 0 0 0 0 0 0 0 400 1000 0 0 833 0 600 0 0 362 0 0 100 0 900 0 0 1000 0 33 0 0 33 66 1000 500 855 488 0 1000 0 300 0 0 1000 0 1000 0 600 0 454 333 0 600 750 0 0 100 0 0 0 525 100 666 100 1000 0 300 0 0 0 325
#SCFC 2016-11-05
900 0 100 250 -50 0 0 -50 0 250 700 0 0 0 0 0 0 130 800 0 250 0 250 -50 0 500 575 0 0 -50 0 -225 0 0 400 400 0 -50 0 -277 0 125 0 0 0 0 0 -25 -139 -500 0 0 0 0 193 0 500 0 0 0 1000 0 0 500 0 0 0 0 -50 -599 -100 0 -125 0 0 0 0 0 175 0 0 0 0 0 0 0 0 0 49 0 200 800 0 800 800 500 0 306 0 0
350 0 950 250 400 0 0 400 0 100 750 0 100 0 0 0 0 394 750 0 200 0 250 400 0 500 775 0 0 400 0 800 0 0 800 800 250 400 0 344 0 525 100 0 0 0 1000 475 342 500 83 0 0 0 393 0 833 0 0 0 400 0 0 500 100 0 0 0 400 583 400 0 375 0 0 0 0 100 512 0 0 0 0 0 0 0 0 0 616 0 500 400 0 400 400 833 0 750 0 0
#SCFC 2016-10-31
0 578 578 0 578 0 0 325 -50 0 0 0 -100 0 136 0 204 578 -50 0 0 0 0 0 0 578 500 -400 0 0 1000 166 575 -131 0 0 0 0 0 199 0 0 0 -400 578 500 500 0 300 0 400 0 500 0 0 0 350 800 800 200 0 0 0 0 100 0 166 0 0 0 500 0 0 0 0 0 0 406 136 -133 0 500 378 0 0 400 0 0 0 0 0 142 250 100 -31 49 0 300 62 -600
0 485 485 0 485 0 0 575 400 0 0 0 100 100 454 0 300 485 400 100 100 0 0 0 0 485 900 550 100 100 750 166 666 427 100 0 0 100 0 477 0 0 0 600 485 900 900 0 100 0 600 0 500 0 0 0 300 750 750 200 0 0 100 0 200 0 166 0 0 0 500 250 0 0 0 0 0 750 454 533 1000 500 534 0 0 400 0 600 0 166 0 267 944 100 277 950 1000 400 251 900
#Swans 2016-10-31
0 0 0 0 500 0 666 0 -66 250 0 -100 0 0 0 -133 0 -800 214 0 0 -366 100 0 500 0 -166 0 0 -150 -333 600 0 0 -250 200 600 0 0 -100 0 -333 0 200 0 0 83 350 0 200 233 0 142 0 0 0 0 0 0 412 550 0 0 0 0 0 0 350 250 0 -300 0 266 0 136 350 0 0 0 211 0 0 0 0 0 0 0 0 0 800 800 800 700 312 375 0 0 0 0 14
0 0 0 0 1000 0 1000 0 300 200 0 300 0 0 0 199 0 800 571 250 100 533 100 0 833 0 333 0 0 550 1000 900 0 0 525 500 900 0 0 300 0 566 0 500 0 0 341 300 0 300 500 0 481 0 0 0 0 0 0 716 550 0 125 0 250 0 0 300 562 0 400 0 533 0 454 300 0 600 0 188 0 0 0 0 0 0 0 0 0 900 900 900 900 333 500 0 0 250 0 429
#SaintsFC 2016-10-30
0 433 250 -200 -99 0 0 200 500 99 200 49 200 313 800 0 500 50 0 200 0 0 0 250 0 300 0 0 0 0 285 285 0 0 0 500 500 0 0 0 0 0 0 0 0 0 -512 -43 0 0 -300 0 700 700 166 500 500 0 166 166 531 0 200 0 0 0 0 0 0 500 0 302 0 512 249 -700 483 0 -200 700 100 1000 45 0 250 0 433 0 0 0 0 175 175 600 0 0 425 0 633 1000
0 466 200 200 875 0 0 100 1000 700 200 450 200 454 750 0 400 650 0 100 0 0 1000 333 0 300 0 0 0 0 535 535 0 666 0 500 600 0 0 0 0 0 0 0 0 0 700 693 50 0 200 0 600 600 516 500 500 0 333 333 584 0 100 0 0 100 0 0 0 600 0 644 0 797 500 1000 511 0 200 850 100 400 333 0 250 0 566 0 0 0 0 275 275 1000 0 0 441 0 750 300
#CFC 2016-10-30
0 0 0 136 0 0 500 200 500 0 0 0 170 0 0 199 0 0 700 700 0 -400 400 400 0 0 0 0 400 0 0 0 0 1000 -237 0 50 33 0 500 0 0 50 0 0 235 350 400 0 0 0 0 366 0 700 -200 0 800 0 0 0 50 0 0 0 0 0 0 0 0 0 200 -600 0 50 0 0 0 500 66 0 0 0 0 0 250 233 -66 0 0 0 566 781 150 400 142 233 0 33 200
0 0 0 454 1000 0 900 400 900 0 0 0 500 0 500 600 0 0 950 600 0 400 800 800 0 125 0 0 400 0 0 0 0 300 500 0 50 33 0 1000 0 0 50 0 0 350 650 500 0 0 0 0 577 0 550 200 0 1000 0 0 0 50 0 0 0 0 0 0 0 0 0 100 900 0 650 100 0 0 900 433 0 0 0 66 0 250 433 75 0 0 0 555 976 550 1000 592 466 0 300 262
#EFC 2016-10-30
-125 0 227 0 227 0 0 227 0 400 -166 100 500 255 0 0 0 0 0 0 0 400 0 261 0 0 0 200 16 0 100 100 99 100 99 99 100 99 200 300 99 0 0 0 300 300 300 300 -50 0 200 99 300 261 0 0 0 0 0 400 -333 0 0 0 0 285 0 0 0 1000 0 0 136 136 480 136 0 0 0 0 0 0 0 33 700 0 0 200 -200 0 0 0 0 -50 0 0 400 0 261 0
750 0 545 0 545 0 0 545 0 800 333 0 888 444 0 0 0 125 0 0 0 800 0 378 0 0 0 400 433 1000 500 500 350 500 350 350 500 350 400 500 350 100 0 0 500 500 500 500 0 0 400 350 500 378 0 0 0 0 0 800 666 0 0 0 0 535 0 0 0 300 0 0 500 500 360 500 0 0 0 100 0 0 0 433 600 0 0 353 100 0 0 0 0 0 0 0 450 0 378 0
#WHUFC 2016-10-30
0 600 -200 0 0 0 -200 -200 0 -200 -200 0 900 -200 0 0 0 250 -200 -200 78 0 0 -200 0 600 0 -25 500 0 312 0 400 0 0 0 250 0 0 0 0 0 100 125 -50 -92 0 500 0 0 0 1000 75 0 0 0 1000 0 0 0 -25 0 0 150 -200 150 150 0 0 0 0 0 0 12 -125 0 0 0 0 800 0 300 0 0 0 0 0 500 -155 0 33 -200 100 250 0 0 0 0 0 0
0 600 200 0 0 0 200 200 1000 200 200 0 875 200 100 0 0 569 200 200 650 0 1000 200 0 600 0 550 750 0 283 0 450 0 0 0 750 0 0 0 0 0 400 250 0 270 0 500 0 0 0 400 550 0 0 1000 750 0 0 0 550 0 0 350 200 350 350 0 0 0 0 0 0 618 350 1000 0 0 0 900 0 350 100 0 66 1000 100 500 288 0 350 200 383 750 0 0 0 0 0 0
#CPFC 2016-10-29
375 0 1000 0 136 0 0 0 0 0 0 0 24 400 0 0 0 0 136 -200 0 500 0 -500 500 0 0 0 0 500 0 136 0 0 0 700 156 168 -150 0 1000 350 500 136 0 0 0 311 0 550 0 0 0 0 0 0 0 0 0 0 -500 199 -125 0 0 250 0 0 500 0 278 -166 0 800 650 0 0 0 0 0 0 0 0 0 0 0 0 500 0 400 0 300 300 300 0 0 0 0 0 0
400 0 300 0 454 0 0 0 0 125 0 0 433 875 100 0 0 375 500 800 0 500 0 1000 600 0 0 0 0 900 0 500 0 0 0 600 200 275 400 0 300 550 500 500 0 1000 0 588 0 650 0 0 0 0 0 0 0 0 0 0 1000 300 1000 0 0 650 100 0 500 0 835 333 0 750 675 0 0 0 0 0 0 0 0 0 0 0 0 500 0 800 0 200 200 200 0 0 0 0 0 0
#LFC 2016-10-29
300 0 500 0 100 0 0 0 0 0 0 250 0 450 0 0 50 500 500 100 700 0 136 250 781 250 226 0 800 412 0 0 500 0 450 700 700 0 0 0 475 0 0 0 0 0 0 0 0 0 0 0 500 625 0 -108 233 166 0 0 0 0 0 350 0 200 0 500 0 0 1000 500 100 133 0 0 0 0 350 0 0 0 0 0 250 0 268 0 800 0 0 625 0 400 250 250 0 500 300 0
200 0 600 0 200 0 0 0 0 0 0 200 0 750 0 0 50 900 900 0 600 0 454 950 500 1000 476 0 750 550 0 0 600 0 775 600 600 0 0 0 583 0 0 0 0 0 0 0 0 0 0 0 900 888 0 466 555 250 0 0 125 0 0 550 0 1000 0 900 0 0 300 900 100 816 0 0 0 0 650 0 0 0 0 0 250 0 627 0 400 0 0 500 0 200 450 450 0 150 300 0
#MUFC 2016-10-29
-410 0 0 0 125 1000 -100 0 250 0 -500 150 -500 100 0 200 0 175 0 212 0 50 0 0 675 0 0 625 500 312 0 50 -500 0 0 0 450 0 0 200 425 625 -50 0 0 0 850 0 0 500 200 0 0 0 250 0 0 0 0 0 0 0 0 0 0 0 0 0 0 0 0 0 0 0 0 0 250 -100 400 0 400 350 0 500 118 0 0 100 0 0 0 0 0 -117 0 250 -300 0 -500 200
459 0 0 0 283 900 200 0 1000 0 666 250 666 200 0 500 0 616 0 484 0 191 0 0 750 0 0 1000 600 250 0 50 525 0 0 0 750 0 0 100 300 888 483 0 0 0 1000 0 0 600 400 0 0 0 500 0 0 0 0 0 0 0 0 0 0 0 0 0 0 0 0 0 0 0 0 0 450 200 800 0 800 425 0 600 350 0 0 500 125 0 0 0 0 283 0 375 600 0 666 200
#Clarets 2016-10-29
0 0 0 50 0 0 0 214 0 0 400 -155 50 266 0 300 0 0 625 408 700 -269 -31 1000 0 0 0 200 0 0 50 500 0 136 41 0 0 0 0 0 500 0 0 50 0 250 625 0 300 500 0 0 100 0 0 50 900 625 650 -49 0 254 383 227 800 136 0 0 700 254 0 0 0 78 0 -62 0 533 0 0 0 0 0 0 500 0 0 400 0 0 0 -99 153 0 -337 0 0 0 -52 0
0 0 250 100 0 0 66 571 0 0 400 288 100 266 500 700 66 0 900 820 600 461 233 1000 0 333 666 200 0 0 100 500 0 500 250 0 0 0 1000 0 500 1000 0 100 0 333 900 0 900 150 0 0 400 125 0 100 650 900 750 333 0 470 238 610 400 454 0 0 716 470 0 0 0 259 0 187 100 661 0 0 0 0 100 0 875 0 0 400 0 0 0 650 600 0 400 0 0 0 541 0
#boro 2016-10-29
-137 -200 375 0 250 0 0 0 600 0 0 0 0 0 0 0 0 0 125 -500 422 0 0 -200 0 359 500 0 -130 -166 600 -800 0 -150 0 0 0 0 224 0 0 -75 500 0 0 100 162 0 -1000 400 0 0 0 0 -400 0 0 0 625 600 0 0 0 -166 0 0 0 0 100 0 625 0 0 0 0 -293 700 -100 -166 -200 0 0 0 -400 -400 0 0 312 0 250 166 0 0 0 0 -400 0 0 312 390
400 233 750 0 200 0 0 0 900 0 0 0 0 0 0 0 0 0 216 400 294 0 0 200 0 644 500 0 650 333 600 900 0 250 0 0 0 0 550 0 0 625 500 0 0 300 300 0 1000 800 0 0 0 0 400 0 0 0 1000 900 62 0 25 500 0 0 500 0 100 0 400 0 0 0 0 330 600 400 166 200 0 0 0 700 400 0 0 333 0 1000 333 0 425 0 0 400 0 0 333 1000
#AFCB 2016-10-29
0 0 0 1000 0 0 0 625 0 0 0 206 150 300 0 250 250 0 0 125 0 133 416 0 0 -312 250 0 250 325 433 100 800 0 0 875 -141 0 0 0 0 0 -100 -166 0 0 0 0 0 1000 -400 0 0 400 25 100 0 0 150 0 0 625 0 -400 550 0 0 -75 0 0 733 350 0 300 325 0 625 0 0 0 0 0 0 0 -75 0 0 500 700 0 0 0 0 -388 700 0 400 -388 0 0
0 0 0 300 0 125 0 500 100 0 0 666 475 750 600 200 250 0 0 587 0 222 833 0 0 250 250 0 250 616 733 200 750 0 0 600 583 0 0 0 0 100 0 333 0 0 0 0 0 1000 400 0 500 800 683 200 0 0 600 0 0 900 0 400 500 100 0 625 0 0 566 500 0 166 800 0 600 0 0 500 0 100 0 300 625 0 0 500 600 0 0 0 0 833 600 0 800 833 0 0
#COYS 2016-10-29
0 400 0 0 0 -250 0 250 500 0 0 0 400 0 0 400 0 -625 0 -300 0 0 0 0 -500 0 0 0 0 -625 177 0 68 418 0 125 0 625 200 0 -11 -157 0 0 170 625 0 -200 500 0 250 0 0 1000 -75 0 650 625 136 478 0 -125 100 70 250 0 0 800 600 0 136 0 0 350 0 0 0 0 136 0 0 0 325 0 0 -200 0 0 0 250 812 0 250 400 0 84 0 -187 400 500
0 800 0 0 0 200 0 1000 500 0 0 0 800 0 0 800 0 400 0 600 0 0 0 1000 1000 0 0 0 0 400 416 750 227 527 0 400 0 600 200 375 364 180 0 0 500 600 0 0 600 0 850 0 0 1000 366 0 450 600 500 651 0 375 1000 334 333 0 0 750 600 0 454 0 0 500 0 0 0 500 454 0 0 0 550 0 0 200 0 0 0 611 800 0 333 200 0 238 0 500 550 1000
#LCFC 2016-10-29
0 0 0 0 0 0 0 0 0 0 0 0 0 0 0 400 0 0 0 -625 500 500 0 0 0 800 0 0 500 400 0 0 316 0 200 0 500 800 400 0 400 0 800 0 400 -625 0 0 0 400 0 400 400 0 433 0 0 800 400 800 0 500 400 500 400 500 625 0 800 433 500 0 400 800 0 400 0 0 0 566 0 800 500 1000 0 0 1000 0 800 500 400 0 -416 500 0 1000 0 -90 325 83
0 0 0 0 0 0 0 0 0 0 0 125 0 0 0 800 0 0 0 400 800 800 0 0 0 900 0 0 800 800 66 0 716 125 312 0 600 900 800 0 800 1000 900 0 800 400 100 0 0 800 1000 800 800 0 833 0 0 900 800 900 0 800 800 600 800 800 500 0 900 833 800 0 800 900 0 800 0 0 0 566 0 900 800 900 0 0 900 0 900 800 800 66 1000 800 0 900 0 588 450 411
#WatfordFC 2016-10-29
0 400 0 400 -1000 0 300 300 375 0 0 300 0 0 500 0 0 0 0 -90 400 0 100 325 200 0 0 0 0 200 -400 0 0 400 -50 -400 0 -500 400 0 100 0 400 0 500 0 -50 233 800 -233 468 0 0 350 -449 -175 0 100 0 0 175 0 400 0 100 175 0 0 900 49 0 0 0 -400 0 0 400 0 -6 0 1000 0 312 933 1000 -121 0 150 0 -400 450 0 45 -100 0 421 421 100 800 100
0 800 0 800 1000 0 0 0 416 0 0 0 0 0 500 0 0 0 0 588 400 0 250 366 404 1000 1000 0 0 200 400 0 0 375 200 700 250 500 400 0 400 0 400 400 500 0 200 216 400 266 800 0 0 350 333 666 100 200 0 500 308 0 466 0 200 825 0 0 650 716 0 0 250 700 0 0 375 0 125 0 750 0 166 466 750 451 0 0 250 700 500 0 166 500 0 673 471 450 400 250
#hcafc 2016-10-29
0 0 0 350 300 0 416 0 -800 400 0 0 0 -400 0 0 -800 0 -800 -800 0 -133 -500 0 0 0 -800 0 0 0 0 -250 -300 0 0 700 1000 0 -800 125 0 -450 -250 0 0 -650 700 500 500 -600 -800 100 -113 166 0 390 0 0 0 -104 -104 0 0 0 0 -104 0 0 0 0 0 400 318 800 -500 0 500 -125 0 0 0 0 575 -500 242 0 800 0 0 -500 136 0 0 0 0 0 0 500 0 800
1000 0 0 550 200 0 1000 0 1000 500 0 0 0 400 0 0 1000 0 1000 1000 100 333 875 0 0 0 1000 0 0 0 0 466 600 0 0 600 750 0 1000 500 0 550 500 1000 0 1000 600 700 700 900 1000 100 251 666 0 1000 0 0 0 562 562 0 0 0 0 562 0 0 0 125 399 200 700 400 1000 0 500 375 0 0 0 0 600 1000 367 0 400 0 0 500 454 0 0 0 0 0 0 650 1000 400
#WBA 2016-10-29
100 0 0 0 0 -500 136 0 0 246 366 425 0 200 250 0 136 0 0 0 0 0 0 250 0 350 0 0 0 0 0 0 0 0 0 166 -166 0 0 0 0 0 0 0 0 0 0 400 0 0 0 300 0 433 0 0 350 0 468 -200 0 0 425 0 0 0 0 0 0 546 0 0 -279 0 0 0 0 -100 0 -279 0 0 0 500 0 0 0 0 0 0 0 300 -113 0 0 0 0 0 0 0
200 0 0 0 0 1000 454 0 0 426 700 775 0 500 500 0 454 0 0 0 0 0 0 200 0 650 0 0 0 0 0 0 0 0 0 166 116 0 0 0 0 0 0 0 0 0 0 700 0 0 0 100 0 833 0 0 550 0 677 200 100 0 666 500 0 0 0 0 1000 526 0 0 285 0 0 500 0 500 125 285 0 0 1000 900 0 0 0 0 0 0 0 450 447 0 0 0 66 0 0 0
#MCFC 2016-10-29
800 0 0 0 0 0 0 0 0 75 400 400 0 0 0 1000 0 0 400 0 0 -625 0 100 95 -195 0 0 -125 393 136 0 700 -625 233 0 0 0 393 500 0 0 0 -75 0 1000 500 -316 0 0 0 0 0 0 -316 189 -200 -200 0 0 187 -125 0 0 0 350 0 0 0 0 0 0 750 -150 0 250 0 0 0 0 0 0 0 0 0 875 625 0 0 0 -99 0 0 0 0 0 0 0 0 1000
750 1000 0 0 0 0 0 0 0 483 800 800 0 0 0 300 0 0 800 0 0 400 0 200 178 270 0 0 650 200 454 1000 550 400 366 100 0 0 200 533 500 0 0 233 0 1000 500 300 0 0 0 0 0 0 300 586 425 425 0 0 437 775 0 0 0 550 0 0 0 0 100 0 400 850 500 333 0 0 0 0 0 0 125 125 0 600 600 0 0 0 588 0 0 0 0 0 0 0 0 1000
#SAFC 2016-10-29
-400 250 250 0 0 0 300 0 -100 -390 0 500 0 0 -250 -400 350 0 0 250 250 0 300 199 0 399 -700 568 0 0 0 166 566 125 242 19 525 0 700 0 500 0 -333 100 766 0 200 400 0 433 266 0 0 0 0 136 400 0 850 0 500 0 -180 1000 200 0 -750 68 0 250 200 0 0 0 -75 0 0 0 -200 0 0 0 136 125 200 -187 -358 800 0 41 0 -400 199 -1000 250 -50 0 0 0 -166
400 300 428 0 0 0 850 0 500 687 0 500 100 0 500 400 800 100 0 300 300 0 750 600 0 450 800 727 633 0 0 255 583 250 447 262 366 0 800 0 600 0 1000 0 900 0 300 400 0 399 322 0 0 0 0 454 450 0 1000 0 600 0 657 300 400 0 950 727 0 477 400 0 0 0 466 0 0 0 233 100 0 0 454 229 399 500 350 400 100 291 0 400 341 1000 450 400 300 66 100 166
#AFC 2016-10-29
0 0 -83 0 0 0 0 0 91 0 800 400 0 0 400 400 0 0 0 0 0 0 0 0 0 0 0 0 1000 0 -100 500 0 338 0 750 800 0 400 0 95 358 0 -50 -100 0 0 0 -400 0 200 0 0 0 358 0 500 0 0 1000 0 0 -200 0 250 400 0 0 0 400 0 1000 494 800 0 199 136 0 800 323 500 0 0 250 500 0 233 750 0 333 0 0 200 200 0 400 166 0 0 470
0 0 83 0 0 0 0 0 491 0 200 800 0 0 250 250 0 0 0 0 0 0 0 0 0 0 0 0 300 0 200 800 0 550 0 1000 900 0 800 0 178 558 0 200 500 0 0 0 400 0 238 0 0 0 558 0 500 0 0 300 0 0 200 0 312 800 0 0 0 800 0 300 375 750 0 600 454 0 900 371 800 0 0 475 500 0 366 500 0 1000 0 0 550 250 0 800 255 0 0 866
