#MUFC 2017-12-10
0 -300 400 222 0 0 200 0 1000 0 0 300 0 500 -200 762 0 762 200 -75 1000 750 600 0 400 0 250 0 0 0 0 0 0 0 0 1000 500 166 0 -200 0 0 -250 0 0 0 -874 250 428 -400 0 700 1000 0 200 0 850 24 25 0 0 0 259 781 -200 -200 0 0 0 400 -33 0 29 200 0 250 -155 0 0 0 0 350 0 0 0 266 0 -625 250 -125 0 0 0 0 0 0 0 0 0 338
0 500 400 351 0 0 200 0 300 0 357 650 0 500 500 800 0 800 900 375 1000 950 900 0 400 0 444 0 0 0 0 260 125 0 0 1000 250 666 0 500 0 0 833 0 0 0 666 333 572 400 0 600 400 0 500 0 1000 325 91 0 0 0 455 600 250 250 0 0 0 400 155 0 512 500 0 444 288 0 0 0 0 600 0 0 0 916 0 666 300 375 0 0 0 0 0 0 1000 0 0 416
#MCFC 2017-12-10
-300 -93 222 0 0 0 300 550 500 0 0 0 -383 368 0 800 -187 262 200 -39 750 0 400 0 600 0 750 1000 0 0 0 0 0 0 0 0 200 800 0 0 0 0 -187 850 -28 800 0 -187 350 0 1000 291 0 625 0 333 0 0 0 0 0 266 250 0 338 0 0 0 100 0 0 0 0 250 250 0 0 0 0 250 0 0 0 -145 75 -200 500 600 0 250 500 500 -200 400 0 190 0 136 0 0
500 250 351 0 0 0 650 750 500 0 0 0 533 543 0 1000 500 524 900 637 950 0 400 0 1000 0 1000 750 0 0 0 0 0 1000 0 0 700 400 0 0 0 750 500 1000 410 750 0 500 450 0 1000 433 0 500 0 666 0 0 0 0 0 916 300 0 416 0 0 0 200 0 0 0 0 450 300 0 0 0 0 300 0 0 0 270 575 512 512 800 0 250 500 500 300 400 0 451 500 454 0 0
#LFC 2017-12-10
159 512 0 250 0 250 250 0 166 250 250 250 0 1000 0 -200 300 0 0 66 178 0 275 0 250 -75 0 0 750 0 333 285 -33 0 200 0 0 0 0 500 0 0 325 0 200 200 0 0 200 200 187 0 0 0 0 0 200 150 -200 0 -50 0 0 200 420 250 0 0 0 0 0 0 0 249 0 0 250 0 0 0 100 1000 -200 0 230 0 500 0 0 85 400 0 0 0 0 0 250 0 -187 -200
470 650 0 250 0 250 250 0 333 250 250 250 0 300 0 500 450 0 0 446 371 0 391 0 750 375 0 0 950 50 444 535 266 0 300 0 0 0 0 600 0 0 582 0 300 200 0 0 300 300 875 0 0 0 0 0 200 714 500 0 400 0 0 950 684 333 0 0 0 0 0 0 0 550 0 0 333 0 0 100 600 400 500 0 533 0 888 0 100 250 400 0 0 0 0 0 950 0 312 500
#EFC 2017-12-10
0 500 271 500 500 178 0 500 781 0 750 0 0 100 0 254 0 -200 325 0 100 0 0 100 0 100 300 0 -250 0 100 0 0 0 166 0 0 -150 0 0 400 0 0 200 0 0 183 0 500 500 0 0 0 136 350 0 466 500 200 0 0 0 0 0 0 -57 -57 0 -54 0 -200 333 0 66 512 512 512 512 512 512 512 512 136 350 500 558 0 0 0 800 0 0 187 0 800 0 0 43 -350 0
0 500 575 500 500 371 455 500 600 0 950 0 0 650 0 645 0 500 575 0 650 0 0 650 0 650 0 0 400 0 150 0 0 0 333 0 0 400 0 100 400 0 0 200 0 0 850 0 500 500 1000 1000 100 454 550 0 533 600 500 0 0 0 0 0 0 467 467 0 501 0 700 833 0 133 518 518 518 518 518 518 518 518 454 650 900 571 0 0 0 400 50 500 275 0 400 0 0 274 500 0
#SaintsFC 2017-12-10
500 0 500 0 -155 0 -700 0 0 -49 0 1000 875 0 0 318 0 734 -24 250 -350 700 200 800 366 350 1000 1000 1000 437 0 568 0 0 -50 49 291 500 250 0 0 0 0 0 0 -150 0 200 0 0 800 400 800 -125 0 0 0 -533 0 0 0 350 0 0 375 -800 -50 0 0 0 0 0 0 0 400 0 0 136 0 0 0 0 0 0 0 0 0 -199 0 0 350 0 0 0 300 233 0 0 0 0
600 0 500 0 288 0 1000 0 0 600 100 300 900 0 175 677 0 600 666 594 550 600 200 700 583 650 300 300 300 600 0 400 0 500 400 950 533 750 500 0 0 0 0 0 0 700 0 600 0 0 400 1000 400 375 0 0 0 711 0 0 0 550 0 0 200 900 112 0 0 1000 1000 1000 1000 0 1000 0 33 500 1000 0 0 0 66 66 66 66 0 255 0 100 550 0 0 0 650 466 0 0 0 0
#AFC 2017-12-10
600 600 225 600 600 600 600 600 600 600 600 600 600 600 600 600 0 600 600 600 600 600 600 600 500 600 600 600 600 600 0 600 600 600 600 600 600 600 600 600 600 600 600 600 600 600 600 600 600 600 600 600 600 600 600 600 -75 0 600 600 600 600 600 600 136 600 600 600 600 600 600 600 600 600 600 600 800 600 600 600 600 600 600 600 600 800 600 0 412 0 600 600 600 600 600 600 600 600 600 600
850 850 416 850 850 850 850 850 850 850 850 850 850 850 850 850 0 850 850 850 850 850 850 850 600 850 850 850 850 850 0 850 850 850 850 850 850 850 850 850 850 850 850 850 850 850 850 850 850 850 850 850 850 850 850 850 375 0 850 850 850 850 850 850 454 850 850 850 850 850 850 850 850 850 850 850 700 850 850 850 850 850 850 850 850 700 850 0 550 0 850 850 850 850 850 850 850 850 850 850
#NUFC 2017-12-09
0 -600 0 -500 0 67 12 750 449 675 500 0 0 0 900 100 0 0 425 800 0 -166 0 100 208 267 0 0 357 -50 0 0 325 449 0 350 1000 184 800 0 -175 -100 -22 150 0 0 0 340 800 357 0 185 0 0 0 0 387 233 9 0 -83 0 250 400 500 0 227 0 0 500 0 350 0 300 0 0 0 0 141 500 0 399 0 -275 500 500 0 0 0 200 112 400 200 -125 0 700 500 200 0 0
100 950 0 400 0 631 700 900 449 475 500 0 0 0 875 350 0 0 848 750 0 433 0 100 350 767 0 0 571 233 0 0 709 350 0 650 1000 380 1000 0 199 200 600 550 0 233 66 818 900 571 0 452 0 0 0 0 937 583 215 0 216 125 500 408 600 0 545 0 0 600 100 550 0 483 0 0 0 0 827 600 0 766 0 731 475 500 0 0 0 500 651 1000 200 449 0 600 500 200 66 66
#LCFC 2017-12-09
0 -400 0 -625 -150 875 700 -100 -250 256 -100 0 175 0 0 -199 250 0 128 0 0 -187 -125 0 800 700 0 550 0 750 0 518 500 450 0 100 449 500 781 0 -500 0 900 0 -78 -250 0 568 -83 -100 100 250 -781 0 0 0 0 0 185 0 -83 -208 0 0 0 0 0 0 100 -500 -100 625 0 -100 -134 -150 100 104 0 0 780 0 -99 -150 0 0 0 -625 166 0 -300 0 -100 333 0 -500 -1000 0 -300 99
0 700 0 700 550 900 800 200 500 700 450 0 211 0 0 400 400 0 318 1000 0 500 1000 0 750 600 0 900 0 750 0 750 600 866 0 900 600 1000 600 50 1000 0 1000 0 584 500 300 625 750 700 300 450 700 0 0 0 500 0 300 0 83 533 0 600 0 0 0 0 400 1000 700 1000 0 200 427 700 400 277 0 0 1000 0 438 550 0 0 0 700 283 0 400 100 200 496 0 1000 900 0 400 425
#Clarets 2017-12-09
-12 -250 0 -300 500 0 750 -300 300 0 300 -50 500 -312 200 625 0 0 0 0 0 170 0 100 0 0 99 0 136 0 250 160 450 0 0 0 -125 300 0 170 0 125 625 0 0 0 0 0 0 -600 0 1000 0 0 0 0 625 0 -699 0 5 0 0 -500 100 625 0 0 800 -600 300 0 222 0 649 0 625 0 261 0 0 49 -100 49 49 0 84 9 0 0 0 0 500 -400 -83 208 0 625 0 285
0 500 0 600 500 0 950 600 0 0 0 354 500 250 900 900 0 0 0 0 0 500 0 300 100 0 222 0 454 0 450 539 516 0 0 0 375 575 0 500 0 166 900 0 0 0 0 0 0 700 0 300 0 0 0 0 900 0 666 0 414 0 0 500 1000 900 0 0 400 1000 900 0 388 0 700 0 900 0 433 0 0 316 200 316 316 0 475 250 66 0 0 0 500 400 125 622 0 900 0 535
#WatfordFC 2017-12-09
0 390 1000 500 -158 200 -250 -13 300 250 -141 0 126 383 0 416 0 437 0 416 700 0 0 0 324 0 0 66 0 0 0 -150 416 0 1000 416 200 -77 800 250 -112 0 -333 0 0 -158 100 -13 175 0 116 -141 900 0 126 412 -300 300 0 -100 -50 131 0 104 0 500 -233 250 75 100 216 100 200 0 0 0 33 0 200 316 1000 1000 0 550 0 0 800 700 0 295 250 125 0 250 -97 1000 500 0 500 0
0 333 1000 500 186 500 500 540 750 250 366 66 276 516 0 466 0 300 0 500 600 0 0 0 275 0 0 258 0 0 0 500 500 0 300 500 100 520 1000 250 237 0 666 0 0 186 0 540 525 550 535 366 650 66 276 612 600 0 0 400 450 653 0 277 0 500 200 250 175 0 577 0 900 0 0 0 760 0 700 929 1000 1000 0 550 0 0 1000 600 262 444 333 300 0 250 513 1000 500 0 1000 0
#CPFC 2017-12-09
-32 600 -288 159 258 0 0 0 0 350 0 -100 0 0 166 261 50 -400 -274 750 0 0 0 612 0 0 400 800 1000 -312 250 0 600 0 0 -200 0 0 -699 0 520 0 -140 0 -100 0 0 100 0 550 -12 0 0 0 450 -379 -400 0 -200 -100 -350 -150 -533 100 -250 -400 0 0 -108 0 -433 199 107 0 350 0 0 0 -87 0 1000 0 0 -100 -24 525 0 0 0 0 62 0 400 -150 0 0 58 -400 -400 0
451 1000 363 398 688 0 0 0 0 612 0 950 0 0 466 399 191 700 577 600 0 0 0 733 0 0 575 750 300 500 200 0 1000 0 0 550 0 0 666 0 1000 0 510 0 200 0 0 500 0 475 0 0 0 0 733 704 400 0 500 200 500 400 622 100 500 600 0 0 241 1000 422 799 498 0 650 0 0 0 283 50 1000 0 0 50 400 425 0 0 0 0 275 0 900 700 0 0 166 400 600 0
#AFCB 2017-12-09
0 0 -77 800 -400 0 250 -200 0 0 600 125 333 0 0 0 0 0 -250 316 0 0 -78 0 0 100 -122 0 0 0 0 0 0 400 20 0 0 136 500 400 -81 500 0 0 0 27 400 145 192 0 100 0 0 0 312 125 141 0 0 0 0 625 116 333 0 0 0 12 136 -400 0 0 18 -400 49 136 0 0 550 550 0 0 400 250 400 285 0 0 0 -24 0 250 -200 -500 156 0 68 0 95 0
0 0 144 400 700 0 200 300 0 0 449 100 666 0 0 0 0 0 500 433 0 0 750 0 0 200 244 0 0 100 0 0 500 400 433 0 100 500 833 1000 427 750 0 0 0 222 1000 584 602 0 100 0 0 0 333 100 466 0 0 0 0 625 366 466 0 0 0 300 454 400 0 0 118 400 316 454 0 925 500 500 0 0 500 312 400 535 0 0 0 458 0 333 266 400 100 0 450 0 545 0
#HTAFC 2017-12-09
0 312 0 -400 400 478 0 -400 -49 446 -250 0 650 0 0 0 -350 -200 -250 0 0 125 742 0 700 0 -400 0 100 800 595 441 300 450 400 350 0 -183 250 -250 0 233 0 0 0 0 700 0 -200 1000 1000 0 375 1000 -66 350 0 400 400 325 0 0 246 0 0 0 -400 0 54 0 625 300 188 400 625 0 -200 -75 0 0 0 700 246 0 78 200 159 0 112 0 337 62 62 99 600 650 0 0 0 775
0 533 0 400 800 575 0 400 616 571 150 0 625 0 0 0 600 700 500 0 0 291 600 0 850 0 400 710 200 750 678 566 100 500 625 550 250 600 312 150 0 566 0 0 0 66 600 250 700 300 300 66 750 300 300 550 500 625 625 625 1000 0 512 1000 0 0 400 300 516 0 500 799 424 1000 500 0 250 500 0 0 0 200 312 0 375 400 373 0 462 0 687 200 729 366 900 450 0 0 0 900
#BHAFC 2017-12-09
0 350 0 312 -316 0 66 16 -400 83 -312 116 600 0 800 0 0 -100 850 -400 -250 -350 0 0 0 350 49 400 106 -150 0 0 -800 50 0 0 0 -400 -77 0 -400 0 0 0 -155 441 0 250 0 -400 0 -83 -12 181 200 0 0 -110 0 0 -400 399 0 100 0 0 0 0 -6 0 0 -400 150 0 0 0 0 0 -57 -75 166 800 559 -200 600 24 1000 0 0 0 0 0 200 0 0 0 0 -450 0 170
0 612 0 200 700 0 275 558 400 446 500 333 1000 0 750 0 0 200 875 600 500 600 0 0 0 550 550 875 589 800 0 0 800 200 0 710 1000 600 169 0 400 0 0 50 288 566 0 333 0 700 0 83 300 329 566 0 125 393 0 333 400 350 0 300 0 0 0 0 360 0 0 400 650 0 0 0 1000 0 648 425 429 400 831 200 1000 666 300 100 0 0 0 0 900 0 0 100 0 600 0 500
#Swans 2017-12-09
400 650 0 800 0 1000 0 150 0 500 410 100 0 -199 0 400 0 0 375 0 0 100 400 1000 0 166 0 500 500 0 250 400 0 350 0 199 0 0 500 0 625 0 74 250 320 0 392 0 416 0 0 600 100 -33 0 0 925 0 212 0 0 -125 433 166 0 433 0 500 250 -366 238 0 -25 -100 110 100 -33 0 -51 0 0 0 225 1000 200 136 100 136 416 400 0 -408 500 -725 0 227 0 0 0 -444
900 625 0 400 0 400 0 366 0 900 600 150 0 750 100 625 1000 0 1000 0 0 900 500 1000 0 333 0 900 500 0 333 1000 0 350 0 333 0 0 500 0 875 1000 250 300 436 66 517 0 666 0 0 900 250 166 0 0 1000 250 399 0 0 444 733 333 0 733 0 833 250 708 439 541 366 400 273 250 166 1000 137 0 0 0 602 300 200 500 700 500 666 700 0 533 833 475 0 545 0 0 0 597
#WBA 2017-12-09
0 0 500 0 0 0 0 0 206 0 125 293 -124 183 8 9 -250 287 800 250 0 0 37 -156 0 0 389 200 -125 0 49 1000 0 0 600 245 500 0 0 0 288 0 0 0 0 0 -250 0 0 -388 0 0 566 500 0 800 1000 1000 0 0 -100 0 1000 0 -50 187 0 229 0 250 1000 0 425 -200 0 0 0 500 425 0 1000 0 0 0 195 0 -291 0 0 0 0 0 0 750 125 0 0 0 0 -577
0 0 500 0 0 0 0 0 319 300 525 648 407 616 141 433 400 387 750 500 0 0 475 437 0 100 492 200 1000 0 800 1000 0 0 600 449 1000 0 0 0 477 0 0 0 0 0 500 0 0 833 0 0 766 700 0 400 1000 300 0 0 100 0 300 1000 350 437 0 366 0 333 300 0 525 200 0 0 0 1000 525 0 300 0 0 0 379 0 541 0 0 0 0 0 0 566 425 0 0 1000 0 644
#COYS 2017-12-09
625 200 450 700 250 0 0 -145 0 1000 0 333 800 610 200 281 0 0 600 200 625 0 -233 0 318 800 250 0 0 412 500 800 0 -400 0 0 325 250 0 0 0 -400 200 412 250 154 -277 312 0 700 0 200 312 0 650 761 416 0 200 200 700 150 -83 385 0 400 -233 500 -250 0 -400 -100 -300 -71 0 214 0 0 0 0 0 -200 0 349 400 318 0 0 400 0 -300 0 350 500 0 642 300 281 500 -400
888 200 475 600 450 0 0 270 0 300 0 300 750 200 300 600 0 0 950 300 500 0 375 666 727 1000 200 0 0 550 888 750 0 400 0 0 325 283 0 0 0 600 1000 612 450 584 833 500 0 675 0 300 200 0 600 378 666 0 500 200 600 600 199 666 0 408 766 266 500 0 400 200 450 518 0 500 0 0 66 0 0 233 0 666 900 677 0 0 1000 0 400 0 379 500 0 417 200 375 500 550
#SCFC 2017-12-09
0 -155 0 50 0 0 0 0 0 400 0 -312 300 0 -250 0 0 170 0 -125 162 0 0 0 0 0 0 0 0 -200 0 0 0 0 0 0 0 66 -166 200 0 750 0 0 0 0 -155 -155 400 250 0 250 400 0 0 0 50 200 0 -200 -200 0 0 0 0 0 0 0 0 0 0 250 0 250 250 400 416 0 0 0 0 -500 0 -200 0 0 0 0 100 0 -100 -100 0 -125 -155 229 166 700 700 700
0 288 0 150 0 0 0 0 0 1000 100 500 700 0 500 0 0 500 0 375 487 500 0 0 0 0 0 0 0 800 0 0 0 0 0 0 1000 133 420 750 100 400 0 0 0 0 288 288 550 1000 0 850 400 0 0 0 350 500 0 233 233 0 450 0 0 0 0 0 0 0 0 850 0 850 850 400 666 0 0 0 0 1000 0 233 0 0 0 0 300 300 400 400 0 375 288 570 633 600 600 600
#WHUFC 2017-12-09
-50 309 -54 169 500 100 0 0 -100 309 900 0 0 400 136 500 400 -12 0 0 0 0 49 1000 170 0 0 0 350 -25 -54 0 0 0 0 0 0 192 -50 100 0 0 233 0 0 0 -333 0 200 0 0 88 300 0 0 0 500 500 0 0 400 0 0 500 -54 1000 250 0 0 309 309 309 309 309 309 309 309 675 -54 449 0 500 -54 0 400 0 66 500 136 0 0 100 0 0 400 0 0 0 0 0
400 538 100 837 500 1000 0 0 200 538 1000 0 1000 800 500 700 549 0 0 0 500 0 616 1000 500 0 0 0 300 478 100 0 0 0 0 0 0 367 400 300 0 1000 533 0 0 0 666 0 400 0 0 655 650 0 0 0 500 500 0 0 800 0 0 500 100 300 250 0 0 538 538 538 538 538 538 538 538 575 100 450 0 500 100 0 800 0 466 500 454 0 0 300 0 0 800 0 0 0 0 0
#CFC 2017-12-09
0 0 500 0 800 437 -116 1000 309 1000 -54 1000 0 0 0 0 200 0 369 1000 100 0 0 553 0 134 0 0 500 0 200 0 0 -40 625 250 -100 0 297 0 0 0 0 0 0 309 0 200 366 0 100 0 0 350 0 0 0 375 0 -60 500 0 -800 350 0 0 0 500 0 0 875 0 -166 0 700 400 -312 0 837 375 0 500 0 700 349 200 500 136 0 0 0 300 0 0 1000 200 0 0 107 0
0 0 500 0 1000 750 333 750 538 750 100 300 0 0 0 0 300 0 423 750 200 0 0 467 0 525 0 0 500 0 300 0 0 305 300 500 200 0 644 0 125 0 0 0 0 538 0 500 600 0 1000 0 0 350 0 0 0 750 0 679 500 0 900 1000 1000 0 0 600 0 0 900 0 833 0 900 800 500 0 800 750 0 900 125 900 516 300 500 500 0 0 0 200 0 600 1000 300 0 0 509 0
#MCFC 2017-12-03
875 821 266 156 0 0 0 0 400 0 0 0 141 0 362 0 500 -400 500 118 328 0 -150 0 -400 333 0 -150 0 0 266 0 -100 625 186 0 500 0 0 750 -216 1000 500 0 0 -800 500 212 212 212 212 212 212 212 0 0 0 136 270 136 0 666 0 214 124 0 170 14 0 0 -699 0 1000 0 0 500 200 362 400 500 33 500 0 500 433 558 1000 0 279 500 0 250 170 0 0 625 -699 0 0 266
600 583 533 166 0 0 0 0 700 0 0 0 866 0 355 0 500 400 500 227 471 0 524 0 400 833 0 524 0 0 419 0 200 500 554 0 500 0 0 944 550 1000 750 0 0 900 750 418 418 418 418 418 418 418 0 0 0 454 277 500 0 766 0 521 375 0 500 274 0 0 666 0 1000 0 0 1000 300 355 400 500 66 500 0 1000 733 571 900 0 673 1000 0 944 500 0 0 500 666 0 0 533
#WHUFC 2017-12-03
-400 0 0 0 0 311 -137 100 0 800 0 -21 399 0 400 212 212 212 212 212 212 212 156 0 0 0 0 0 0 0 0 500 0 0 0 0 390 0 136 0 100 0 0 0 0 -400 -400 433 0 0 0 245 0 625 400 0 0 0 0 700 -500 500 0 -1000 500 -225 -105 -587 -155 0 -52 250 0 -150 250 0 250 0 37 550 500 200 0 0 0 136 -97 156 200 500 1000 0 82 150 0 0 412 -133 -500 -400
750 0 0 0 0 722 292 400 0 750 0 425 433 0 500 418 418 418 418 418 418 418 1000 0 0 0 0 1000 0 0 0 750 0 0 0 0 570 0 500 0 400 0 0 0 0 400 400 733 0 0 0 493 0 600 900 500 0 0 400 900 1000 500 400 1000 1000 625 199 587 288 357 625 550 0 112 550 0 333 0 387 250 600 200 400 0 0 454 847 1000 200 500 1000 0 469 305 0 0 300 50 700 400
#AFCB 2017-12-03
0 0 600 0 0 0 -162 -300 0 91 -21 0 400 136 -108 0 0 0 500 0 875 0 -137 233 0 -66 -700 0 0 0 0 -400 0 0 0 400 -175 0 170 300 0 0 0 0 0 366 0 425 0 0 0 136 468 136 225 799 0 0 200 0 0 -300 0 12 142 566 0 0 705 0 0 0 0 0 -300 0 337 500 333 500 0 0 -300 -300 -300 -300 0 0 500 316 300 0 -388 68 625 233 -400 349 -425 200
0 0 825 0 0 0 399 462 0 256 507 0 1000 500 283 0 0 0 500 1000 600 0 350 283 0 300 1000 357 50 0 0 400 0 0 0 375 500 0 454 307 0 0 0 125 0 700 0 725 0 0 0 454 750 500 338 399 0 0 539 125 0 600 0 300 267 700 0 0 890 0 0 0 0 0 600 0 700 200 666 500 0 0 600 600 600 600 0 0 200 716 200 0 833 250 275 666 400 666 650 500
#SaintsFC 2017-12-03
400 0 0 245 0 -162 -34 0 0 0 0 625 0 200 0 400 0 0 136 -108 124 652 0 250 0 850 500 0 0 416 0 285 279 382 500 0 0 0 0 0 433 1000 1000 1000 1000 125 0 0 0 -333 399 -66 -700 -5 0 0 0 0 -75 -400 150 500 43 0 0 0 -166 0 0 0 0 250 -175 1000 0 0 0 0 0 -100 150 0 0 28 516 0 0 366 800 0 250 -118 500 0 725 350 425 300 800 0
200 0 0 451 0 399 665 0 0 0 0 888 0 500 0 1000 0 0 500 283 375 629 0 360 0 1000 500 0 0 500 0 535 673 235 500 0 125 400 1000 0 566 300 300 300 300 300 0 0 0 666 399 300 1000 718 0 0 0 0 325 400 625 500 427 0 0 0 188 0 0 0 0 388 500 1000 0 0 0 0 0 200 350 0 0 549 629 125 0 700 400 0 500 450 500 1000 575 300 725 250 400 0
#AFC 2017-12-02
750 0 300 700 130 0 225 633 458 0 500 0 625 89 0 49 0 0 0 0 0 -75 0 -75 0 0 136 187 0 0 625 800 0 0 0 0 -375 -375 -375 0 300 0 0 0 0 200 266 0 0 0 0 250 0 0 0 0 0 0 166 1000 0 0 0 358 0 -49 0 800 0 0 0 675 0 0 0 0 100 49 0 0 500 0 0 0 0 0 0 0 533 0 0 -500 0 -394 0 -126 -258 0 568 0
950 0 350 600 770 0 750 833 733 0 900 0 900 319 0 450 0 0 0 0 0 366 0 366 0 0 454 388 0 0 500 400 0 0 0 0 600 600 600 0 1000 0 0 0 0 300 833 0 0 0 0 283 0 0 0 0 0 0 333 400 0 0 0 444 0 850 0 400 0 0 0 950 0 300 300 0 100 600 0 0 750 0 0 0 0 0 100 0 600 0 100 1000 0 616 0 275 433 0 377 0
#MUFC 2017-12-02
300 0 0 450 400 233 0 0 500 0 0 450 0 0 -31 100 458 450 0 0 -500 1000 0 0 0 0 0 700 -75 0 250 200 236 0 0 0 0 0 187 0 200 199 64 800 0 0 200 0 400 400 400 400 0 0 0 0 0 -375 -375 -375 200 -200 0 0 0 250 -400 0 0 -266 425 0 0 0 450 159 500 312 0 0 -379 0 -75 0 440 200 0 0 0 400 0 -116 0 0 0 0 200 550 300 1000
350 0 0 500 544 644 0 0 500 0 0 500 0 0 277 700 733 500 0 0 1000 1000 0 0 0 0 1000 600 366 0 500 300 472 0 0 0 0 0 388 0 500 274 548 400 0 0 200 0 800 800 800 800 0 0 0 66 0 600 600 600 500 300 50 0 0 500 400 0 0 600 442 0 0 0 500 585 833 450 0 0 704 66 1000 0 750 300 0 0 0 900 0 433 0 0 333 0 300 400 608 400
#BHAFC 2017-12-02
-600 0 -175 -304 134 0 450 350 875 200 0 0 0 0 569 -81 0 800 0 -312 -312 -312 -312 -312 -312 -312 -312 -312 -312 -312 87 -187 -150 0 134 0 -416 0 150 38 0 0 0 0 0 250 -130 400 0 -300 -1000 0 0 -300 0 0 -75 -100 -12 -166 900 1000 0 -150 1000 -92 -50 0 0 0 -250 625 425 -405 -75 0 500 400 0 0 -141 0 0 0 700 511 0 -92 99 -100 -100 -87 305 -125 0 -400 0 -130 -75 400
800 66 258 420 313 0 566 425 700 900 0 0 0 0 613 400 0 750 0 687 687 687 687 687 687 687 687 687 687 687 454 462 325 0 313 0 583 700 300 567 0 0 0 0 0 333 459 1000 0 600 1000 0 0 633 0 100 366 25 0 333 1000 300 0 650 1000 414 400 0 0 0 500 325 712 544 366 0 500 400 0 0 558 0 0 0 600 777 0 414 366 400 25 225 400 375 0 400 0 459 750 400
#LFC 2017-12-02
712 1000 212 484 -160 0 0 0 556 800 712 1000 400 1000 1000 0 533 0 0 0 0 0 0 0 0 0 291 0 0 0 68 491 350 -61 0 -166 0 0 0 400 -191 0 0 0 0 0 -250 850 0 0 33 0 -175 199 1000 0 200 0 0 136 0 166 400 400 400 400 68 68 0 0 524 0 0 0 0 0 0 500 0 0 0 300 0 -133 0 100 0 0 0 100 0 0 0 0 800 0 0 0 350 0
450 400 359 516 380 0 0 0 366 750 450 400 400 400 400 125 533 0 0 0 0 0 0 0 0 0 583 0 0 0 227 666 550 638 0 66 0 0 0 800 475 0 0 0 0 0 500 725 0 0 633 0 258 274 1000 0 600 0 0 454 0 411 800 800 800 800 727 727 0 0 625 0 0 0 0 0 0 150 0 0 0 700 0 466 0 400 0 0 0 133 62 0 0 0 1000 0 0 0 616 0
#EFC 2017-12-02
0 0 0 0 687 1000 500 500 500 0 0 400 0 333 0 0 1000 0 0 0 0 0 0 600 0 166 0 333 0 0 200 500 0 0 435 375 258 0 527 0 0 0 150 0 0 136 -250 0 0 0 200 500 0 700 500 0 0 0 175 0 152 412 500 1000 250 0 318 0 358 250 231 1000 1000 0 318 0 0 1000 0 318 0 1000 0 318 0 143 100 260 1000 0 700 250 512 68 550 0 0 68 800 0
1000 0 0 0 850 300 750 750 750 125 0 900 0 833 0 125 300 125 125 0 0 100 0 650 0 700 0 833 0 0 500 450 0 0 521 531 591 0 730 0 0 0 150 125 0 454 888 0 0 0 400 375 0 700 600 250 0 0 722 100 601 550 500 300 450 0 477 0 758 250 387 300 300 0 477 0 0 300 0 477 0 300 0 477 0 252 200 320 300 0 600 333 818 727 950 0 0 727 750 0
#HTAFC 2017-12-02
-189 850 800 412 178 -90 0 0 0 -83 0 350 250 449 366 100 -133 0 0 0 0 500 0 -200 0 300 0 0 0 0 0 0 375 1000 -200 400 -200 0 -78 162 0 500 0 1000 433 45 0 0 0 0 337 0 0 0 0 125 100 0 0 41 -139 136 250 0 500 -91 -69 0 0 -125 150 78 -93 50 -250 111 290 0 542 375 199 300 0 500 219 -400 0 0 -366 -316 0 100 80 -194 300 0 66 -400 -500 0
402 875 900 550 285 671 0 0 0 83 0 550 283 550 683 100 188 0 0 0 0 500 0 500 0 350 0 0 0 0 0 0 200 1000 500 800 500 0 293 350 0 500 0 300 522 758 0 0 0 0 475 0 0 0 1000 166 1000 0 1000 522 256 454 333 0 833 597 311 0 341 375 843 515 193 433 875 548 411 0 642 1000 322 225 0 500 270 400 0 0 488 472 500 400 480 288 650 0 375 600 500 0
#LCFC 2017-12-02
0 0 500 0 0 0 1000 -37 0 1000 438 378 0 0 0 462 380 0 350 0 100 0 600 262 -75 400 0 74 0 0 0 -500 0 -50 0 -400 0 0 250 0 300 250 700 100 100 388 224 0 -55 0 0 500 0 -33 -2 333 0 0 10 -141 600 0 0 0 800 0 0 600 0 -100 325 700 0 0 0 0 0 1000 1000 0 219 0 0 0 0 0 1000 224 134 -100 150 -500 400 507 0 75 0 0 100 0
0 0 1000 66 0 0 1000 250 0 1000 727 484 0 0 650 512 527 0 550 0 400 0 500 484 250 1000 0 503 0 0 0 700 0 200 100 400 0 0 250 0 333 750 600 100 400 580 799 0 166 1000 0 400 0 300 288 575 0 400 320 325 500 0 0 50 1000 0 0 825 0 25 450 600 0 0 0 0 0 750 750 50 484 0 0 0 0 0 1000 799 495 400 241 700 400 485 0 399 0 0 229 0
#Clarets 2017-12-02
0 0 700 0 0 433 0 0 500 0 0 200 400 0 625 240 0 0 170 0 400 -100 1000 75 0 0 0 0 -200 0 412 750 0 0 800 500 800 0 0 0 -300 1000 0 0 650 0 0 33 0 675 0 250 650 0 0 0 0 0 333 0 1000 1000 -400 0 -100 50 390 0 1000 500 99 1000 0 350 375 0 0 210 400 0 0 -37 0 371 0 0 -16 0 170 136 0 400 -200 400 0 335 0 170 0 0
0 0 700 0 0 833 0 0 500 0 0 200 200 0 900 500 0 0 500 0 800 200 300 308 66 0 0 122 400 0 550 550 0 0 1000 500 400 0 0 500 600 1000 0 0 450 0 0 429 0 537 0 500 1000 0 0 0 100 0 666 1000 300 300 400 0 200 162 300 100 750 575 650 600 0 550 600 0 0 393 250 0 0 487 0 473 0 0 311 0 500 500 0 1000 300 1000 0 500 0 500 0 0
#SCFC 2017-12-02
-500 250 -99 0 -99 333 333 333 -83 88 -99 50 50 50 -141 187 0 0 0 -166 0 0 -388 136 0 620 0 0 0 0 0 350 -250 0 -388 0 136 400 0 0 170 -200 66 0 333 0 250 0 -254 0 -254 0 0 0 136 0 350 178 43 0 0 1000 -250 136 0 0 -62 136 136 0 200 -400 350 0 0 -100 0 0 0 -166 0 0 0 -200 -200 333 -200 166 -200 620 -116 114 -400 170 350 350 0 -400 200 0
400 333 274 1000 274 833 833 833 477 470 274 50 50 50 441 312 0 0 0 166 0 850 833 500 0 800 500 0 0 0 0 550 600 500 833 0 500 408 0 0 500 700 733 0 666 0 1000 0 551 0 551 0 66 0 500 0 650 285 297 125 0 300 600 500 333 1000 375 500 500 0 283 400 550 0 0 200 0 0 0 166 0 0 0 500 500 666 500 166 700 800 366 329 400 500 550 550 0 400 275 0
#Swans 2017-12-02
333 0 -83 0 725 -50 0 -150 0 0 0 -1000 0 0 800 0 -50 0 0 -100 -50 100 0 406 -150 -400 0 1000 0 -50 0 0 0 0 0 0 0 0 0 0 0 399 0 -175 750 0 -166 -87 0 0 0 25 0 0 0 0 46 0 0 0 154 900 0 320 45 500 200 -125 142 0 0 0 0 66 0 66 -312 0 0 125 111 -200 75 0 0 -87 0 0 0 0 350 22 0 0 59 291 0 284 0 0
133 0 216 0 950 850 0 750 0 0 0 1000 0 0 400 0 850 0 0 58 850 400 0 511 600 400 0 1000 0 850 0 0 0 0 0 0 0 0 500 0 0 400 0 562 1000 0 433 241 0 0 0 491 1000 0 0 0 500 0 0 0 300 900 0 640 429 750 100 325 267 0 0 0 0 566 0 427 687 0 1000 450 311 700 237 0 0 241 0 0 0 0 550 194 0 1000 722 458 0 400 0 1000
#WatfordFC 2017-12-02
100 0 0 0 0 0 466 0 0 0 -500 -400 0 -12 0 0 1000 63 1000 0 0 0 0 0 0 0 312 0 0 100 0 0 0 0 0 500 -49 285 0 0 0 0 0 0 433 0 0 1000 0 0 250 0 300 216 0 -150 1000 0 0 240 0 700 541 0 -400 200 -449 0 136 150 0 0 0 170 900 0 0 0 -185 0 0 285 -87 0 600 -100 87 -325 150 83 0 150 0 550 150 100 462 -500 0 481
1000 0 0 66 0 0 766 0 0 0 1000 400 0 562 0 0 1000 277 400 0 0 0 0 0 0 0 534 0 0 100 600 0 0 0 0 888 488 677 0 250 100 0 0 0 833 0 0 300 0 0 750 0 650 400 0 400 300 0 0 240 0 900 833 0 400 200 516 0 500 250 0 0 0 500 1000 0 0 0 762 0 0 677 325 0 900 200 875 825 250 800 0 250 0 550 250 400 500 800 1000 600
#COYS 2017-12-02
0 500 450 0 412 175 -166 0 100 -400 312 0 199 0 -62 -83 0 163 459 0 -30 200 200 200 500 200 200 0 200 0 200 575 412 0 0 437 217 0 0 100 0 0 0 0 200 -312 68 0 168 0 0 100 0 378 0 312 0 0 0 -250 0 68 -400 0 -100 500 0 0 0 0 0 -200 200 133 0 0 80 262 525 333 925 0 235 223 200 0 135 0 325 33 0 650 0 0 0 0 800 0 0 0
0 500 750 0 550 325 183 0 200 400 507 0 333 0 199 666 0 833 505 0 669 300 300 300 500 300 300 0 300 562 300 725 550 0 0 666 511 0 0 1000 750 0 0 0 200 687 227 0 262 0 0 400 0 484 0 425 0 250 0 575 125 250 400 100 304 750 0 0 0 0 66 350 500 549 0 0 710 484 650 833 1000 0 330 518 200 0 283 0 662 566 0 625 0 0 0 0 1000 100 0 0
#WBA 2017-12-02
900 0 -388 0 250 0 0 250 0 0 -50 0 0 0 0 200 0 98 0 600 0 0 0 300 136 0 0 522 0 166 500 0 116 625 542 659 600 190 128 0 0 350 0 500 0 0 0 266 -43 0 0 0 0 0 258 616 231 116 140 86 350 0 0 0 0 100 500 49 500 0 250 0 500 700 0 0 -100 500 800 200 -133 0 350 136 550 0 0 0 200 0 0 0 500 229 -160 212 250 250 0 -200
1000 0 833 0 333 0 0 444 0 0 300 0 0 0 0 550 0 373 0 400 0 0 0 1000 454 0 0 722 0 833 1000 0 708 900 642 730 700 811 262 0 0 550 0 600 0 0 0 733 450 100 0 100 666 0 560 866 449 708 813 335 500 0 0 0 500 400 500 875 700 1000 511 100 500 600 0 0 200 725 750 300 233 0 550 454 825 0 0 0 100 875 0 0 500 583 559 373 850 150 0 400
#CPFC 2017-12-02
-600 1000 100 -275 0 136 200 -325 562 400 400 400 400 -304 1000 0 0 99 0 200 175 0 500 0 800 0 16 0 0 0 1000 0 1000 0 304 550 342 -181 375 136 781 -183 0 0 -349 328 500 0 0 0 800 200 0 0 -462 -150 -413 0 -450 274 -312 -4 0 -312 -100 0 650 350 350 0 74 600 400 0 662 0 0 537 0 0 500 0 0 -400 -155 0 250 -50 -50 -50 683 -121 0 350 211 0 -200 -75 325 169
800 1000 400 375 0 454 700 600 500 800 800 800 800 420 1000 0 0 425 0 900 722 0 600 0 1000 0 525 0 0 0 1000 0 300 0 566 250 767 427 500 454 500 366 0 0 833 454 500 0 0 0 750 700 250 250 637 325 513 0 650 541 687 356 0 600 716 0 625 575 650 0 181 1000 650 0 649 700 0 916 50 0 725 0 112 400 288 0 500 300 300 300 650 384 0 1000 484 0 250 425 495 480
#CFC 2017-12-02
500 0 0 225 0 0 0 0 0 150 0 0 350 0 0 200 0 0 750 0 0 0 0 0 250 0 0 0 0 0 0 250 0 0 0 0 0 0 0 0 675 0 0 300 260 -100 503 700 0 -166 0 0 0 444 0 0 100 0 73 0 0 0 187 0 800 0 0 250 500 0 -49 0 0 625 400 625 625 125 0 500 0 675 0 0 625 300 200 200 375 -49 0 0 133 800 800 800 800 300 -750 0
500 0 0 750 0 0 0 0 0 725 0 100 550 0 0 400 0 0 950 0 0 0 0 0 500 0 0 0 0 0 0 250 0 0 0 0 0 0 0 0 825 0 0 650 130 300 526 900 0 766 0 0 0 500 0 0 212 0 366 750 0 0 687 0 400 0 0 500 600 0 850 0 0 900 383 900 900 400 0 750 0 950 0 0 900 500 500 300 750 188 0 0 633 1000 1000 1000 1000 650 900 0
#NUFC 2017-12-02
976 0 0 0 0 0 350 0 -400 22 607 607 0 0 0 0 800 0 141 0 0 49 0 350 200 0 125 0 0 0 0 256 -250 0 133 0 400 366 0 0 400 400 0 0 0 128 0 0 0 125 0 0 0 0 700 0 400 875 0 0 0 200 0 -750 -800 0 900 0 550 1000 0 0 19 0 -200 -187 0 0 0 316 170 0 0 91 1000 100 0 161 450 0 68 0 1000 0 0 -699 50 0 0 0
800 0 0 0 0 0 350 0 400 244 785 785 0 0 0 0 750 0 330 0 0 1000 0 350 500 0 166 0 0 125 0 700 888 0 633 0 450 433 0 0 400 900 0 0 0 295 0 0 0 605 0 0 0 0 600 0 700 600 0 0 0 300 0 900 900 0 900 0 650 1000 0 0 600 0 600 500 0 0 0 233 480 0 0 300 1000 300 0 578 562 0 477 0 400 0 0 666 200 0 0 0
#EFC 2017-11-29
0 -259 0 -100 -150 0 0 0 0 0 0 400 550 0 0 0 400 0 255 200 0 500 0 160 0 0 0 0 0 -250 0 0 0 0 704 0 0 166 0 500 0 0 1000 0 -15 -50 -33 -180 0 68 0 400 0 100 0 50 0 700 0 0 0 0 33 0 0 0 200 500 116 -337 0 0 0 -234 0 0 87 0 67 0 0 0 0 24 183 0 0 0 0 0 -50 0 -750 1000 0 0 0 -600 -781 150
0 393 0 0 291 100 100 0 100 100 100 800 575 0 0 0 450 100 611 300 0 500 100 639 0 0 0 0 0 250 0 0 400 0 616 0 0 533 0 625 50 0 300 0 477 150 566 780 0 227 0 550 0 383 0 400 500 600 0 0 0 0 416 0 0 0 645 900 250 587 0 0 0 500 0 0 387 0 467 0 0 0 0 630 550 100 0 100 0 0 516 0 800 1000 0 0 0 700 1000 269
#WHUFC 2017-11-29
0 0 0 0 0 0 -85 0 212 175 0 500 0 50 0 -75 250 600 -200 0 437 1000 238 0 350 0 136 250 -41 -19 600 181 164 0 506 0 250 0 0 300 0 0 0 0 0 0 -500 0 350 88 600 50 180 175 600 250 0 1000 0 600 504 600 250 0 200 0 0 0 -166 0 600 0 600 100 -150 -250 -600 274 0 0 -400 -50 -1000 17 500 -300 0 0 0 0 0 -62 0 350 -350 -100 -100 266 0 -500
0 0 0 0 0 0 629 0 351 775 0 888 0 250 0 366 500 900 400 0 550 1000 366 0 550 0 500 250 509 496 900 591 307 0 575 0 200 0 0 650 1000 0 0 0 0 0 550 0 550 661 900 250 605 250 900 944 0 300 0 900 690 550 250 0 500 0 1000 0 833 0 900 0 900 0 399 700 900 491 0 0 400 258 1000 277 1000 300 0 0 0 0 0 375 0 400 600 400 400 266 0 900
#MCFC 2017-11-29
0 700 266 0 500 0 568 -100 0 0 0 0 0 600 450 0 450 0 0 0 0 0 600 108 0 0 0 0 0 1000 0 446 400 0 483 -1000 500 0 700 0 0 0 0 0 0 0 375 0 0 0 0 0 0 0 500 0 0 0 450 0 0 0 0 0 1000 88 0 700 0 -99 400 0 72 312 0 350 0 0 400 0 50 0 0 0 -50 49 500 0 333 0 0 500 800 350 0 0 200 800 200 0
0 600 419 100 500 0 377 400 0 0 0 0 0 950 650 0 500 0 0 0 0 0 900 358 0 0 0 0 0 1000 0 571 450 0 611 600 750 0 600 0 0 0 0 1000 0 0 750 0 0 0 0 0 0 750 500 33 0 0 450 0 0 0 0 0 300 617 0 600 0 875 900 0 537 250 0 650 0 0 550 0 200 0 0 0 475 356 1000 0 666 0 0 1000 400 300 0 0 300 1000 200 0
#SaintsFC 2017-11-29
0 0 136 400 466 0 0 800 0 400 0 -10 141 0 649 422 1000 340 0 0 0 500 350 -16 -50 500 0 0 0 0 1000 593 0 0 100 0 -225 0 0 0 500 111 0 0 500 0 0 600 -200 0 1000 0 485 250 -625 0 0 0 0 250 650 0 0 62 312 165 0 150 0 500 0 333 0 0 0 800 500 266 15 0 125 0 0 968 0 400 169 950 64 450 0 0 0 0 0 506 591 600 0 0
100 0 454 400 416 533 0 400 0 450 0 329 608 0 775 294 400 540 100 0 0 900 644 566 196 500 0 0 0 0 400 466 0 0 300 1000 750 0 0 400 300 311 0 0 625 0 0 500 200 50 400 0 450 800 875 0 0 0 0 662 450 125 0 500 399 401 0 595 1000 500 0 211 0 0 0 400 500 466 470 0 700 0 0 750 100 500 563 1000 207 850 0 0 0 0 0 561 666 900 0 0
#SCFC 2017-11-29
99 500 500 0 500 0 100 600 800 -388 250 0 0 0 0 -400 -400 -66 0 0 0 0 0 99 0 0 -358 0 -199 800 0 500 187 0 0 0 -500 800 108 -16 -358 0 -400 -400 0 500 0 116 -400 800 525 -500 -500 0 0 0 0 200 0 800 -250 232 0 0 0 0 0 0 200 0 -500 136 179 250 100 0 266 0 -100 266 800 800 -500 0 0 0 0 0 406 177 800 266 500 500 -500 0 0 500 50 250
1000 500 500 312 500 0 383 900 1000 833 500 0 0 0 0 400 600 866 0 0 0 0 0 1000 0 0 358 1000 333 1000 0 500 187 0 0 0 900 1000 300 155 358 0 400 600 0 500 0 66 600 1000 475 1000 1000 0 0 0 0 500 0 750 550 371 1000 0 0 0 0 350 400 0 900 454 433 550 200 0 400 0 400 400 1000 1000 900 0 0 566 100 0 400 322 1000 400 500 500 900 0 100 500 700 333
#LFC 2017-11-29
500 112 800 550 252 0 0 0 -125 500 0 500 0 0 0 -21 -155 0 0 400 0 800 0 0 0 600 450 400 0 541 0 0 704 0 -62 0 0 300 0 136 166 -166 -155 0 -155 0 -320 -155 -56 500 100 0 166 100 -200 -625 280 1000 0 -500 400 0 712 0 400 0 125 0 0 -113 0 -275 -113 0 0 625 0 116 125 0 0 0 900 0 1000 0 0 0 0 0 488 366 0 200 0 0 700 500 500 0
900 451 400 700 467 0 0 0 825 425 0 750 0 0 0 635 288 0 0 800 0 750 0 0 0 600 500 800 0 733 0 0 616 0 375 0 0 950 0 454 333 866 288 0 288 0 388 288 618 894 100 500 333 100 200 400 433 400 100 1000 600 100 450 100 600 0 400 0 0 513 100 475 513 0 0 900 0 322 187 0 0 0 1000 0 300 0 0 0 0 0 511 966 0 100 0 0 600 500 700 0
#AFC 2017-11-29
31 0 525 0 0 0 0 0 0 400 0 0 0 0 0 0 -250 0 0 152 259 100 -50 0 0 -50 0 0 433 400 625 333 0 800 136 0 -12 0 0 549 -419 0 -200 0 0 312 0 -1000 300 0 0 400 0 0 0 0 800 100 -57 0 0 0 337 400 0 -600 455 0 700 0 500 500 0 700 0 -112 400 0 0 0 0 0 -419 -77 200 0 0 1000 0 0 0 100 106 250 0 0 0 500 0 800
250 0 625 0 0 1000 0 0 0 433 0 0 0 0 0 0 250 0 0 637 588 383 200 0 0 200 0 0 300 400 900 666 0 400 454 100 487 0 0 516 668 0 400 0 0 600 0 1000 550 0 0 433 0 0 0 0 400 700 467 0 0 0 387 900 666 900 720 0 600 0 900 600 0 600 0 412 433 100 0 0 0 0 668 394 200 0 0 300 0 0 0 383 426 750 0 66 0 500 0 400
#HTAFC 2017-11-29
400 27 0 266 150 0 -50 157 0 0 400 412 125 0 0 -57 0 75 300 800 0 150 0 0 400 72 -600 400 100 0 321 50 0 0 100 66 0 0 0 0 250 0 0 13 283 666 500 500 500 500 -200 -125 285 450 0 400 0 -400 -291 0 63 0 0 0 0 204 136 0 0 0 0 0 136 0 0 500 0 0 0 136 200 0 400 400 245 -265 400 227 466 466 0 0 285 0 625 700 -200 0 500 666
433 399 0 283 0 0 400 389 0 0 433 550 166 0 0 467 0 72 375 900 0 443 0 0 800 537 1000 433 50 0 553 700 0 0 100 155 0 0 0 1000 250 0 0 480 350 824 500 500 500 500 100 375 535 644 0 433 0 700 541 0 334 0 0 0 0 570 500 0 0 0 0 0 500 0 0 750 0 0 0 500 500 0 533 400 450 250 200 500 533 533 0 0 335 100 1000 800 462 0 600 1000
#AFCB 2017-11-29
0 0 312 250 0 700 0 500 -93 175 0 50 166 312 0 0 -166 250 256 -77 650 500 285 0 0 285 292 266 0 72 500 -270 0 -206 100 -400 285 285 0 0 0 0 0 0 100 0 136 0 -97 0 -400 0 -400 -400 -400 0 0 86 500 33 0 0 100 150 0 0 0 0 433 0 455 50 0 0 500 0 462 285 0 0 -400 500 -6 0 750 200 0 0 83 -350 125 0 142 0 -400 -400 0 0 1000 0
300 0 333 800 0 900 0 500 554 775 0 500 166 333 0 0 222 416 250 144 450 500 535 500 500 535 442 466 0 199 500 729 0 260 200 400 535 535 0 500 0 0 0 0 900 500 454 100 180 0 400 1000 400 400 400 0 0 613 500 366 0 0 100 350 0 1000 0 0 600 0 733 500 0 0 1000 0 650 535 0 0 400 1000 393 0 500 500 0 250 329 400 425 0 267 1000 400 400 0 0 300 0
#Clarets 2017-11-29
0 0 500 133 0 0 100 1000 136 0 136 -150 -50 625 0 0 0 0 0 0 550 500 0 0 125 700 0 0 0 -99 566 550 0 625 0 100 0 -625 0 100 0 -300 0 0 -99 0 0 -100 0 0 0 0 1000 27 0 0 0 -79 0 500 -400 -308 -100 1000 0 -150 0 80 -300 0 0 0 0 -18 -300 -875 0 0 250 300 133 0 1000 1000 0 -24 0 500 0 0 0 -375 87 350 0 0 0 0 -83 0
0 0 500 466 0 0 100 300 500 0 500 399 300 500 0 0 0 0 0 0 950 500 0 0 187 900 0 0 0 263 633 950 0 900 0 400 0 1000 0 100 0 600 666 0 263 0 0 100 0 0 0 0 400 199 0 0 0 300 0 500 400 491 100 1000 0 525 0 353 600 0 0 0 0 148 600 900 0 0 500 200 300 1000 300 300 0 224 0 750 0 1000 0 600 774 550 0 0 0 0 83 0
#CFC 2017-11-29
350 0 21 -100 0 0 0 700 0 160 0 0 136 136 0 0 0 0 0 0 -500 700 350 -50 0 -50 656 -50 0 0 0 -50 0 700 -50 -500 0 0 800 99 533 0 0 0 65 0 -650 0 0 500 0 195 0 0 0 -250 65 0 0 0 375 -500 233 0 -650 -300 0 400 0 0 0 0 0 0 0 -64 450 -150 0 -500 0 200 0 329 400 400 82 0 83 0 -700 -1000 68 0 200 -124 400 700 0 -4
550 0 227 400 0 0 0 600 0 539 0 0 454 454 66 100 0 0 0 0 1000 600 300 200 0 200 366 200 0 0 0 200 0 600 200 750 0 0 750 500 700 0 0 0 664 0 1000 0 0 750 0 666 0 0 0 500 664 0 0 0 750 1000 733 0 1000 900 0 400 0 0 0 0 0 0 0 96 500 600 0 1000 0 200 0 780 500 500 400 0 383 125 800 1000 310 0 250 950 500 700 0 480
#Swans 2017-11-29
700 0 0 0 100 151 0 0 0 400 400 -388 250 100 0 0 0 151 -388 850 -1000 0 0 0 0 800 -79 0 0 0 250 0 -200 -150 -125 0 0 363 0 250 0 500 0 0 0 0 -200 250 0 0 0 0 0 -500 0 0 0 -100 0 49 0 0 -200 0 0 0 150 -200 -400 -200 0 -100 -300 49 800 0 80 0 0 0 0 -125 278 0 0 0 50 0 0 200 541 0 500 700 -200 177 375 0 0 -500
600 0 0 0 400 333 0 0 0 400 400 833 500 400 0 0 0 333 833 1000 1000 0 0 0 0 750 583 0 0 0 312 0 200 399 500 0 0 522 0 500 0 1000 0 0 0 0 250 450 0 0 0 0 0 900 0 0 0 400 0 350 0 0 250 0 0 800 350 200 400 250 0 400 450 350 400 0 450 0 0 0 66 375 633 0 0 0 450 0 100 500 500 0 750 900 200 411 616 0 0 875
#WatfordFC 2017-11-28
-333 0 0 -400 246 0 -400 500 -194 196 500 -83 200 800 0 -400 250 -400 200 50 -194 -30 0 -4 50 213 0 200 500 166 83 0 49 1000 1000 0 1000 -100 0 0 180 0 -155 166 0 633 433 -11 0 375 0 700 -41 300 35 -400 0 0 633 500 620 250 315 -500 -155 -172 0 0 -155 0 -155 200 0 0 0 500 77 266 0 0 -250 0 800 500 29 -333 500 -24 0 404 230 49 -699 1000 0 0 0 1000 -166 0
666 0 0 700 512 0 700 500 416 606 500 250 100 400 0 400 350 400 900 833 416 180 0 394 250 454 0 625 1000 533 277 0 649 1000 300 0 300 0 0 0 370 0 288 666 0 600 516 763 0 750 0 600 389 500 521 400 0 1000 600 600 630 750 732 900 288 408 0 0 288 0 288 200 0 0 0 500 288 866 0 0 150 0 750 500 227 633 500 600 0 757 458 700 666 300 0 0 800 300 366 125
#MUFC 2017-11-28
300 19 -172 450 0 400 400 400 400 0 136 0 -250 0 0 0 404 0 0 0 -194 -125 458 0 458 0 200 233 0 0 200 212 0 800 135 0 -162 174 20 0 0 100 1000 -646 0 220 -300 -50 0 297 233 139 300 60 0 0 300 0 0 0 0 -126 0 400 50 267 0 0 0 0 100 50 0 0 -50 300 -625 0 1000 0 450 450 500 100 -156 0 100 0 0 80 450 233 100 0 450 0 800 450 0 -400
200 507 422 500 0 800 800 800 800 0 454 0 283 0 0 0 290 0 0 0 416 375 408 0 408 0 200 391 500 0 262 383 0 750 342 0 212 400 330 0 750 900 300 778 333 530 600 750 0 530 366 206 500 590 0 0 500 0 0 0 0 718 125 350 233 767 0 0 0 0 400 233 0 0 200 1000 1000 500 750 100 650 500 600 200 406 0 650 0 0 520 500 366 400 0 500 0 750 500 0 400
#WBA 2017-11-28
-33 0 0 181 0 500 0 -72 -50 750 -31 0 1000 0 166 0 -155 66 -250 800 800 200 0 0 250 -99 -400 0 -100 0 700 625 -183 0 0 0 200 0 0 -125 500 -61 0 300 0 0 121 389 500 700 300 700 250 0 0 468 0 -400 -400 0 306 0 375 0 500 500 0 0 34 328 0 250 0 0 0 250 500 240 334 0 648 0 67 241 -50 0 0 0 -400 -32 0 0 400 800 -394 0 0 0 0 400
375 1000 0 629 0 600 0 260 400 1000 200 500 900 0 666 0 288 33 400 1000 400 200 125 0 1000 850 400 0 400 0 600 900 400 0 0 0 300 0 0 524 500 177 0 200 0 1000 589 467 433 600 500 600 333 0 0 727 0 600 400 0 649 0 750 0 500 1000 0 0 713 701 0 444 0 0 0 312 1000 620 613 0 722 0 496 566 225 0 0 100 400 146 0 0 900 400 616 0 0 0 0 250
#NUFC 2017-11-28
227 0 227 0 0 -120 -48 246 0 0 43 0 0 -400 -1000 -500 136 0 83 350 -200 -450 0 -599 427 316 0 0 -83 -250 300 0 -400 800 -50 166 209 0 550 500 400 0 -24 -100 -208 150 350 0 166 0 1000 700 400 0 115 -25 300 0 0 0 0 -400 700 250 250 100 -4 0 213 0 0 0 0 -400 500 0 1000 -166 300 500 195 500 -166 200 34 0 -400 440 0 -50 -250 139 150 -200 240 0 0 166 0 0
545 0 545 0 0 695 356 512 625 0 497 0 0 600 1000 1000 500 0 583 450 100 700 0 533 716 525 0 400 533 250 750 0 600 400 200 133 348 0 700 744 633 0 500 400 1000 100 512 533 333 0 1000 900 350 0 378 350 100 0 0 0 1000 400 900 500 333 50 394 0 454 0 0 0 0 400 500 0 300 166 100 500 341 500 333 600 713 0 900 750 0 100 1000 440 500 800 620 0 0 250 0 0
#BHAFC 2017-11-28
300 500 1000 0 0 66 -1000 650 88 1000 377 100 0 -166 0 -60 77 -250 0 0 0 -155 0 -341 300 500 0 1000 1000 0 250 425 11 -25 -214 350 500 800 300 225 291 700 391 125 0 366 333 266 0 199 19 -375 84 0 0 0 250 -100 66 -350 -200 0 700 150 0 0 0 -400 0 1000 400 355 0 366 -342 600 -183 500 66 100 700 -200 -31 750 0 199 800 0 0 0 100 -63 125 85 -6 100 135 -400 233 120
200 1000 300 0 0 250 1000 450 555 300 522 200 0 166 0 413 422 250 0 100 0 288 0 716 600 1000 0 300 1000 0 250 591 591 600 357 350 500 750 725 600 333 600 799 1000 0 600 833 566 0 233 313 625 363 0 0 0 333 433 133 550 400 0 600 625 0 0 0 400 600 300 800 711 0 562 513 1000 799 500 341 200 600 633 350 950 1000 566 400 0 0 1000 400 547 300 346 443 400 616 400 566 260
#CPFC 2017-11-28
500 400 400 400 400 0 0 0 -312 1000 433 218 400 -333 -150 0 0 53 -300 0 450 -300 377 -300 37 0 -166 0 154 0 -160 0 0 0 125 800 766 -291 362 250 585 -166 0 0 0 -300 0 -650 35 240 0 500 0 -150 333 500 0 -400 0 0 266 900 0 -400 900 0 0 312 900 0 19 -400 285 -200 -200 500 -83 0 136 400 0 350 -162 0 0 0 400 0 66 200 -200 0 0 366 100 -138 0 0 0 282
500 800 800 800 800 0 0 0 683 300 566 750 500 666 900 0 0 346 600 0 450 600 522 600 649 0 166 0 604 0 380 0 0 0 300 400 583 541 558 333 510 1000 0 0 0 600 0 800 611 620 0 600 0 900 416 600 0 400 0 0 566 1000 0 400 1000 0 0 437 1000 0 559 600 535 925 925 1000 500 0 500 700 0 550 837 0 0 133 900 0 866 500 925 0 0 683 400 490 0 199 0 560
#LCFC 2017-11-28
876 0 400 0 245 433 1000 -188 0 0 0 0 1000 1000 -99 0 -400 -400 83 0 136 0 -32 0 0 125 0 775 -899 0 -9 100 281 500 248 33 0 250 100 100 100 -375 -287 136 233 0 -100 500 0 -400 100 -166 0 287 170 300 -88 458 0 0 0 0 0 1000 0 0 0 350 200 0 375 1000 0 -400 16 -101 233 0 0 0 0 -400 900 0 0 100 0 250 454 700 722 300 125 0 0 0 190 0 325 0
475 0 1000 0 518 633 300 611 1000 0 0 1000 300 300 583 0 400 400 583 0 454 0 413 0 0 400 66 650 950 0 538 400 547 950 662 466 0 425 400 100 600 375 416 500 566 0 400 600 0 400 200 66 0 400 454 655 294 500 0 0 0 0 0 1000 0 0 250 641 200 0 562 1000 0 400 600 524 266 0 0 500 0 400 350 0 0 400 0 200 533 600 455 655 316 66 1000 0 418 0 250 0
#COYS 2017-11-28
0 266 0 0 0 625 0 0 0 -66 0 600 0 0 62 0 -236 0 0 325 378 -50 250 0 300 0 0 100 0 0 478 -100 175 500 200 142 0 44 86 -154 0 0 -625 250 -250 9 165 500 400 0 0 -266 0 200 33 -500 0 -66 133 -400 0 -50 -699 50 216 1000 0 199 0 -150 366 -200 -55 0 800 265 0 -400 66 750 0 300 0 0 266 166 0 333 -400 136 305 39 600 0 300 390 0 442 140 350
100 562 0 0 0 900 0 0 0 500 0 550 0 0 612 0 716 0 0 362 618 400 250 0 750 0 0 400 533 0 684 450 722 150 450 267 0 422 547 451 0 1000 1000 650 500 336 809 500 408 0 0 433 0 200 633 1000 0 300 514 600 0 400 666 250 461 1000 0 525 0 333 199 0 372 0 750 702 0 400 507 575 0 750 0 0 466 200 100 1000 600 500 455 410 600 100 825 444 100 742 476 625
#HTAFC 2017-11-26
350 -170 0 0 350 8 0 1000 0 191 40 350 -155 183 136 625 -625 0 0 1000 0 0 0 0 -46 107 -104 0 375 375 0 0 0 0 350 -100 0 400 0 0 0 0 500 800 0 0 113 300 0 0 0 0 0 250 199 -400 0 375 375 375 375 812 0 1000 800 66 0 -400 500 0 0 -100 0 136 0 -150 0 141 0 0 350 0 200 0 0 0 -260 556 -200 0 0 0 -388 0 268 189 0 -125 0 50
550 519 0 0 550 366 0 1000 0 133 488 550 288 480 454 900 400 300 0 300 33 0 0 100 700 679 604 0 750 750 0 0 0 0 550 449 0 400 0 0 0 0 500 750 0 0 772 287 0 0 0 200 0 500 675 400 0 750 750 875 350 400 0 300 750 88 0 400 500 1000 0 1000 100 454 0 200 100 383 0 0 550 0 900 0 0 300 433 549 200 0 0 0 833 100 427 367 0 494 1000 533
#MCFC 2017-11-26
500 117 0 375 500 0 0 0 800 350 0 0 0 0 0 600 600 312 0 500 500 500 300 333 450 0 8 0 0 375 0 166 450 40 0 100 0 0 -300 0 136 -66 -699 -66 0 625 -212 0 0 200 16 0 0 1000 800 0 375 0 212 212 212 212 212 0 0 250 0 500 306 -24 0 0 -666 0 0 1000 500 0 -699 700 0 600 0 0 0 0 -125 800 150 549 0 0 -500 450 1000 500 666 225 0 0
500 350 200 616 750 400 0 0 1000 550 0 0 0 0 0 1000 1000 600 0 500 500 500 500 783 500 0 366 0 0 616 0 500 450 488 0 400 0 0 400 0 454 366 666 366 66 900 287 0 0 900 418 0 0 1000 750 1000 616 0 418 418 418 418 418 0 0 333 1000 500 456 700 0 0 1000 0 0 1000 1000 0 666 600 0 1000 0 0 0 0 375 400 550 450 500 0 1000 500 1000 750 766 475 0 0
#Clarets 2017-11-26
100 0 0 750 225 0 250 333 0 -458 0 0 0 308 0 0 0 625 0 0 100 0 799 412 0 -500 0 0 0 0 0 500 -296 0 -150 0 0 0 0 500 500 -500 0 800 274 400 0 1000 0 0 -49 0 800 0 606 750 50 383 0 216 0 0 625 0 0 -133 625 -50 450 0 0 0 0 0 350 900 700 250 1000 433 0 400 0 31 0 412 1000 0 0 312 0 625 0 261 266 455 160 0 750 0
1000 0 0 750 416 0 300 333 0 533 0 0 0 475 0 0 0 900 0 0 400 0 399 550 0 500 0 0 0 0 0 833 544 0 399 0 0 0 100 833 500 900 0 400 300 350 0 300 0 0 1000 0 950 0 675 750 500 750 0 377 0 0 900 0 0 266 900 400 400 0 0 0 0 0 800 1000 600 333 300 383 0 600 0 250 0 550 300 0 0 350 0 900 200 433 266 645 539 0 750 0
#AFC 2017-11-26
500 0 0 0 0 0 0 211 333 0 0 0 0 0 500 0 500 250 0 0 0 0 0 0 312 0 200 0 0 0 0 156 500 625 0 100 0 0 50 0 0 175 500 175 0 -250 0 0 0 333 0 0 0 0 162 1000 500 0 0 0 150 -166 0 1000 300 0 1000 400 -155 -29 0 0 0 0 0 0 -250 258 400 0 0 0 500 0 -1000 0 300 900 0 250 0 0 250 800 700 0 0 -388 0 0
500 0 0 0 0 0 0 163 433 0 0 0 0 0 600 0 750 520 0 0 0 0 0 0 600 100 100 0 1000 0 0 291 500 900 0 750 0 0 162 0 0 275 500 275 50 1000 0 0 0 375 0 0 0 0 600 1000 500 0 0 0 250 433 0 300 458 0 300 650 288 233 0 0 0 0 0 0 200 399 900 0 0 0 500 0 1000 166 200 1000 0 333 0 0 450 400 600 66 0 833 1000 0
#SaintsFC 2017-11-26
0 125 -19 -133 500 0 800 0 -400 550 144 0 0 0 1000 650 0 -450 -66 0 78 0 0 41 166 1000 0 400 0 0 0 500 100 0 700 135 0 0 0 0 0 0 0 300 244 -24 136 650 -500 0 250 0 -377 -333 300 0 0 0 -200 350 -909 175 0 500 172 0 0 0 400 0 0 0 -700 136 0 500 0 -200 -111 0 0 136 250 0 0 0 0 0 0 0 -166 233 333 0 0 0 100 0 600 -81
0 250 760 544 750 400 700 0 400 200 371 0 0 0 300 300 125 691 366 0 581 700 0 583 433 300 66 450 0 0 0 500 500 0 600 650 0 0 0 0 0 0 0 500 741 700 500 450 400 0 1000 500 700 799 441 1000 1000 1000 700 333 866 615 0 500 444 0 0 0 900 0 0 0 1000 500 0 500 0 500 622 0 0 454 250 0 1000 0 0 0 0 0 366 429 666 0 1000 0 250 0 675 527
#EFC 2017-11-26
1000 412 0 0 500 200 -300 0 500 0 909 200 0 0 150 0 500 0 136 0 -500 0 0 136 0 0 0 -62 100 -800 375 -131 550 -27 100 136 100 136 0 0 0 0 0 0 0 0 0 625 0 0 0 390 0 0 -166 -275 0 0 0 0 0 136 176 500 300 -500 0 -33 -200 143 200 0 -625 116 0 0 0 68 -156 400 0 177 -333 -262 193 0 0 -200 0 0 229 -400 82 0 166 0 0 -312 333 0
300 550 0 0 500 400 400 0 500 1000 780 900 50 0 649 0 750 0 454 125 533 0 0 454 0 0 0 400 50 900 600 527 200 616 50 454 50 454 0 0 0 0 0 0 0 0 0 600 0 0 0 450 0 0 66 500 0 0 0 0 0 454 445 700 750 700 0 77 0 383 250 375 600 383 400 0 62 377 843 900 0 188 1000 387 727 500 0 200 0 0 342 600 341 0 333 0 0 687 485 0
#LFC 2017-11-25
600 0 700 0 0 230 400 0 0 255 217 525 514 0 700 227 115 -125 200 -400 0 116 0 0 0 0 0 0 0 0 0 224 62 1000 -156 700 0 0 412 500 -700 0 -700 -166 -150 0 0 0 700 -133 -333 399 0 0 0 -161 0 0 -49 400 400 400 400 160 500 -131 175 200 0 0 -250 0 700 366 0 0 0 0 700 0 0 500 68 -125 200 136 49 0 0 136 0 -66 0 399 350 37 -16 120 0 -300
900 0 900 0 0 555 400 0 0 427 681 672 581 0 600 545 483 375 100 400 0 211 0 0 0 0 0 100 0 0 0 744 125 400 75 900 125 0 550 500 200 0 200 433 750 0 0 0 900 166 800 500 0 0 0 428 0 0 900 800 800 800 800 392 500 427 275 100 0 0 1000 0 900 725 0 0 0 0 900 0 0 533 289 450 100 454 658 0 0 454 100 38 0 400 550 287 427 539 0 400
#CFC 2017-11-25
0 -50 0 116 -50 0 0 0 0 0 0 0 0 0 0 0 0 0 0 0 0 0 0 0 0 0 0 0 0 0 0 700 0 0 0 0 0 0 0 180 1000 1000 275 800 900 0 700 0 0 0 1000 0 -125 0 700 0 350 0 0 0 0 0 -500 160 200 -650 700 286 700 0 700 0 0 68 0 433 0 0 0 68 0 0 0 0 700 120 0 800 0 0 800 0 0 0 0 0 -500 0 0 -200
0 50 0 216 50 0 0 0 0 0 0 0 125 100 0 0 0 0 0 0 0 0 0 0 0 0 0 0 0 0 0 600 0 0 0 0 0 0 0 250 300 300 325 750 400 0 900 357 0 0 300 0 375 0 900 0 450 357 178 0 0 0 1000 392 100 1000 600 393 600 0 900 357 0 727 0 416 0 0 0 289 0 0 0 0 900 539 0 400 0 0 750 0 0 0 0 0 1000 0 0 200
#CPFC 2017-11-25
306 133 400 -141 500 455 0 -500 100 0 400 400 400 400 -500 -500 0 -400 0 300 -166 0 -62 -77 0 800 700 0 433 99 10 1000 250 0 0 170 170 0 250 300 0 -33 250 0 0 0 0 -116 0 -150 0 0 500 0 0 -249 0 659 416 0 625 -283 100 183 0 0 0 0 0 0 -175 625 0 600 0 0 -125 500 -94 0 0 0 0 450 0 0 0 0 0 -200 436 125 0 400 400 400 400 -699 0 0
531 488 233 358 500 822 512 1000 383 0 800 800 800 800 1000 1000 0 400 0 700 66 0 458 144 0 400 600 0 833 0 475 750 333 0 0 454 454 0 800 525 0 216 250 550 0 0 0 398 0 399 0 0 550 0 0 433 0 419 833 575 666 799 100 469 100 0 0 0 0 0 616 600 0 833 100 0 125 500 144 0 0 0 0 550 0 0 0 0 0 400 393 166 0 800 800 800 800 666 0 0
#SCFC 2017-11-25
0 0 400 400 -100 550 0 666 800 0 500 0 227 0 0 800 131 0 250 150 -250 -150 -150 -400 0 0 0 -249 0 1000 49 1000 0 62 0 0 0 0 227 0 125 800 113 0 250 800 0 0 1000 0 0 400 227 500 113 113 500 400 -600 -200 0 400 -100 0 131 150 227 -250 -150 0 185 0 -234 0 0 400 400 -600 -200 0 400 400 400 0 0 150 150 0 150 400 400 400 400 0 400 500 1000 0 136 0
0 0 800 200 400 600 0 766 1000 0 500 0 545 0 0 1000 485 0 250 186 462 500 399 600 0 0 0 433 0 300 550 300 100 125 0 0 0 0 545 0 425 1000 772 0 250 1000 0 0 300 0 0 400 545 500 772 772 500 400 1000 200 0 400 400 500 485 186 545 462 500 0 601 600 427 300 0 200 200 1000 200 0 500 200 200 0 300 550 550 0 550 200 200 200 200 0 200 200 300 0 500 0
#MUFC 2017-11-25
600 0 222 0 0 200 0 0 400 0 0 11 450 0 125 0 0 0 100 0 -625 150 -50 100 700 0 0 600 0 262 -200 0 0 0 0 150 0 312 0 350 0 -250 400 400 400 400 0 0 -250 0 0 0 0 0 0 0 600 0 166 68 100 -500 83 133 0 0 0 0 200 0 0 0 450 0 0 0 94 800 0 450 250 0 800 200 833 468 0 -300 0 500 0 583 75 -400 0 -400 0 -3 0 450
900 0 533 0 100 100 0 0 550 0 0 484 500 0 466 0 262 0 212 0 900 450 483 200 600 0 0 650 0 387 400 0 0 0 0 150 357 333 0 822 0 888 800 800 800 800 0 0 333 0 0 0 0 357 0 0 950 66 766 727 200 666 783 175 0 0 0 0 655 250 0 0 500 0 0 1000 514 1000 100 500 1000 0 400 775 1000 427 0 825 0 500 0 583 250 700 0 400 0 553 0 500
#BHAFC 2017-11-25
188 102 399 0 0 -62 0 0 468 400 0 600 1000 0 0 -400 0 0 0 87 222 427 -291 -291 -291 -291 -291 -291 -291 100 -291 -291 -291 -291 450 0 0 0 -100 50 50 50 50 50 50 50 50 50 416 500 50 50 500 500 0 0 0 -30 0 0 229 -94 0 199 0 0 0 0 0 -200 0 0 0 0 0 -400 500 516 100 0 0 500 1000 616 -300 0 625 275 0 0 0 666 -183 8 71 350 400 500 392 -37
607 569 366 0 0 475 0 0 427 539 0 400 300 0 66 400 0 0 0 375 644 520 541 541 541 541 541 541 541 200 541 541 541 541 350 0 0 0 533 600 600 600 600 600 600 600 600 600 833 500 600 600 487 500 100 0 0 320 0 100 411 144 0 566 0 0 0 0 0 400 0 0 0 0 0 400 500 500 200 0 394 500 300 333 500 0 500 527 0 0 1000 700 383 275 483 300 400 500 517 187
#NUFC 2017-11-25
0 0 0 -125 -194 0 0 0 0 400 182 0 -75 500 233 318 0 0 0 0 0 0 33 -200 666 0 -60 0 166 33 100 976 0 0 0 -50 0 400 0 -241 500 0 500 250 -300 0 66 200 51 500 227 227 347 0 0 0 0 0 800 416 0 268 399 700 700 700 700 666 800 0 350 -400 100 0 249 193 250 250 300 400 400 400 70 0 50 400 212 127 0 -55 125 -125 0 285 0 0 275 700 0 500
0 0 0 375 416 0 0 0 0 400 283 0 366 1000 666 477 0 0 0 0 0 0 216 0 916 0 340 0 466 66 400 800 0 0 0 433 0 500 0 550 750 0 575 283 350 0 433 200 484 500 545 545 790 1000 0 0 66 0 400 716 0 744 350 600 600 600 600 766 1000 0 450 700 400 0 650 793 500 500 0 800 900 400 433 0 350 400 291 541 0 177 625 375 0 535 0 0 300 900 0 650
#WatfordFC 2017-11-25
433 -233 0 -800 0 593 0 -244 500 -93 0 136 -99 0 500 0 99 0 200 0 366 -366 136 0 399 0 -62 0 263 312 136 12 0 0 49 0 0 500 -194 0 50 500 0 100 66 0 200 83 -520 -131 -241 136 500 500 0 700 350 1000 400 136 119 400 800 -62 -400 100 0 0 0 0 250 0 0 -155 1000 400 0 50 0 199 600 -83 406 0 0 0 0 -200 250 0 0 450 263 558 12 -125 366 0 500 33
366 666 0 800 0 837 0 750 500 300 0 454 799 0 825 0 400 0 600 0 600 688 454 0 829 0 475 0 588 900 454 187 0 0 300 0 0 800 450 0 162 1000 0 566 283 0 400 583 780 450 808 454 500 500 100 600 550 1000 1000 454 307 1000 400 687 700 666 100 0 0 488 500 0 0 288 1000 400 0 162 0 533 1000 416 427 1000 0 0 0 900 500 0 0 450 588 616 187 272 333 66 500 308
#Swans 2017-11-25
0 0 0 500 311 500 0 500 -313 0 449 0 500 333 0 0 475 350 0 0 0 716 0 0 0 275 -400 400 0 0 0 0 0 0 0 0 500 25 237 49 0 0 -250 321 -462 100 0 0 95 0 125 0 625 0 1000 0 100 0 110 -400 -188 -400 0 0 -457 -50 422 62 0 -137 49 -400 533 500 0 216 150 0 125 0 0 -18 450 -100 0 500 433 500 0 500 0 211 0 136 136 500 136 5 -50 136
0 0 0 600 799 833 0 916 622 0 400 0 916 500 0 0 775 800 0 0 0 866 0 0 0 425 550 900 0 0 0 0 0 0 0 0 600 175 700 550 0 0 1000 687 700 550 0 50 616 0 391 0 500 0 300 0 150 0 410 400 244 400 0 0 815 400 644 500 0 162 716 1000 566 600 100 316 616 500 800 0 0 575 575 566 0 750 300 500 400 422 0 517 0 500 500 500 500 437 200 500
#AFCB 2017-11-25
700 0 366 0 0 0 136 600 450 0 0 0 0 0 0 -181 0 -150 0 0 0 900 0 0 700 750 -83 -476 659 -350 700 125 0 500 0 0 -233 0 -600 107 260 0 0 0 -100 -100 -181 399 244 -500 0 383 125 -125 800 0 0 196 416 0 0 0 0 500 1000 781 168 1000 500 -200 0 0 0 0 0 0 170 0 0 100 0 200 700 -81 0 189 468 0 -291 575 0 0 700 0 357 357 -83 700 0 0
600 0 700 0 0 0 454 900 950 0 0 0 0 0 0 222 0 399 0 0 0 950 0 0 600 550 508 375 419 499 875 100 100 833 0 0 199 0 800 700 260 0 0 0 400 400 222 333 708 1000 0 900 400 700 1000 562 0 608 457 0 0 0 0 500 1000 1000 427 1000 750 700 0 0 0 0 0 0 365 0 0 183 0 200 900 527 0 419 750 0 541 579 0 0 600 400 571 571 216 600 0 0
#COYS 2017-11-25
-166 0 -266 50 0 -312 0 400 600 0 166 0 0 0 333 0 136 0 250 -300 0 -60 0 500 900 0 500 75 800 0 500 0 136 0 800 0 800 -12 400 214 0 0 0 1000 0 200 200 0 -100 450 0 -77 0 0 0 0 0 800 0 0 700 0 200 0 0 -71 500 83 0 254 333 0 0 333 0 800 0 700 0 200 136 0 0 0 0 0 0 99 380 419 0 0 0 260 0 0 201 -293 200 0
762 0 466 500 0 750 0 375 433 0 574 0 0 0 500 0 454 0 283 350 0 367 0 600 650 0 500 358 1000 0 500 0 500 0 1000 0 750 325 375 571 0 0 0 600 0 266 900 0 550 700 0 177 1000 0 0 0 0 400 0 0 600 0 300 0 0 214 500 341 0 620 799 0 750 416 0 400 600 700 0 200 454 0 0 0 0 0 0 600 727 494 0 0 0 381 0 0 488 550 200 0
#WBA 2017-11-25
0 0 366 0 0 68 0 -200 0 -155 0 1000 136 0 0 0 14 -69 0 200 500 -300 -349 0 0 75 900 -800 0 116 0 -125 0 -125 125 854 333 125 0 5 170 -77 0 0 500 0 0 250 0 625 199 75 0 -500 14 0 -224 0 0 271 0 0 400 0 250 -60 0 0 0 166 0 0 286 -77 -200 150 475 -62 0 200 0 150 0 0 -150 333 -77 -62 0 0 0 136 250 0 0 0 0 -133 350 0
0 0 666 633 0 250 0 800 100 288 0 750 454 0 0 0 296 720 357 100 500 700 583 0 0 667 875 900 0 416 0 475 366 500 450 650 500 456 0 477 454 144 0 0 600 0 0 275 0 900 133 550 0 1000 296 0 900 0 0 485 0 0 375 0 700 511 0 0 0 166 0 0 597 144 100 399 350 475 0 200 0 300 0 0 399 386 144 400 0 0 0 454 300 0 0 0 0 283 300 0
#WHUFC 2017-11-24
207 -200 -187 -125 -69 -400 0 0 0 0 0 74 0 -1000 600 138 0 650 400 300 -400 150 800 0 0 -112 0 500 150 0 0 0 0 0 74 -200 300 0 0 203 1000 850 1000 1000 1000 1000 1000 100 800 133 0 -233 350 350 -200 400 74 0 0 0 -500 0 0 0 0 0 0 500 568 0 0 74 500 0 0 -291 141 800 800 0 0 250 150 0 162 162 298 442 1000 268 -291 0 0 59 250 606 -50 700 0 0
669 200 99 100 583 400 400 266 0 0 500 446 0 600 250 324 0 450 600 633 400 300 400 0 0 637 0 500 300 0 0 0 0 0 446 50 650 0 0 413 300 950 300 300 300 300 300 0 400 433 0 399 300 300 800 400 446 0 0 1000 1000 100 66 0 0 0 0 500 727 0 0 446 500 0 100 541 199 750 400 0 0 416 300 0 150 150 717 540 300 577 541 0 100 213 500 613 100 600 100 0
#LCFC 2017-11-24
187 350 -500 -375 0 0 -400 625 0 0 0 700 0 0 0 -27 138 0 166 375 -62 265 0 222 0 800 -125 -500 0 -500 0 -500 200 0 525 0 0 -27 0 0 0 0 203 136 487 0 136 0 -62 0 0 -388 -83 -71 200 250 295 0 0 0 -500 -27 216 0 -200 0 0 284 0 300 100 -300 0 0 0 122 -375 350 166 0 612 265 0 0 -500 62 -100 8 125 535 -300 133 0 -12 300 0 -68 216 -650 136
425 450 700 450 0 0 400 900 0 0 0 900 0 0 0 344 324 0 366 500 335 425 0 555 0 1000 250 700 0 700 0 700 100 0 412 0 0 344 0 0 0 0 413 454 650 0 500 0 354 0 0 833 750 142 100 512 479 0 0 0 700 344 377 0 250 0 0 545 0 433 100 600 562 100 0 609 375 550 166 0 633 425 0 95 700 200 525 176 216 604 500 408 62 650 741 0 454 666 950 500
#BHAFC 2017-11-20
-488 125 0 800 937 388 0 0 0 500 800 0 500 0 0 200 1000 322 0 461 -100 0 -200 0 33 0 -400 0 500 50 -600 0 108 50 0 200 0 0 700 0 0 300 0 350 272 0 0 0 500 200 0 66 0 0 0 900 1000 400 700 468 136 -54 500 242 800 500 -155 0 0 0 -500 0 900 -1 500 800 0 0 0 500 0 0 166 0 500 0 500 800 750 214 250 250 0 0 0 0 0 0 0 0
687 200 0 750 800 561 0 0 0 650 1000 0 500 0 0 900 1000 644 0 659 550 0 400 0 399 0 400 0 550 150 733 0 191 100 0 200 0 0 600 0 0 533 66 350 444 0 1000 0 500 300 0 466 0 0 25 700 300 375 600 479 500 577 500 717 750 500 288 0 0 0 1000 0 950 519 500 400 0 0 0 500 0 0 666 0 750 0 600 400 1000 229 650 549 0 0 0 0 0 0 0 0
#SCFC 2017-11-20
0 445 150 0 -500 0 -200 0 0 141 -160 0 0 0 100 0 0 0 0 -250 100 0 100 850 0 187 100 -200 0 136 -300 0 0 0 0 0 -155 200 200 -166 0 0 -150 0 100 100 100 475 0 250 250 0 0 0 -200 0 0 0 0 0 0 -300 0 0 -100 0 -125 170 0 266 0 0 -100 -400 0 366 0 0 0 170 700 0 -200 0 0 0 0 0 0 0 0 0 0 0 -18 0 80 0 0 -416
0 742 600 0 200 0 400 0 0 480 816 0 0 0 400 0 0 0 0 500 600 100 400 700 0 300 400 200 0 500 600 25 283 0 0 0 288 200 700 66 1000 0 550 0 400 400 400 600 300 650 549 0 0 0 400 0 0 0 0 0 0 600 0 0 400 0 762 500 0 766 0 0 100 600 25 666 0 0 0 500 600 0 200 99 0 0 0 0 0 0 0 0 0 0 429 0 269 50 0 750
#WatfordFC 2017-11-19
-150 0 0 0 -183 -66 200 -575 -99 0 0 50 90 0 650 650 171 400 0 125 237 0 50 0 242 0 587 200 100 0 141 0 40 136 0 600 700 175 0 -800 400 133 0 -100 0 500 0 0 0 -158 0 -500 0 0 375 600 0 500 0 -300 375 0 -97 0 0 32 -125 350 0 -50 0 0 0 -500 261 -116 800 -84 -500 111 100 -166 0 0 -1000 200 -229 0 375 133 0 0 0 333 0 200 500 0 -344 0
674 0 0 0 483 566 100 675 408 0 0 241 650 125 450 450 583 400 0 500 422 0 550 500 281 0 587 400 550 0 600 0 456 500 0 775 700 1000 0 1000 450 266 0 400 0 900 0 0 0 691 0 300 0 0 375 700 0 625 0 600 731 500 713 0 0 453 375 550 0 400 0 0 0 300 386 247 1000 611 300 222 50 666 0 0 1000 100 354 452 725 633 0 250 0 700 0 100 200 0 616 0
#WHUFC 2017-11-19
-400 0 0 136 525 0 433 225 333 0 433 650 650 500 136 0 0 0 0 0 0 -400 136 0 358 500 200 0 368 0 0 400 0 0 0 100 250 -377 0 0 1000 0 0 800 0 128 275 136 1000 1000 1000 600 -161 -161 3 0 0 0 0 333 333 500 -50 0 700 0 233 0 200 155 155 0 -75 62 200 150 -1000 0 27 800 150 200 0 300 233 0 500 250 250 250 0 0 250 650 650 1000 0 0 0 0
400 0 0 454 541 0 733 458 500 0 733 450 450 500 454 0 0 0 0 0 0 600 500 0 433 600 100 0 677 0 0 200 1000 0 0 100 333 594 0 0 1000 0 300 400 0 589 500 454 300 300 300 200 227 227 368 0 0 0 0 366 366 750 400 0 600 0 366 0 399 383 383 0 366 413 200 150 1000 0 333 1000 500 200 1000 650 366 0 600 500 500 500 0 0 500 450 450 300 0 0 0 0
#MUFC 2017-11-18
800 0 0 1000 450 -400 100 450 195 -400 416 450 0 0 -375 0 268 0 0 268 0 625 0 1000 450 0 0 0 350 0 0 78 400 200 255 666 0 0 0 0 200 41 -600 0 0 -50 0 0 0 191 0 0 136 250 -249 1000 0 100 -166 -38 0 500 0 0 227 178 0 136 562 375 -500 0 800 136 0 -400 800 200 0 0 500 0 450 0 416 0 166 0 125 0 300 400 0 233 0 0 -8 -133 450 450
400 0 0 750 500 400 1000 500 224 400 366 500 0 0 400 0 677 0 0 677 0 500 0 1000 450 0 0 0 550 0 0 384 400 425 409 666 0 0 0 0 425 416 800 500 1000 83 0 0 0 575 0 0 454 479 600 1000 0 200 433 533 0 500 400 0 394 335 0 454 850 775 1000 0 1000 454 0 400 1000 100 0 0 833 0 500 0 500 0 283 0 400 0 350 400 0 450 0 0 275 355 500 500
#NUFC 2017-11-18
41 0 0 -488 -500 268 0 -100 625 450 -337 234 0 0 500 178 0 200 700 300 300 136 375 500 0 0 562 166 0 480 300 0 0 200 0 0 214 0 700 350 125 350 415 0 66 0 500 0 1000 200 8 0 181 350 0 0 327 171 136 0 250 -100 500 0 0 -187 468 0 0 28 800 0 0 0 500 62 -400 166 -75 0 0 800 8 -300 206 0 0 0 -400 100 450 0 0 0 -17 0 0 0 0 0
341 0 0 666 500 677 0 275 500 450 600 401 0 0 500 335 0 350 700 650 650 454 750 500 0 0 850 166 0 619 350 0 0 200 0 0 500 100 900 350 300 350 638 0 133 0 1000 0 1000 375 450 0 500 675 0 0 555 437 500 0 300 400 800 0 0 325 427 0 0 468 400 500 500 0 500 250 400 708 316 0 0 400 450 400 290 0 0 0 400 400 500 0 0 0 637 0 0 0 0 0
#AFCB 2017-11-18
500 -150 0 0 0 0 -500 0 0 0 0 437 0 0 166 0 0 500 200 -140 -155 0 0 0 500 0 0 300 -33 50 500 0 500 0 50 0 0 0 412 0 800 147 -400 0 0 0 0 214 -366 100 225 0 375 800 -100 446 0 0 250 12 0 400 800 0 400 -100 500 300 500 62 166 -171 -400 62 -250 0 0 300 450 0 0 0 166 -158 0 200 0 75 0 449 300 500 400 0 75 687 0 545 150 12
1000 300 0 0 0 0 1000 0 0 0 0 550 0 0 633 0 0 1000 500 331 288 0 0 0 1000 0 0 633 450 50 500 0 500 0 50 0 1000 0 550 0 750 400 400 0 0 0 0 571 500 400 550 0 200 750 0 333 0 0 500 300 0 400 400 0 400 0 500 400 500 500 250 257 400 500 400 0 383 0 568 0 0 0 250 575 0 500 0 400 0 600 0 750 900 1000 400 825 0 784 175 300
#HTAFC 2017-11-18
0 50 0 0 766 -166 0 0 0 0 0 0 0 0 -325 0 -200 0 0 0 0 -400 0 293 0 500 0 0 0 0 0 466 34 0 300 0 285 0 500 0 354 363 0 0 0 -89 500 300 242 327 0 350 100 -33 0 0 500 -200 600 0 -265 0 0 87 125 -155 500 100 0 0 6 0 59 133 116 0 -25 0 266 500 500 800 0 500 477 285 437 300 0 0 391 0 400 0 0 -400 -125 0 150 0
0 191 0 0 466 166 0 0 0 0 0 0 0 0 325 0 200 0 0 0 0 400 0 580 0 500 0 0 0 0 0 616 163 500 833 0 535 125 500 0 791 522 0 500 0 404 600 633 317 416 0 550 400 450 0 0 500 200 1000 250 1000 250 0 200 345 288 833 400 0 0 462 250 320 375 216 0 475 0 166 900 900 750 0 900 544 535 450 400 0 0 541 50 400 0 0 400 375 0 500 0
#Clarets 2017-11-18
150 0 0 0 0 0 0 0 0 0 0 500 -50 0 0 300 0 0 0 0 136 -50 625 0 0 0 0 0 -6 500 0 0 0 0 0 500 0 84 0 625 450 0 0 412 0 0 550 -150 0 0 250 0 100 -250 0 0 500 250 250 0 0 375 0 500 0 0 500 0 0 0 0 0 0 0 500 375 375 0 0 0 625 250 0 250 136 0 750 62 0 500 0 -250 0 0 550 800 0 625 250 -375
62 0 0 125 0 0 0 0 0 0 0 500 200 0 0 500 0 0 0 0 454 100 900 0 66 0 0 0 506 500 0 0 0 0 0 500 0 573 0 900 350 0 0 550 0 0 300 399 0 0 333 0 400 250 0 0 1000 333 333 0 0 750 0 600 0 0 500 0 0 0 0 0 0 100 500 750 750 0 0 450 900 333 0 333 500 0 625 375 0 500 0 400 0 0 650 1000 0 900 333 600
#Swans 2017-11-18
0 0 0 0 0 268 0 250 0 600 0 0 -100 0 0 -23 500 0 0 400 0 18 0 -50 0 400 300 416 0 0 0 -155 0 -300 0 0 136 0 0 0 0 900 150 0 0 -400 104 0 250 400 0 0 400 150 0 0 0 400 700 0 300 233 700 136 0 0 136 0 200 -400 650 650 -100 -100 -100 -100 285 285 0 0 0 314 -231 136 136 262 534 69 136 136 0 136 136 0 49 -375 -56 -199 250 211
0 0 0 375 0 677 0 333 125 1000 0 0 400 0 0 442 1000 1000 1000 378 0 427 0 400 0 378 383 666 0 0 0 288 0 500 0 0 454 0 0 0 0 1000 425 0 0 400 666 0 300 378 125 0 400 400 0 0 0 378 600 0 500 366 900 454 0 0 454 0 300 700 650 450 400 400 400 400 535 535 0 0 400 533 700 500 500 483 762 505 500 500 0 500 500 0 600 600 300 750 333 322
#CPFC 2017-11-18
200 106 0 0 268 250 0 -100 0 0 -200 0 0 0 0 0 172 -228 -51 0 250 0 0 900 900 -150 288 -104 0 0 0 0 250 800 -277 -277 -277 0 0 0 450 -200 250 -111 0 0 0 0 -104 0 0 0 -500 0 0 0 0 0 1000 1000 175 0 500 0 0 0 0 0 0 0 0 800 19 0 500 0 -75 500 0 -400 0 68 -142 200 222 400 400 400 400 500 0 351 200 0 500 650 -100 0 400 -250
100 227 0 0 677 333 0 275 0 0 250 0 0 0 0 0 765 471 129 66 150 0 0 1000 1000 400 533 254 0 0 0 1000 500 400 344 344 344 0 1000 0 700 200 250 388 0 0 0 0 254 0 0 0 300 0 0 0 0 0 1000 1000 325 0 833 0 0 0 0 0 0 0 133 750 480 0 600 0 250 600 0 400 1000 193 535 200 277 800 800 800 800 500 0 708 100 0 500 450 100 0 400 1000
#EFC 2017-11-18
50 0 0 0 800 -166 500 0 0 6 0 445 -228 0 100 0 0 0 0 0 0 100 -216 50 50 50 50 0 400 750 0 -125 0 0 0 0 0 0 136 0 750 100 136 136 0 0 1000 100 0 0 0 0 228 300 0 160 -200 0 -470 0 781 0 0 625 250 0 0 450 -195 145 -188 343 0 -159 192 0 -400 0 166 0 237 0 450 0 524 524 -111 0 0 0 0 -250 0 0 0 0 0 500 109 0
150 0 0 0 400 66 600 0 0 586 0 733 471 0 1000 0 0 0 0 0 0 300 577 150 150 150 150 0 800 900 0 750 300 0 0 0 0 0 454 0 900 300 454 454 0 0 1000 300 0 0 0 0 190 346 0 356 233 0 299 0 500 0 600 500 250 50 0 216 411 360 522 437 66 367 306 0 400 0 466 0 700 0 700 0 425 425 433 0 0 0 0 433 0 0 0 0 0 900 260 0
#LCFC 2017-11-18
268 625 0 0 500 -265 -125 -25 0 0 0 402 0 350 0 0 0 0 0 0 0 0 0 66 0 0 0 450 -400 600 200 0 0 -400 255 -155 0 0 0 0 0 0 1000 0 700 -699 224 0 0 0 0 0 0 0 100 0 0 0 0 0 -125 0 100 -46 300 500 100 -187 687 0 0 33 100 370 0 0 -300 0 0 400 0 0 0 0 -400 125 350 400 0 0 283 0 0 -155 0 -150 0 0 500 0
677 500 0 0 500 533 375 450 0 0 0 294 0 550 0 0 0 0 178 0 0 0 0 133 0 0 0 500 400 700 300 0 0 400 750 288 0 0 0 0 0 0 1000 950 1000 666 500 0 0 300 0 0 0 0 1000 0 0 0 0 100 100 0 200 780 750 900 400 533 700 0 0 400 600 540 0 0 100 0 0 400 0 0 0 1000 600 666 550 200 0 0 350 625 0 288 500 800 0 0 500 0
#MCFC 2017-11-18
0 77 0 100 0 318 0 495 0 400 0 208 0 0 0 0 0 500 0 562 0 1000 0 0 -58 0 0 0 0 0 0 0 200 0 175 0 0 0 0 0 0 0 0 -575 0 1000 0 0 0 625 0 0 0 399 0 500 0 0 400 0 -400 0 0 500 0 171 -333 150 400 0 166 136 136 0 0 578 0 625 1000 333 333 0 0 0 500 0 500 250 0 250 0 0 0 500 0 -150 308 0 0 0
0 355 0 1000 0 550 0 556 0 400 0 329 0 0 0 0 0 500 0 850 0 666 0 0 372 0 0 0 0 0 0 0 400 0 449 0 0 0 0 0 0 0 0 937 0 300 0 0 0 525 0 0 0 862 0 550 0 0 1000 0 400 0 0 500 0 326 500 600 400 0 666 454 454 0 0 418 0 500 1000 166 166 0 100 0 800 0 625 333 0 200 0 0 0 500 0 200 470 0 0 0
#LFC 2017-11-18
333 800 0 562 -100 400 700 200 250 0 0 0 0 0 100 0 250 0 -488 268 100 700 0 0 0 214 625 357 -241 100 0 0 500 0 -37 0 0 350 372 0 0 100 0 0 0 0 575 0 0 0 233 250 0 -50 495 0 0 0 625 -350 0 800 0 166 0 0 150 575 100 0 0 166 0 -73 300 0 -150 -300 0 -800 0 0 0 166 -50 1000 0 625 375 -100 0 357 100 100 0 0 0 -306 100 0
219 400 0 675 433 900 600 500 250 0 0 0 0 0 1000 0 333 0 666 677 500 700 0 0 0 500 500 571 633 250 0 125 500 0 500 0 0 550 588 0 0 500 0 0 0 0 700 0 0 0 533 1000 100 400 556 0 0 0 1000 450 0 900 0 500 0 0 441 575 500 0 0 500 0 435 370 0 550 400 0 1000 0 0 95 500 400 400 0 500 750 100 0 535 500 500 0 125 0 750 500 0
#SaintsFC 2017-11-18
90 325 0 0 0 333 500 68 625 0 0 136 0 0 0 -250 -250 -250 500 0 -557 -155 0 0 0 0 100 0 -100 281 -30 0 214 0 100 -600 0 1000 -200 0 200 0 0 0 0 0 0 0 550 400 366 0 0 0 0 0 225 0 287 0 0 0 0 0 278 0 0 1000 500 0 0 0 0 0 0 0 0 0 0 0 0 0 0 500 300 0 0 0 -200 500 300 625 0 -700 0 1000 333 0 -400 0
365 500 0 0 0 99 1000 477 500 1000 0 500 0 0 0 250 250 250 1000 0 778 288 0 0 0 0 175 0 400 500 700 0 428 0 400 900 0 900 800 0 100 0 66 125 0 0 0 600 200 1000 566 66 66 66 0 0 512 0 687 0 0 0 0 0 385 0 0 1000 500 500 0 0 0 0 0 0 0 0 0 0 0 0 0 500 550 0 0 0 333 500 100 600 0 1000 0 300 375 0 400 0
#WBA 2017-11-18
0 0 0 195 -233 183 0 0 0 0 0 0 0 0 -287 136 0 0 0 0 600 285 312 -87 0 0 0 500 0 136 0 0 -100 0 500 0 -100 0 387 -100 387 0 125 0 500 333 0 0 0 300 0 0 0 166 -500 -500 -500 800 0 437 0 425 -500 1000 1000 1000 1000 1000 267 0 0 0 0 0 0 500 -62 197 0 0 175 550 750 500 300 375 -106 0 0 0 0 416 0 334 156 333 -224 0 0 90
0 0 166 400 566 622 1000 0 0 0 0 0 0 66 333 500 0 0 0 0 1000 535 333 400 0 0 0 900 0 454 0 0 0 0 900 0 50 0 450 0 450 0 400 0 500 500 0 0 166 250 66 0 500 500 300 300 300 750 0 550 500 583 900 300 300 300 300 300 393 0 0 0 0 0 0 500 687 390 0 0 812 750 750 600 100 700 25 0 0 0 0 716 0 410 400 666 650 0 0 466
#CFC 2017-11-18
0 0 0 0 200 0 100 0 200 250 0 200 0 375 450 0 200 0 0 0 0 0 0 50 0 0 195 0 0 0 0 0 0 167 0 0 0 -125 0 0 0 0 0 0 300 0 0 0 0 0 -75 500 0 -58 0 0 0 0 0 -400 0 0 450 0 200 0 -312 419 200 78 0 300 375 0 450 0 0 0 0 125 1000 800 0 0 0 0 -525 0 0 0 375 716 48 0 450 0 0 500 0 0
0 0 0 0 300 0 1000 0 200 333 0 200 0 750 625 0 200 0 0 0 0 0 0 1000 0 0 400 0 66 0 0 0 0 436 0 0 0 375 0 66 0 0 0 0 650 0 0 0 1000 0 525 1000 0 372 0 0 1000 100 0 600 0 0 625 0 700 0 687 650 200 533 0 200 750 0 550 0 0 0 0 300 300 400 100 0 0 66 750 0 0 0 750 566 641 0 625 0 0 500 0 0
#AFC 2017-11-18
0 0 100 0 800 0 250 0 378 0 300 600 200 450 0 0 0 0 0 53 0 0 0 0 200 1000 0 0 800 650 -150 500 800 -249 468 800 -400 500 625 0 0 -2 468 600 300 0 0 0 0 0 0 200 0 0 0 0 0 0 -200 0 0 0 0 -204 0 0 0 0 0 0 0 1000 0 150 200 136 0 -194 -200 -155 0 0 0 0 136 0 250 49 233 300 0 0 0 34 -100 0 468 0 -156 0
0 0 300 0 400 0 900 0 700 0 446 950 100 450 0 100 0 0 0 313 0 0 533 0 300 300 650 0 400 700 750 600 400 600 427 400 400 750 900 0 0 589 427 700 700 0 0 0 0 0 100 300 66 66 66 66 0 0 350 0 0 0 0 911 0 66 0 0 0 66 0 1000 0 50 200 454 0 288 200 288 0 1000 0 0 500 0 250 700 366 100 0 0 0 500 100 100 427 0 375 0
#COYS 2017-11-18
0 812 800 0 366 100 -400 291 0 -1000 0 268 268 0 -250 0 700 250 166 0 0 -125 285 716 0 0 500 -400 0 312 200 68 600 500 16 0 0 1000 500 0 1000 500 170 566 -16 399 357 233 0 0 0 0 0 0 400 0 -216 0 100 0 600 -200 450 781 -530 0 1000 500 333 0 0 0 0 0 0 375 -250 0 0 296 -1000 208 0 -133 -400 0 0 0 800 0 0 0 40 0 400 200 0 333 141 500
0 625 700 0 408 1000 400 555 0 1000 0 627 627 0 700 0 600 1000 208 0 0 375 535 850 0 0 500 400 0 900 200 227 950 833 766 0 0 200 750 0 300 600 454 383 442 566 571 533 0 325 0 125 0 0 425 0 488 0 400 0 950 233 679 500 849 0 780 625 666 0 0 0 0 0 0 375 500 0 0 750 1000 381 1000 533 400 0 0 0 1000 0 0 0 440 1000 900 200 0 500 566 600
