#EFC 2018-12-23
-699 -125 -400 600 -219 -666 -600 500 700 -66 0 -699 0 0 658 0 0 250 0 150 0 0 500 0 0 -100 399 125 0 0 -133 -133 234 100 0 0 0 250 500 500 500 0 0 -325 0 0 -50 0 0 0 -50 0 0 136 400 0 600 0 0 130 400 300 309 33 0 0 500 114 -578 136 191 250 0 -33 156 0 0 0 -500 200 0 0 0 0 0 0 -400 -400 -400 0 0 200 200 0 200 -1000 80 0 187 250
666 900 400 900 371 1000 1000 300 600 500 400 666 0 0 883 0 0 300 0 350 357 0 500 0 0 100 533 475 0 0 394 394 763 400 0 1000 0 750 500 500 500 250 1000 375 250 0 250 66 500 0 0 0 550 454 500 0 950 0 0 498 400 500 538 322 0 0 500 446 730 500 518 416 0 222 350 0 0 1000 900 100 0 0 0 0 0 0 400 400 400 0 0 700 350 0 633 1000 216 0 744 500
#COYS 2018-12-23
170 0 208 -4 250 200 850 268 0 -200 208 1000 334 800 0 0 250 0 625 0 0 800 278 0 250 0 0 800 63 -66 0 -500 340 781 -106 0 450 0 150 700 475 700 -29 199 0 102 -214 66 355 0 0 0 187 200 0 -214 -144 600 200 260 0 0 875 1000 -250 -700 1000 500 350 400 352 0 475 0 0 50 0 224 166 -333 -200 400 0 142 428 525 695 500 400 566 -458 375 0 -800 139 0 500 0 507 0
500 100 879 395 900 550 1000 347 0 100 372 750 713 1000 0 0 750 0 750 0 0 750 435 0 500 0 333 1000 694 291 25 700 420 500 526 33 391 0 600 200 525 799 266 427 250 231 357 633 580 0 366 0 535 200 100 357 587 516 500 524 0 0 600 300 888 200 300 650 650 700 508 0 425 0 0 462 0 481 511 666 512 200 0 517 705 475 645 900 700 696 800 500 0 900 659 0 500 0 660 0
#cardiffcity 2018-12-22
193 0 400 0 -166 0 100 225 400 193 -55 0 0 0 -350 -350 0 0 500 -262 -200 500 0 0 0 0 0 0 0 500 0 213 -200 500 300 166 -200 128 0 -185 500 500 0 0 200 0 0 925 283 550 633 0 0 500 0 0 0 157 0 83 0 -116 0 500 0 0 0 0 0 200 0 500 0 0 -250 33 0 0 500 0 0 468 217 0 208 266 0 0 24 -75 375 470 500 0 33 0 -431 733 400 -1000
727 0 900 0 666 0 300 425 250 727 322 0 0 0 900 900 0 0 500 387 233 500 0 1000 0 0 0 0 0 500 0 500 233 500 566 283 233 611 0 532 562 500 0 0 200 0 0 1000 505 600 500 0 0 500 0 0 0 469 0 433 0 200 0 500 0 0 0 0 500 300 0 500 0 0 399 133 433 0 500 0 0 200 417 0 666 866 0 0 558 366 472 625 333 0 544 0 727 700 700 1000
#MUFC 2018-12-22
300 800 166 0 260 0 500 0 0 440 0 226 231 578 500 600 150 0 875 283 -400 225 0 600 0 900 -58 245 0 240 500 300 162 0 0 166 0 616 1000 500 464 432 55 0 150 500 166 312 -25 0 0 150 0 0 250 0 250 111 -62 0 0 0 -50 0 0 116 198 160 1000 0 -449 250 216 425 -12 250 300 250 1000 0 391 550 -166 0 -400 200 87 0 0 0 300 166 287 0 -7 0 -222 500 0 333
600 400 333 0 366 0 600 0 0 440 1000 573 477 660 600 330 250 0 412 461 400 950 0 825 500 1000 866 700 0 290 750 458 333 0 0 333 0 611 300 600 742 821 288 0 656 600 500 520 450 0 1000 112 0 0 283 0 333 742 187 0 0 0 100 1000 0 325 741 414 300 0 399 333 422 250 387 750 458 337 900 0 358 750 700 0 500 425 822 0 0 0 450 166 458 0 676 0 355 600 0 533
#AFCB 2018-12-22
-41 0 0 175 350 0 400 0 -440 0 0 0 240 175 16 500 0 0 0 0 375 68 0 -187 55 600 0 0 0 400 -111 0 83 211 0 -200 500 136 241 900 -25 0 333 0 27 333 -300 400 0 0 0 250 500 93 0 266 258 -300 133 0 0 0 -59 0 0 0 0 0 0 0 -58 0 550 0 0 0 800 -150 333 800 80 0 125 -55 250 -150 239 0 200 0 -75 0 -50 100 -100 0 200 200 -50 500
750 0 0 316 650 0 900 66 700 0 0 0 309 316 452 500 0 250 0 0 375 227 0 500 444 800 0 0 0 450 324 250 166 472 0 200 500 454 340 900 475 0 833 0 370 666 600 450 0 0 0 200 500 594 0 433 491 600 300 0 0 0 561 0 0 0 0 0 0 0 341 0 1000 0 0 0 400 300 500 400 290 0 375 55 500 550 456 0 400 1000 625 0 250 1000 400 0 400 425 225 500
#BHAFC 2018-12-22
500 400 300 -106 0 0 0 -155 0 250 0 175 -316 400 1000 0 -400 208 0 500 0 33 80 0 0 68 337 250 500 309 461 -133 0 0 103 0 0 -272 250 -100 250 -155 -155 -200 183 500 0 533 275 250 0 400 83 -216 250 500 162 250 0 0 279 3 -100 250 0 159 0 375 761 -200 -400 642 199 300 0 200 0 0 26 -459 -100 0 0 0 183 195 236 800 195 204 0 166 0 195 300 0 -300 250 49 366
600 1000 500 393 0 0 0 288 100 500 0 625 466 900 300 0 400 391 0 500 0 466 319 0 0 227 887 600 1000 538 645 508 0 0 641 0 0 452 600 400 250 288 288 700 431 600 0 716 575 600 0 1000 166 833 288 500 279 600 0 0 373 558 400 600 0 380 0 466 611 700 400 417 488 503 0 200 250 0 434 658 400 0 266 400 431 491 818 1000 491 476 0 766 0 491 350 0 400 600 650 633
#CFC 2018-12-22
0 0 39 0 200 0 0 0 0 0 0 0 0 87 0 0 0 0 0 -300 0 600 0 100 192 100 200 0 -312 100 0 200 132 0 0 150 100 -433 0 0 0 0 0 0 -100 0 0 0 0 0 0 350 500 0 0 136 0 200 0 500 266 0 187 0 0 0 0 -125 0 0 316 570 0 800 0 400 0 0 0 -400 0 0 -699 0 0 0 0 166 0 87 600 0 0 20 0 0 0 1000 0 -62
0 0 495 1000 100 125 0 0 0 1000 0 0 0 366 0 0 0 0 0 475 0 1000 0 300 467 300 650 0 687 50 0 575 413 500 1000 50 139 733 0 1000 0 0 1000 0 100 0 0 646 0 0 0 494 475 0 0 454 0 300 0 500 655 0 250 0 0 0 0 375 500 0 450 677 1000 550 1000 900 400 0 0 600 0 0 666 0 0 0 0 300 0 270 900 0 0 125 233 0 500 300 0 162
#LCFC 2018-12-22
0 0 0 0 0 136 250 500 0 404 0 -16 0 0 183 700 0 500 -441 0 136 425 418 200 0 400 214 -266 418 -600 0 137 -400 350 250 -600 0 0 0 0 39 350 -191 0 0 0 0 0 0 99 68 125 800 0 433 0 -66 100 0 -229 20 0 -48 0 0 309 0 250 0 233 0 0 -300 300 -200 0 0 0 400 652 33 500 0 200 1000 293 125 700 100 342 -32 136 233 0 0 -425 0 0 187 333
1000 125 0 0 0 454 333 750 0 549 1000 525 0 0 397 600 0 500 666 312 454 500 577 200 1000 900 596 766 577 800 500 375 600 650 750 800 0 0 0 0 750 425 866 0 125 125 125 0 0 675 727 181 750 1000 733 0 455 1000 0 644 268 0 271 0 0 538 0 291 0 666 0 0 600 541 100 0 0 0 800 590 533 500 1000 900 1000 312 629 350 300 542 324 454 666 0 0 575 0 0 350 666
#HTAFC 2018-12-22
500 750 0 0 0 0 0 0 0 0 50 400 0 700 0 65 0 0 -55 -475 43 199 0 0 0 0 481 -230 200 0 480 900 500 -700 0 0 0 0 240 136 500 0 0 0 0 0 175 0 0 0 625 20 218 -112 333 0 0 100 0 0 40 433 800 0 0 218 1000 0 83 0 65 0 0 0 0 0 400 0 0 700 233 0 250 0 193 0 0 0 0 0 0 0 0 0 -62 266 0 -162 500 145
483 500 0 0 0 0 0 0 0 0 350 900 0 600 0 412 0 100 322 633 437 466 0 500 0 0 658 420 900 0 400 1000 562 1000 0 0 0 0 212 500 500 100 0 0 0 0 325 0 0 0 600 200 175 275 666 0 0 150 0 0 391 600 400 0 0 277 742 0 166 0 412 0 377 0 0 0 400 0 0 600 650 0 250 0 475 0 0 50 0 500 0 0 0 0 400 541 0 375 888 625
#SaintsFC 2018-12-22
400 0 0 0 0 0 0 0 100 400 250 -600 0 333 0 0 400 84 666 100 433 350 0 0 0 0 0 0 0 245 0 200 0 0 312 42 62 183 0 700 433 0 -100 0 0 0 0 466 -700 -500 -500 0 0 0 0 0 0 0 0 0 68 0 0 240 136 0 -100 -53 138 0 0 0 0 0 120 20 327 0 0 0 0 0 0 200 0 500 600 0 0 0 0 218 -250 250 124 0 0 -187 200 0
400 0 0 0 0 0 0 0 300 900 500 800 0 333 0 0 900 413 666 713 799 725 0 0 0 0 0 1000 100 451 0 500 0 0 1000 540 437 666 0 900 733 0 600 0 0 0 0 483 1000 500 500 0 0 0 0 0 0 0 0 0 277 0 0 212 500 0 400 300 300 0 0 0 0 0 720 300 611 0 0 0 0 0 0 500 0 888 1000 0 125 0 0 175 1000 300 333 0 0 500 500 0
#MCFC 2018-12-22
0 0 0 0 0 136 0 309 116 309 500 66 0 0 0 0 900 0 -155 0 0 0 33 0 0 0 0 33 570 0 0 0 200 0 0 -699 0 87 0 0 0 0 0 1000 750 -800 -250 0 0 296 0 233 0 800 166 234 0 300 0 0 -103 1000 0 0 0 0 425 0 650 0 108 100 0 1000 0 107 -250 478 100 0 136 0 227 0 0 309 550 0 100 100 0 210 0 -200 0 499 500 33 134 134
1000 0 1000 0 0 500 0 500 683 500 500 516 500 1000 1000 0 1000 0 288 0 0 0 322 0 0 500 0 500 677 0 1000 1000 575 400 0 666 0 270 0 0 0 0 500 300 750 900 500 0 0 596 0 733 0 700 450 763 0 750 0 500 175 300 125 1000 1000 0 625 0 450 0 366 656 0 300 0 670 666 451 100 500 454 0 545 0 1000 538 612 0 1000 1000 0 350 0 450 0 350 500 175 813 813
#CPFC 2018-12-22
0 0 600 100 0 500 0 0 -200 -23 570 400 0 250 683 0 650 0 200 0 500 0 116 0 0 500 1000 0 250 0 0 0 416 500 399 350 0 0 21 571 0 0 0 -77 100 136 281 400 83 0 366 0 0 0 0 0 0 0 0 0 0 900 0 -250 0 650 0 1000 0 0 0 0 500 433 325 500 500 500 0 633 285 233 250 175 0 0 0 0 0 0 266 0 0 0 5 0 -150 0 0 0
0 0 900 200 0 500 0 0 600 767 677 900 0 300 675 0 450 0 200 0 600 0 250 0 0 500 300 0 250 0 0 100 355 900 661 550 0 0 534 484 0 0 0 144 50 454 500 375 166 0 283 0 0 0 0 0 0 0 0 0 100 900 0 250 0 616 0 300 283 66 0 0 500 411 308 833 833 833 0 583 535 444 750 400 0 125 125 125 0 0 433 0 0 0 437 0 300 0 0 0
#NUFC 2018-12-22
41 1000 330 -800 -87 50 650 0 0 125 0 0 0 0 0 800 0 0 -197 0 0 0 -300 -8 0 -300 750 -390 -145 0 100 0 0 600 33 475 0 0 0 0 0 -12 0 0 0 -400 0 0 50 0 0 0 650 0 400 0 0 0 0 0 62 0 0 136 77 0 250 -375 100 -110 -50 250 -300 -300 900 -155 570 500 0 400 0 500 0 600 100 87 100 625 0 100 -49 600 0 50 0 0 0 446 0 0
487 1000 665 800 312 200 700 0 0 633 0 1000 0 0 0 400 0 0 633 0 0 0 400 766 0 400 1000 687 270 0 150 300 0 900 733 456 0 0 0 0 0 91 0 0 0 600 0 100 200 0 0 0 819 0 1000 0 0 0 50 0 650 0 0 454 377 0 900 681 112 637 283 750 550 375 525 288 677 500 0 900 0 750 0 1000 400 270 100 700 633 400 416 1000 0 691 0 0 0 535 0 0
#FFC 2018-12-22
567 500 0 100 0 0 0 350 0 -100 456 0 0 500 400 625 187 -223 0 9 9 0 85 0 1000 500 0 0 0 833 0 500 0 0 0 250 0 236 400 83 400 500 0 800 -66 0 0 154 -25 250 0 0 366 125 800 350 0 500 33 333 430 442 0 -297 0 200 566 0 500 288 583 413 -100 0 -100 200 0 288 200 200 0 -400 183 0 50 140 136 0 0 0 96 0 -799 0 0 0 0 0 0 181
440 500 0 200 0 0 0 494 0 900 600 0 0 500 900 500 250 641 0 656 656 0 555 0 1000 500 0 0 0 600 0 500 0 0 0 950 75 713 400 166 400 894 266 750 500 0 0 542 325 250 0 0 700 400 400 550 0 500 300 666 505 717 0 529 0 950 666 0 500 309 783 624 400 1000 400 200 266 309 200 200 0 400 850 0 150 367 500 0 0 0 273 0 1000 0 0 0 100 0 0 529
#WHUFC 2018-12-22
0 246 -122 0 0 500 400 175 0 166 0 0 0 250 250 250 0 500 208 220 0 0 0 0 0 0 0 166 200 0 800 300 0 0 0 0 0 0 94 250 0 283 -200 0 0 0 500 700 50 350 33 500 500 500 50 0 100 68 68 68 22 125 250 -250 433 300 400 0 0 0 800 0 250 200 200 -400 0 180 0 0 0 0 150 100 114 0 0 -100 0 0 0 0 400 600 0 0 0 -100 100 75
0 408 366 0 0 500 900 275 500 879 0 0 333 416 416 416 0 500 391 425 0 0 0 0 0 0 0 433 100 0 750 550 0 0 0 0 0 1000 641 333 0 438 200 0 250 0 600 800 150 350 66 833 833 833 150 0 500 227 227 227 260 1000 407 325 666 550 400 0 0 0 1000 0 450 300 300 400 0 230 0 0 0 0 491 300 457 0 0 400 0 0 0 0 450 799 0 0 0 400 500 418
#WatfordFC 2018-12-22
330 0 0 500 0 -133 0 0 0 66 400 473 0 107 208 0 0 0 0 0 500 0 400 0 0 449 250 0 0 66 473 0 121 0 66 500 400 400 0 400 425 700 0 0 -200 99 500 0 0 0 0 0 0 466 287 0 400 -400 0 900 0 324 0 300 0 0 250 0 250 0 178 0 100 0 0 250 0 0 650 0 0 0 0 500 0 400 0 1000 216 500 21 0 0 0 500 0 199 612 0 425
645 0 0 500 0 399 0 0 150 208 900 833 1000 285 391 0 0 0 0 0 500 0 400 0 0 575 283 0 150 208 833 0 251 0 208 625 400 400 0 400 350 700 0 0 200 300 900 0 0 250 0 0 0 666 400 0 400 400 0 700 0 530 0 383 0 0 200 0 500 0 319 0 650 0 0 333 0 0 450 0 0 0 0 600 0 799 0 750 277 600 164 0 0 0 750 0 288 462 0 500
#AFC 2018-12-22
303 500 0 41 0 118 0 0 -666 234 0 -50 0 0 0 0 800 333 266 -94 -337 0 -440 0 -49 136 0 -133 -97 200 101 0 166 254 0 0 258 0 0 0 0 0 0 0 346 495 0 0 0 0 440 283 0 371 0 -300 0 0 570 0 0 400 284 0 0 0 0 640 399 136 -155 0 -333 0 0 -250 0 200 0 0 50 0 -350 -325 110 68 0 0 0 375 175 138 0 60 0 -100 0 0 0 350
470 600 0 416 1000 727 0 0 733 658 1000 400 0 0 0 333 1000 500 441 466 492 0 879 0 700 454 0 175 144 550 375 0 600 566 0 0 500 500 1000 0 125 1000 0 0 640 445 0 650 0 100 580 433 0 558 500 533 0 0 677 1000 1000 900 513 0 0 0 0 750 633 500 288 0 666 0 500 283 0 500 0 0 533 0 850 575 504 377 0 0 0 416 275 550 0 483 0 150 0 500 0 300
#Clarets 2018-12-22
0 400 0 0 0 0 83 0 266 800 500 31 333 100 0 100 0 0 0 -300 108 0 0 450 0 200 318 100 0 0 800 0 156 0 200 136 200 0 0 0 0 100 0 400 0 158 0 0 0 0 500 0 76 400 0 100 400 450 561 800 100 250 0 1000 0 0 0 0 525 0 800 -388 800 0 468 400 700 0 800 0 500 800 200 -274 0 0 0 500 0 -345 0 52 395 800 800 800 0 383 800 800
0 900 0 0 0 0 166 0 433 400 916 375 666 400 0 900 0 0 0 600 366 0 0 700 0 300 700 300 100 0 400 0 416 0 300 454 300 0 0 66 0 100 0 375 1000 358 0 0 0 0 888 100 592 800 0 100 800 650 545 1000 1000 250 66 300 0 0 0 0 561 0 400 833 400 0 727 200 550 66 400 0 650 400 500 741 0 0 0 500 0 570 1000 322 395 400 400 400 0 316 400 400
#wwfc 2018-12-21
0 -200 1000 600 -62 400 399 500 317 0 0 287 0 316 0 0 168 166 0 0 1000 0 0 175 0 125 0 237 -133 0 0 0 1000 0 -286 -400 400 0 285 285 0 130 0 -500 0 0 0 1000 -100 0 0 711 500 400 400 900 900 125 200 200 1000 -93 0 0 33 166 500 150 0 800 625 142 0 0 0 -200 600 0 100 800 625 0 625 475 0 0 200 0 -93 400 100 0 0 350 800 0 0 500 0 0
0 400 300 600 687 700 450 500 530 0 0 487 95 483 0 0 477 333 0 0 300 0 0 625 100 166 0 416 566 0 0 0 400 0 591 600 400 0 535 535 0 427 0 400 500 0 0 300 200 0 0 799 500 375 375 750 750 500 900 900 300 471 950 0 333 355 900 200 0 1000 500 267 0 0 0 350 625 0 300 750 1000 0 1000 633 0 0 300 0 321 800 250 1000 0 650 400 0 0 750 0 0
#LFC 2018-12-21
500 -502 0 -161 1000 0 0 0 -500 100 500 500 200 1000 296 0 433 0 200 1000 150 875 227 0 100 0 -350 400 400 0 1000 350 0 1000 -100 200 -200 1000 0 562 200 800 1000 200 0 -699 500 -366 0 0 0 -400 0 193 234 883 0 0 100 -33 100 -375 750 433 333 1000 0 285 175 0 83 -90 1000 -33 0 0 0 -291 400 0 0 -400 0 0 -3 -200 250 -400 0 136 0 187 0 350 0 0 500 500 -200 0
500 738 0 722 1000 400 100 0 900 1000 500 500 400 400 596 0 322 0 500 300 50 600 545 0 350 0 1000 266 200 0 400 300 0 300 300 100 800 400 0 750 550 400 100 100 0 666 888 799 0 0 0 600 0 277 763 616 0 0 50 558 400 400 675 833 500 1000 0 535 512 0 111 330 400 716 0 500 300 541 900 0 0 600 0 0 353 250 500 400 0 454 0 475 0 550 0 0 600 500 400 400
#LFC 2018-12-16
0 0 0 0 0 250 400 -400 -15 0 427 443 309 66 0 1000 400 0 0 0 700 -150 0 642 800 0 800 500 250 362 210 625 333 0 800 -900 200 0 0 0 0 0 1000 1000 1000 221 234 199 800 800 199 0 0 150 0 -83 -400 500 0 -100 -488 500 0 0 234 -400 0 800 -400 -38 0 0 0 0 1000 0 500 433 -62 150 450 150 0 0 400 0 1000 0 87 500 376 0 0 427 -198 150 1000 61 0 145
0 0 0 0 0 333 700 700 208 0 590 563 538 700 0 300 900 0 0 1000 600 800 0 417 400 100 400 500 333 712 146 1000 666 0 400 950 500 0 0 0 0 0 300 400 400 640 763 600 800 400 500 0 0 483 1000 716 550 500 0 675 655 550 0 0 720 550 0 400 700 585 0 0 0 400 300 0 500 466 187 216 650 216 0 0 200 0 700 0 270 750 689 0 0 650 524 100 300 467 0 709
#MUFC 2018-12-16
-322 375 -291 0 -150 250 100 508 0 0 427 400 0 0 0 309 99 375 111 -49 600 1000 -37 500 231 250 0 99 0 0 0 -266 0 -400 250 600 227 0 0 150 0 0 -350 6 0 66 43 700 0 -400 0 427 0 0 0 100 0 100 0 0 166 0 -400 250 329 0 1000 0 800 0 221 0 0 0 -500 234 588 800 0 0 166 300 0 0 -55 0 0 -18 261 0 -488 0 0 183 0 600 89 0 -400 -8
522 466 541 0 625 333 1000 513 500 0 590 400 500 0 0 538 491 875 341 650 800 300 137 600 420 750 0 550 100 0 0 733 0 400 200 800 545 0 0 600 0 500 550 500 66 400 427 600 0 400 0 650 0 0 400 1000 0 300 0 0 666 66 400 750 622 0 300 0 900 0 640 0 0 0 500 763 467 800 0 0 666 750 0 0 55 1000 0 520 488 0 655 0 0 583 0 800 473 0 400 0
#BHAFC 2018-12-16
200 309 890 0 0 1000 0 700 -37 0 500 -375 209 -291 0 666 300 -131 250 1000 100 136 700 136 -50 500 0 -400 -150 0 62 350 0 0 291 550 0 100 0 16 400 900 593 229 437 0 0 0 368 43 -400 -61 0 0 0 0 -299 333 0 250 625 0 0 0 500 -100 170 0 0 368 625 178 200 -277 199 708 0 0 500 700 -77 -100 500 687 416 0 125 309 300 -400 0 8 500 0 425 0 200 175 625 333
200 538 650 0 1000 750 0 600 412 0 500 600 375 541 500 800 479 450 700 1000 300 500 600 500 250 500 500 600 900 0 50 300 0 0 547 475 0 300 0 244 400 1000 775 391 650 0 0 0 603 50 400 511 0 0 0 0 433 688 0 459 750 0 0 0 500 200 454 0 0 603 600 751 200 344 850 411 0 0 500 900 144 533 750 875 562 0 375 538 500 400 0 376 900 0 950 0 266 500 750 388
#CFC 2018-12-16
0 66 0 500 250 0 -266 141 500 -800 500 49 309 1000 0 0 33 125 0 -88 500 24 250 0 137 700 420 0 0 1000 -700 587 412 -121 500 19 0 -362 -155 500 0 577 0 0 -400 0 616 0 -400 0 0 500 249 454 0 0 454 0 0 450 310 -12 0 87 0 500 1000 0 0 0 133 0 136 0 0 0 800 -33 0 0 0 0 0 0 212 0 166 0 1000 0 468 0 -500 0 0 0 0 0 0 0
0 255 0 833 333 0 366 423 833 800 833 550 538 300 0 0 399 900 0 338 1000 450 408 0 512 799 403 0 0 300 850 425 543 177 833 531 0 587 288 900 0 405 0 0 550 0 866 0 550 0 0 833 850 845 0 400 845 357 0 500 696 125 0 270 0 500 300 0 0 0 608 0 454 0 0 0 400 541 0 0 0 0 0 0 418 0 300 0 300 0 750 0 1000 0 0 0 0 0 0 0
#SaintsFC 2018-12-16
0 524 0 800 450 0 0 800 483 325 -100 0 412 533 0 400 0 -120 -200 0 0 200 400 0 -50 0 600 608 -200 200 0 104 275 20 -200 165 -15 368 800 -417 700 0 136 0 0 -700 200 500 45 200 0 213 1000 400 -25 0 150 45 136 312 0 0 300 46 125 -50 -37 500 0 435 357 625 250 0 0 318 48 475 65 0 233 50 0 0 0 0 200 199 400 -400 -400 -33 -637 -637 0 241 900 68 0 450
0 783 0 400 200 0 0 400 514 566 400 0 450 670 0 400 0 470 400 0 0 500 375 0 277 1000 700 866 400 300 125 66 550 125 200 471 310 727 750 624 600 0 500 0 0 1000 200 550 262 500 0 454 300 450 100 0 475 633 500 333 0 0 333 421 900 125 533 600 0 527 535 608 333 0 0 477 380 350 587 0 633 366 0 0 0 0 300 333 900 400 400 600 700 700 0 516 1000 527 0 575
#AFC 2018-12-16
250 233 0 166 -150 100 136 616 0 81 0 211 650 575 550 0 2 0 199 200 33 0 164 0 312 0 500 459 0 0 0 0 0 580 0 325 500 194 250 0 225 0 460 0 850 0 0 368 0 0 0 0 1000 1000 666 0 429 102 800 495 350 -16 -33 100 200 0 1000 266 0 -350 200 491 0 261 0 383 68 0 450 -699 250 0 0 0 -99 0 625 200 342 0 800 0 142 0 500 308 0 0 0 559
333 283 0 166 200 0 500 791 0 575 0 495 675 975 750 0 344 0 300 200 66 0 362 0 200 0 600 440 0 0 0 0 0 770 0 750 500 459 875 0 318 0 524 375 1000 0 0 425 0 0 0 0 1000 1000 666 0 562 705 750 629 600 785 375 383 150 0 300 166 0 500 300 467 0 555 0 716 485 1000 450 666 200 0 0 0 350 0 600 300 378 0 875 0 317 300 622 498 0 0 0 830
#FFC 2018-12-15
0 1000 -155 0 0 0 0 400 0 0 200 375 0 0 0 0 0 125 500 136 0 0 0 -400 100 -150 0 466 -155 -155 -155 262 0 0 0 0 136 500 -350 -87 0 475 0 0 500 0 0 0 0 -141 666 0 0 0 -77 750 0 0 0 800 142 -750 -33 83 0 900 500 0 0 0 0 0 68 350 0 0 116 375 0 0 0 0 500 0 0 159 800 -169 0 400 0 -549 0 0 0 0 68 0 -400 99
0 400 288 0 0 0 0 400 0 0 200 500 0 0 0 0 0 400 500 454 0 0 0 400 400 200 0 470 288 288 288 575 0 0 0 0 454 750 875 284 0 416 0 0 500 0 0 0 0 325 860 0 0 0 344 950 0 0 0 400 267 900 666 229 0 400 500 0 0 0 0 0 227 300 0 0 205 400 0 0 0 0 500 0 0 338 400 311 0 700 0 533 33 195 0 0 227 0 400 320
#WHUFC 2018-12-15
600 500 0 -25 0 0 449 24 136 0 500 136 40 136 136 136 136 0 0 0 0 33 0 0 -155 -155 -155 -155 100 200 0 -81 50 50 0 0 375 500 500 0 80 335 136 95 -200 500 250 0 0 0 -750 187 0 366 -200 50 0 200 362 -77 0 0 0 0 0 0 0 433 400 100 412 0 900 0 500 -1000 325 0 -400 -100 50 -200 66 0 1000 400 50 0 0 -166 -155 350 -35 350 0 0 0 33 0 500
900 500 0 233 0 0 352 287 500 0 500 500 382 500 500 500 500 0 0 0 0 399 0 0 288 288 288 288 400 100 0 527 350 350 0 0 550 500 600 0 300 727 454 407 400 500 500 0 0 0 750 444 0 716 250 183 0 300 275 144 0 0 0 0 125 125 125 600 375 300 551 0 400 0 500 1000 625 0 400 400 183 50 600 0 300 500 233 0 0 433 288 300 500 300 0 0 0 175 0 500
#CPFC 2018-12-15
268 45 166 0 167 0 0 0 0 700 458 -150 -150 500 0 0 0 268 500 0 0 -233 200 0 0 -400 100 361 0 0 0 0 0 0 500 0 0 333 250 300 0 192 0 0 0 0 136 0 -200 -214 -214 -214 143 0 -200 196 -77 250 0 0 0 300 -49 0 0 285 300 136 0 375 0 -200 200 427 0 0 500 875 500 0 133 0 -33 0 -625 487 0 333 375 340 0 342 0 250 350 0 0 0 -625 625
650 318 533 0 446 0 0 0 0 900 500 800 950 500 400 0 562 650 500 0 650 666 500 0 0 400 1000 461 0 0 0 0 0 0 500 0 0 666 250 550 66 535 500 0 0 0 500 0 400 500 500 500 343 0 262 288 344 333 0 66 0 550 633 650 0 535 488 500 0 475 0 200 500 490 0 0 500 600 500 0 250 0 212 0 900 650 0 500 475 617 0 667 0 333 300 0 0 0 1000 900
#LCFC 2018-12-15
250 400 0 250 170 -1000 0 0 0 0 100 0 500 500 0 500 0 50 0 0 0 99 0 350 0 49 -217 0 0 100 318 644 -500 -500 -500 468 136 585 -145 0 0 0 397 0 125 -233 0 1000 500 350 309 0 0 0 0 22 500 0 100 0 -400 -162 0 0 211 0 0 -3 -11 0 0 0 0 0 125 500 154 250 100 0 318 364 800 0 0 0 136 0 0 250 0 781 0 0 0 0 145 177 400 0
500 394 0 500 500 1000 0 0 400 0 450 0 500 541 0 900 0 500 0 0 0 516 0 520 0 450 636 0 0 300 677 805 500 500 500 675 454 750 770 0 0 0 305 0 400 666 0 300 900 577 538 0 0 0 0 622 600 300 1000 0 400 531 0 0 455 0 0 649 433 0 0 0 0 0 166 500 434 283 300 0 477 506 1000 0 0 0 500 0 0 283 0 500 0 66 0 0 351 255 400 240
#HTAFC 2018-12-15
0 -400 275 0 0 0 0 -131 400 0 0 0 500 0 0 136 166 342 -300 0 350 17 0 0 0 350 0 216 0 55 0 500 0 0 -400 0 0 125 218 93 0 0 200 500 291 0 399 -250 350 350 99 0 250 0 0 500 0 53 -400 0 0 0 -400 81 800 0 0 -133 0 -200 390 0 0 100 250 453 0 0 358 68 0 0 0 0 0 -200 0 1000 1000 -200 0 300 -63 625 0 0 193 800 125 0
0 400 525 0 0 0 0 450 450 0 0 0 500 0 0 336 166 359 600 125 650 560 0 0 0 244 0 683 0 111 0 500 0 0 400 0 0 425 843 569 0 0 100 500 166 0 450 450 350 244 650 0 100 0 0 500 0 546 400 0 283 0 400 606 750 0 0 300 250 266 333 1000 0 383 500 634 0 0 700 377 0 0 0 55 0 433 0 454 1000 600 0 650 408 400 0 0 475 1000 625 0
#NUFC 2018-12-15
0 600 285 87 0 0 0 0 0 600 0 0 0 0 -100 800 0 0 -62 -200 500 400 0 -100 625 100 0 -166 87 125 188 0 0 0 0 -181 50 250 625 0 0 -62 0 500 156 0 0 400 -175 0 0 200 0 296 400 250 0 285 -78 0 0 357 0 136 0 0 -137 -108 -76 41 33 -200 -937 600 150 -100 350 -183 0 0 0 250 250 500 -75 -29 285 178 0 0 110 33 500 50 625 0 0 0 66 0
0 1000 535 556 0 300 0 0 0 1000 0 0 0 300 350 1000 0 0 537 400 800 500 50 50 500 200 0 583 270 300 597 0 0 0 0 511 700 750 500 0 0 336 0 700 421 112 0 900 350 0 400 539 0 550 400 250 0 535 300 66 0 571 0 454 0 0 575 283 472 273 666 800 800 900 649 50 300 608 0 0 0 651 651 500 700 585 535 751 0 0 417 366 900 650 650 0 0 0 744 0
#COYS 2018-12-15
170 300 0 0 500 400 850 0 150 71 833 0 -250 0 0 -291 0 800 600 -300 750 -194 128 0 0 0 0 300 0 1000 0 50 0 59 0 -250 0 0 600 0 0 0 275 250 -291 600 0 500 0 338 0 0 250 800 0 400 250 50 0 0 359 200 0 0 399 -92 500 275 500 0 -250 -166 800 0 1000 0 136 500 500 200 0 33 -208 0 900 0 0 -200 -24 0 0 250 0 445 -200 1000 650 178 350 0
500 100 0 66 600 250 1000 0 362 783 833 0 525 125 0 541 0 750 950 400 800 416 478 0 1000 1000 0 100 0 1000 0 600 0 351 799 250 0 0 625 0 1000 0 708 200 541 887 0 500 0 557 0 0 562 750 0 500 950 500 66 0 763 200 66 0 422 550 600 425 500 0 525 188 750 0 1000 0 454 625 888 500 0 559 688 0 1000 0 0 500 700 0 0 950 33 510 400 1000 700 267 500 0
#Clarets 2018-12-15
500 500 0 -400 -400 0 0 -150 50 400 0 0 0 0 243 0 335 350 -400 0 -1000 0 -166 0 0 0 243 254 0 -400 0 75 -400 254 50 243 136 250 683 0 243 0 -400 0 175 0 500 0 186 243 0 -400 0 0 238 0 266 250 0 0 -500 0 0 0 0 0 116 0 33 243 0 -400 0 315 -349 0 400 141 0 266 0 0 0 0 0 -166 0 468 0 0 0 0 0 0 0 -400 0 28 0 0
833 800 0 400 400 0 0 400 50 750 0 0 0 0 543 0 500 300 400 0 1000 0 166 0 0 0 543 338 0 400 0 325 400 338 50 543 454 250 350 0 543 0 400 0 408 0 1000 0 353 543 0 400 0 0 455 0 333 333 0 0 1000 0 0 0 0 0 250 0 566 543 0 400 0 550 333 125 250 291 0 244 0 0 0 0 50 166 0 427 250 0 0 0 0 0 0 400 0 452 0 0
#WatfordFC 2018-12-15
353 100 133 250 286 -250 0 0 0 357 500 0 216 0 0 100 201 0 1000 800 0 0 0 0 350 400 -874 166 0 0 0 0 -400 0 50 378 354 0 0 500 136 0 -250 618 400 0 -250 0 800 0 0 500 174 0 100 468 489 525 728 183 521 0 175 175 16 0 166 500 0 296 781 -25 0 0 31 0 446 0 700 0 350 0 446 250 122 400 0 350 156 466 400 339 516 219 -62 0 800 400 400 400
618 950 466 200 453 150 0 66 0 571 600 1000 633 0 0 483 638 0 1000 400 0 0 0 0 341 400 666 305 1000 387 0 0 400 0 550 833 416 0 0 600 500 0 250 475 200 0 250 0 750 0 0 625 573 0 900 727 583 250 510 417 600 0 478 441 266 0 500 750 0 540 750 511 0 0 366 0 571 0 800 0 300 0 571 283 264 875 1000 399 100 465 408 520 583 504 237 0 1000 400 400 400
#cardiffcity 2018-12-15
500 0 0 0 0 500 -400 400 0 500 900 0 16 0 500 0 0 -800 350 700 800 0 0 400 0 0 500 800 -600 100 0 178 0 875 0 0 800 136 200 500 0 650 0 0 0 -88 800 450 500 0 400 312 1000 0 0 176 -433 0 0 0 0 182 0 0 200 200 200 -265 700 800 -265 208 0 0 0 50 180 400 666 0 0 500 193 0 339 -500 0 0 0 -21 737 0 500 875 -200 0 900 0 500 625
500 0 0 0 0 500 400 1000 0 500 1000 0 266 0 500 0 0 900 300 800 400 0 0 900 500 0 800 400 900 700 0 418 0 700 0 0 1000 454 200 800 0 450 0 0 0 334 400 550 500 0 400 300 300 0 0 772 600 0 0 0 0 605 333 0 200 200 200 545 600 750 545 500 0 0 0 441 420 400 533 0 0 500 501 0 510 900 0 0 0 514 800 100 600 600 400 0 900 0 888 600
#wwfc 2018-12-15
0 -750 900 204 100 -250 0 425 -44 0 0 0 0 107 -100 250 500 0 0 208 0 0 295 -90 -90 116 116 0 0 0 -750 -400 625 0 2 600 -400 600 0 600 100 600 0 850 750 292 341 250 -300 0 500 0 0 0 -106 166 -250 -150 33 0 33 0 -150 0 4 4 700 150 0 0 200 50 400 0 150 0 0 33 158 600 556 300 -200 0 83 500 266 781 0 0 0 -160 604 -72 250 111 399 0 366 142
0 900 700 633 400 700 0 758 444 0 0 0 0 625 500 512 500 0 0 629 0 0 523 500 500 177 177 0 0 0 1000 400 750 0 446 600 400 1000 0 1000 300 900 0 1000 1000 267 458 500 600 0 600 0 0 850 433 166 333 750 66 250 66 0 325 0 485 485 600 416 0 0 300 358 500 0 316 0 0 683 399 800 566 433 600 0 333 500 700 500 0 0 0 401 275 372 750 563 450 0 700 267
#AFCB 2018-12-15
0 500 350 136 0 0 0 0 0 500 0 0 400 400 199 250 600 -400 -200 0 0 250 -400 0 0 333 250 37 0 300 500 0 600 0 200 485 500 0 -400 250 0 0 0 0 0 0 712 800 500 500 0 0 0 0 500 342 500 375 259 49 260 200 350 590 -210 0 350 525 -250 0 0 0 0 -210 250 0 566 0 0 0 0 400 300 -62 -106 0 114 0 0 63 566 0 375 100 800 241 0 500 625 600
0 500 550 454 0 0 0 0 0 500 0 66 900 408 245 200 900 400 100 0 0 900 400 66 0 666 100 412 0 616 500 0 650 0 300 602 500 0 400 500 0 0 0 0 0 0 625 750 355 500 1000 1000 1000 0 500 667 475 350 610 358 341 550 300 772 180 500 512 475 400 0 0 0 0 180 700 0 466 0 0 500 0 408 500 187 293 0 459 0 0 372 466 0 1000 383 400 650 0 500 500 600
#MCFC 2018-12-15
427 0 166 0 0 234 0 0 0 424 312 0 -125 0 300 500 87 -4 300 0 0 0 300 0 0 0 340 0 800 0 212 318 296 0 -166 0 0 427 33 0 107 0 154 0 0 -100 -100 0 0 0 0 0 0 47 0 500 0 0 1000 0 178 250 0 0 0 0 500 700 0 380 0 500 136 0 0 0 250 500 134 600 1000 0 0 100 0 700 136 107 0 -400 427 0 600 0 -333 535 350 500 309 134
650 0 300 464 0 763 0 0 0 487 500 400 500 0 483 500 270 395 100 0 0 0 100 0 0 0 529 0 1000 0 418 625 596 66 188 100 600 650 559 0 625 0 401 0 0 500 562 0 0 0 0 0 0 223 0 500 0 0 300 0 751 375 0 0 0 0 466 750 0 640 0 750 500 0 0 400 500 600 813 900 300 0 0 200 0 600 500 670 0 600 650 0 900 0 666 514 550 500 538 813
#EFC 2018-12-15
0 234 0 366 0 675 -625 -166 49 300 250 0 0 0 200 366 0 -300 518 0 187 0 0 0 0 100 0 0 0 0 -51 0 0 0 32 250 0 500 0 0 200 -33 0 0 533 450 0 178 250 800 -33 0 275 400 -75 0 -2 0 250 233 0 0 0 -600 387 0 600 0 19 0 0 0 0 0 0 568 200 0 0 500 500 500 500 800 -300 -500 400 400 609 0 100 500 309 500 0 500 0 0 0 700
0 763 400 555 1000 825 400 266 850 583 361 0 0 0 500 555 0 500 727 0 1000 100 0 0 0 400 0 0 0 0 396 0 0 0 210 300 0 600 0 0 500 633 0 0 799 700 1000 751 375 1000 255 100 650 800 366 1000 122 0 500 408 0 0 0 700 650 0 900 0 380 400 550 0 0 0 0 727 512 0 0 500 500 500 500 200 500 500 500 900 425 0 449 500 538 500 0 500 0 0 0 600
#EFC 2018-12-10
0 0 71 0 0 309 -33 450 0 250 0 -131 0 0 0 0 500 72 0 -200 0 0 0 -141 0 0 500 0 0 0 50 400 0 157 -99 366 0 166 133 125 48 0 0 0 -155 -200 0 0 0 166 0 250 -145 266 0 136 0 0 0 199 0 -300 0 400 0 300 50 0 400 350 -150 500 208 250 0 100 -600 -20 0 -500 0 -291 0 250 0 0 0 0 -166 309 0 0 125 0 400 400 136 0 0 400
100 0 525 0 0 538 366 850 0 250 0 427 0 55 0 0 500 194 0 0 0 0 400 558 0 0 500 100 0 0 100 800 0 600 583 466 0 333 600 666 196 0 0 0 288 300 500 0 0 166 0 333 270 327 0 454 0 0 0 394 0 400 0 1000 0 441 100 0 1000 800 700 433 333 500 0 400 900 643 0 900 0 541 0 500 0 0 0 0 333 538 0 0 199 0 600 600 500 0 0 600
#WatfordFC 2018-12-10
750 -583 0 325 800 0 0 428 500 -300 166 333 300 500 1000 406 0 133 0 -450 97 0 0 0 0 0 0 215 0 0 -158 234 209 0 400 -125 500 0 0 386 -16 400 200 250 0 0 0 0 609 0 50 -125 500 0 -166 136 -200 425 -400 -234 237 136 400 -200 -625 -125 520 0 0 399 0 200 0 0 0 0 -62 50 200 -8 0 800 0 0 0 -25 0 0 500 0 136 0 0 -400 175 0 1000 253 -25 450
500 583 0 75 400 0 0 511 500 600 666 666 625 600 750 466 0 533 0 700 427 0 500 0 0 0 0 618 0 0 533 300 526 0 600 125 180 0 0 706 516 600 200 450 0 0 0 0 673 0 224 500 500 0 666 500 800 1000 400 695 600 500 400 200 1000 500 700 0 0 200 0 650 0 0 0 0 437 50 320 158 0 750 0 0 0 200 0 0 500 0 454 0 0 400 375 0 1000 411 393 450
#NUFC 2018-12-09
0 0 65 0 0 0 0 0 -1 0 0 -225 0 0 0 0 0 0 0 -241 399 214 500 87 0 0 0 0 0 0 0 0 309 136 500 468 0 468 0 500 0 -1000 0 -450 0 350 0 200 0 0 125 333 -100 0 0 0 0 0 0 400 0 378 800 0 0 -155 500 0 259 450 500 450 0 0 50 300 0 0 625 0 0 800 211 0 0 0 0 0 0 200 -500 0 0 0 0 -75 312 0 0 0
1000 1000 369 0 0 0 0 0 172 0 0 775 0 0 0 66 66 0 0 491 516 571 500 270 0 0 0 0 0 0 0 0 538 454 600 750 0 750 0 600 0 1000 0 700 0 650 0 500 0 0 591 666 300 0 0 0 0 0 0 875 0 750 400 0 0 418 400 0 597 1000 500 1000 0 0 200 450 0 0 500 0 0 750 577 0 0 0 0 0 0 200 1000 100 0 0 0 825 900 0 0 66
#wwfc 2018-12-09
160 191 199 215 0 0 169 0 0 0 116 100 0 -50 -110 -500 100 0 0 800 950 312 250 0 0 87 188 150 83 145 5 433 -400 87 -500 83 800 0 0 0 0 -400 214 -200 300 -387 1000 500 0 400 475 0 -50 0 0 200 0 500 0 237 25 0 0 0 -399 -400 200 -250 500 0 93 0 0 0 0 -87 366 0 287 425 0 200 116 0 0 1000 100 0 0 0 -600 350 156 412 250 -50 600 -33 0 0
433 566 333 585 0 0 632 0 0 0 766 400 0 655 380 1000 200 0 0 400 650 500 200 0 0 700 244 1000 433 291 311 705 600 762 800 147 750 0 0 0 0 400 642 200 250 400 300 600 0 1000 775 0 400 0 500 100 0 888 0 500 208 0 0 0 466 400 587 500 888 0 400 0 0 0 0 426 633 0 437 719 0 300 233 0 0 1000 200 0 0 0 900 650 400 350 433 400 1000 233 0 0
#LCFC 2018-12-08
199 254 300 187 0 -400 0 -200 306 162 133 150 0 0 0 0 309 350 454 328 600 0 309 0 575 0 0 -291 0 250 0 0 309 0 0 0 1000 0 1000 1000 0 -83 750 -400 0 0 0 0 100 0 0 -116 0 200 334 309 148 148 0 0 0 0 136 375 0 250 500 136 -500 250 -400 0 0 500 0 616 100 0 -500 0 200 800 392 309 0 -400 -116 253 0 -400 0 0 0 0 0 0 250 0 0 83
466 338 200 437 0 400 0 0 761 384 300 450 0 0 0 0 538 577 1000 542 475 0 538 0 562 0 0 541 0 283 0 0 538 0 0 0 750 0 750 750 0 188 750 400 0 0 0 0 300 250 0 500 0 187 551 538 296 296 300 0 0 0 454 675 0 333 800 454 300 100 400 0 0 600 0 750 83 0 300 0 450 950 564 538 650 400 233 257 0 400 0 0 0 0 125 0 300 0 66 583
#COYS 2018-12-08
223 170 800 500 -112 -250 275 0 -800 0 0 254 300 0 0 700 187 0 0 0 -400 0 250 600 0 -125 0 0 0 0 271 -175 162 300 0 25 0 0 0 56 0 600 333 105 234 0 0 0 0 428 0 0 0 0 0 158 0 -100 -50 267 0 625 0 350 0 235 -100 100 452 0 0 0 500 0 0 0 0 466 700 0 0 446 0 150 300 170 0 -395 0 0 300 0 500 0 0 466 -400 600 687 500
373 500 750 500 387 500 575 0 800 0 0 338 200 0 0 1000 437 0 0 750 400 0 565 1000 0 366 0 333 500 0 676 650 384 100 0 321 0 500 0 250 0 950 716 429 700 0 50 50 0 545 0 0 0 0 0 383 0 200 200 548 0 500 1000 300 0 707 500 150 534 0 0 0 600 0 0 0 0 483 600 66 0 535 0 649 425 533 0 420 925 0 350 0 600 0 0 605 700 1000 612 500
#CFC 2018-12-08
250 212 207 -1000 230 0 0 -60 0 0 -3 112 158 0 0 0 1000 -230 0 87 0 -250 0 0 0 -250 0 309 0 0 250 112 1000 24 0 0 0 199 334 800 427 87 212 0 0 0 0 0 0 309 500 0 0 0 0 0 0 0 -400 0 0 0 -349 -400 662 0 0 700 283 0 0 296 46 217 0 0 0 83 0 0 0 0 0 0 666 0 800 0 0 500 -250 0 50 0 0 250 212 309 0 0
611 418 621 1000 526 0 500 260 0 0 333 475 458 0 0 0 750 461 0 270 0 250 0 0 0 399 0 538 0 125 333 268 800 612 0 0 1000 377 619 400 650 650 418 0 100 0 0 0 0 538 1000 0 0 0 0 0 0 0 400 0 0 0 333 400 550 66 0 600 533 0 666 383 521 443 0 0 0 233 0 0 0 0 0 0 666 500 750 0 400 500 1000 0 150 0 0 250 512 538 0 0
#MCFC 2018-12-08
212 414 500 0 -140 0 450 0 0 -500 450 500 128 0 0 87 0 0 600 0 300 0 309 296 0 55 234 500 66 134 0 212 0 0 0 0 0 350 0 309 107 0 0 0 -250 0 162 600 500 0 399 800 296 500 0 0 -275 166 0 300 0 0 234 0 0 309 0 0 0 0 0 0 0 87 212 136 -50 208 0 90 1000 0 348 666 0 0 900 178 -104 0 0 399 0 107 -283 0 1000 0 150 500
418 496 500 0 600 0 370 0 0 550 700 500 318 0 0 270 100 0 592 0 100 0 538 596 0 500 763 800 533 813 0 418 0 0 0 0 100 550 0 538 670 333 0 0 500 0 554 800 525 0 451 750 596 500 0 0 400 166 0 500 400 0 763 0 0 538 0 0 0 0 0 0 0 270 418 454 400 702 0 466 750 0 607 666 0 0 1000 751 229 0 0 451 0 670 916 0 1000 0 325 800
#AFC 2018-12-08
266 200 500 -600 100 450 100 0 200 -157 0 0 0 0 0 -28 357 0 0 108 0 100 300 0 -350 -400 0 0 -500 1000 0 500 0 0 0 -400 500 199 100 0 -200 0 49 0 -1000 600 0 1000 200 25 0 -200 -699 0 136 0 -87 0 300 437 144 650 0 136 0 0 0 0 100 0 0 500 195 0 100 195 0 400 0 0 175 136 0 0 272 357 22 -364 0 0 0 400 312 -335 0 350 0 150 -183 450
266 700 1000 700 479 550 300 0 322 648 0 0 100 0 0 371 571 0 0 691 0 0 500 0 600 400 0 0 700 300 0 600 0 0 0 400 500 415 400 100 400 0 450 0 1000 1000 0 300 1000 241 0 233 666 400 454 0 262 0 200 350 542 775 0 454 0 0 0 0 83 0 0 500 245 0 200 245 0 400 0 0 575 454 0 0 488 571 394 541 0 0 122 400 437 738 0 300 0 500 433 883
#HTAFC 2018-12-08
375 -150 -25 0 0 0 412 0 0 -100 250 27 250 0 0 -500 780 -337 0 0 0 -62 80 525 682 454 600 0 250 0 -83 0 49 800 0 0 0 250 0 425 0 100 0 1000 0 0 0 -31 500 200 -400 0 0 500 137 81 0 0 329 311 250 0 -16 0 -291 83 -100 250 500 400 650 -133 83 -100 0 -649 256 0 0 -50 0 437 0 136 0 -210 0 0 0 400 0 -16 0 375 0 -19 0 0 0 -200
750 700 575 0 0 0 550 0 0 250 333 357 449 100 55 750 1000 550 0 0 0 975 455 472 701 423 333 0 450 1000 116 0 575 900 0 0 0 449 0 725 0 83 0 300 650 55 0 466 500 233 400 0 0 300 537 562 0 0 633 533 450 0 150 0 541 339 450 700 1000 900 550 133 166 400 0 833 675 0 0 250 0 350 0 500 0 602 0 0 0 400 0 333 0 475 0 439 0 0 0 200
#Clarets 2018-12-08
0 -400 125 0 83 800 -200 -90 0 0 77 256 0 125 0 0 -275 0 149 325 0 800 -178 700 0 0 0 0 333 116 99 0 350 0 0 0 900 0 0 0 0 0 0 -750 800 0 0 0 450 0 0 283 148 0 0 1000 0 118 0 0 0 0 -400 316 890 433 1000 0 0 -400 1000 -400 0 0 0 0 0 0 0 0 75 542 400 0 450 800 0 0 0 -200 0 600 200 100 33 0 0 43 0 0
0 400 220 0 444 400 400 325 0 0 508 675 0 491 0 0 450 104 700 277 0 1000 285 900 0 0 0 100 833 271 136 1000 550 0 0 0 900 0 0 0 0 0 0 750 750 0 0 0 750 0 0 516 536 0 0 400 0 300 0 0 0 0 400 778 675 300 400 0 0 400 400 400 0 0 125 0 0 0 0 0 125 767 233 500 650 400 0 1000 0 425 0 700 400 300 766 0 0 368 0 0
#BHAFC 2018-12-08
133 0 0 148 275 0 309 0 50 0 350 309 325 0 1000 468 0 333 -25 233 0 0 0 0 100 500 -99 0 309 212 0 108 300 -300 -400 850 0 0 178 0 -625 0 0 0 0 0 0 450 309 0 350 181 -500 700 137 136 0 446 90 350 190 350 -24 178 1000 100 172 309 0 0 500 0 416 0 0 0 533 0 0 0 0 500 0 550 0 170 0 400 300 -149 0 106 0 500 0 0 309 833 700 178
466 0 0 471 450 0 538 0 200 0 350 538 550 0 300 500 0 461 200 658 0 0 0 0 83 500 199 0 538 300 0 197 100 100 400 1000 0 0 751 0 866 500 0 0 0 0 0 879 538 0 800 561 700 600 237 454 100 571 489 450 646 362 541 751 300 83 394 538 0 650 500 0 716 0 0 0 799 0 0 0 500 500 0 650 0 454 0 799 750 333 0 399 0 600 0 0 538 550 600 751
#cardiffcity 2018-12-08
500 -84 0 45 100 66 156 0 450 250 383 0 650 0 500 0 0 1000 0 0 333 266 256 437 0 0 0 -400 283 333 400 0 600 -178 0 0 0 0 0 -320 250 0 0 1000 99 150 0 0 712 800 0 0 1000 0 316 1000 149 7 -400 -250 0 0 0 781 500 0 133 337 650 0 33 -200 0 575 -100 0 -187 0 0 -200 0 0 -400 0 400 0 0 0 0 125 0 149 -166 0 -19 0 400 -166 100 850
800 491 0 151 400 722 400 0 587 400 455 0 625 0 600 0 0 300 0 0 600 450 675 350 0 0 0 400 425 266 600 0 600 285 0 0 0 1000 0 580 333 1000 0 400 600 150 0 0 600 770 0 0 400 0 507 400 500 335 400 888 125 0 0 500 500 0 536 199 450 0 455 233 0 475 300 0 500 0 0 400 0 0 400 0 100 0 1000 0 0 562 0 500 166 0 691 0 100 166 100 450
#SaintsFC 2018-12-08
-291 0 349 0 0 3 0 1000 0 250 136 625 400 375 250 268 0 175 0 0 242 200 -108 317 362 350 100 0 293 0 0 0 0 72 0 0 193 600 600 0 600 1000 600 171 -400 233 241 86 0 106 250 368 0 193 67 -75 -25 193 0 315 0 233 400 0 193 182 0 0 0 0 0 440 350 333 0 350 250 415 137 0 0 338 0 0 235 489 531 -250 200 0 0 600 500 -200 0 0 0 0 0 458
541 0 383 0 0 325 0 750 0 800 454 500 383 750 333 493 0 525 698 0 367 450 591 542 470 550 400 0 470 0 0 0 0 264 0 0 393 575 575 266 575 300 575 440 400 600 488 341 0 173 250 727 0 393 513 129 250 393 0 609 0 366 1000 0 652 351 0 0 0 300 0 700 525 333 0 350 333 656 629 0 0 514 0 0 452 366 600 500 400 0 0 1000 600 0 0 0 0 300 0 694
#MUFC 2018-12-08
0 168 0 200 0 0 212 29 220 136 136 75 0 0 0 0 0 276 -50 -182 -200 -133 0 -140 218 1000 150 33 0 0 52 119 0 0 650 800 0 666 1000 208 193 0 333 233 -66 -400 -250 -1000 0 232 133 0 33 0 0 200 800 0 0 0 0 0 0 0 450 800 133 -291 -147 23 455 285 320 0 0 136 87 0 0 125 136 200 700 200 -75 0 449 0 0 52 0 500 14 0 0 0 324 309 296 350
0 409 0 700 0 0 418 304 464 454 454 480 0 0 357 0 0 630 483 865 800 466 0 600 550 300 150 200 0 0 580 441 0 0 454 750 0 266 1000 666 600 0 508 241 755 400 800 1000 0 340 633 500 333 0 0 500 700 0 0 0 0 650 0 0 462 750 166 541 460 506 411 535 640 0 0 454 270 0 0 150 500 250 700 500 875 500 850 0 0 321 0 500 529 1000 0 0 608 538 596 650
#FFC 2018-12-08
0 1000 425 800 402 0 -400 -400 0 0 374 0 0 0 -300 0 166 0 297 1000 88 0 136 0 100 400 0 143 350 0 0 0 0 93 -400 -400 0 0 0 500 0 0 0 0 0 125 0 0 0 148 0 148 406 166 0 0 0 0 0 0 136 0 -244 0 62 350 210 100 -12 500 -33 0 0 262 0 0 0 500 15 400 0 0 0 0 0 333 449 0 166 0 -68 362 700 -100 125 356 0 0 256 0
0 1000 650 750 722 500 400 400 0 1000 566 0 0 0 450 0 333 0 522 300 322 0 454 0 83 900 0 575 650 0 0 0 0 470 400 400 75 0 0 500 0 0 0 0 0 166 0 0 75 296 425 296 636 777 0 0 0 0 0 0 454 0 750 0 500 550 393 83 0 900 333 650 0 312 0 0 0 500 628 550 0 0 0 0 0 666 450 66 522 0 500 533 600 400 166 433 0 0 675 75
#WHUFC 2018-12-08
-400 -400 -400 128 -206 100 136 0 0 99 0 1000 193 -6 0 0 0 45 157 -75 424 268 0 136 136 255 0 0 0 0 16 136 136 400 200 200 100 136 0 400 0 334 245 0 0 0 0 250 0 0 0 2 2 128 1000 0 170 346 0 200 50 400 280 0 100 -100 0 -100 0 0 600 133 -225 322 -229 0 166 256 0 437 0 -350 -600 49 0 0 0 0 136 0 -400 199 -200 0 0 0 136 0 400 -350
400 400 400 318 200 200 454 0 0 308 0 300 200 354 0 0 0 340 399 666 433 475 0 500 500 602 0 100 100 100 716 500 500 900 300 300 200 500 66 800 0 551 318 0 0 0 0 100 0 0 0 357 357 318 300 650 500 746 0 500 311 1000 720 0 600 200 66 400 0 0 800 533 225 344 520 0 566 675 0 350 0 600 1000 650 350 0 0 0 454 0 400 450 350 0 0 0 454 100 950 600
#CPFC 2018-12-08
45 133 -200 -400 0 0 0 0 0 0 0 0 99 0 -500 -243 0 475 1000 50 100 100 333 100 100 100 33 0 0 -77 -200 0 520 0 166 0 0 -233 -976 -183 250 0 -13 0 500 0 850 0 0 -100 -107 119 -125 -400 0 -400 350 0 0 49 166 117 0 136 -166 500 0 0 0 0 150 300 160 0 0 100 1000 0 0 250 439 214 167 0 0 0 0 0 333 -250 136 -166 -550 0 0 282 500 0 550 0
530 466 425 400 0 0 0 0 0 0 0 0 466 0 900 288 0 616 300 350 400 400 461 400 400 400 266 0 0 144 800 0 659 0 166 0 100 333 900 516 550 0 666 0 833 0 1000 0 0 750 667 620 919 750 0 700 550 0 0 800 333 369 0 454 662 500 1000 0 0 0 459 500 539 0 0 83 300 0 650 400 532 571 389 0 0 0 0 0 666 100 500 66 800 0 0 530 625 0 300 0
#AFCB 2018-12-08
400 0 500 0 500 350 0 0 0 0 350 412 600 0 325 200 0 0 450 0 625 433 -37 0 -1000 136 19 0 0 0 0 -333 0 118 100 0 655 0 0 400 0 409 0 400 399 -37 285 -166 601 -75 0 0 0 133 875 0 0 267 0 0 -199 285 -66 121 375 -302 250 0 0 214 800 312 -1000 -500 0 700 0 175 0 0 0 -166 234 0 0 0 12 0 0 -1000 0 250 0 0 0 0 0 0 -566 0
900 0 888 0 500 800 0 0 0 0 583 550 300 500 525 487 0 0 1000 0 900 733 637 0 1000 454 639 0 0 500 0 333 0 520 331 0 950 50 1000 400 650 383 0 800 733 693 535 500 488 516 0 0 0 566 600 0 0 679 0 0 600 535 700 600 525 533 700 0 1000 378 750 400 1000 1000 0 600 0 697 100 572 75 629 821 0 0 0 571 0 0 1000 0 508 0 0 0 0 0 0 783 0
#LFC 2018-12-08
1000 125 1000 0 212 0 414 153 437 0 -83 100 0 250 427 199 33 0 0 0 0 114 133 0 608 0 -85 0 0 0 0 550 0 0 0 1000 700 100 0 399 0 285 0 144 800 449 0 0 -49 0 0 500 700 87 0 0 1000 0 0 0 0 0 1000 400 0 25 300 395 278 -225 -394 400 0 1000 309 296 0 -100 600 400 625 0 -800 0 133 500 500 -199 250 500 234 123 0 0 275 134 0 0 0 0
400 400 300 0 418 0 496 275 622 0 250 300 500 250 650 600 155 0 0 0 0 704 266 0 650 0 396 0 0 0 0 550 0 0 0 300 500 1000 76 388 0 535 750 322 750 400 0 362 427 0 1000 500 900 270 0 0 300 0 0 0 0 0 1000 900 0 225 100 458 351 400 616 500 0 550 538 596 0 100 1000 800 400 1000 900 0 399 875 875 333 437 875 763 540 0 1000 475 813 0 500 0 0
#MUFC 2018-12-05
0 111 0 -400 0 0 -450 0 100 0 223 0 0 491 0 -26 -400 -26 427 0 500 127 0 0 -100 191 0 0 -268 500 -150 600 300 -74 233 1000 0 66 0 0 400 0 600 333 400 100 0 100 -100 700 285 83 279 -100 0 -500 -133 0 406 -117 0 675 300 182 0 -238 250 170 466 54 0 15 1000 100 0 -600 16 -279 350 0 178 800 62 0 254 0 0 0 0 -125 0 0 0 0 0 0 258 33 0 500
0 355 0 400 0 250 900 0 200 0 608 0 0 577 0 300 400 300 650 0 500 447 0 0 200 566 0 0 704 500 900 700 441 472 766 1000 50 466 0 0 950 0 1000 666 500 200 0 500 200 600 535 416 451 200 0 300 366 0 484 250 400 475 1000 591 1000 541 750 454 466 266 0 532 300 600 1000 800 333 513 650 0 300 400 400 0 470 0 0 0 0 875 0 0 0 0 0 0 435 383 0 500
#AFC 2018-12-05
350 800 0 0 600 0 0 329 0 0 0 0 0 0 -117 -500 -500 285 350 -250 1000 161 250 0 -8 400 350 136 0 0 0 0 133 0 554 500 500 900 421 183 0 0 0 400 187 0 0 0 266 0 1000 -140 -49 0 307 0 50 640 0 500 -100 0 600 750 500 0 0 0 0 0 -125 0 -500 225 0 0 385 0 136 -266 -200 0 0 0 0 0 0 0 0 -8 0 366 225 0 0 0 100 39 136 0
650 400 0 66 600 0 0 530 0 0 0 0 0 0 250 900 500 535 449 800 1000 345 466 1000 625 250 650 500 0 0 0 0 313 0 540 800 600 900 466 533 0 0 0 900 337 0 0 0 266 0 600 331 700 0 704 0 666 659 0 500 200 0 783 950 800 0 0 0 0 0 625 0 500 600 0 0 570 0 500 500 325 0 0 0 0 0 0 0 0 480 0 466 337 0 0 125 200 480 454 0
#COYS 2018-12-05
0 339 0 500 139 1000 0 250 0 800 0 700 400 267 42 500 0 400 -100 300 1000 250 -99 -400 -200 200 0 0 0 0 -60 0 250 150 0 0 172 166 0 -585 0 117 0 -93 500 24 0 600 250 500 780 0 0 750 0 -600 0 800 68 125 0 0 200 200 0 500 367 0 700 0 0 0 0 0 800 0 0 -48 927 333 422 136 500 0 250 0 263 0 420 262 0 -250 0 -19 350 600 0 -100 100 0
0 540 0 750 153 750 0 375 0 700 400 800 500 434 467 500 0 500 200 259 1000 375 800 900 200 500 50 0 0 0 339 0 300 1000 0 0 385 666 0 766 0 311 0 500 900 400 500 650 300 500 1000 0 0 650 0 1000 0 750 227 625 0 0 400 460 0 888 395 0 600 0 0 0 0 0 700 0 0 412 795 666 294 454 900 0 300 0 495 0 618 556 0 1000 0 390 550 900 0 200 900 0
#SaintsFC 2018-12-05
0 200 -83 150 -300 -210 468 0 -50 500 -625 0 136 0 -281 0 400 203 533 -137 -200 0 0 700 0 -50 700 0 99 0 0 214 233 100 214 662 87 -15 0 0 0 0 33 0 1000 -100 0 214 -12 0 537 0 200 41 -106 1000 325 385 433 220 0 121 0 0 0 312 -78 0 0 0 -250 0 0 -101 302 0 20 -213 166 0 1000 136 250 0 0 -500 0 0 77 0 126 100 -200 -125 0 83 0 166 0 0
0 200 866 466 600 433 750 0 550 500 1000 0 454 0 750 0 500 475 525 975 850 0 0 600 100 400 600 0 300 0 0 602 674 100 428 650 487 310 0 0 0 0 383 0 300 100 0 481 575 0 450 0 250 180 575 600 666 345 450 530 0 250 0 0 0 500 433 0 0 0 250 500 0 733 613 0 165 367 666 0 1000 454 333 0 1000 1000 0 0 419 0 414 1000 700 694 0 450 0 333 0 0
#Clarets 2018-12-05
475 0 0 500 -250 66 0 300 250 -100 0 0 -900 0 0 207 0 156 183 0 100 0 0 500 500 0 0 0 0 316 1000 260 -200 0 0 0 0 0 0 200 0 -700 200 342 0 400 0 -300 900 0 800 625 0 -58 108 -175 404 113 312 263 100 0 0 0 1000 1000 0 1000 0 0 -250 800 350 0 0 -250 0 0 0 -699 -55 0 -83 0 0 0 -250 -300 0 333 500 0 27 0 175 -50 0 -150 0 208
491 0 0 600 400 458 0 200 333 200 0 0 1000 0 0 385 0 100 629 0 100 0 1000 500 875 0 0 0 0 350 300 666 150 0 0 0 0 0 0 100 0 200 900 667 0 700 0 300 900 0 400 500 0 501 469 266 683 373 450 247 200 0 0 1000 300 300 1000 300 0 0 812 1000 550 0 0 200 0 0 0 666 55 0 133 0 0 0 250 250 0 500 500 0 633 0 358 400 0 399 0 166
#LFC 2018-12-05
0 500 600 -100 187 268 -194 187 0 545 -400 0 500 0 -99 416 0 875 143 0 42 0 580 143 0 0 300 0 0 0 177 0 500 104 0 302 1000 1000 -25 187 400 600 -125 0 -400 0 0 0 1000 1000 400 1000 -800 1000 1000 500 1000 1000 0 0 0 500 -50 0 -155 0 -183 99 0 0 250 0 -200 0 1000 -600 1000 677 0 0 0 0 0 425 0 -250 800 0 -155 0 0 0 170 250 533 0 750 0 250 0
0 500 633 200 437 427 288 233 100 675 400 0 600 600 373 666 0 600 508 0 292 0 419 350 0 0 200 0 1000 0 577 0 600 500 0 483 400 400 575 304 500 900 400 0 400 0 0 0 400 400 200 400 900 400 400 888 400 400 66 500 0 500 400 400 288 125 266 550 0 0 300 0 200 0 400 800 1000 627 0 0 0 0 0 625 0 750 400 0 288 0 500 0 454 402 600 0 500 0 750 0
#EFC 2018-12-05
199 -111 0 -400 0 800 -99 580 0 0 400 650 200 0 -57 160 217 -12 -183 568 0 -100 -100 -150 -250 0 -100 250 0 500 0 113 0 54 0 0 0 0 0 375 500 0 -116 375 0 0 0 0 0 0 0 500 0 0 500 -331 0 700 -100 0 0 0 200 0 0 463 0 0 -66 0 0 50 700 -200 500 0 -500 0 0 375 200 0 99 0 0 -195 83 350 800 -100 283 0 0 325 108 800 0 0 200 250
658 394 0 500 0 400 373 419 0 0 500 450 200 0 617 120 608 800 266 400 0 200 200 350 750 0 200 402 0 437 0 480 0 838 0 0 0 0 0 416 500 0 200 416 0 0 0 0 0 0 0 750 0 0 750 475 0 700 200 0 0 0 500 0 0 572 0 0 674 0 0 600 500 900 600 0 1000 0 750 416 100 1000 300 0 0 587 583 550 575 200 583 0 0 366 733 400 0 0 383 500
#NUFC 2018-12-05
800 -12 976 0 0 0 0 0 81 534 -100 500 -100 136 0 0 0 136 0 0 0 450 500 200 0 -500 0 0 -181 125 285 -100 0 142 136 -12 -19 0 0 0 -312 0 -166 383 -81 9 0 0 136 0 400 214 0 -66 0 0 0 0 183 258 -375 0 -147 250 0 0 0 -166 16 226 0 0 -50 -500 0 700 -125 -400 184 285 -50 0 222 600 -33 -266 166 0 0 -29 0 0 224 0 0 600 333 0 -100 -500
700 237 500 0 0 0 378 0 575 687 300 150 200 454 0 100 600 454 500 0 0 550 500 100 0 500 0 0 622 166 535 225 0 767 454 237 260 0 0 0 687 0 438 450 475 559 0 0 454 0 500 571 0 155 0 0 0 0 483 535 650 0 409 500 0 0 0 66 533 516 875 0 400 600 0 600 750 600 588 535 400 0 666 900 900 533 166 0 0 520 0 0 525 0 125 550 466 0 450 1000
#FFC 2018-12-05
66 312 0 0 66 0 0 0 0 0 -400 0 -400 0 0 0 0 0 0 750 0 0 0 150 0 0 0 0 350 -100 -100 100 0 500 600 0 0 750 24 111 49 -21 -271 100 0 -100 0 -100 433 0 0 0 500 0 -150 300 -100 -100 -291 -100 0 -200 0 0 0 0 500 200 318 0 -150 0 0 0 0 500 0 0 0 500 0 357 0 0 0 0 -25 500 0 0 0 0 100 350 -100 250 0 0 0 0
433 350 0 0 33 500 0 0 0 0 400 0 400 0 0 0 0 0 0 750 0 0 0 200 0 0 0 0 550 200 200 383 0 600 1000 0 0 1000 575 444 316 300 379 1000 0 200 0 200 833 0 0 0 750 0 333 700 200 200 500 200 0 400 0 0 0 0 500 300 700 0 216 0 0 0 0 600 0 0 0 900 0 571 0 0 0 0 475 500 0 0 0 0 900 550 200 100 0 0 0 0
#LCFC 2018-12-05
0 -750 150 -41 437 62 33 142 -250 1000 0 100 -9 400 625 -100 -17 -17 1000 0 433 0 0 166 200 0 0 483 0 214 166 0 600 600 733 -21 416 -100 -100 0 -100 0 -49 -48 300 250 0 123 0 170 600 -100 0 0 0 0 375 0 -100 -100 170 0 136 0 -197 700 307 99 800 -100 800 468 -100 -100 0 156 -100 0 166 0 0 136 0 0 1000 0 433 781 0 0 0 0 0 0 570 0 0 39 100 -100
0 750 133 791 555 50 850 517 888 1000 0 200 475 500 800 200 411 411 1000 0 266 0 0 333 200 0 0 666 0 500 233 0 475 475 566 284 500 200 200 0 200 0 700 588 0 722 0 725 0 454 800 200 50 0 100 0 575 0 200 200 454 0 454 0 300 700 496 300 400 200 750 602 200 200 0 526 200 0 666 0 0 454 0 0 750 0 833 600 0 0 0 0 0 0 500 0 0 242 400 200
#wwfc 2018-12-05
446 375 0 400 0 430 0 0 0 0 0 0 0 -250 0 0 -312 0 0 400 0 70 0 0 0 0 -400 95 500 0 -77 0 0 0 350 0 0 136 400 0 0 -100 -133 0 -155 0 1000 0 -100 1000 0 0 475 0 500 0 0 0 250 0 0 600 -82 0 -200 0 -51 -133 -83 0 0 625 0 0 650 75 -450 142 250 100 0 166 -100 8 -312 8 -200 0 0 -600 83 0 -200 0 0 0 0 275 0 295
721 800 0 500 500 700 1000 0 0 0 0 0 0 400 0 0 562 1000 0 500 0 527 0 66 0 0 400 450 600 0 144 0 0 0 550 0 0 500 800 0 0 200 227 0 288 0 300 0 200 300 0 0 466 300 500 0 66 0 375 0 0 750 383 500 400 0 112 533 83 0 0 600 0 0 500 337 1000 517 312 300 66 716 200 441 800 441 400 0 0 800 366 0 800 0 500 0 0 572 0 657
#CFC 2018-12-05
0 0 600 468 -800 0 -250 0 0 -500 0 -21 99 -250 0 0 250 161 0 100 250 0 0 0 0 0 0 0 0 0 0 0 26 0 0 731 0 0 168 545 447 -225 -70 0 0 0 149 0 200 0 0 -416 0 0 0 200 -100 0 0 -131 0 0 0 500 500 -100 0 -100 0 -125 800 -100 -62 0 -100 0 187 66 0 200 350 0 0 0 1000 0 0 0 0 0 0 141 57 0 150 208 0 -100 0 0
0 0 266 500 800 500 400 0 0 1000 0 300 300 618 0 0 462 422 0 100 333 0 0 0 0 0 0 0 0 0 0 0 371 400 0 875 0 0 562 633 633 850 723 0 0 0 500 300 400 0 0 833 0 100 0 400 200 125 0 450 0 0 0 500 500 200 0 200 0 200 1000 462 125 0 325 0 466 222 0 500 550 0 0 0 300 0 0 0 0 0 0 291 299 0 200 300 0 200 566 0
#WatfordFC 2018-12-04
0 214 -50 277 0 0 800 200 0 512 700 1000 -241 0 -166 -349 0 325 450 0 600 0 500 0 -400 250 0 0 0 -300 0 0 350 0 500 180 0 -200 0 200 500 0 0 200 0 492 250 -47 -100 295 69 0 -166 0 0 250 800 300 199 0 0 0 -300 100 -55 0 375 -166 0 0 0 0 -600 0 0 0 0 600 -100 0 500 300 66 60 -699 400 1000 0 284 0 150 -228 0 0 250 0 357 -350 -160 -400
0 571 350 655 0 0 400 400 0 450 600 300 833 0 166 483 100 275 825 0 1000 650 466 0 600 333 0 0 0 500 0 0 800 0 466 393 0 600 500 300 1000 0 0 300 0 488 333 490 200 512 680 550 166 0 0 333 400 200 399 0 0 0 700 231 395 0 520 266 0 0 0 0 700 0 0 0 0 900 250 0 500 500 394 668 666 800 300 0 545 0 649 471 0 0 250 0 571 733 416 400
#MCFC 2018-12-04
0 309 212 20 800 0 0 0 -164 0 800 134 -250 0 -500 433 450 0 309 234 0 650 212 1000 250 500 0 0 -100 158 183 -22 0 0 100 -50 -100 0 -352 600 -262 0 0 0 0 0 0 75 0 800 149 700 -156 0 0 250 -250 0 0 0 66 800 107 -250 0 0 180 309 107 -50 386 212 1000 287 -291 0 87 107 0 136 0 400 312 -155 136 0 296 296 0 178 0 -199 162 309 0 87 178 100 0 309
0 538 418 326 400 0 0 0 624 0 400 813 350 0 500 566 700 400 538 50 0 450 418 300 250 600 0 0 300 205 441 300 125 0 533 400 500 0 591 1000 411 0 0 0 0 0 0 362 0 400 650 600 343 0 0 200 500 50 0 0 433 400 670 400 0 0 640 538 670 400 413 418 300 360 541 0 270 670 0 454 400 450 556 288 454 0 596 596 650 751 0 399 357 538 400 270 751 333 0 538
#AFCB 2018-12-04
0 0 285 -100 0 0 0 0 0 0 400 285 0 83 0 0 0 0 0 0 0 83 250 137 16 -100 -200 -200 -300 -150 0 0 0 0 0 0 700 550 0 600 0 0 0 0 0 100 0 0 0 0 400 -50 -300 0 350 0 400 295 -488 400 0 0 225 100 -200 250 0 0 -150 313 0 -600 0 -400 0 -108 500 200 109 0 200 342 200 366 118 0 0 -185 0 0 166 500 0 0 0 58 350 -155 900 0
0 0 535 500 0 0 0 0 0 0 300 535 650 83 1000 33 0 0 0 0 0 1000 500 437 466 200 250 250 600 550 0 66 0 0 0 0 600 700 0 516 0 0 0 0 0 200 0 0 0 0 400 595 600 0 700 0 662 378 0 1000 0 0 575 200 350 250 0 0 800 722 0 799 0 500 0 408 900 350 750 250 900 667 900 433 300 0 0 678 0 0 450 500 0 0 0 395 300 288 900 0
#HTAFC 2018-12-04
200 0 0 700 1000 0 141 -205 -433 0 -300 0 0 -250 -118 -400 625 -125 0 0 0 -287 266 -125 0 500 0 0 0 300 0 0 0 0 -51 0 121 172 -100 0 0 400 0 0 800 0 111 0 0 400 100 88 200 0 0 0 700 0 50 -100 0 -166 0 500 0 -200 0 283 -100 225 0 -24 182 -100 -500 0 100 133 500 48 0 214 -106 0 49 0 400 -21 0 0 -250 500 0 0 -162 -31 500 0 333 -146
200 0 0 600 300 0 114 403 799 0 350 0 0 800 296 400 500 444 700 0 0 575 300 500 0 500 0 0 650 100 1000 0 33 750 96 0 540 594 510 0 0 900 0 0 750 0 333 0 0 408 400 722 200 0 0 0 600 0 350 200 0 250 0 833 400 200 0 583 200 320 0 300 368 300 400 0 100 322 408 667 0 416 575 0 316 0 200 300 0 1000 569 500 0 0 400 243 1000 0 833 450
#BHAFC 2018-12-04
309 0 0 0 0 0 0 325 100 -205 450 309 0 800 208 700 0 0 244 0 900 -400 439 0 0 0 -50 0 281 0 -500 0 31 156 -520 309 0 0 0 -150 0 0 0 -75 0 0 125 178 166 0 309 178 -161 0 309 0 -25 0 75 800 118 178 0 0 433 0 0 125 309 -100 0 162 87 0 0 0 178 500 0 350 500 -333 178 500 -125 333 0 0 -166 335 400 100 250 309 0 166 178 -107 -194 0
538 0 0 0 0 0 0 300 100 403 350 538 0 400 783 650 0 0 622 0 900 600 810 0 0 0 400 0 666 0 1000 0 275 250 620 538 0 0 0 700 0 0 0 250 0 650 100 751 666 0 538 751 823 0 538 0 650 0 150 1000 593 751 0 100 533 0 0 250 538 200 0 597 537 0 0 0 751 833 0 650 333 383 751 500 375 666 0 0 166 477 900 200 333 538 100 333 751 569 288 0
#CPFC 2018-12-04
0 0 0 0 68 100 100 400 400 400 0 875 0 -600 0 0 100 100 -600 183 -200 -400 442 291 0 1000 1000 1000 500 0 233 0 -50 0 0 675 0 197 0 0 800 0 0 0 55 312 0 211 0 68 0 500 220 62 -100 110 0 800 312 500 500 0 0 250 -124 0 0 0 0 875 0 310 -345 0 600 0 0 268 500 86 -100 -244 0 0 0 0 0 -107 0 500 0 -100 200 0 0 0 500 66 0 112
0 0 0 1000 227 100 150 500 500 500 250 600 0 800 0 0 400 200 900 400 250 400 471 200 0 300 300 300 625 0 362 0 557 0 650 587 0 507 0 0 1000 0 0 0 133 333 0 122 0 227 0 150 459 200 200 300 0 400 1000 600 650 0 1000 310 291 100 0 0 0 600 0 652 470 0 1000 0 0 650 500 583 200 255 0 0 666 0 166 569 0 500 0 400 200 0 0 0 700 175 0 516
#WHUFC 2018-12-04
0 0 250 0 0 350 -150 0 -25 0 700 0 0 0 675 0 0 0 0 0 0 0 534 -100 700 0 0 0 0 650 0 0 -166 56 100 250 0 -350 100 0 -66 -100 -83 0 -99 113 0 83 0 0 0 361 -243 0 0 400 0 25 0 1000 -500 260 -75 0 0 0 800 0 0 0 -16 650 0 232 50 0 0 400 -62 549 443 566 -40 0 375 1000 600 600 50 392 392 0 50 0 300 136 0 0 -388 0
0 0 250 0 0 550 400 125 362 0 600 0 0 0 649 650 0 0 0 1000 533 0 488 200 966 0 0 0 0 400 0 0 166 300 200 333 0 650 383 0 333 400 83 0 394 322 0 300 0 0 0 222 650 0 0 800 0 520 66 750 500 260 199 0 0 500 1000 0 0 0 650 450 0 348 346 0 0 700 541 466 487 450 600 125 500 300 900 650 350 717 717 0 743 0 550 454 0 0 833 0
#cardiffcity 2018-12-04
0 0 0 -200 0 800 333 0 283 600 0 0 0 0 916 0 0 0 0 500 500 500 0 0 650 0 -50 0 0 0 250 0 500 0 150 0 0 -200 0 0 800 1000 266 0 0 0 0 375 -75 0 0 0 600 350 0 300 1000 199 0 400 0 0 800 0 1000 375 500 0 444 50 250 0 -11 0 229 0 1000 1000 0 -200 549 0 461 316 461 0 461 1000 -200 491 0 1000 0 0 350 0 683 0 0 800
0 0 0 725 0 750 266 0 377 600 0 0 0 0 966 0 0 0 0 800 700 600 0 0 450 0 238 0 500 500 333 0 800 0 400 0 0 200 0 0 825 1000 416 66 0 0 0 500 850 0 0 0 404 550 0 200 900 199 0 500 0 750 575 0 1000 391 600 0 577 100 277 66 458 0 480 0 1000 1000 0 233 708 0 672 766 672 109 672 1000 400 600 0 1000 0 0 550 0 650 0 0 575
#LFC 2018-12-02
0 0 136 -75 90 0 0 0 0 0 900 296 212 122 0 275 137 116 400 0 0 250 0 78 400 0 500 148 178 -500 309 427 206 0 -24 -66 -266 0 0 312 100 0 0 0 0 0 800 200 500 350 0 0 1000 0 400 800 562 166 0 0 -196 0 0 1000 400 1000 1000 562 1000 0 500 0 0 0 0 0 87 187 0 500 300 0 0 0 212 234 1000 1000 1000 1000 -133 -44 0 400 1000 0 0 0 0 0
0 0 454 525 270 0 0 0 0 0 1000 596 418 307 0 645 508 430 350 0 0 425 0 359 500 0 500 379 751 900 538 650 451 0 700 766 600 0 0 466 400 0 0 0 0 0 750 200 500 550 0 0 300 1000 200 400 750 188 0 0 613 0 0 400 200 400 400 700 400 0 900 1000 1000 1000 0 0 270 875 0 308 933 0 0 0 418 763 400 400 400 400 600 107 0 400 400 0 0 0 0 0
#EFC 2018-12-02
200 0 250 137 0 125 400 0 0 0 500 0 148 -95 178 0 250 309 0 0 0 200 250 0 0 136 24 0 800 -600 500 300 0 227 800 0 0 0 0 0 0 800 0 136 700 371 0 0 -87 350 -283 1000 500 234 0 0 0 0 100 1000 -50 450 150 49 400 0 0 500 398 68 0 0 -133 375 0 166 133 0 0 136 275 0 166 0 0 200 600 0 -400 0 -200 0 0 -150 0 0 0 262 160 150
100 0 500 508 0 166 500 0 0 0 500 0 379 400 751 0 450 538 0 0 0 500 333 0 0 454 266 0 400 900 833 500 0 545 400 1000 0 0 0 1000 0 400 0 454 650 533 0 0 310 416 650 300 308 763 0 0 0 0 150 400 250 1000 383 450 800 0 0 500 438 637 900 0 433 625 0 333 500 0 0 454 325 0 587 0 0 500 900 500 400 0 100 0 100 400 0 0 0 337 539 383
#AFC 2018-12-02
0 0 449 -600 137 0 -600 0 490 0 0 0 0 0 0 0 1000 750 0 24 500 0 0 0 700 0 1000 400 0 800 0 0 800 0 0 0 0 625 100 0 27 0 0 0 0 0 0 -400 0 500 500 0 0 -37 -625 500 200 0 0 172 150 0 0 0 625 0 500 0 0 0 477 0 0 145 130 500 500 875 400 0 0 350 1000 0 700 -200 136 0 0 500 400 50 0 750 0 187 500 0 0 650
0 0 750 800 508 0 800 0 350 0 0 0 0 0 0 0 300 550 0 572 500 0 0 0 500 0 1000 700 0 1000 0 0 1000 0 0 0 0 833 300 0 833 450 0 625 0 0 0 950 0 800 1000 0 0 470 300 500 100 100 0 561 600 0 0 0 500 0 500 0 0 0 507 0 1000 412 491 600 888 875 900 0 100 371 1000 0 825 700 500 0 0 888 400 533 450 916 0 237 500 0 0 875
#COYS 2018-12-02
1000 0 0 0 0 0 137 -155 240 -200 434 0 400 0 695 252 -200 800 6 0 0 0 0 833 0 -182 0 600 136 0 0 -179 -250 0 0 0 100 500 0 406 0 -141 0 133 -372 400 -400 59 100 0 0 200 0 -181 258 136 0 -1000 68 0 -125 0 200 0 500 0 -400 0 278 200 0 0 0 -200 0 600 0 0 0 0 400 0 321 403 -400 464 200 0 281 24 0 0 125 900 0 0 0 505 216 0
600 0 0 0 0 0 508 288 519 250 561 0 500 0 578 457 400 750 379 100 0 1000 0 633 0 767 0 1000 454 0 0 600 1000 0 0 0 150 500 0 656 0 687 0 733 585 1000 400 500 300 0 0 300 0 575 425 454 0 900 227 0 375 0 333 0 500 0 700 0 535 887 100 100 1000 800 0 750 0 0 0 0 500 0 620 477 400 690 500 66 429 506 0 0 1000 750 0 0 0 527 366 0
#CFC 2018-12-02
0 625 -100 212 466 137 130 0 0 0 0 68 178 0 33 212 309 -193 0 0 0 0 255 500 -500 0 0 200 0 250 500 500 500 285 0 48 0 0 0 0 0 625 0 0 0 700 0 0 -400 0 87 0 100 100 -500 0 0 212 250 0 -80 0 0 62 0 1000 0 0 259 -25 -400 285 0 400 0 0 -133 0 0 -350 0 199 0 0 0 0 0 -175 0 350 0 0 1000 250 0 0 0 255 107 149
0 600 483 418 500 508 570 0 300 0 0 289 751 0 611 318 538 606 0 400 125 0 413 500 300 0 0 300 0 500 1000 1000 1000 535 0 284 0 0 0 0 0 600 0 0 0 600 0 0 400 0 270 0 500 500 500 562 562 418 412 0 80 0 0 300 0 1000 0 0 323 475 400 535 0 408 0 1000 133 0 0 600 0 461 0 0 0 0 0 750 300 450 1000 0 300 375 0 0 1000 477 630 461
#FFC 2018-12-02
0 212 500 0 0 0 0 -500 0 -388 0 0 250 208 250 45 700 197 200 0 453 0 0 33 -500 -500 0 0 0 0 0 500 60 -500 68 800 166 0 0 0 0 0 268 0 0 0 366 0 0 0 -50 0 0 0 0 0 0 0 800 -155 -155 140 220 0 100 0 281 0 500 0 0 800 246 -181 200 0 0 0 390 136 0 575 600 0 -17 0 -400 0 -400 0 0 0 0 136 350 211 82 -100 0 -100
533 318 500 0 0 0 0 1000 0 833 0 0 333 441 428 184 600 448 200 0 567 0 0 366 900 500 0 0 0 0 0 500 213 400 250 400 833 0 0 0 0 233 727 0 0 0 783 0 0 0 400 0 0 0 650 0 0 0 400 288 288 345 420 0 500 0 486 0 500 0 100 400 535 727 450 0 0 0 750 454 0 675 900 0 500 0 400 0 400 0 0 0 0 500 525 513 679 400 0 400
#SaintsFC 2018-12-01
875 166 683 700 500 -400 -69 0 450 0 190 0 258 300 0 0 218 0 375 -149 -20 -250 0 0 0 100 -50 45 -200 433 0 0 0 800 -149 0 0 0 0 0 0 0 0 0 500 16 0 -166 -600 -113 0 0 0 0 142 170 0 106 214 0 0 -200 350 0 0 0 -77 125 0 0 191 0 0 408 0 -400 0 83 500 400 1000 125 22 666 0 -362 0 -60 285 146 0 700 0 214 800 -188 0 0 0 0
600 591 650 950 750 400 400 0 750 0 590 0 744 300 300 0 550 0 944 750 183 400 0 0 0 150 400 184 200 533 0 0 0 400 750 100 0 100 100 0 100 0 0 0 500 433 0 666 1000 63 0 0 0 250 267 500 0 579 571 0 0 200 475 125 0 0 144 447 0 0 558 0 0 758 0 400 0 266 500 375 300 162 459 799 0 345 0 635 535 483 400 600 0 571 475 222 0 0 0 0
#MUFC 2018-12-01
68 1000 0 -99 150 0 100 427 0 0 0 540 0 200 0 -300 -33 -800 -468 93 1000 0 0 75 -233 0 -400 0 639 133 0 0 -99 0 112 275 166 383 -400 0 0 0 0 -41 -195 136 0 112 -500 -200 100 0 0 212 -600 0 0 234 0 0 0 0 250 500 0 0 0 0 0 -100 1000 -400 -468 0 -200 -100 500 0 0 -400 900 0 -200 0 0 -500 136 0 0 0 0 0 -83 266 0 0 0 -21 500 612
227 300 0 533 700 0 1000 650 1000 0 0 633 0 100 0 400 83 900 950 400 300 0 0 25 555 66 400 66 772 466 0 0 633 0 226 316 566 496 400 0 0 0 66 547 650 454 0 184 500 400 422 0 0 308 700 1000 0 491 0 0 0 0 633 400 0 0 500 0 1000 400 300 600 950 0 400 400 950 0 533 600 900 0 400 500 0 400 454 500 0 0 0 0 283 350 0 0 0 151 625 825
#CPFC 2018-12-01
0 533 -400 0 450 0 250 0 0 0 34 450 136 0 69 1000 -64 525 500 -750 0 0 106 50 149 0 0 250 0 0 500 450 0 0 0 -194 25 0 150 0 344 0 0 -200 0 0 0 0 0 500 266 -207 0 350 136 500 450 0 0 0 -100 0 0 0 0 0 0 500 0 800 -187 45 0 0 0 333 500 0 500 337 0 1000 0 0 0 0 200 500 0 -500 200 100 200 100 200 100 1000 590 1000 1000
0 716 400 0 750 125 250 0 0 0 538 700 500 0 321 650 491 600 875 550 500 0 511 106 500 0 0 506 0 0 875 500 500 0 0 288 199 0 650 0 777 0 0 0 0 0 0 0 0 500 255 601 0 550 500 500 850 0 0 0 400 0 1000 0 50 0 100 500 0 1000 500 441 0 0 0 666 600 0 550 200 0 300 0 100 0 100 200 500 0 900 500 0 500 0 500 0 300 700 300 300
#Clarets 2018-12-01
-400 0 116 0 -125 116 11 0 0 0 -225 187 400 0 0 0 142 0 0 800 200 0 400 162 0 166 450 0 136 136 200 500 -133 0 0 98 175 0 700 0 400 1000 -250 400 118 200 0 400 0 0 0 -157 0 0 250 -416 50 0 333 100 0 0 100 50 -244 0 0 1000 400 205 402 241 350 0 250 214 0 99 -22 0 800 0 0 0 1000 0 0 750 0 800 0 229 500 100 0 0 0 -349 0 0
400 100 616 0 125 486 324 0 0 33 500 250 375 0 0 0 517 0 0 1000 100 0 500 475 0 750 300 125 454 454 900 650 133 0 0 379 191 400 600 125 800 300 750 800 360 500 0 900 0 66 0 717 0 0 450 750 550 0 833 1000 0 0 1000 800 444 0 1000 300 633 336 410 583 550 1000 750 500 0 650 188 500 750 0 0 0 1000 1000 0 1000 0 750 0 479 500 1000 0 0 600 383 0 0
#HTAFC 2018-12-01
0 1000 -400 0 0 0 0 0 241 0 500 0 0 0 -106 162 750 150 -200 450 0 1000 0 1000 483 173 83 500 0 -400 0 1000 650 -20 0 0 168 190 0 500 -283 693 0 0 0 0 149 800 0 216 0 -22 0 0 0 0 175 216 218 166 0 -24 500 66 65 -100 0 333 -100 109 -113 -260 0 150 -325 0 136 0 136 195 250 33 144 87 0 -100 218 -50 49 66 0 189 0 200 0 566 68 200 125 800
0 300 400 0 0 200 66 0 558 0 750 0 0 66 316 583 900 300 100 700 0 300 0 1000 483 480 311 375 0 400 0 300 644 256 100 0 460 251 0 500 283 679 0 0 0 0 500 400 0 583 500 658 0 0 1000 1000 415 244 650 522 0 600 600 433 520 400 0 616 400 398 543 659 0 644 700 650 500 0 500 370 500 333 395 637 0 466 700 241 450 166 50 398 0 200 0 566 250 300 441 400
#BHAFC 2018-12-01
500 0 200 -400 -43 0 41 300 0 -187 -100 0 178 0 0 -325 136 -181 0 0 0 0 -106 0 178 0 0 0 -150 0 -200 0 -194 -93 32 500 366 344 625 178 0 0 400 500 -166 0 1000 0 0 520 0 0 0 520 520 520 -533 0 148 500 0 -50 333 66 355 -187 309 -150 199 0 0 -125 320 146 1000 0 500 -56 200 -100 312 0 0 625 -325 -400 0 0 400 0 -200 61 186 0 -100 0 600 -100 400 100
600 0 900 400 550 0 466 400 0 500 266 0 751 0 0 500 500 427 0 500 500 100 606 0 751 0 0 0 300 0 200 0 288 300 110 500 796 777 500 751 0 0 400 500 66 0 1000 0 1000 500 0 0 0 500 500 500 633 0 289 200 0 566 833 166 320 500 510 500 288 0 0 944 430 706 900 0 500 375 200 400 625 0 0 600 450 400 0 0 380 0 450 615 266 0 400 0 600 400 400 175
#LCFC 2018-12-01
0 0 0 0 -400 0 -400 0 0 0 0 199 0 0 362 200 0 66 187 -300 0 0 533 56 436 0 -166 0 -372 0 300 0 33 16 450 228 -55 500 -83 0 0 250 0 0 0 0 0 0 0 0 0 0 -400 433 100 253 500 0 500 0 0 0 350 -75 0 200 0 0 350 -25 0 0 600 136 500 350 0 152 500 0 333 500 66 0 0 0 750 800 350 1000 313 0 -400 0 120 -100 0 -100 -100 300
0 0 0 0 400 0 400 0 0 0 0 700 0 0 333 187 1000 600 333 600 0 0 466 216 591 0 66 0 775 0 225 0 322 266 750 323 55 583 83 0 0 250 0 0 0 0 0 0 0 0 0 0 700 300 100 257 500 0 1000 0 0 1000 500 366 0 550 0 0 300 675 0 0 1000 500 800 500 100 322 625 100 350 625 266 0 0 0 800 900 550 1000 575 0 450 0 618 400 0 400 400 225
#WatfordFC 2018-12-01
0 -12 -400 357 558 0 0 0 258 -15 0 -625 0 218 0 0 0 0 312 136 143 212 357 -400 250 0 150 0 0 0 235 218 -300 553 300 700 500 68 0 155 278 -13 0 0 406 136 128 218 0 258 143 212 0 0 312 1000 0 312 0 300 300 0 350 200 233 271 470 145 299 218 300 136 412 235 0 192 335 0 300 358 335 0 335 800 0 136 0 0 500 0 0 -175 200 0 0 0 0 0 625 0
0 412 400 571 766 0 0 0 485 690 0 1000 0 227 0 0 0 0 318 454 550 308 571 700 400 0 400 0 0 0 227 227 600 510 0 750 800 227 0 357 335 97 0 0 275 454 284 227 0 485 550 308 0 0 318 1000 0 318 0 0 0 0 462 200 658 383 484 151 352 227 0 454 401 227 0 512 477 0 0 200 477 0 477 1000 0 500 0 0 400 0 0 333 500 250 66 100 0 0 888 83
#MCFC 2018-12-01
1000 1000 0 0 -400 136 0 250 0 136 450 250 0 200 1000 0 0 0 0 0 0 0 178 0 0 0 550 0 0 0 87 0 0 -100 233 0 285 0 0 0 -250 0 0 500 0 0 87 0 0 178 99 0 0 1000 -97 0 68 292 0 258 200 0 -200 0 1000 0 0 1000 100 -200 420 0 178 0 250 -11 156 0 -310 700 87 0 200 500 0 300 -199 0 200 900 200 200 136 0 0 0 25 -250 -250 666
300 1000 0 0 400 454 0 250 0 454 750 300 0 400 300 0 0 0 0 0 300 66 751 0 0 0 650 0 100 300 270 1000 1000 641 450 500 535 0 0 0 500 0 0 500 0 0 270 0 0 751 501 0 0 300 187 0 727 550 0 571 300 100 400 0 300 0 0 300 400 0 629 0 751 0 850 627 1000 0 330 600 270 500 300 500 0 537 644 0 300 1000 200 200 500 0 0 0 120 500 500 1000
#AFCB 2018-12-01
238 0 -300 -400 0 0 200 200 0 500 0 300 0 420 375 0 0 -416 0 0 0 0 0 0 400 0 0 0 0 -175 0 0 238 250 0 375 -400 -128 0 0 1000 625 250 -400 500 0 0 0 0 175 0 -23 -400 -400 -400 0 312 125 0 353 1000 0 0 433 -11 408 -400 0 357 400 500 0 -250 0 0 400 100 552 342 142 -51 -353 136 578 -300 -291 800 0 1000 0 800 100 784 784 500 409 614 -250 0 800
372 0 399 400 0 0 400 100 0 500 0 100 0 430 645 0 0 1000 1000 400 0 0 0 0 400 0 390 0 0 650 0 0 372 333 0 666 475 302 0 0 700 500 350 700 500 0 0 0 0 775 0 414 700 700 700 0 625 300 0 560 300 0 0 733 444 639 400 0 571 900 500 0 250 0 0 800 400 723 667 517 429 480 500 785 250 541 1000 1000 1000 0 1000 633 717 717 500 436 630 200 0 1000
#NUFC 2018-12-01
500 321 300 0 295 0 150 0 900 -400 349 450 0 0 0 0 0 0 450 333 435 -500 0 0 0 150 0 600 0 500 300 0 0 -181 0 0 0 178 0 0 0 0 750 1000 0 0 -130 285 -300 0 0 800 150 -66 733 0 0 0 0 95 900 -600 -799 300 700 0 -31 625 -500 0 -90 -66 800 136 -30 500 225 68 0 50 0 0 178 800 100 -83 0 0 0 0 0 375 0 500 325 0 0 -250 0 0
366 508 300 0 478 0 400 0 1000 400 333 750 0 0 0 0 0 0 750 462 677 1000 0 0 0 300 0 950 0 888 200 0 0 475 0 0 0 751 0 125 0 0 900 1000 0 0 615 535 600 0 0 400 133 416 533 0 0 0 0 220 1000 1000 1000 100 516 0 593 600 850 0 540 366 400 454 251 500 155 500 0 325 0 0 751 400 400 216 0 0 0 0 250 750 0 900 414 0 0 250 0 125
#WHUFC 2018-12-01
118 0 -366 -500 -500 -250 0 -500 0 500 0 0 0 0 0 0 800 500 -15 0 0 83 400 0 0 83 0 -312 0 0 0 0 -187 0 0 0 0 160 0 500 -208 0 400 0 0 400 0 157 500 -388 -59 -200 240 400 250 0 0 0 0 83 350 0 0 0 0 0 0 -100 -100 266 -388 -133 -59 -200 240 240 0 0 0 400 400 400 200 366 500 0 0 500 0 37 0 164 -125 500 0 0 0 0 0 0
525 0 533 700 700 350 0 700 0 900 0 0 0 0 0 0 400 500 690 0 500 833 400 0 0 833 0 100 0 0 0 0 500 0 0 0 0 380 0 500 66 0 400 0 0 400 0 385 500 700 427 450 440 700 750 0 0 0 0 833 779 0 0 0 0 0 0 400 400 433 700 322 427 450 440 440 0 0 0 400 400 400 100 233 500 0 0 833 0 408 0 271 25 650 0 0 0 0 0 1000
#cardiffcity 2018-11-30
0 0 650 187 151 800 450 332 1000 500 200 650 200 200 200 66 0 0 262 500 500 233 578 -208 172 450 152 200 450 650 400 578 0 150 -99 400 95 0 0 0 400 99 0 0 0 400 0 0 0 533 0 0 0 0 250 99 0 0 0 340 0 142 0 450 307 0 500 0 637 500 460 0 166 350 333 0 0 0 416 0 1000 0 0 156 625 266 112 0 1000 1000 0 -41 -187 450 0 175 0 0 500 0
0 0 450 437 480 400 450 467 400 500 100 750 100 100 100 633 204 400 477 600 500 255 651 333 509 800 437 200 450 450 1000 651 0 600 616 800 261 0 0 0 800 566 0 0 0 900 357 0 0 783 0 0 0 0 375 566 0 0 0 443 0 676 0 450 414 0 683 0 737 500 380 0 333 425 500 0 0 0 500 0 300 0 1000 750 316 600 537 1000 300 300 0 791 399 700 500 275 0 1000 800 0
#wwfc 2018-11-30
0 250 500 175 500 0 0 183 700 74 100 225 650 0 400 0 0 600 500 825 0 0 219 -750 0 -200 750 1000 125 0 0 0 283 325 0 66 66 112 0 250 100 0 250 0 166 0 0 368 -225 0 385 0 0 0 0 -349 0 416 0 -200 500 399 267 0 378 0 500 0 0 166 0 600 0 200 466 428 0 261 77 0 53 0 0 -600 600 0 625 278 0 437 400 0 0 436 -87 0 0 0 516 516
0 333 1000 316 500 0 0 401 600 255 0 225 450 0 400 0 0 900 900 700 66 0 290 1000 0 50 650 1000 533 0 0 0 709 260 0 266 266 200 0 650 1000 0 650 0 416 0 0 575 625 0 590 0 0 0 0 333 0 500 0 100 825 450 463 0 735 0 500 0 0 666 0 900 0 266 650 717 0 354 498 0 368 0 100 900 350 0 600 385 0 733 400 0 0 480 300 0 0 0 655 655
