#Clarets 2019-04-13
100 0 0 0 0 0 0 600 0 199 600 350 154 154 0 0 600 0 0 600 0 0 625 0 136 100 700 -1000 -195 -250 350 387 0 0 0 -111 8 0 -104 0 0 0 139 350 0 350 600 0 0 0 366 500 500 0 366 100 0 0 -21 900 0 500 0 -100 -150 -25 500 325 500 0 500 0 0 0 0 -750 200 0 1000 0 292 252 438 0 0 -200 0 166 362 199 -125 100 300 133 0 500 1000 -250 370 0
0 0 0 0 0 0 0 1000 0 383 1000 550 554 554 0 0 1000 0 0 1000 0 100 500 0 454 600 600 1000 83 250 500 437 0 0 0 111 466 0 651 0 1000 1000 554 450 1000 300 1000 0 0 0 461 500 500 0 700 400 0 0 217 875 0 500 0 100 600 700 500 433 1000 0 650 0 0 0 0 750 200 0 300 0 267 276 300 0 0 700 0 300 800 327 375 383 441 366 0 900 300 500 611 33
#cardiffcity 2019-04-13
0 0 0 0 -155 0 500 650 800 600 169 -125 0 100 250 -125 800 250 0 0 0 600 0 0 700 0 0 800 0 0 225 0 0 0 147 600 -100 0 50 781 0 700 600 1000 300 0 0 225 0 0 650 0 0 279 0 0 600 -230 0 0 0 450 0 0 548 0 0 136 -230 0 0 93 0 0 0 0 0 300 0 0 800 0 0 0 0 -33 0 136 400 0 0 0 0 400 500 0 163 -600 0 0
0 0 0 0 288 0 500 800 400 1000 680 400 0 50 300 1000 400 333 0 0 0 1000 0 0 200 0 0 400 0 125 475 125 0 0 538 1000 233 0 200 600 0 200 1000 300 766 0 0 525 0 0 450 0 0 459 0 0 1000 461 0 0 0 650 300 0 679 0 0 454 461 0 0 425 0 0 0 0 0 500 0 0 750 0 0 0 0 116 0 454 900 0 0 0 0 900 400 0 394 700 0 450
#FFC 2019-04-13
487 500 500 0 125 233 0 0 255 437 0 100 600 125 0 0 100 136 0 0 200 223 0 0 -143 500 43 0 0 0 0 0 0 -200 0 0 266 0 0 69 0 0 0 0 0 1000 500 275 162 0 0 0 400 0 0 1000 0 487 0 0 -100 -143 -100 43 500 500 0 0 0 400 250 166 399 400 0 506 0 1000 500 -550 170 0 0 -200 312 241 108 0 175 -1000 -62 175 175 0 -91 116 0 0 0 154
700 500 500 0 166 222 0 0 415 875 0 100 1000 562 0 300 100 500 0 0 700 585 0 0 440 666 272 0 0 0 0 0 0 0 0 0 488 1000 0 390 0 0 0 0 125 1000 750 479 483 0 0 0 360 0 0 300 62 354 0 125 400 440 400 272 666 500 66 1000 0 360 337 333 716 200 0 673 0 1000 522 600 500 0 0 233 547 541 666 0 549 1000 875 516 516 0 616 593 0 0 66 554
#EFC 2019-04-13
0 0 16 0 0 0 0 0 0 0 200 0 100 500 500 500 0 0 0 -281 0 0 37 0 0 0 0 100 0 1000 -200 0 136 0 0 0 0 371 136 80 0 250 250 0 0 0 37 -312 0 481 350 425 0 275 350 0 0 -200 150 0 0 400 0 0 500 0 150 0 0 0 0 500 83 400 800 0 0 0 250 0 0 400 225 500 0 0 0 0 -7 200 800 0 542 0 0 49 0 0 0 125
0 1000 411 1000 0 0 0 0 0 0 200 0 100 1000 500 283 0 250 0 375 0 250 525 0 0 0 0 100 0 1000 450 0 500 125 0 0 0 362 454 436 0 500 500 0 1000 0 525 687 1000 536 377 700 1000 250 694 0 0 525 100 0 0 500 500 0 833 0 550 0 0 0 0 666 316 900 900 0 0 0 500 0 0 400 275 900 0 0 0 0 151 100 750 300 767 0 0 850 0 0 0 500
#SaintsFC 2019-04-13
58 357 400 0 0 800 0 50 0 466 0 100 0 412 -120 500 250 0 0 0 525 712 83 133 400 0 450 566 0 446 900 0 0 0 0 0 0 -200 1 0 0 187 1000 0 0 0 0 200 0 9 100 0 -700 0 0 0 0 525 0 0 -253 -388 0 100 250 250 -155 250 -94 0 -200 0 227 396 92 0 79 -34 533 0 137 0 800 424 0 0 650 100 0 0 0 0 0 0 0 1000 700 0 227 125
533 571 1000 0 0 750 0 674 0 400 0 300 0 751 470 750 333 0 0 0 500 450 700 366 350 0 450 625 500 571 875 0 125 125 125 0 125 325 274 0 0 375 300 0 0 0 0 500 0 233 50 0 1000 0 0 0 0 950 0 0 485 833 0 440 750 750 288 750 688 1000 400 0 545 576 767 0 413 554 750 0 410 0 400 590 0 125 650 166 0 0 0 0 0 0 0 300 616 0 545 250
#wwfc 2019-04-13
0 434 -166 0 0 300 0 0 100 -93 214 0 0 0 0 0 0 0 0 937 27 0 -400 -25 0 -400 0 0 450 -149 260 -230 0 -50 -600 0 200 0 208 -130 211 375 225 0 0 150 500 0 400 0 0 249 350 0 633 -700 266 371 0 266 380 0 -156 350 0 394 0 242 -400 150 0 700 525 399 -400 0 0 0 283 283 0 200 300 0 300 0 500 424 625 566 150 800 37 0 0 -250 0 0 0 200
0 377 166 0 0 491 0 0 162 750 500 500 0 0 0 0 0 0 0 950 260 1000 600 525 0 700 1000 0 450 534 400 461 0 50 800 0 200 0 375 503 495 575 700 0 0 750 600 0 400 0 0 598 550 100 783 1000 155 514 0 155 315 0 375 400 0 527 0 367 600 316 0 1000 366 525 700 0 0 0 466 466 0 350 393 0 393 0 1000 558 600 700 350 1000 487 0 0 1000 0 0 100 200
#COYS 2019-04-13
375 0 0 100 0 -500 -349 -83 200 122 0 0 0 -200 500 250 0 -75 0 117 0 16 300 625 0 500 166 510 0 200 0 416 -221 500 0 -131 -300 0 -89 0 49 800 0 0 0 199 0 0 0 0 0 0 650 500 1000 0 0 354 -200 -75 500 156 274 400 250 130 -400 318 800 71 1000 350 0 0 0 750 266 800 0 0 125 350 0 0 136 393 0 -145 0 600 -433 0 -500 -208 0 0 -145 400 -131 107
100 0 0 445 0 500 833 500 300 344 0 0 0 350 600 250 0 450 0 390 300 549 300 625 0 500 333 400 0 200 0 644 735 1000 0 427 399 0 502 0 385 750 0 1000 0 340 225 0 0 0 0 0 512 500 900 0 0 420 200 206 500 302 683 1000 300 453 400 527 1000 207 300 362 0 0 0 950 333 400 0 0 166 650 0 0 454 200 0 270 0 1000 466 1000 900 366 0 0 750 400 427 407
#HTAFC 2019-04-13
-81 0 -131 238 0 0 500 500 266 -181 0 -300 -62 -16 -131 0 136 0 0 0 0 500 0 0 0 450 -125 0 500 200 700 0 100 180 -350 0 0 -131 125 0 550 0 95 0 -95 800 -300 0 0 500 300 -700 0 250 285 68 0 0 558 425 -400 500 350 -625 216 -387 0 125 0 250 0 0 0 50 33 462 0 0 350 -383 0 320 -97 125 -166 -6 500 316 -383 -56 0 193 -600 0 -400 700 0 400 -400 239
427 0 427 423 0 0 522 500 500 750 0 659 562 316 427 0 454 0 0 0 0 500 0 0 0 600 375 0 500 500 550 0 512 329 900 0 0 427 166 100 1000 0 507 0 490 400 500 0 0 500 383 800 0 250 535 277 0 0 535 725 400 500 894 750 416 618 0 166 0 200 0 0 0 50 688 734 0 0 412 483 0 459 685 450 400 125 1000 333 592 0 0 393 900 50 400 600 0 1000 400 500
#LCFC 2019-04-12
0 500 -166 357 1000 -274 314 0 46 500 0 0 -400 600 0 -150 0 0 136 463 99 0 0 357 357 500 650 193 0 0 0 625 17 -12 0 0 -73 0 0 0 633 0 266 291 -51 200 137 0 0 0 500 0 -12 -43 106 0 0 69 303 0 -17 0 0 -66 -400 -166 433 -57 0 -50 137 0 0 0 0 0 100 0 0 -207 800 -131 237 -400 266 300 381 0 0 -150 -250 -100 0 0 0 -139 -50 800 0 69
0 500 500 571 750 630 642 0 637 500 0 0 600 1000 0 400 0 0 454 572 622 0 0 571 571 500 750 643 0 0 0 600 510 199 0 0 419 0 0 0 762 0 466 458 207 400 637 0 250 0 900 0 575 357 287 0 0 469 282 0 246 0 0 233 400 166 833 567 0 400 399 0 0 0 0 0 100 0 100 601 400 547 458 400 508 200 626 0 100 99 400 400 0 0 0 342 350 400 0 469
#NUFC 2019-04-12
0 0 0 0 750 347 322 266 0 -699 -268 -150 166 743 743 0 0 250 231 33 55 -12 -12 625 625 158 -12 -200 0 0 0 0 280 280 368 280 233 333 333 -250 0 0 500 200 0 400 150 0 0 0 0 0 136 250 -400 455 0 -33 0 0 -450 316 500 -83 0 -100 1000 0 -200 -300 0 250 0 0 0 0 0 616 300 0 0 -400 400 -33 0 500 250 170 0 0 0 0 400 -200 74 500 -223 0 -175 0
0 0 0 0 750 470 519 399 0 666 488 399 283 1000 1000 66 0 333 762 188 207 237 237 300 300 358 237 200 100 0 0 0 600 600 600 600 266 766 766 500 0 0 900 300 0 900 300 0 0 0 0 678 454 750 600 702 0 183 0 0 700 633 500 496 0 50 750 0 250 500 0 500 0 0 0 0 0 866 1000 600 0 700 900 266 0 600 500 454 0 250 0 400 500 200 275 900 480 0 450 0
#CFC 2019-04-08
-199 -625 0 0 0 875 0 0 500 200 153 0 0 100 309 12 669 100 729 -1000 -130 0 0 0 -500 0 250 0 0 0 0 0 200 -200 0 500 0 0 0 400 0 0 500 155 9 0 24 0 333 66 -166 133 0 0 0 399 -33 500 0 -125 0 175 0 0 491 0 0 0 0 136 200 154 0 0 855 50 0 321 100 0 0 87 0 0 0 0 0 0 -399 100 0 -400 48 0 0 -500 166 650 0 0
550 400 0 0 0 800 125 0 450 300 600 0 0 138 538 310 693 300 666 1000 95 0 750 0 400 400 1000 0 0 0 0 0 100 200 0 500 0 0 0 700 0 0 500 372 232 0 397 0 358 100 166 66 0 0 0 422 500 500 0 375 0 375 0 0 391 0 700 0 0 500 900 343 522 0 890 262 66 692 1000 0 0 875 0 0 0 0 0 0 633 212 0 400 371 0 0 900 466 450 0 0
#WHUFC 2019-04-08
250 0 0 0 0 216 0 375 0 0 0 0 0 166 700 -23 0 0 250 600 66 0 0 250 -294 0 0 500 0 -66 0 300 0 0 0 0 0 0 0 0 0 700 0 0 0 100 600 0 56 0 333 0 39 0 0 0 0 -166 0 -315 0 500 250 -800 -600 0 0 0 -550 0 700 400 0 500 0 500 0 377 600 0 0 0 -74 100 0 200 0 0 -400 0 0 0 0 650 -187 0 590 100 500 100
1000 0 0 0 0 344 0 500 0 0 0 0 0 166 875 406 83 0 671 575 466 0 0 250 416 100 750 266 0 333 0 550 0 0 0 0 0 0 0 0 0 600 500 0 0 600 900 0 558 0 416 0 518 125 0 0 0 433 0 505 0 750 550 1000 800 0 0 0 800 0 600 400 0 500 0 500 0 355 900 0 0 0 900 600 0 233 533 0 400 0 0 0 0 450 500 0 600 100 900 600
#EFC 2019-04-07
0 0 100 142 -166 83 0 0 200 -109 0 0 100 0 166 0 133 0 0 250 -400 100 425 400 0 0 -100 200 0 300 0 0 700 0 200 0 200 0 0 -50 20 700 -25 0 0 0 -166 166 -400 0 0 300 500 1000 119 0 0 700 0 0 -625 -400 0 0 -400 250 0 0 -250 0 125 0 0 0 500 0 0 500 -300 -250 0 250 0 24 0 0 0 0 -400 0 -71 425 50 0 -400 0 0 0 316 0
0 0 500 267 688 258 0 0 625 719 0 100 600 0 533 0 533 538 0 250 400 550 475 1000 0 100 25 233 0 650 0 0 600 0 300 0 500 0 0 250 233 750 200 0 0 0 366 666 400 0 0 0 750 400 213 0 357 600 0 0 1000 1000 0 0 1000 850 125 0 750 0 875 0 0 0 833 433 1000 375 600 250 0 550 0 658 0 0 0 0 700 0 417 350 241 0 1000 0 0 0 700 500
#AFC 2019-04-07
0 600 300 0 600 1000 500 0 155 242 116 0 500 100 750 0 0 350 0 0 0 0 100 0 58 136 0 0 83 158 500 0 -400 500 750 625 0 0 0 450 -233 0 0 500 0 0 0 0 -312 0 800 0 700 0 495 0 375 0 0 425 937 390 -400 0 0 0 0 0 250 0 0 0 136 620 136 136 136 0 136 300 800 446 136 -50 136 136 0 100 136 216 500 0 305 0 100 500 0 0 400
0 1000 408 0 1000 1000 500 0 833 377 533 100 500 383 400 0 0 550 0 0 0 0 133 0 358 454 513 0 300 641 500 538 400 500 650 600 550 0 0 566 255 0 0 500 0 0 0 0 400 1000 1000 1000 875 0 530 0 975 500 0 725 800 518 400 0 0 0 0 0 150 0 125 125 500 400 500 500 500 0 500 200 1000 571 500 400 500 500 0 549 500 277 500 550 300 0 100 500 100 0 550
#AFCB 2019-04-06
0 400 375 0 0 258 0 99 600 -62 600 0 -34 0 -200 750 0 -111 0 -83 283 0 -21 0 0 -400 0 -125 277 193 350 700 0 0 250 0 0 100 -125 0 49 136 0 500 0 900 0 -81 0 -291 0 0 900 0 0 0 -21 700 64 250 92 -585 250 -66 0 0 0 125 -250 49 0 -300 159 318 109 150 83 0 0 -81 500 600 -81 -81 136 0 0 200 325 0 -123 -81 300 400 800 0 -81 500 258 0
0 700 350 0 1000 496 0 366 875 437 566 0 227 0 200 950 0 238 0 33 483 0 351 0 0 550 0 375 611 477 825 600 0 0 333 0 0 900 375 0 950 500 0 900 0 1000 0 427 0 541 1000 0 1000 0 0 100 351 600 432 300 573 400 300 600 1000 1000 1000 150 812 650 0 1000 388 477 538 450 579 0 0 427 900 800 427 427 454 100 0 600 393 100 479 427 800 900 750 0 427 500 255 0
#Clarets 2019-04-06
0 -62 0 0 0 0 0 0 142 780 0 0 125 0 350 125 250 250 150 83 -81 333 -150 425 0 212 75 500 0 -400 0 0 0 150 0 0 500 0 375 362 568 0 600 166 0 136 0 0 1000 700 0 0 0 0 0 800 0 0 -300 0 166 166 100 0 0 0 455 214 0 33 0 0 -400 100 375 -300 100 285 50 0 625 366 0 318 400 450 0 0 0 200 416 -400 0 0 0 0 250 0 875 583
0 437 0 0 0 0 575 0 366 1000 0 0 300 0 550 325 300 300 450 579 427 333 300 525 100 333 325 1000 0 700 0 1000 0 470 0 500 500 0 333 441 700 0 400 416 0 500 0 0 1000 600 0 333 375 0 0 400 0 0 600 0 416 166 1000 0 0 0 433 428 0 633 0 0 400 1000 625 600 100 535 50 0 500 700 0 450 500 750 0 0 0 334 500 400 0 0 0 0 450 0 600 666
#HTAFC 2019-04-06
0 0 0 0 1000 321 0 0 1000 83 309 0 500 -62 150 0 -300 0 0 -25 0 0 0 0 0 -116 0 0 0 -75 -300 0 500 0 100 750 0 500 0 0 -200 0 -400 0 0 -400 0 0 -12 0 0 175 450 0 0 0 0 -291 141 238 147 75 200 0 200 0 -250 -166 -31 150 250 103 500 0 0 125 0 468 0 -200 -275 0 -400 900 44 -166 500 -291 49 357 150 565 500 125 357 13 0 -316 130 14
0 1000 0 0 300 523 0 0 1000 416 780 0 360 437 550 0 600 0 100 400 0 0 0 0 100 533 66 0 0 489 400 0 900 100 300 825 125 500 0 0 233 0 400 0 100 400 0 0 450 0 0 775 1000 0 1000 0 0 541 391 294 402 324 200 0 300 0 466 166 466 400 250 150 500 0 0 366 0 500 0 700 744 0 400 1000 490 166 500 541 700 571 175 832 600 125 571 553 0 766 394 693
#LCFC 2019-04-06
418 418 418 160 -8 309 0 0 0 0 0 0 0 -155 337 1000 0 700 309 1000 1000 0 -163 -62 -250 0 350 500 -125 800 0 525 0 112 0 0 -89 0 0 500 0 0 0 0 0 0 0 0 0 216 0 0 1000 350 358 500 200 0 0 0 0 0 0 0 0 0 80 0 1000 1000 366 500 800 0 0 800 800 433 0 0 62 -291 47 366 500 0 174 0 142 250 0 800 200 225 183 0 318 318 318 318
527 527 527 539 550 538 0 0 0 0 0 0 0 288 362 300 0 600 538 390 300 0 572 437 250 0 550 900 375 1000 0 541 0 451 0 300 142 0 0 500 0 0 0 66 0 0 0 0 0 533 50 0 650 577 591 500 200 0 0 0 0 0 0 0 0 0 411 538 1000 1000 533 900 1000 0 0 750 1000 733 0 0 83 541 421 400 500 0 454 0 366 450 666 1000 100 600 350 0 477 477 477 477
#NUFC 2019-04-06
49 0 0 0 0 309 58 136 0 -100 209 520 -200 0 100 83 0 0 -166 -156 -47 -50 400 0 0 150 0 0 0 -350 166 0 0 200 136 0 250 309 500 -62 0 533 12 0 -100 0 -62 0 725 0 -166 -83 0 125 -200 500 0 1000 1000 209 199 450 352 0 83 -204 0 400 0 0 136 100 0 175 0 99 350 0 0 900 250 0 0 0 178 385 350 -166 0 0 500 0 0 0 0 0 350 -1 392 -188
600 0 0 0 0 538 596 454 0 400 363 1000 200 0 300 1000 0 0 250 812 416 400 666 1000 0 300 0 750 0 833 283 0 0 450 500 0 500 538 900 212 0 766 551 0 200 0 437 0 742 0 66 216 0 550 500 400 0 300 300 304 300 375 497 0 242 505 300 250 0 0 454 383 0 416 0 500 450 0 0 1000 500 0 0 0 584 512 650 250 300 0 491 562 0 0 0 0 550 279 517 338
#CPFC 2019-04-06
0 0 0 400 0 200 -22 312 466 92 -16 -50 0 -400 0 0 245 -400 0 0 0 0 0 0 -62 275 274 125 0 0 0 87 575 -200 633 0 200 0 -185 385 0 0 0 0 0 200 0 625 0 -3 1000 333 0 -225 375 375 500 136 0 239 -500 0 1000 375 625 0 391 500 0 0 0 0 0 0 -131 -69 100 125 -170 1000 0 0 399 519 -99 0 0 -50 450 0 0 -201 203 41 318 0 90 0 37 0
0 0 0 700 0 200 179 333 266 333 500 400 0 400 0 0 473 600 0 0 0 0 0 0 437 725 500 166 0 0 66 700 800 533 233 0 200 0 340 512 0 0 0 0 1000 200 0 900 0 229 1000 799 0 175 650 650 750 454 600 320 1000 0 300 650 500 0 691 500 0 0 0 0 0 0 427 488 350 166 351 300 0 0 380 543 583 0 0 900 483 0 0 646 777 625 477 0 506 0 466 0
#SaintsFC 2019-04-05
224 0 0 0 312 200 0 170 183 345 0 -291 0 600 -400 0 0 0 101 375 37 0 261 700 172 450 550 166 600 500 0 0 600 243 208 200 600 0 0 500 152 250 333 0 400 -192 -35 625 781 800 0 250 412 0 -149 0 -100 -75 91 -700 0 0 0 100 500 287 -78 350 -125 200 133 0 0 500 600 578 166 375 71 362 0 0 0 533 456 0 0 -15 400 0 0 375 800 325 169 -400 136 -100 266 0
847 0 0 0 333 100 0 454 391 584 0 541 0 1000 400 0 0 0 475 944 325 0 808 600 261 450 700 833 1000 500 0 0 1000 493 666 450 875 0 0 500 769 300 666 0 800 400 610 500 500 400 0 300 800 0 533 0 25 466 691 1000 0 0 0 0 1000 533 150 481 175 100 300 0 0 750 1000 818 166 200 571 554 0 0 0 533 822 0 0 352 316 0 100 750 400 575 540 400 454 300 733 600
#LFC 2019-04-05
337 191 0 400 0 0 0 0 0 0 0 136 -500 0 333 247 283 210 -250 0 -500 500 500 290 250 500 0 -54 500 0 102 -150 68 200 0 0 0 0 296 500 500 -100 152 0 -33 199 0 0 0 433 0 381 0 0 4 625 94 618 500 556 345 0 500 627 0 100 166 0 0 0 0 0 136 0 16 -450 0 0 -187 0 500 0 0 84 -400 383 -347 0 0 0 687 0 446 500 500 500 0 -400 -976 4
387 275 0 800 66 0 0 0 0 0 0 454 1000 0 366 389 558 571 400 0 1000 500 900 433 250 800 0 351 500 0 502 399 250 450 0 0 0 0 458 500 500 404 458 0 394 416 0 0 0 466 0 550 0 0 357 650 491 475 600 366 584 0 500 470 0 400 333 0 1000 0 0 0 454 0 642 850 0 0 362 0 500 1000 0 413 400 333 671 0 399 0 525 0 535 500 900 500 0 400 1000 579
#CFC 2019-04-03
-75 68 500 333 0 800 250 0 0 500 0 500 0 106 0 200 -66 150 26 550 0 -500 0 750 0 246 -200 136 250 0 250 533 0 0 -125 250 25 133 0 0 0 800 0 0 0 0 -400 0 0 -700 0 500 0 275 -200 500 0 433 250 0 483 0 0 160 600 400 250 0 0 0 -66 0 102 750 49 0 0 -12 50 0 325 0 0 0 100 0 -252 0 33 -117 166 0 0 -275 0 80 9 -400 0 0
500 727 500 833 0 750 375 0 0 700 0 650 333 562 0 200 583 250 502 950 0 299 0 1000 0 486 400 454 200 0 850 600 0 0 312 494 297 733 0 0 0 400 0 0 0 0 400 0 0 900 0 500 0 500 700 500 0 433 500 0 625 0 0 392 550 700 250 0 0 125 750 0 335 400 404 0 0 387 233 0 475 0 0 0 550 0 449 0 494 671 166 0 0 450 0 240 313 700 0 0
#BHAFC 2019-04-03
-150 -200 -500 0 375 0 0 0 0 300 0 -250 1000 800 0 400 600 0 -199 675 0 0 0 683 456 0 0 0 0 0 -283 0 -650 0 0 0 -150 0 -83 426 0 -275 700 -100 -250 500 500 400 606 421 0 0 0 250 400 0 350 0 0 -600 450 0 0 0 400 -11 -46 200 100 500 125 0 0 0 0 0 0 368 0 0 225 0 62 -283 0 71 625 -250 -66 -200 19 0 -625 0 0 -300 0 0 0 0
300 350 1000 0 650 0 0 0 0 466 0 625 1000 1000 0 400 550 0 466 825 0 0 0 650 725 0 0 0 0 0 722 0 1000 0 0 0 662 0 366 526 0 700 600 400 500 500 500 500 950 385 0 0 0 250 500 0 547 0 0 900 700 0 1000 0 600 271 393 400 1000 500 1000 0 0 0 0 0 0 700 100 0 275 0 187 283 0 287 750 586 233 100 459 0 1000 0 0 400 0 0 0 0
#MCFC 2019-04-03
68 650 500 0 0 -400 0 -300 0 490 111 200 81 54 83 133 0 0 300 300 -700 0 500 0 800 122 0 0 -38 -78 0 -15 83 350 16 0 250 0 50 433 233 0 229 175 100 900 800 -44 0 287 500 0 0 0 0 0 266 -600 0 0 0 0 16 0 1000 600 0 0 177 0 -500 -125 -166 0 0 0 0 -141 -20 0 0 800 -75 0 0 -333 0 0 0 0 0 0 0 -400 50 314 0 0 0 66
727 450 750 100 0 400 0 400 0 540 444 300 470 524 666 266 0 0 200 200 900 0 500 0 750 715 0 0 322 100 0 663 111 462 183 0 750 0 500 600 533 1000 790 287 400 1000 1000 650 0 466 500 0 0 0 0 0 641 900 0 0 0 0 183 0 700 600 0 0 322 0 1000 375 166 0 0 0 0 311 200 1000 0 400 531 0 0 666 0 0 0 0 0 0 0 400 500 285 0 100 66 133
#cardiffcity 2019-04-03
475 50 -500 0 0 300 300 0 0 0 0 0 0 203 381 0 -400 -150 0 0 0 0 0 0 0 0 458 6 6 6 183 0 416 0 0 -400 -500 16 0 0 -225 -150 500 -400 200 0 800 0 500 -500 0 -166 350 0 166 0 229 0 -750 -150 -750 0 285 343 -222 0 0 0 -345 -361 -400 -458 0 -800 350 0 0 0 0 550 0 0 -166 0 0 0 -125 0 44 -50 -274 150 500 -38 -2 -49 0 -225 338 0
500 150 1000 0 0 200 200 0 0 0 0 0 0 519 648 0 400 275 0 0 0 50 0 0 0 0 616 811 811 811 383 0 444 0 0 700 1000 816 0 400 356 350 600 400 900 0 400 0 500 1000 0 666 675 0 600 0 416 0 750 600 700 0 535 700 611 0 0 0 470 722 400 833 0 900 550 0 0 0 0 575 0 0 395 0 750 0 1000 100 500 300 811 650 500 447 657 650 0 850 672 0
#COYS 2019-04-03
-90 -15 0 -107 -40 318 600 -81 -91 0 0 0 56 800 200 500 312 0 250 0 125 200 -1000 355 -129 -200 0 350 666 0 34 600 187 375 96 500 0 900 136 136 500 -500 99 300 360 217 136 0 600 0 0 200 -200 0 0 -150 1000 -400 0 -250 0 625 0 -800 62 0 -33 199 272 100 0 700 -200 0 0 133 0 0 0 0 500 279 0 100 0 -116 800 0 -799 0 0 0 0 200 -250 11 0 150 0 136
273 363 0 767 643 727 625 427 150 0 0 0 500 700 200 1000 616 0 546 0 600 450 1000 545 476 450 0 300 475 0 355 900 487 375 392 600 0 1000 454 454 600 1000 616 450 580 436 454 0 900 0 100 200 800 0 0 350 400 600 66 400 1000 500 0 900 516 0 533 355 259 475 0 600 50 0 0 300 0 0 0 0 500 520 1000 200 0 411 400 1000 1000 100 0 0 0 900 250 384 0 700 0 454
#CPFC 2019-04-03
100 1000 -97 0 322 0 1000 0 -800 0 131 136 0 0 0 0 0 500 287 0 250 875 350 500 0 250 28 0 350 122 0 -356 0 0 0 -400 223 0 -131 136 200 -400 240 285 -422 250 0 0 500 -400 478 0 0 500 0 136 161 0 250 100 0 500 0 125 174 0 428 200 0 80 -500 250 600 0 0 1000 0 250 223 100 0 111 0 0 -250 0 125 437 1000 0 316 -262 0 0 172 0 285 0 466 0
100 1000 144 0 555 100 300 0 800 0 468 454 0 0 0 0 0 600 450 0 100 600 400 500 0 750 387 0 350 508 0 543 0 0 0 700 351 0 427 454 900 400 390 535 580 233 0 0 750 400 484 0 0 600 0 500 604 0 250 1000 1000 500 0 1000 414 0 535 100 0 480 500 333 1000 0 0 300 0 375 818 400 0 288 0 0 250 0 516 550 1000 0 450 387 0 0 544 0 535 0 300 0
#WatfordFC 2019-04-02
200 -100 -168 375 0 0 156 0 4 27 200 156 233 56 0 300 0 200 0 0 0 200 -125 425 0 -156 0 158 0 0 200 0 0 200 8 250 200 0 0 200 53 0 375 246 -117 200 304 -30 0 0 -700 0 625 0 433 83 -13 325 500 267 500 -16 500 249 -400 300 0 0 366 244 -300 199 100 0 136 0 0 0 0 350 700 -16 0 -200 -75 0 0 0 500 -250 -50 -5 -83 111 0 83 -100 350 0 -400
300 650 596 425 0 0 391 500 642 200 450 229 308 300 0 408 0 200 0 33 125 300 200 575 0 283 0 316 0 0 300 0 0 300 764 550 300 0 0 300 610 0 325 512 366 300 475 222 0 0 1000 0 750 0 500 588 643 300 750 346 1000 304 750 450 400 387 300 0 816 372 450 461 450 0 500 0 0 0 0 433 600 391 0 500 450 0 0 0 500 250 200 300 83 255 0 416 400 300 0 600
#FFC 2019-04-02
-72 0 0 0 0 0 0 136 0 -155 700 250 300 500 383 0 500 0 0 0 0 0 -699 800 600 -362 350 100 0 800 -83 450 0 250 85 0 233 0 262 -151 100 166 -400 -100 7 0 400 0 200 0 500 0 0 0 25 0 1000 -60 0 0 350 -300 50 318 0 122 -385 100 158 0 250 0 285 -150 0 258 500 0 84 100 166 41 0 5 0 0 0 250 150 -600 200 0 0 0 -288 350 350 0 0 -1000
633 0 0 0 0 0 0 454 0 288 600 850 400 888 633 75 900 0 0 0 0 0 666 700 1000 533 300 750 0 750 700 775 0 1000 461 0 533 0 800 729 191 379 400 400 778 0 850 0 300 1000 500 0 0 0 594 0 1000 326 125 0 550 500 366 671 0 388 362 500 307 0 506 0 535 633 0 576 500 0 450 191 522 516 0 666 0 0 0 625 350 666 950 0 0 0 666 550 550 0 0 1000
#wwfc 2019-04-02
62 166 557 625 477 225 0 0 -370 0 233 -116 312 346 600 0 0 -100 533 -100 -75 0 200 -166 400 0 0 -250 160 160 160 375 0 33 0 0 -91 0 -16 0 500 316 0 -166 0 0 -66 625 0 0 -185 500 406 0 0 -388 0 -388 0 500 233 0 533 0 100 0 -8 350 0 0 0 100 0 -150 0 172 225 0 0 0 700 0 0 0 0 0 263 0 0 0 0 -50 0 400 -500 200 208 -100 400 0
500 211 385 500 437 600 1000 0 629 0 450 483 333 696 950 0 100 0 808 0 366 0 200 166 400 0 0 233 539 539 539 750 1000 529 0 400 471 1000 533 0 600 383 0 383 0 0 466 1000 0 0 229 500 644 0 0 833 0 833 0 600 633 0 808 0 900 0 558 433 66 0 0 400 0 200 0 522 625 0 0 0 600 0 533 533 0 0 420 0 0 0 0 400 0 400 1000 450 466 50 700 306
#MUFC 2019-04-02
-37 0 250 337 0 0 0 0 0 800 416 100 600 -333 0 62 562 -250 0 0 0 0 0 850 0 187 0 125 480 166 10 -700 -100 89 0 0 92 0 0 0 0 0 -500 -37 0 100 0 0 800 0 0 250 320 355 500 0 140 0 0 0 500 172 0 69 125 125 500 291 487 400 487 0 400 400 -50 400 0 150 150 0 0 400 150 100 125 500 100 0 83 212 0 150 0 0 0 -750 -35 75 0 0
495 0 333 312 0 750 0 0 0 400 833 200 1000 666 0 363 650 1000 0 0 0 0 0 1000 0 530 0 166 530 199 360 750 433 142 0 1000 468 0 0 0 0 0 1000 651 0 383 0 100 400 0 100 283 400 455 500 0 409 0 0 0 500 436 0 670 216 216 600 605 668 400 668 0 400 400 483 400 0 616 616 0 0 800 616 212 216 600 212 0 316 781 0 325 0 0 0 750 377 475 0 0
#AFC 2019-04-01
200 0 0 0 0 0 0 0 0 0 212 0 -1000 200 199 0 0 250 0 0 -87 450 0 0 0 -50 0 0 500 0 200 625 0 0 200 0 0 -46 650 500 0 166 251 0 -250 0 0 -71 0 0 0 0 0 600 300 0 -400 0 42 -500 562 0 500 0 0 0 0 -16 0 -200 250 -199 0 0 566 66 0 251 1000 0 350 0 266 0 -300 47 34 0 0 0 0 0 0 500 0 333 175 0 0 0
550 0 0 0 0 0 0 0 0 66 451 500 900 100 733 0 500 333 0 0 618 750 100 0 0 450 800 0 500 0 300 600 0 0 200 0 0 649 800 500 0 500 545 0 200 0 0 214 0 0 0 0 0 466 350 0 400 0 430 900 820 0 900 0 440 0 0 449 0 250 250 461 0 0 466 100 0 545 500 0 400 0 666 0 500 380 394 0 0 0 0 0 0 500 0 200 275 0 0 0
#NUFC 2019-04-01
500 323 250 800 -125 0 -266 500 65 55 650 0 0 264 -650 140 -25 976 0 677 100 0 159 0 0 0 386 161 107 333 16 200 0 583 350 350 0 0 0 250 250 50 0 0 0 224 500 0 237 237 0 300 378 1000 -312 66 300 1000 0 0 689 800 0 0 500 0 0 0 49 0 -388 80 743 743 17 0 1000 0 172 200 0 0 0 0 575 0 0 300 0 350 243 0 0 516 90 0 -37 64 139 0
750 443 450 400 812 0 700 500 249 355 450 500 0 246 1000 342 262 800 0 677 100 1000 520 0 0 0 772 672 557 308 583 200 0 666 950 950 416 0 1000 300 300 483 0 0 0 250 500 0 525 525 0 405 266 1000 250 700 200 1000 0 0 767 400 0 0 500 0 0 0 550 0 833 539 1000 1000 463 0 300 0 394 655 500 0 0 0 725 0 0 549 400 533 433 0 1000 700 425 1000 283 456 420 1000
#LFC 2019-03-31
266 0 0 125 350 -100 0 600 15 0 0 0 0 0 380 380 0 200 200 -166 200 466 900 0 0 0 500 33 91 62 -333 200 0 800 0 0 800 0 333 0 -500 500 600 812 0 -156 900 272 0 -90 0 500 0 300 250 0 300 350 0 0 99 0 0 0 0 -39 -300 0 40 150 350 0 75 0 100 131 500 0 -104 0 0 0 150 650 22 250 -375 0 600 0 0 0 136 0 300 0 400 200 0 0
500 0 0 250 400 100 0 950 455 0 0 0 0 0 519 519 75 950 500 1000 400 516 1000 0 0 0 350 799 729 212 666 500 0 200 1000 0 1000 0 399 0 900 500 650 750 0 843 650 300 0 396 0 1000 0 200 650 150 200 650 0 0 633 1000 0 0 0 955 400 0 113 375 475 66 333 0 600 371 400 0 578 0 1000 66 425 700 194 625 600 750 950 0 0 0 454 0 766 0 650 500 0 0
#COYS 2019-03-31
800 453 100 0 200 416 0 182 136 0 0 0 0 350 187 0 0 462 -400 0 100 25 0 0 0 216 0 0 0 500 200 -600 0 0 450 0 -300 0 110 0 700 0 0 298 0 0 0 283 68 230 271 234 0 250 0 0 0 300 800 0 250 0 142 136 625 186 0 1000 0 106 0 0 0 0 0 600 500 0 -400 0 734 550 345 -86 500 0 -150 133 55 250 111 50 0 0 169 0 500 -131 -400 -150
1000 674 400 0 116 402 0 380 454 0 0 0 1000 800 375 0 66 362 400 0 500 400 0 0 0 366 0 0 0 500 463 1000 66 0 750 250 799 0 585 0 750 0 0 655 0 0 0 444 552 505 580 875 0 575 0 0 0 550 1000 0 444 0 267 454 500 591 0 1000 0 403 0 0 0 0 0 900 600 0 400 0 475 875 861 622 600 0 416 681 666 750 510 100 0 0 647 0 750 450 400 300
#cardiffcity 2019-03-31
200 -99 0 0 0 0 0 0 0 0 316 0 265 0 193 0 0 0 0 0 -500 0 0 0 522 0 0 137 0 400 -400 -400 0 0 -175 0 120 0 -7 164 666 -83 0 0 0 450 500 0 0 0 0 1000 0 -155 0 115 170 0 800 0 0 800 0 345 0 650 350 0 0 500 687 -77 350 100 633 800 0 0 307 0 0 0 0 0 -607 0 0 -262 0 199 500 225 0 500 0 0 0 0 0 1000
100 583 0 0 0 0 0 0 355 0 283 0 666 0 727 0 0 66 0 0 1000 0 0 0 550 0 0 687 0 900 400 400 0 0 175 0 240 0 634 500 483 291 0 0 0 750 500 0 0 875 0 400 0 288 0 818 500 0 400 250 0 400 0 418 0 450 550 0 0 500 1000 206 350 200 500 1000 0 0 414 0 0 0 0 0 833 0 0 575 0 475 500 266 0 1000 0 0 0 0 0 600
#CFC 2019-03-31
0 125 0 357 0 0 -700 -100 0 0 0 0 500 -33 0 208 100 600 108 0 -172 0 0 0 0 0 0 133 229 101 0 200 0 -350 333 0 300 -125 0 0 -383 -200 0 500 464 250 0 -357 0 0 -40 0 -400 -125 0 0 500 0 125 166 500 0 0 -800 366 0 500 -96 -121 400 0 0 0 0 800 100 0 0 0 136 0 -133 211 0 0 350 0 0 200 334 333 0 200 200 700 200 200 0 0 700
66 250 0 535 0 125 200 0 0 0 0 0 833 516 0 916 100 666 241 0 486 0 0 0 0 0 0 241 291 395 0 200 0 500 666 0 300 375 0 0 694 250 0 500 607 387 0 491 0 0 557 0 400 266 0 0 500 0 500 833 500 0 0 800 700 0 500 649 600 350 0 0 650 0 1000 250 0 0 0 454 0 241 495 0 0 450 0 0 300 569 200 0 300 300 900 200 500 0 0 600
#WHUFC 2019-03-30
99 0 66 108 0 0 -50 0 -25 200 -375 200 0 -200 900 0 0 0 0 0 0 0 0 0 193 250 250 250 250 0 0 350 0 0 0 0 0 0 136 240 0 0 300 703 0 375 650 800 112 130 0 -200 0 350 400 400 400 400 68 -62 0 0 0 200 212 222 25 25 400 0 0 0 0 0 300 0 0 0 0 140 500 747 325 -77 175 199 0 0 0 800 0 500 0 -100 -500 140 0 100 4 493
333 0 383 358 0 416 400 0 325 550 600 900 62 800 650 0 0 0 0 0 0 0 0 0 477 500 500 500 500 0 0 800 0 0 0 0 0 0 454 420 700 0 450 888 0 100 450 400 259 322 0 700 0 550 400 400 400 400 300 250 0 0 0 200 523 586 508 508 400 0 0 0 0 0 500 0 0 250 125 250 500 1000 366 144 600 300 0 0 0 1000 0 625 0 400 1000 250 83 800 258 533
#EFC 2019-03-30
0 0 0 268 -400 250 0 0 500 0 0 -292 0 500 312 0 0 0 0 950 0 0 -200 0 75 200 0 0 125 0 -400 -500 0 100 0 153 0 100 0 139 -159 0 392 0 650 0 0 0 0 0 354 154 68 370 150 -66 0 312 225 -516 250 136 0 1000 0 700 133 -100 136 397 250 378 250 0 275 0 200 500 0 0 0 0 400 0 0 333 0 0 200 227 250 0 0 -311 0 0 0 240 0 0
0 0 0 500 400 250 0 0 500 0 0 504 0 500 850 0 0 0 0 625 0 0 800 0 700 450 0 0 250 0 400 900 0 250 0 460 0 200 0 380 459 0 712 0 750 0 0 500 0 0 438 666 227 540 112 255 0 451 650 433 333 454 0 1000 0 750 133 200 454 492 333 751 500 0 425 0 450 888 0 0 0 0 900 0 0 633 500 0 200 661 500 0 0 455 500 0 0 420 0 0
#BHAFC 2019-03-30
0 0 0 0 0 0 -200 0 -400 0 0 0 125 -250 500 172 1000 0 136 0 -197 0 0 500 -97 285 0 166 200 0 0 316 0 -200 375 0 0 -38 0 136 -51 0 0 25 0 335 -400 0 0 -28 166 0 -83 -28 200 62 400 875 0 0 0 219 -277 0 0 525 300 500 389 125 0 0 0 -500 0 750 250 500 200 0 0 333 0 450 0 -50 -150 350 55 460 -50 283 0 0 400 100 208 400 700 200
0 0 0 0 0 500 800 0 400 0 0 0 475 250 500 588 1000 0 454 1000 620 0 500 500 791 535 0 305 200 0 0 722 0 150 375 0 0 122 0 500 529 0 0 300 0 445 400 0 400 258 166 500 549 423 500 700 800 600 0 0 0 333 344 1000 0 566 350 1000 530 625 0 466 0 600 0 650 250 500 500 0 0 648 0 750 0 577 800 550 423 459 120 766 0 0 200 150 750 400 850 300
#SaintsFC 2019-03-30
0 200 0 0 0 250 -391 0 0 0 150 -200 0 0 0 -400 75 0 0 0 0 -600 0 0 0 0 0 0 0 0 0 154 40 0 500 0 0 0 0 0 0 0 250 0 0 625 0 287 136 625 0 478 0 0 200 0 400 500 250 447 0 199 200 0 136 366 0 712 500 216 0 0 100 -400 0 14 302 -83 0 -28 0 0 -400 0 -31 450 0 0 351 87 0 166 500 0 750 333 650 0 0 0
0 400 900 0 0 400 466 0 0 0 649 400 0 0 0 400 166 66 66 66 66 1000 0 0 700 900 0 0 900 0 0 313 533 0 200 0 0 0 0 0 0 900 425 100 0 900 1000 487 500 500 0 651 0 0 200 0 900 1000 250 554 0 596 500 0 500 133 0 450 500 258 0 0 400 600 500 209 344 549 0 423 0 0 600 0 366 750 0 466 750 492 0 916 500 0 400 355 550 0 0 0
#Clarets 2019-03-30
-400 400 0 250 375 100 0 0 500 500 0 50 -155 500 433 218 0 69 433 0 400 0 0 0 0 0 0 366 625 0 0 0 50 0 250 0 0 200 -300 100 0 333 136 -125 357 0 437 0 0 -100 -466 750 0 0 0 350 0 0 0 0 400 0 1000 500 525 258 75 50 0 0 250 350 800 125 0 0 750 0 0 375 500 250 525 577 0 250 0 200 400 0 195 0 1000 800 500 0
400 900 0 500 416 383 0 0 500 900 0 50 288 500 733 175 0 291 733 1000 700 0 0 0 0 0 0 700 500 0 0 0 50 66 250 0 0 700 600 300 0 500 454 500 571 333 687 0 0 200 683 1000 0 0 0 576 0 0 0 0 250 0 1000 500 500 833 454 50 0 0 375 550 1000 166 0 0 1000 0 0 750 600 375 412 544 0 200 250 200 900 0 468 66 1000 1000 833 0
#wwfc 2019-03-30
0 0 0 500 -100 0 0 800 -50 0 0 -100 150 0 0 66 0 0 0 0 -400 -400 250 500 0 175 0 0 400 0 0 437 500 0 687 87 700 544 150 0 0 0 0 0 1000 0 0 221 150 0 0 400 300 0 75 0 0 0 0 400 0 0 433 433 0 212 0 25 240 300 25 116 500 268 33 0 0 0 25 116 100 100 900 0 400 -200 103 400 318 0 0 0 0 0 224 0 0 800 0 136
0 0 0 500 83 0 0 1000 400 0 0 200 825 0 0 200 0 0 0 66 400 400 500 500 0 320 0 0 900 0 0 650 500 400 950 375 600 666 600 0 1000 0 0 0 300 1000 1000 500 700 533 533 400 350 0 950 100 0 0 0 725 1000 0 750 850 1000 583 0 400 420 500 300 186 550 477 66 0 0 0 750 566 600 300 650 0 900 575 525 475 477 0 0 0 0 0 725 0 0 1000 0 500
#CPFC 2019-03-30
130 175 -200 -400 0 216 0 0 0 362 0 -200 375 1000 400 -194 600 -50 0 432 -140 -200 0 0 -50 0 0 187 0 -50 0 500 0 0 109 136 0 -83 0 0 587 0 0 149 100 359 0 750 0 -49 -50 750 -800 0 0 0 -150 0 350 600 -139 -100 0 50 0 -49 0 0 200 200 175 385 243 200 0 450 0 0 -155 133 0 0 0 0 0 0 0 136 875 0 -155 875 875 -100 875 300 0 500 500 500
321 500 800 400 0 466 500 1000 0 383 0 200 366 300 800 288 900 500 0 627 351 150 0 0 100 0 0 230 0 100 0 500 0 0 394 454 0 496 0 0 475 0 0 600 200 412 0 1000 0 894 100 400 900 0 0 0 800 0 550 900 342 400 0 175 0 894 0 0 550 200 375 400 300 100 0 350 500 0 288 433 100 0 0 450 0 0 0 500 600 0 288 600 600 200 600 633 0 183 183 183
#HTAFC 2019-03-30
800 400 372 -400 283 313 264 362 0 1000 233 300 800 0 0 250 0 200 625 342 0 0 238 500 -156 -400 -266 0 0 0 0 278 -400 0 0 -175 0 0 0 0 500 0 -208 375 187 350 166 100 471 0 -83 383 -100 0 0 -31 133 -100 200 0 0 -100 0 -100 0 0 0 0 0 0 136 0 -175 0 0 360 550 208 133 195 525 577 800 165 -100 -100 254 -100 100 -86 -133 -266 302 49 0 500 312 233 -100 -100
400 325 594 400 514 526 479 383 0 300 300 500 750 0 0 500 0 400 366 748 1000 500 439 600 437 400 333 0 125 0 0 551 700 0 0 550 125 0 0 1000 450 0 458 725 500 550 222 300 590 0 83 483 633 0 0 466 600 633 200 0 0 400 0 400 0 0 0 1000 0 0 500 0 550 0 0 421 500 333 266 320 675 790 400 649 400 83 477 400 300 472 466 533 293 416 0 500 333 433 400 400
#LCFC 2019-03-30
200 204 0 0 500 400 500 520 -400 -33 0 0 285 0 42 204 500 0 100 0 500 500 500 500 -55 204 0 362 -122 0 0 0 500 200 0 120 -134 204 300 0 249 325 0 0 -187 100 0 0 500 -200 0 500 0 800 0 0 62 -55 500 266 -300 114 0 0 0 0 0 -166 50 1000 316 350 0 170 1000 0 400 0 227 0 -379 400 0 500 350 50 333 250 125 700 -400 -56 150 -100 100 0 200 412 0 0
550 284 0 0 500 875 500 1000 400 522 0 0 535 0 467 284 665 0 700 0 500 500 500 500 211 284 0 383 666 0 100 0 500 100 0 240 524 284 600 0 500 922 0 0 500 1000 0 0 500 400 0 500 1000 400 0 0 225 500 1000 333 400 367 0 0 0 0 0 66 700 300 400 449 0 500 1000 0 900 125 545 0 704 800 0 500 550 700 653 250 300 600 400 568 550 100 200 0 666 658 0 0
#AFCB 2019-03-30
68 250 0 0 0 -400 1000 0 400 0 0 0 500 0 -111 0 0 350 0 0 -250 0 0 0 0 0 114 312 0 516 0 0 500 100 0 0 0 0 0 0 350 166 0 640 300 200 306 506 187 134 0 0 0 121 83 315 1000 0 0 250 0 136 69 433 -100 800 69 0 550 300 433 1000 0 700 0 -158 0 0 -100 0 -155 0 0 0 -233 -699 250 0 0 0 0 -111 0 125 525 277 141 -218 0 0
750 300 0 0 0 400 750 0 250 0 0 0 300 0 238 0 0 250 0 0 400 0 0 0 0 0 367 250 0 575 0 0 425 300 0 0 0 0 125 0 550 222 0 659 0 200 625 662 875 302 0 0 100 328 144 500 750 0 0 283 0 500 291 733 100 750 291 0 750 687 733 1000 0 600 0 483 0 0 100 0 288 0 0 0 766 666 250 0 0 0 0 238 0 450 366 776 613 300 0 0
#MUFC 2019-03-30
400 175 0 -5 0 60 0 300 137 0 0 0 0 250 250 0 100 285 200 0 0 500 0 368 600 433 0 0 160 -133 0 0 700 -500 -5 0 0 410 -5 200 0 700 0 257 133 133 0 425 400 0 450 0 399 450 233 0 0 0 1000 800 850 142 200 0 0 -166 0 0 285 0 0 192 50 0 781 1000 0 0 800 400 100 0 0 0 166 700 0 0 0 142 0 800 0 45 267 0 0 0 0 0
500 216 0 725 0 475 0 550 390 0 0 0 0 312 375 0 200 535 300 0 0 600 0 550 670 666 0 1000 539 583 0 0 600 500 725 0 0 440 725 300 0 900 0 235 116 116 0 616 450 100 583 100 350 475 549 100 0 0 300 1000 1000 430 550 0 0 400 0 0 390 0 0 459 100 0 500 300 0 0 1000 375 300 0 0 0 199 700 0 0 0 430 0 400 0 193 592 0 0 0 100 1000
#WatfordFC 2019-03-30
0 -156 350 85 -400 -51 312 0 50 -75 100 207 685 0 0 1000 200 200 -90 0 155 284 0 100 0 0 0 0 0 1000 278 25 0 5 0 0 500 0 100 -90 155 284 -112 137 0 100 250 183 -49 350 0 -49 500 325 0 -75 0 0 0 800 0 -137 134 450 -600 0 0 0 625 0 -50 900 400 450 450 600 69 433 -75 250 500 136 0 69 433 183 -600 -75 16 0 0 0 0 0 400 400 392 0 1000 0
0 375 550 569 400 646 416 0 600 366 200 631 613 0 0 300 300 500 286 0 457 720 0 200 0 0 0 0 0 1000 684 300 0 770 0 0 500 0 200 286 457 720 341 350 0 200 700 683 894 550 0 894 500 450 0 366 0 0 0 750 0 300 649 350 800 0 0 0 1000 0 311 1000 400 750 300 666 291 733 366 300 750 500 0 291 733 266 800 366 429 0 0 0 0 0 400 400 517 0 1000 0
#FFC 2019-03-30
265 500 0 0 0 0 136 0 0 300 -400 0 1000 0 0 0 150 -150 0 0 10 125 0 0 0 -500 -199 0 0 359 61 166 -100 500 136 0 0 800 562 266 -188 0 0 0 500 250 0 -350 0 -100 -133 800 -133 0 61 350 -84 0 136 0 0 400 0 0 -100 0 0 0 212 0 -155 -300 250 0 0 0 0 0 433 0 500 0 170 25 0 69 433 -43 213 0 0 0 0 500 0 -288 0 0 0 0
631 500 0 0 0 0 454 0 0 666 400 0 1000 0 0 0 283 650 0 1000 527 166 1000 0 0 700 900 100 0 412 366 166 250 666 454 0 0 875 500 433 277 125 0 0 500 750 62 550 0 400 333 1000 333 333 366 550 358 125 500 0 0 437 500 183 400 333 0 0 550 0 288 250 750 0 0 0 0 0 733 0 1000 0 500 216 0 291 733 605 322 0 0 0 0 600 0 572 0 0 0 0
#MCFC 2019-03-30
0 -7 -133 0 0 0 0 800 200 0 175 0 0 0 23 216 600 200 0 -200 546 0 0 0 0 218 175 0 0 -400 0 0 0 0 0 0 100 500 1000 0 0 0 250 100 68 0 0 700 0 0 0 0 250 0 0 0 333 133 0 0 100 350 112 0 0 0 0 0 25 0 425 500 0 412 0 0 183 136 166 500 500 0 0 500 0 0 166 400 0 250 100 500 0 283 500 0 177 800 0 0
0 809 583 0 0 0 0 1000 550 0 275 0 0 0 509 511 950 900 0 100 650 0 0 0 800 612 275 0 0 400 0 0 0 0 0 0 700 888 300 1000 0 0 200 550 227 0 0 600 0 0 0 0 500 500 399 0 222 433 0 0 550 650 318 0 0 0 0 0 300 0 287 500 0 662 0 0 316 527 233 500 250 1000 0 500 0 0 166 350 1000 333 550 833 0 449 666 0 255 400 0 700
#EFC 2019-03-17
0 0 250 16 -125 0 0 -699 0 0 1000 0 -166 -400 -500 0 1000 0 800 0 0 318 500 0 0 0 0 0 0 0 -175 0 0 99 292 0 0 0 250 0 -383 -200 0 227 0 -70 0 250 -166 0 0 500 324 0 0 400 326 0 0 500 0 0 0 200 0 50 324 -450 0 0 166 312 0 350 0 0 62 0 0 0 0 0 0 375 0 333 0 0 0 233 -99 312 0 500 0 357 433 -177 -533 500
0 0 512 156 375 0 0 666 0 650 1000 100 116 500 1000 0 300 0 900 0 500 462 1000 0 0 0 0 0 0 0 250 125 0 700 367 0 0 0 300 0 399 700 125 545 0 666 0 575 166 0 0 500 375 0 0 825 659 0 0 888 300 0 0 1000 0 50 375 538 562 0 583 333 325 550 0 0 500 0 500 0 100 100 1000 583 0 500 100 100 0 255 391 451 0 500 0 571 733 416 566 500
#CFC 2019-03-17
0 700 366 0 0 0 0 0 0 0 593 0 -300 0 0 0 0 0 0 0 227 195 0 200 100 0 287 99 -25 85 500 0 0 0 300 0 0 0 0 -500 0 100 0 700 466 0 83 200 -175 800 500 100 0 0 -100 0 0 0 0 459 173 375 0 150 500 500 0 0 250 0 500 125 0 500 0 0 0 0 0 0 375 0 100 100 -111 275 0 0 0 800 50 0 0 55 -166 -166 -166 0 312 -55
0 700 785 1000 1000 0 0 0 0 0 725 0 950 0 0 0 0 0 0 0 545 245 0 300 283 0 325 388 525 857 500 0 0 0 1000 1000 0 0 0 500 0 400 0 600 233 0 833 300 250 1000 500 150 0 0 449 0 1000 0 0 565 609 625 0 300 750 500 0 0 744 0 462 500 0 500 100 0 0 0 0 0 900 0 1000 1000 577 550 0 0 0 400 50 750 0 572 166 166 166 0 333 88
#FFC 2019-03-17
0 0 0 16 608 800 -112 -75 0 250 -100 0 0 0 0 0 0 512 0 50 0 -33 224 0 516 800 800 0 0 0 -12 0 0 224 367 0 -200 0 0 116 0 400 0 0 100 0 0 800 316 0 -400 166 0 0 0 33 -155 500 800 800 0 136 285 433 266 -100 -33 -100 106 0 0 -75 229 781 36 24 0 -16 128 285 0 250 0 -83 7 83 800 0 -781 -13 0 116 0 625 0 0 262 262 -200 0
0 0 0 156 808 700 462 625 0 500 100 0 0 0 0 0 0 595 0 50 0 236 466 0 816 900 900 0 0 0 62 0 0 550 459 0 400 0 0 633 0 900 0 0 425 0 0 750 418 0 400 366 0 0 0 466 288 500 400 750 0 500 535 429 551 400 236 50 503 0 0 750 745 500 647 175 0 966 664 535 0 575 0 216 478 533 750 0 900 397 0 633 0 900 0 0 875 875 700 0
#LFC 2019-03-17
233 0 68 136 -1000 333 0 0 0 -54 0 0 0 400 0 16 0 388 0 360 58 -625 428 68 150 100 318 0 0 0 0 0 0 0 31 -85 -600 0 0 -412 0 150 -366 0 417 875 500 0 0 -200 333 533 150 62 0 300 0 300 100 200 533 -875 0 0 0 402 0 350 238 800 -12 119 214 0 -208 800 -25 287 300 -250 1000 178 0 157 0 0 -125 400 0 -250 511 150 150 0 306 0 0 -41 0 0
600 0 227 500 1000 833 0 0 0 666 500 0 0 500 0 156 0 609 0 480 325 400 535 250 400 700 527 0 0 0 0 0 0 0 275 742 744 0 0 641 1000 286 300 583 580 600 900 100 0 700 833 566 510 450 0 750 0 750 550 450 583 1000 0 0 0 744 0 550 758 700 537 190 571 0 433 750 350 325 483 400 1000 585 0 771 0 1000 225 405 1000 150 549 400 400 333 886 0 0 777 0 112
#AFCB 2019-03-16
700 0 -400 -125 0 0 0 -234 357 0 0 404 100 0 141 0 266 0 255 112 -400 0 0 412 0 250 0 0 0 0 100 0 525 0 83 233 0 500 100 0 -200 500 150 -400 80 0 166 0 175 500 150 0 223 0 233 200 0 0 500 0 1000 50 0 0 750 480 500 0 0 400 125 650 0 166 0 0 0 0 285 0 0 0 450 350 625 -50 184 0 520 0 500 -175 -64 444 250 0 187 0 -400 221
600 0 400 375 0 0 1000 500 535 0 0 566 100 0 199 0 516 1000 350 500 400 0 500 550 0 333 0 0 0 0 900 0 366 0 133 516 0 300 400 0 300 750 466 400 770 0 300 0 449 350 500 0 285 0 233 100 0 0 500 0 1000 1000 0 0 400 622 900 400 0 800 166 625 0 333 0 0 0 0 535 0 0 0 350 500 900 244 413 0 433 0 500 591 118 833 500 0 449 0 400 446
#NUFC 2019-03-16
24 0 83 96 58 250 400 193 250 -33 0 500 297 133 0 -500 0 0 -200 625 250 391 0 100 0 -150 -1000 0 0 -400 225 0 0 385 0 -200 500 28 372 375 375 -110 0 0 100 0 -400 189 408 44 0 0 0 0 0 0 190 0 0 -187 700 400 0 56 800 0 170 0 0 0 43 0 0 304 -233 0 67 100 400 334 -350 400 242 0 0 166 129 136 0 0 375 0 0 0 0 0 136 -400 -260 200
425 0 277 503 392 428 1000 424 500 133 0 600 570 352 0 1000 0 0 850 1000 333 683 0 166 0 650 1000 0 0 550 588 0 1000 723 500 800 500 370 809 750 666 547 0 0 300 0 600 642 523 158 0 0 0 0 125 0 579 0 0 500 900 800 0 700 400 0 454 0 0 0 668 0 0 466 600 0 593 383 1000 462 600 900 717 0 0 533 591 454 0 0 668 0 0 0 0 0 454 400 66 200
#Clarets 2019-03-16
800 0 0 100 435 0 700 0 100 250 -110 187 83 500 0 56 100 0 250 286 0 0 166 0 0 250 366 0 0 -400 250 -100 -77 -125 285 -316 50 0 0 400 0 75 500 0 500 183 0 -155 0 0 0 100 0 0 0 111 0 0 -155 0 100 0 0 0 0 0 0 1000 0 0 0 0 0 0 0 400 437 0 0 -100 50 -133 0 250 350 0 0 333 -124 0 0 0 0 0 0 0 0 175 345 0
1000 0 0 400 527 0 600 0 400 250 223 237 83 500 500 228 400 0 250 450 50 0 485 333 0 333 700 500 0 700 450 200 194 375 535 266 50 0 0 550 0 400 500 333 750 350 0 288 0 0 0 400 0 0 0 222 0 0 288 0 400 0 66 0 0 0 0 300 0 0 600 0 0 0 0 633 550 0 0 125 550 816 0 500 550 0 0 366 655 0 0 0 0 0 0 66 0 366 549 0
#LCFC 2019-03-16
150 0 0 600 0 375 250 0 -874 270 266 0 500 0 0 0 68 68 0 -225 -200 166 200 390 0 100 0 0 0 250 250 400 625 0 500 366 -55 0 825 33 433 375 0 0 -200 500 -62 0 -100 300 0 500 500 500 0 -396 0 357 0 500 0 0 33 195 325 -100 0 236 0 76 -155 0 0 33 -17 0 172 0 0 0 0 0 -75 0 350 400 0 100 0 0 0 0 0 137 0 666 -200 -200 0 0
462 0 0 575 400 500 300 0 666 537 200 0 600 0 0 0 727 727 0 375 350 333 900 200 0 466 0 0 0 250 900 900 275 0 500 600 211 0 900 833 733 725 0 0 200 500 683 0 433 100 0 500 500 500 0 544 0 535 0 500 0 0 466 507 512 100 250 460 0 390 288 0 0 55 203 0 444 0 0 1000 0 0 425 0 550 450 0 400 0 0 0 0 0 666 0 829 200 300 0 0
#WHUFC 2019-03-16
0 0 0 0 500 0 0 0 0 0 0 0 0 328 1000 700 -900 136 136 136 136 0 750 0 50 33 0 500 -187 275 0 0 0 300 136 0 -200 350 0 400 0 0 0 0 318 0 0 0 800 0 0 500 0 -89 -124 250 -400 0 -400 0 50 0 33 0 -173 0 0 0 250 -600 399 0 0 0 -173 250 0 500 0 800 -600 625 250 0 0 0 0 250 375 0 0 0 0 0 600 0 0 0 0 400
1000 0 0 125 500 0 0 250 250 250 125 250 0 577 1000 600 1000 454 454 454 454 100 594 0 200 66 0 894 500 425 0 0 0 500 454 0 233 650 100 400 0 1000 0 0 477 0 0 0 400 0 0 750 0 458 566 333 600 0 600 0 200 1000 333 0 249 0 0 0 250 900 766 0 0 0 249 250 0 500 0 400 900 500 250 0 0 0 0 333 500 0 0 0 0 0 475 400 0 0 0 408
#HTAFC 2019-03-16
0 0 0 0 0 0 0 0 0 0 100 0 0 0 0 -78 66 0 246 330 66 0 -155 250 250 138 118 150 62 75 0 0 400 175 -400 300 176 446 0 -712 0 0 0 500 500 50 0 0 0 0 250 483 -216 -333 -333 0 -364 0 128 0 0 0 0 6 49 -200 100 -200 -200 -500 33 -50 0 350 -600 320 -116 366 -150 -400 -25 -100 -100 0 -100 -100 250 0 333 0 -100 0 0 -216 -4 -333 600 243 500 0
0 0 0 0 0 0 0 0 0 0 400 0 0 0 0 418 33 0 646 520 483 250 288 250 283 488 427 200 373 450 0 1000 650 325 400 750 286 535 0 950 0 0 0 900 900 483 0 0 0 0 525 616 283 833 833 0 541 0 449 1000 0 0 0 286 625 300 100 300 300 750 66 200 0 333 900 583 366 433 700 400 100 400 400 0 400 400 525 0 366 125 400 0 0 283 489 833 700 712 500 0
#AFC 2019-03-10
0 0 68 166 216 800 -200 -145 -300 -400 0 800 500 0 850 0 0 0 700 0 153 66 50 0 0 -375 46 0 0 100 -279 75 500 0 0 -281 -250 345 0 0 0 100 0 0 0 -50 0 -8 0 0 0 0 0 366 0 0 -102 0 -350 0 503 200 1000 0 0 0 0 0 0 0 0 0 308 0 0 0 300 0 -65 228 -1000 0 0 136 234 0 0 1000 -333 140 0 160 500 -62 -187 140 113 140 140 295
0 100 260 333 533 750 233 635 600 400 0 750 328 0 1000 125 0 0 600 0 563 472 50 0 0 625 457 0 600 100 416 350 500 0 66 743 477 633 0 0 0 1000 1000 0 850 450 0 655 0 0 0 0 0 388 0 0 288 0 400 0 651 300 900 0 0 0 0 0 125 0 125 50 562 0 0 0 200 0 783 478 1000 0 0 454 713 0 0 400 399 378 0 435 183 337 500 378 272 378 378 501
#MUFC 2019-03-10
400 0 0 0 506 500 -500 0 0 0 0 0 0 650 -18 0 0 100 500 -50 250 0 0 0 -100 -500 68 0 100 -50 -200 -145 976 0 312 411 0 50 591 0 1000 44 0 0 0 0 683 300 0 400 0 0 154 416 0 0 -75 0 333 -50 0 0 0 333 399 8 0 116 233 0 136 0 0 0 -83 399 0 -300 0 0 0 212 0 400 0 0 0 0 0 0 0 0 -50 0 500 500 0 0 100 666
800 0 0 0 925 750 800 0 0 0 0 0 0 700 508 0 0 200 750 83 900 0 100 0 1000 1000 260 0 200 400 233 635 600 0 200 574 0 262 608 0 300 455 0 619 0 44 344 800 0 800 0 0 576 454 0 0 625 0 366 83 0 0 0 666 250 516 0 177 300 0 454 0 0 0 116 250 357 650 0 0 0 418 0 1000 1000 0 0 0 0 0 0 0 83 0 600 500 0 0 900 666
#CFC 2019-03-10
41 0 400 0 -500 0 57 0 400 0 0 0 0 800 500 562 58 0 0 0 900 0 233 -22 4 400 0 -125 53 96 400 315 0 96 0 18 27 0 0 212 0 0 0 200 0 500 500 166 81 0 500 500 0 519 24 400 32 366 0 0 0 500 0 99 -58 -41 -41 400 250 300 133 0 150 0 0 0 250 -456 400 0 216 0 0 0 200 0 400 0 0 50 100 850 50 350 500 200 0 0 0 536
698 357 800 0 800 0 230 0 1000 0 0 66 0 750 600 175 355 0 125 0 700 0 583 566 645 800 300 375 517 275 461 585 0 393 0 688 560 0 0 418 463 0 0 300 0 425 516 166 544 66 833 500 0 716 625 550 244 433 312 0 0 200 0 666 551 208 208 425 550 0 616 0 300 0 0 0 300 793 800 0 300 0 0 0 300 0 700 0 0 250 400 1000 350 550 475 200 0 0 0 672
#wwfc 2019-03-10
0 0 0 900 -27 500 0 0 300 100 0 0 700 0 39 600 500 136 500 266 160 416 0 500 0 0 0 400 -166 0 0 0 33 0 0 551 417 800 0 0 0 0 166 0 100 633 375 500 400 525 -91 0 0 0 0 1000 0 0 0 0 25 30 0 -400 0 0 700 242 242 0 0 0 500 650 1000 -31 284 284 1000 0 0 500 100 -50 0 0 -250 285 -165 117 625 0 0 37 500 0 0 50 -99 500
1000 0 0 1000 644 600 0 0 0 500 0 0 799 0 520 800 500 500 600 566 539 483 0 500 100 1000 0 400 433 1000 0 0 300 0 0 530 458 1000 500 0 0 0 500 0 300 799 200 600 800 550 366 0 0 0 33 1000 0 0 0 0 191 510 500 400 0 0 700 416 416 0 0 0 500 600 400 152 450 450 300 0 0 500 0 200 0 0 350 535 695 462 783 0 500 237 900 0 0 233 533 600
#LFC 2019-03-10
0 0 400 -188 0 500 0 100 -100 -250 250 -177 0 0 1000 136 0 0 355 -123 33 0 -199 27 58 0 600 600 500 400 0 -400 -96 0 500 100 0 328 0 0 625 0 212 633 -1000 0 0 0 700 1000 386 0 0 99 0 229 133 -64 0 -375 333 -355 0 500 0 0 -400 250 0 -365 0 -500 200 -123 -100 500 0 -400 0 0 0 -166 783 0 0 1000 500 0 -200 0 0 133 0 80 25 0 200 0 0 0
250 0 800 515 100 1000 0 100 500 250 277 576 0 0 400 454 0 0 400 576 766 0 666 720 391 0 675 650 500 800 0 400 440 0 566 400 0 508 0 0 1000 0 418 566 1000 0 0 0 800 300 556 0 0 800 250 458 333 752 0 625 479 673 0 500 0 0 400 200 0 476 0 900 300 492 400 200 0 400 0 0 0 166 650 0 0 400 500 0 300 0 0 333 0 500 150 0 700 0 0 0
#Clarets 2019-03-10
0 -400 0 0 -250 -400 0 166 0 -400 0 250 400 700 -250 0 200 231 -400 0 50 0 -400 0 -400 0 62 -132 333 208 -88 0 136 387 0 333 366 0 -6 -250 0 625 0 0 50 500 575 0 0 426 -52 0 0 0 0 1000 500 550 0 800 150 -77 0 0 182 0 0 0 400 477 0 0 0 500 390 0 300 0 68 0 250 156 0 136 0 0 -76 0 0 250 0 0 400 0 16 700 0 175 183 0
0 400 0 0 500 700 0 355 0 700 0 250 600 350 200 0 700 600 400 0 500 0 400 0 400 0 166 480 666 208 850 0 500 650 0 666 700 0 0 200 0 500 0 0 50 500 775 0 0 633 370 0 0 0 0 1000 500 950 0 1000 650 144 0 0 448 0 0 0 500 322 0 0 0 500 484 0 441 0 289 0 250 375 0 454 0 0 160 0 0 734 0 0 575 0 166 600 0 275 350 1000
#MCFC 2019-03-09
62 158 350 0 -33 0 -650 0 0 216 0 175 0 -400 0 -200 242 -172 0 -99 0 500 0 0 0 450 346 0 500 0 0 -400 0 500 0 75 500 0 0 0 0 -100 0 0 0 0 0 0 0 -1000 -375 200 166 200 -400 0 0 0 0 0 0 52 0 0 0 74 0 525 475 199 0 0 -150 0 199 0 0 200 0 0 500 0 0 0 1000 199 233 -400 -21 -16 0 200 0 0 -233 0 500 -600 -93 0
239 348 375 0 466 0 950 500 0 783 0 275 580 400 0 0 552 311 0 250 0 337 0 0 1000 900 506 0 450 0 0 400 0 500 0 350 600 208 0 0 0 0 0 0 0 1000 0 0 0 900 600 549 366 300 400 1000 0 0 0 0 0 357 0 0 0 570 0 366 537 333 0 0 391 0 750 0 0 200 0 0 500 0 0 0 1000 333 283 400 407 319 0 362 0 0 486 0 500 800 250 0
#WatfordFC 2019-03-09
-200 -400 223 0 136 533 225 0 -25 0 204 0 0 400 0 -400 425 160 125 0 0 0 -25 300 433 0 175 0 0 175 -25 350 175 533 250 225 575 0 400 0 0 0 500 541 0 0 0 0 0 200 0 0 0 112 0 0 0 53 50 -117 366 -6 -100 0 0 0 780 600 0 0 0 133 0 250 0 400 0 300 375 0 -23 0 -208 909 650 0 0 0 0 344 700 0 375 225 1000 400 433 625 136 45
100 400 468 0 500 466 375 0 475 0 366 0 0 350 0 400 525 539 400 0 100 0 475 750 433 0 275 0 0 216 475 550 350 466 333 375 475 0 900 0 500 0 500 600 0 0 0 500 0 675 0 0 0 351 0 0 125 846 700 446 700 0 400 0 0 0 1000 900 0 76 50 500 0 333 0 400 0 450 500 0 767 0 166 780 450 0 0 0 0 511 600 1000 416 425 300 350 525 500 500 166
#cardiffcity 2019-03-09
-500 -400 0 800 0 0 125 -400 0 0 100 500 233 -400 316 201 356 -500 0 0 433 0 -125 200 0 600 516 0 0 0 0 0 0 0 0 -100 200 0 0 0 0 -97 -133 0 600 22 335 62 -168 200 515 750 0 0 0 193 -121 287 0 62 0 400 -187 200 -600 0 0 0 -600 62 800 33 1000 616 0 25 0 0 -49 -225 600 800 0 200 0 233 0 500 0 199 0 140 0 0 0 125 0 100 0 0
500 400 0 400 0 0 300 400 0 0 400 150 308 400 753 683 689 700 300 0 733 0 375 900 0 900 600 0 0 0 0 0 0 0 0 50 500 0 0 0 0 400 488 0 950 244 486 500 629 1000 643 400 0 0 0 843 394 683 0 500 0 900 500 1000 700 1000 0 0 700 500 400 733 400 616 0 300 0 0 950 625 900 400 0 550 0 233 0 1000 1000 500 0 466 0 0 0 748 0 350 0 0
#WHUFC 2019-03-09
500 -50 -50 -50 -225 0 0 100 0 500 0 136 -300 212 433 0 600 -1000 0 -390 252 0 100 0 0 0 0 0 0 0 200 200 0 0 0 0 0 350 324 400 250 33 900 0 325 500 82 166 0 200 -150 200 350 333 549 600 0 550 285 287 0 398 0 0 224 -18 325 0 175 200 82 0 -100 200 380 500 0 366 0 0 -6 0 0 0 0 450 0 100 0 175 0 -400 -388 0 0 0 0 0 250 0
500 150 150 150 425 0 0 100 0 900 0 500 533 224 733 0 900 1000 0 1000 343 0 400 0 0 0 0 0 0 0 100 200 66 0 633 100 0 300 575 400 350 66 1000 33 487 600 478 333 0 233 750 300 600 366 777 900 0 700 535 487 0 405 0 0 241 396 487 0 510 233 478 0 400 233 477 500 111 700 0 533 0 0 0 0 0 750 0 900 0 366 0 600 833 0 0 0 0 0 500 0
#HTAFC 2019-03-09
200 -133 -400 0 0 0 625 800 388 -20 0 -200 0 -312 266 0 -400 32 0 343 250 500 500 -196 263 0 500 -25 -800 800 0 0 0 0 0 0 -487 0 -625 328 0 0 -107 0 136 0 -244 136 0 0 -200 -244 136 0 0 10 0 0 -12 -500 0 60 0 0 -31 450 -100 0 0 -66 -100 -33 400 400 -77 190 450 -100 -100 0 122 225 100 191 302 193 254 -19 0 0 500 0 0 -266 -62 250 -145 0 500 113
200 441 400 0 0 0 275 750 322 380 0 200 0 1000 616 0 400 237 66 556 300 1000 900 645 391 0 500 200 900 750 0 0 0 0 0 0 487 0 1000 417 100 0 571 0 454 0 750 454 0 0 200 750 454 0 0 281 0 650 0 900 0 533 0 0 466 616 400 0 0 166 400 433 400 400 194 682 750 400 400 95 461 280 591 328 510 542 590 554 66 0 500 0 0 583 220 850 304 0 500 306
#AFCB 2019-03-09
0 0 -400 0 100 400 0 -62 0 -400 0 0 0 166 0 0 -262 800 -120 0 0 0 300 36 0 0 0 -12 0 0 427 75 500 800 0 287 0 100 0 1000 250 0 0 0 -400 250 0 -388 0 0 0 366 402 0 -388 0 0 0 -128 -6 0 0 0 0 -144 300 625 -487 0 0 500 0 0 0 0 300 0 -425 433 208 700 781 0 200 77 224 -63 50 133 245 -287 136 100 375 625 0 0 0 387 0
0 0 400 0 200 1000 0 237 0 400 0 0 0 500 0 0 387 400 362 0 0 100 900 197 0 0 0 0 0 0 575 848 800 1000 0 475 0 400 0 1000 875 100 0 0 400 750 0 833 0 0 0 700 576 0 833 0 0 0 401 0 0 0 0 0 466 850 1000 687 0 0 1000 0 0 0 0 600 0 800 733 250 750 400 0 350 477 480 713 200 500 389 887 547 200 675 500 0 0 0 570 0
#LCFC 2019-03-09
-1000 0 333 -400 500 -216 0 -1000 -250 0 0 0 0 250 0 390 0 -600 -89 -400 -500 0 -100 0 0 0 0 100 550 0 0 0 0 500 0 300 0 0 -400 309 0 0 175 700 366 -62 400 0 296 136 0 300 84 600 741 0 700 700 400 266 0 0 -400 325 391 296 0 0 500 333 200 416 0 357 312 0 0 350 0 318 136 0 500 -150 -100 0 400 100 366 250 250 850 0 0 500 500 470 500 0 500
1000 0 366 400 700 566 0 1000 750 0 166 0 0 300 0 300 0 700 214 450 750 0 220 0 0 0 0 175 731 0 0 62 0 900 0 550 0 1000 400 636 0 0 400 600 670 711 200 0 525 500 0 100 386 400 841 0 600 600 400 500 0 0 700 224 483 525 0 0 750 666 900 525 0 571 250 0 0 362 0 477 454 0 500 500 400 0 800 400 700 850 850 850 0 533 500 500 525 500 0 500
#FFC 2019-03-09
0 100 289 -400 0 500 350 0 -400 0 250 0 0 0 800 111 250 0 0 750 800 0 0 0 500 136 -400 0 333 400 366 -100 350 0 199 275 0 0 -400 0 0 0 0 0 0 0 0 0 0 0 0 0 0 0 0 0 0 333 -50 0 416 399 285 -50 0 0 0 136 0 -100 136 -100 0 -50 500 -24 0 0 0 -250 0 228 -88 0 0 -77 0 -666 -100 -400 0 0 0 -666 125 0 400 0 228 190
0 300 620 400 0 1000 362 166 400 0 333 0 0 125 1000 366 750 0 0 400 400 0 0 0 500 454 400 0 500 500 670 300 650 0 344 350 0 0 700 550 0 0 0 0 0 0 1000 0 0 0 1000 0 1000 1000 0 0 0 666 200 0 525 533 535 400 450 0 1000 500 0 200 454 400 0 850 500 115 0 533 0 350 0 345 533 125 500 269 500 1000 400 400 0 0 0 1000 666 0 900 0 345 255
#NUFC 2019-03-09
0 50 0 -51 0 0 0 -500 812 500 0 0 260 50 -400 0 0 0 350 264 -625 0 304 0 -166 107 250 0 0 0 0 0 200 300 -225 0 0 0 0 -84 0 0 179 316 -15 350 400 -150 0 0 -899 -99 270 -437 0 0 -27 1000 0 0 -51 0 291 0 305 0 425 0 0 283 479 145 700 100 33 187 0 500 -250 -400 0 0 -166 0 0 -400 100 416 -500 400 0 112 0 68 0 0 -191 -187 0 0
0 700 0 762 0 66 0 1000 1000 200 125 0 260 600 400 0 0 0 550 507 800 0 770 100 266 585 900 0 66 0 0 0 200 300 900 0 0 0 166 740 0 0 283 516 443 700 1000 250 100 100 600 583 433 575 750 0 405 1000 0 0 311 0 283 0 416 100 575 0 0 549 692 418 750 300 399 250 0 900 1000 700 0 0 933 0 0 900 400 500 1000 800 0 350 399 227 100 0 533 500 0 0
#EFC 2019-03-09
0 -400 400 0 0 0 0 0 0 300 0 200 800 0 0 0 68 0 -600 250 0 459 300 0 0 300 0 300 333 250 -300 0 449 800 150 541 100 158 0 0 0 305 283 -175 60 500 0 0 -333 250 0 0 300 0 0 -200 0 225 400 0 0 0 -1000 64 0 -550 0 -400 0 0 0 500 -27 0 0 400 0 0 200 0 0 0 0 0 100 0 700 -400 0 129 450 0 500 0 0 0 0 0 0 700
0 400 500 0 0 0 0 125 0 300 0 580 850 0 0 166 227 0 800 350 0 486 300 0 0 300 66 300 399 250 600 0 400 900 0 466 300 440 0 0 0 416 549 525 293 500 0 0 666 500 0 0 0 0 0 700 0 400 800 0 0 0 1000 580 650 1000 0 400 0 0 0 1000 294 100 0 800 0 0 433 1000 0 1000 0 0 1000 1000 800 400 0 253 625 1000 900 0 0 125 0 0 0 600
#SaintsFC 2019-03-09
0 400 479 -400 -63 0 -171 0 0 0 0 200 -300 321 666 366 365 0 187 -200 650 0 800 0 700 0 0 1000 0 0 0 0 0 0 239 234 486 -200 -400 0 312 33 800 0 100 500 -400 0 200 0 -155 51 100 -125 0 137 0 0 0 0 0 350 0 0 0 0 -400 16 100 0 500 0 800 50 116 0 0 0 0 0 0 175 200 500 800 0 0 0 0 0 0 0 0 0 0 200 112 71 200 0
0 430 596 400 377 0 478 0 0 0 0 862 600 496 650 586 538 0 420 233 749 0 900 0 700 0 0 1000 0 0 0 0 0 0 536 375 525 200 600 0 644 399 750 0 1000 500 400 0 213 0 288 421 0 250 0 390 0 0 0 0 0 525 0 0 0 0 400 344 200 0 625 0 400 525 433 0 0 0 0 0 0 275 200 600 400 0 0 0 0 0 0 0 0 0 66 440 519 657 600 0
#COYS 2019-03-09
147 0 0 625 400 124 0 681 0 0 -1000 0 500 62 0 200 250 0 334 -500 366 800 0 625 0 0 0 -400 0 0 0 0 388 0 0 0 0 0 900 0 0 0 0 450 357 0 300 -750 662 0 0 0 -155 0 0 0 388 0 500 0 0 0 200 300 800 0 366 0 585 800 1000 0 800 400 0 0 800 375 0 0 0 500 0 -21 -345 400 500 200 291 300 312 500 0 -150 0 -300 136 800 1000 -125
454 0 0 1000 375 525 0 850 0 0 1000 0 500 275 0 200 1000 0 735 1000 700 1000 0 825 0 0 0 400 0 0 0 0 444 0 0 0 0 750 900 0 0 0 0 450 571 0 100 1000 550 0 0 0 288 0 0 0 250 0 500 0 0 0 426 100 400 0 586 0 727 750 1000 0 1000 375 0 0 700 950 0 0 0 500 0 300 570 450 500 300 616 500 375 450 0 325 0 500 454 1000 650 450
#CPFC 2019-03-09
0 145 0 -400 0 0 0 600 200 175 166 0 0 0 500 1000 0 136 200 -333 0 -400 0 500 0 -89 233 0 0 0 0 433 -150 -50 -400 0 0 0 322 187 -400 333 1000 773 500 266 0 0 0 58 550 -272 250 437 -312 0 166 0 0 0 0 0 437 0 0 400 400 625 325 375 -312 0 0 0 400 0 0 -250 -100 0 0 0 0 225 0 -150 -75 0 0 500 0 700 0 0 0 -400 0 -272 0 0
0 184 0 400 0 1000 0 600 500 450 916 0 0 0 900 900 166 500 400 1000 0 662 0 483 0 214 616 0 250 0 0 533 300 500 400 0 0 0 344 425 400 366 750 425 500 333 0 0 0 491 700 406 250 500 250 0 400 0 0 650 0 0 425 0 0 400 800 500 717 425 100 0 0 0 750 0 0 450 400 400 0 0 1000 637 0 750 950 100 0 800 0 950 0 0 0 400 0 406 0 0
#BHAFC 2019-03-09
300 -145 -400 0 0 0 0 0 -187 62 120 35 0 0 0 0 333 875 -39 0 0 0 0 -400 300 0 -400 208 300 0 0 -291 434 0 0 136 337 -272 -14 136 0 0 0 199 383 139 0 -50 45 0 -375 0 0 575 -500 0 0 500 0 275 0 875 136 0 250 608 0 0 -100 290 0 0 0 33 0 0 170 -50 0 0 145 0 33 399 139 -100 592 909 200 500 0 500 -125 552 0 122 33 200 125 0
100 770 400 0 0 0 0 166 737 50 620 717 0 0 0 0 399 600 656 0 66 0 0 400 750 0 400 445 383 0 0 541 538 0 0 454 475 406 342 454 0 0 0 364 650 340 0 850 199 0 600 0 0 966 1000 0 0 400 300 495 500 600 454 0 444 900 500 0 400 496 0 125 1000 66 100 0 454 200 0 0 470 366 66 375 340 400 693 780 200 888 0 550 375 520 0 716 544 500 125 0
#EFC 2019-03-03
116 0 0 350 -400 0 0 0 0 166 650 312 312 100 0 0 800 625 143 0 468 0 0 0 800 400 -200 0 0 0 0 0 0 0 0 0 0 0 0 150 -512 316 0 250 350 0 0 0 -400 550 350 550 -187 0 262 -200 0 -200 0 0 0 0 -50 0 0 375 500 0 320 234 74 0 -6 0 0 -200 136 -266 0 136 0 250 0 0 504 0 125 0 0 -75 0 470 312 0 0 0 0 159 -453 0
550 0 0 550 400 0 0 400 0 466 450 684 684 200 500 0 400 316 268 0 727 0 0 0 400 100 0 0 0 0 0 0 0 0 0 0 100 100 0 444 775 625 0 1000 650 0 0 100 600 650 650 650 500 0 662 0 0 400 0 100 0 0 800 0 0 750 333 0 636 338 850 666 500 0 0 100 454 516 0 454 0 345 0 0 426 0 125 0 0 189 0 750 684 0 0 357 0 291 462 0
#LFC 2019-03-03
136 325 350 0 0 675 333 350 0 400 0 224 300 394 411 400 0 0 450 366 158 250 400 0 -155 300 312 312 500 0 0 -200 350 800 0 0 0 300 0 213 1000 0 338 875 500 0 0 -368 650 650 650 650 0 150 0 600 0 14 375 250 0 0 -100 0 -625 0 0 0 0 0 -250 212 333 305 445 357 0 512 800 -97 100 381 0 0 600 200 0 100 285 333 167 0 0 431 100 0 -512 0 250 225
454 750 575 0 0 612 666 550 0 250 400 358 100 603 522 300 0 0 380 799 549 500 700 0 288 516 684 684 500 500 0 100 575 400 0 0 0 400 0 454 1000 0 418 900 500 0 0 600 450 450 450 450 0 600 0 1000 100 325 750 333 0 0 100 0 900 0 0 0 0 0 500 418 326 466 761 750 0 245 400 336 400 1000 0 0 900 900 100 400 535 541 555 0 0 641 100 357 775 0 1000 372
#FFC 2019-03-03
0 0 -155 0 0 0 0 400 318 0 0 900 0 0 136 0 250 100 0 482 75 0 0 -400 0 800 0 0 0 250 166 0 250 -155 -155 -155 -155 325 -9 20 -33 0 77 0 0 200 28 0 487 0 0 0 -150 -91 240 0 211 0 875 -250 -250 337 625 0 367 212 418 114 52 -66 500 0 -168 253 37 135 0 450 0 300 0 0 0 0 0 -149 425 3 250 166 0 298 333 0 0 0 17 0 0 100
0 0 288 0 0 0 0 400 727 0 0 900 0 0 500 0 333 200 0 493 181 0 0 400 0 750 0 0 0 1000 708 0 333 288 288 288 288 543 371 383 466 0 384 0 0 900 511 0 339 0 0 1000 750 474 597 0 288 0 600 100 500 662 925 0 530 318 527 637 500 33 500 0 475 675 725 339 0 900 100 400 0 0 0 0 0 888 550 184 333 333 250 556 666 0 0 0 467 0 0 366
#CFC 2019-03-03
350 0 400 0 58 -400 -104 500 0 200 0 0 154 350 -433 0 518 -284 0 0 87 0 116 212 -250 324 -188 433 -10 -311 0 0 312 381 112 166 0 40 0 0 166 270 0 0 0 0 700 250 0 0 -203 0 -300 0 0 0 -250 400 0 0 0 -155 -155 -155 -155 250 56 0 200 -9 350 -200 -200 0 333 0 -125 8 250 0 0 0 212 0 0 0 333 700 600 -145 133 0 333 0 0 0 107 0 149 0
575 125 375 400 481 600 83 650 0 200 500 0 233 575 600 0 729 750 0 0 700 0 662 418 500 500 355 333 640 693 0 0 750 708 273 333 0 370 0 100 589 500 0 0 0 0 600 1000 0 0 650 0 300 0 0 0 250 900 0 0 0 288 288 288 288 250 900 0 200 371 575 275 400 0 666 450 375 446 500 0 0 1000 418 0 500 125 233 600 900 500 766 300 375 0 500 0 214 500 650 0
#WatfordFC 2019-03-03
0 0 0 0 0 339 0 314 0 0 100 100 1000 0 0 -400 -238 400 0 0 0 0 -12 0 0 100 -68 0 375 0 -400 0 -238 0 400 0 0 100 0 0 100 650 0 116 0 0 550 0 0 500 0 -68 93 11 -99 0 500 -166 59 -400 0 0 0 0 272 -400 500 300 0 0 300 0 116 800 0 -83 -178 500 0 0 333 0 295 0 400 0 300 0 1000 700 250 0 -250 0 430 0 395 0 300 200
0 0 0 0 0 660 0 397 0 0 550 300 300 0 0 400 585 241 0 0 0 0 506 0 0 550 454 1000 362 0 400 0 585 0 241 0 0 112 0 0 550 675 0 177 0 0 341 1000 0 500 0 454 486 155 583 0 150 333 321 400 0 0 0 0 594 400 500 100 100 100 200 0 333 400 0 133 285 866 0 0 666 0 585 0 400 0 200 0 750 600 200 0 1000 0 611 1000 568 0 200 900
#LCFC 2019-03-03
-126 166 350 750 0 350 136 333 142 0 243 75 -100 -83 227 200 260 366 445 0 578 0 0 0 431 250 -244 500 0 400 392 200 0 0 -500 0 900 650 500 0 0 250 610 0 -400 0 98 214 -55 280 250 392 229 650 500 -625 0 100 -100 116 350 287 231 0 -400 250 -293 450 99 136 285 242 700 500 125 25 -200 0 0 0 500 168 149 0 604 0 400 -400 0 200 0 0 0 0 0 0 256 33 -375 666
643 222 300 594 0 550 454 400 284 0 502 625 400 600 545 100 260 500 761 0 551 100 0 0 641 1000 477 500 0 900 517 512 0 0 1000 0 650 600 550 0 0 250 699 0 400 0 396 547 211 200 333 517 559 650 533 600 50 300 50 549 556 250 612 0 600 333 304 833 399 454 535 360 600 500 275 415 200 0 0 500 500 460 500 0 666 0 400 700 0 100 0 0 0 0 0 0 445 441 200 825
#WHUFC 2019-03-02
500 0 468 0 0 0 -312 100 625 0 0 100 200 200 200 700 0 0 750 0 0 166 -88 625 0 -300 8 0 0 68 0 0 375 216 136 136 136 -277 400 -12 -12 -12 700 0 0 245 0 483 250 449 0 0 325 0 0 0 0 0 166 0 0 333 175 300 0 285 285 318 0 0 416 0 0 0 0 350 -175 252 0 0 136 0 200 300 0 -75 -250 0 0 0 162 0 -800 0 0 608 200 1000 0 68
500 0 750 0 750 0 300 400 1000 0 0 400 300 300 300 850 0 0 500 0 0 466 561 500 0 600 241 0 650 250 0 0 750 416 500 500 500 311 1000 0 0 0 500 300 0 916 0 277 537 513 0 0 650 400 66 0 0 0 766 0 0 716 447 755 0 535 535 477 0 0 500 0 0 0 0 650 550 495 0 0 500 0 300 425 0 725 283 0 0 0 312 0 800 0 66 633 200 1000 0 300
#NUFC 2019-03-02
176 55 257 0 0 0 0 0 0 160 550 0 0 1000 0 500 850 700 500 0 0 0 0 0 -312 0 678 0 -500 700 350 100 250 500 347 0 1000 250 475 0 416 0 750 250 0 -103 750 254 0 0 -200 0 -50 0 0 0 0 200 0 0 0 0 177 0 0 0 0 0 0 750 375 285 304 600 0 0 0 0 0 118 333 0 0 625 0 0 100 0 250 0 400 800 0 -431 0 0 0 0 743 743
489 851 407 0 0 0 0 0 500 539 650 0 0 300 0 833 550 600 550 0 0 0 0 66 500 0 417 0 900 666 391 650 250 300 266 1000 300 500 375 0 500 0 1000 750 0 534 900 645 0 0 850 0 626 0 0 0 0 900 0 0 625 0 344 0 0 0 0 125 0 500 200 535 450 600 0 0 0 0 0 526 283 0 0 500 66 0 1000 0 250 0 408 750 0 491 0 0 0 200 1000 1000
#AFCB 2019-03-02
0 625 0 266 87 0 0 0 190 0 0 0 0 93 0 350 165 -400 0 166 0 -400 27 99 0 136 0 333 500 0 0 0 -62 50 303 102 136 225 400 700 0 -91 0 0 -200 0 0 0 50 0 0 37 400 350 600 0 277 200 800 0 0 0 -166 625 32 50 416 500 0 168 104 -1000 0 500 229 233 -350 500 300 254 800 297 227 0 -100 -250 350 -10 400 -500 81 66 35 500 57 195 0 63 0 -62
0 500 0 155 487 0 650 0 690 0 0 0 0 643 0 300 505 400 0 666 0 600 658 750 66 454 1000 716 500 0 0 0 150 650 592 560 500 547 800 600 100 187 0 0 200 1000 0 0 183 0 0 600 533 244 850 0 666 100 900 0 0 0 725 500 621 400 444 500 66 277 402 900 0 500 470 541 483 550 399 498 1000 602 545 125 58 888 550 385 600 1000 725 600 531 350 306 408 0 319 0 588
#MCFC 2019-03-02
158 0 0 400 124 136 0 0 0 333 0 66 0 -54 -50 0 0 0 800 -262 0 0 0 200 50 0 250 0 1000 500 83 0 500 800 400 0 625 0 90 154 625 136 0 0 800 0 -100 44 500 -30 500 0 500 0 -166 370 0 0 0 466 -178 500 0 -131 200 500 0 0 0 0 0 0 210 400 0 0 0 400 318 800 0 400 500 0 0 333 1000 0 0 0 500 0 0 0 0 -400 0 0 700 0
384 0 0 900 164 454 0 0 0 666 0 277 0 566 383 0 0 0 750 475 0 0 0 200 600 0 611 363 1000 500 577 0 700 400 300 0 500 0 451 485 500 454 0 0 400 0 58 414 1000 752 500 0 533 0 166 679 0 650 0 916 285 600 0 427 500 500 0 0 0 0 0 0 441 750 0 333 0 900 477 400 0 875 900 1000 0 700 700 0 0 0 300 0 0 0 0 400 0 0 800 0
#BHAFC 2019-03-02
166 0 1000 0 216 453 0 0 -236 100 0 -300 750 625 -233 0 0 487 0 0 0 0 500 0 0 0 -400 155 -87 0 227 468 0 -141 500 0 0 600 500 0 1000 99 0 0 500 -100 35 68 1000 0 800 466 333 -200 333 0 19 250 500 250 0 0 178 687 333 0 0 0 -66 500 240 -91 1000 0 500 200 0 -200 -200 0 -300 0 250 100 -400 -400 -194 -100 320 -91 290 -50 -91 35 379 0 0 -80 -500 -91
566 0 300 0 616 640 0 0 612 555 600 600 500 500 666 0 0 650 650 0 0 0 1000 0 0 0 400 511 570 0 385 700 0 525 183 0 0 600 416 0 400 366 0 1000 500 375 399 227 1000 0 400 450 475 400 716 66 659 333 416 900 0 0 484 687 666 0 0 0 300 500 260 399 400 0 500 575 0 200 399 0 508 0 500 100 400 400 383 375 220 399 480 200 399 399 316 0 400 689 1000 399
#HTAFC 2019-03-02
0 0 0 0 0 0 0 0 0 0 0 0 0 0 0 0 300 0 0 -500 0 625 0 -400 0 0 0 106 0 0 312 262 750 -400 0 -500 100 129 -400 250 0 125 1000 196 800 400 -244 250 285 52 487 0 312 0 208 0 0 0 42 500 -400 24 700 333 266 -150 0 350 0 0 575 318 0 -200 333 0 0 250 -125 0 400 78 -11 102 -400 250 -400 0 0 0 566 271 250 0 800 425 -50 0 200 0
0 0 0 0 1000 1000 0 1000 0 0 0 0 0 0 0 0 600 0 0 750 66 500 0 400 0 0 0 600 650 0 377 434 500 600 0 550 133 666 400 400 0 375 400 333 750 540 750 850 535 66 433 0 401 0 361 0 0 1000 667 500 400 650 600 716 533 200 0 550 0 0 475 700 0 200 666 0 0 333 375 33 800 700 500 352 400 333 400 0 0 0 533 521 850 0 400 525 400 51 500 0
#Clarets 2019-03-02
0 625 0 -400 0 0 0 0 400 0 625 0 233 0 66 616 -300 0 700 -200 0 0 0 0 60 66 0 0 0 0 800 50 900 187 -400 0 109 250 339 0 350 218 0 162 0 0 0 0 0 -33 0 -400 0 0 136 0 0 0 0 0 0 378 375 -125 100 0 0 450 0 0 0 250 100 0 -500 150 0 0 434 0 68 533 0 800 500 -400 0 100 -166 0 0 100 0 0 93 0 0 136 250 0
0 500 0 400 0 0 0 0 350 0 500 0 541 0 600 777 225 0 600 500 0 0 0 0 488 600 0 0 0 0 1000 850 1000 250 700 0 163 300 515 0 550 327 0 329 0 0 0 0 0 533 0 400 0 0 454 0 0 0 0 0 0 401 416 125 650 0 0 450 0 0 125 375 650 333 400 316 0 0 650 0 227 399 0 400 500 400 0 650 166 0 0 650 0 0 468 0 0 500 550 0
#CPFC 2019-03-02
-312 0 0 -60 0 0 324 0 300 166 -236 0 66 800 0 0 625 500 -600 0 0 0 0 99 -97 -156 44 0 0 0 0 0 0 116 224 625 500 0 0 0 0 516 196 0 0 0 -250 53 0 0 500 168 0 0 1000 400 600 0 106 96 159 0 -66 -400 575 -208 0 0 0 208 0 -500 0 -500 0 0 -400 700 -250 400 0 394 350 0 207 1000 0 156 0 0 333 325 0 250 0 136 199 500 0 250
687 0 0 478 0 0 500 0 200 300 612 0 399 1000 0 0 500 350 800 0 0 0 0 800 427 250 414 1000 0 0 0 0 0 733 433 600 500 0 0 0 0 527 646 650 0 0 466 293 0 0 500 327 0 0 1000 400 800 0 362 277 290 0 88 400 612 166 0 0 0 564 377 1000 0 1000 0 0 400 600 400 417 0 577 450 0 300 300 0 975 0 0 716 375 0 1000 0 500 516 500 0 250
#MUFC 2019-03-02
0 0 800 142 195 0 0 33 770 -312 0 1000 0 0 49 0 600 -400 -90 166 600 68 0 600 0 600 500 0 0 651 0 0 0 0 0 166 0 1000 136 0 250 182 -333 -260 0 0 0 0 -91 0 0 0 0 328 100 357 0 458 -84 0 -200 200 0 0 100 0 0 0 0 0 0 -781 412 0 246 -83 0 566 -115 288 265 1000 0 133 0 0 0 0 -150 0 400 287 -111 475 0 -166 -166 -400 100 577
0 0 750 267 464 0 0 441 700 687 0 1000 0 0 351 0 525 600 680 333 550 227 0 900 0 900 800 750 0 500 100 0 0 0 0 433 0 1000 454 0 750 400 366 693 50 1000 0 0 466 0 0 0 0 378 750 571 0 469 212 0 200 300 0 0 750 0 0 0 0 0 0 600 520 0 493 533 0 533 380 677 475 1000 0 133 0 0 0 0 800 0 750 300 344 600 0 833 833 400 400 447
#SaintsFC 2019-03-02
500 0 0 0 375 500 1000 0 0 0 0 0 475 0 125 116 500 -479 0 -333 0 100 612 800 800 800 0 0 289 400 456 150 0 -400 0 0 0 136 233 0 0 80 21 0 0 441 0 60 0 0 316 0 0 500 500 298 0 0 -400 220 0 0 0 0 250 100 225 0 0 0 360 524 300 265 143 0 0 166 400 0 0 0 100 -400 312 150 800 500 0 700 0 0 0 57 0 0 800 125 -137 0
550 0 0 0 500 725 1000 0 0 0 0 0 600 0 525 549 600 562 0 833 0 400 700 400 400 400 0 650 467 800 830 650 0 700 0 0 0 454 300 0 0 260 288 0 0 483 125 566 0 0 566 0 0 400 600 364 0 0 400 355 0 0 0 0 250 550 446 0 0 0 435 650 825 570 543 0 0 333 233 0 0 0 200 400 402 286 400 500 0 799 0 0 0 199 0 0 400 166 300 0
#wwfc 2019-03-02
1000 285 312 351 0 399 650 -41 550 275 66 0 0 0 187 500 -300 400 250 266 0 625 500 0 0 0 0 -200 100 0 750 0 199 -27 400 0 0 0 0 0 0 500 149 -400 0 800 278 132 316 0 132 0 0 200 0 0 250 0 0 99 0 -29 -249 1000 1000 0 0 0 0 750 -625 0 416 -400 237 0 278 100 100 0 200 200 0 266 344 500 500 0 -211 500 -104 200 400 0 166 0 0 600 0 0
300 535 200 447 0 666 750 866 650 416 399 0 100 0 694 500 400 500 550 600 0 500 1000 0 0 0 0 100 1000 0 1000 650 327 644 400 0 0 0 0 0 0 900 500 400 125 750 367 752 583 0 752 750 0 200 0 0 500 0 0 1000 100 316 593 300 300 0 0 0 1000 400 1000 0 654 700 687 0 367 100 100 0 200 900 0 500 387 1000 500 0 533 600 212 300 233 50 833 0 0 400 0 0
#cardiffcity 2019-03-02
500 300 533 300 800 0 0 0 0 875 -77 0 22 -155 800 0 0 0 -400 -400 440 33 150 0 -308 0 0 30 500 0 0 500 0 0 0 450 0 136 0 166 0 0 -290 107 -83 0 238 -100 -89 0 200 300 -300 0 0 0 -750 0 500 -200 400 0 400 0 0 0 549 100 0 480 250 227 0 0 500 -163 0 500 0 250 250 99 0 0 450 0 0 -16 0 0 0 0 0 0 0 -500 -216 250 0 0
900 500 566 100 1000 0 0 0 0 1000 194 0 594 288 400 0 0 0 400 400 700 477 133 0 525 0 0 402 600 0 0 675 0 0 0 550 0 454 0 541 0 0 768 323 329 0 255 233 214 0 400 533 225 0 0 0 1000 0 1000 400 700 0 400 0 66 0 577 100 0 720 533 545 0 375 500 463 0 500 0 333 333 383 0 0 666 422 0 177 0 0 0 0 0 0 0 900 833 490 0 0
