#MCFC 2013-12-26
0 0 0 0 0 0 125 0 0 0 0 0 0 0 0 0 0 0 0 0 0 0 0 0 500 250 0 0 0 0 0 0 0 0 0 0 0 0 0 0 0 0 0 0 0 0 0 0 0 400 0 0 0 0 0 500 0 0 0 0 0 0 0 0 0 0 0 0 0 0 0 0 0 0 0 0 0 0 0 0 0 0 0 0 0 0 0 0 0 0 0 0 0 0 -100 500 433 0 0 0
0 0 0 0 0 0 500 0 0 0 0 0 0 0 0 0 0 0 0 0 0 0 0 0 900 400 0 0 0 0 0 0 0 0 0 0 0 0 0 0 0 0 0 0 0 0 0 0 0 400 0 0 0 0 0 1000 0 0 0 0 0 0 0 0 0 0 0 0 0 0 0 0 0 0 0 0 0 0 0 0 0 0 0 0 0 0 0 0 0 0 0 0 0 0 200 500 500 0 0 0
#LFC 2013-12-26
287 0 0 0 0 0 0 0 0 0 0 0 0 0 0 0 0 0 0 0 0 0 0 0 0 0 400 0 0 128 0 500 291 148 399 0 0 300 0 250 0 697 0 650 0 136 0 300 0 200 750 0 480 0 750 0 500 0 0 0 0 0 0 0 0 0 0 800 0 0 0 0 0 0 0 0 0 0 750 0 200 0 0 0 250 0 0 625 0 376 376 0 450 0 0 0 0 0 0 0
875 0 0 0 0 0 0 0 0 0 0 0 0 0 0 0 0 0 0 0 0 0 0 0 0 0 300 0 0 385 0 500 720 396 377 0 0 833 0 200 0 571 0 750 0 454 0 833 0 900 400 0 620 0 400 0 500 0 0 0 0 0 0 0 0 0 0 1000 0 0 0 0 0 0 0 0 0 62 400 0 200 0 0 0 200 0 0 500 0 747 747 0 500 0 0 0 0 0 0 0
#AVFC 2013-12-26
0 0 0 0 700 0 0 0 650 0 800 -150 0 0 0 100 100 0 0 400 118 0 0 0 0 0 0 0 0 200 0 0 0 270 1000 500 0 0 0 333 125 250 268 200 -187 8 0 800 200 0 600 500 0 0 500 400 466 700 466 400 0 500 0 400 0 400 0 312 375 0 0 0 399 416 0 500 118 0 0 41 -375 0 -216 0 383 0 750 300 0 600 1000 800 800 500 0 156 0 500 0 0
0 1000 0 0 600 0 0 0 700 0 750 300 0 0 0 300 250 0 0 800 377 0 0 0 0 0 0 1000 0 500 0 0 0 416 1000 500 0 0 0 566 166 200 577 300 500 566 0 1000 200 0 333 500 0 0 1000 800 600 900 600 800 0 800 0 800 0 800 0 333 500 0 0 0 933 427 0 900 327 0 0 250 700 0 300 0 616 0 400 775 0 1000 1000 1000 400 366 0 200 0 500 1000 0
#CPFC 2013-12-26
0 -1000 833 66 291 0 25 708 392 0 0 -1000 350 0 250 0 0 0 758 500 0 -500 0 0 500 200 -100 625 312 0 0 0 0 500 -400 1000 0 300 0 416 0 500 333 0 0 0 200 40 316 666 500 600 0 375 118 100 333 600 0 750 0 0 285 0 0 0 366 1000 500 300 200 0 0 400 150 0 0 200 0 0 0 0 0 0 600 237 0 1000 0 0 -125 0 400 900 0 72 0 -16 -500 0
0 1000 866 66 866 233 175 600 667 0 0 1000 800 0 800 0 0 66 760 1000 0 1000 1000 0 600 350 400 725 750 0 0 0 0 1000 400 300 0 100 250 666 0 500 666 0 0 0 655 428 799 533 600 1000 0 950 377 600 666 600 0 950 0 0 535 1000 1000 0 600 300 600 950 583 1000 1000 875 774 0 1000 500 1000 0 0 0 0 0 1000 737 0 1000 0 0 375 66 900 950 0 669 0 483 1000 0
#cardiffcity 2013-12-26
0 0 285 0 0 0 153 0 136 -100 136 900 0 0 0 0 800 0 285 375 312 285 285 500 0 0 0 0 437 0 -99 0 0 0 0 136 0 0 136 136 0 0 0 0 0 0 0 0 0 0 0 0 0 0 0 0 0 0 0 0 0 0 0 0 0 0 49 0 500 -291 0 0 -300 0 0 -500 0 0 0 0 0 -150 0 0 0 0 -500 -500 0 -62 0 0 0 1000 0 0 0 500 0 0
0 450 535 0 1000 0 454 0 454 150 454 900 0 0 0 0 1000 0 535 500 333 535 535 500 1000 0 0 500 350 0 700 0 0 0 0 454 0 0 454 454 0 0 1000 0 0 0 0 0 66 0 0 0 0 0 1000 1000 0 0 0 0 0 0 0 0 0 0 450 0 500 541 0 0 600 0 0 700 0 0 1000 50 0 200 0 0 0 0 700 1000 0 237 0 0 0 1000 0 0 0 1000 0 0
#SaintsFC 2013-12-26
0 662 0 50 350 0 0 0 -166 50 77 -500 0 -500 0 0 468 833 0 252 500 0 0 0 781 0 0 566 900 0 200 150 0 -400 0 0 750 -62 0 333 136 375 312 0 118 62 400 -50 0 800 358 0 0 0 0 0 700 250 100 400 0 500 0 624 0 -33 350 0 -12 0 450 -100 0 1000 433 100 642 0 0 0 500 0 0 0 -166 50 800 228 68 202 0 0 0 0 168 0 0 0 0 0
0 550 0 150 550 0 1000 0 166 500 288 1000 0 1000 0 0 727 766 0 570 500 0 0 0 500 1000 0 700 625 0 300 350 0 400 0 0 950 350 0 399 454 500 333 0 327 500 700 250 1000 700 691 1000 0 0 0 0 600 900 200 400 0 500 0 784 422 466 300 0 575 0 561 83 0 750 416 0 417 66 0 0 500 0 0 0 166 500 750 311 449 355 0 1000 0 0 327 0 0 0 0 0
#CFC 2013-12-26
0 0 0 0 0 0 0 800 0 0 0 0 0 0 0 0 0 0 0 0 0 0 100 0 391 0 0 478 0 500 -200 650 500 0 0 -306 0 479 0 0 0 0 0 0 0 0 0 0 0 0 0 500 0 0 0 0 0 0 700 0 0 0 0 0 66 300 650 0 625 950 0 0 0 0 0 0 0 0 0 0 500 0 0 750 0 0 0 0 0 0 0 0 0 0 250 1000 0 493 0 0
0 0 0 0 0 0 0 750 0 0 0 0 0 0 0 0 0 0 0 0 0 0 200 0 700 0 0 735 0 500 383 800 633 0 0 750 0 633 0 0 0 0 0 0 0 0 0 0 66 0 0 1000 0 0 0 0 0 0 766 0 0 0 0 0 808 0 800 0 1000 1000 0 0 0 0 0 0 0 0 0 0 666 0 0 900 0 0 0 0 0 0 0 0 0 0 562 1000 0 433 0 0
#Swans 2013-12-26
0 0 0 0 0 600 -166 0 0 850 136 1000 0 0 0 0 0 0 0 0 0 0 0 0 0 0 0 0 0 0 68 375 312 800 500 500 0 0 0 0 0 0 0 0 0 0 500 0 187 1000 0 0 0 250 0 0 300 500 0 0 0 0 -100 0 0 -150 0 83 83 83 0 1000 0 478 400 250 0 0 400 0 0 0 0 0 400 0 0 0 0 400 0 0 0 0 -262 -100 0 0 0 -150
0 0 0 0 0 1000 433 1000 0 1000 454 1000 1000 0 0 0 0 0 0 0 0 0 0 0 0 0 0 0 0 0 227 500 333 400 600 600 0 0 0 0 1000 0 0 0 0 0 600 1000 437 1000 66 0 66 500 0 0 541 500 0 0 0 0 300 66 66 233 0 433 433 433 0 1000 0 818 500 408 0 0 500 0 0 0 0 0 1000 0 0 1000 0 1000 0 0 0 0 487 400 0 100 0 866
#EFC 2013-12-26
0 -400 500 0 0 0 328 0 107 0 328 166 113 0 0 0 0 545 433 166 0 0 0 488 100 0 100 0 800 0 113 400 0 0 0 100 533 0 937 545 0 450 250 1000 -625 787 0 0 0 -400 800 0 0 0 0 0 0 0 875 200 700 0 433 0 0 0 320 0 0 0 566 -400 500 0 62 0 1000 327 250 0 0 0 500 0 0 1 625 400 0 0 780 -20 83 0 45 0 650 -100 0 0
0 600 150 0 0 1000 535 0 319 0 535 366 306 0 0 0 0 601 733 533 0 0 0 300 150 0 300 0 750 0 322 375 0 0 0 200 866 0 1000 533 0 675 100 750 1000 900 0 0 0 400 1000 0 0 0 0 0 1000 0 600 200 600 688 733 0 0 0 400 0 0 0 916 450 500 76 110 50 1000 429 300 0 0 1000 600 125 0 718 500 200 0 0 1000 341 147 0 226 0 625 200 95 1000
#SAFC 2013-12-26
-2 224 0 400 -62 -600 0 422 172 0 400 0 500 500 0 136 0 0 0 -250 212 0 0 525 0 0 0 100 357 433 400 400 0 0 320 400 500 0 178 0 1000 250 250 0 0 650 200 800 1000 -585 400 0 0 0 0 0 125 800 0 585 0 400 375 375 312 700 0 0 0 0 333 0 0 0 0 0 -473 0 0 0 44 0 0 116 500 0 500 0 0 500 500 500 0 350 0 0 68 0 -155 0
295 450 0 400 950 1000 1000 611 394 0 800 0 500 500 0 454 0 66 0 250 651 0 0 716 1000 0 0 800 571 733 700 700 0 0 400 700 500 0 468 0 1000 200 500 0 1000 700 500 575 300 400 700 0 0 0 0 0 500 400 0 100 0 800 500 500 333 600 0 0 0 0 833 1000 0 0 0 0 583 0 250 0 344 1000 0 383 1000 0 888 0 0 195 195 195 1000 550 0 0 227 0 288 0
#NUFC 2013-12-26
-362 125 -250 -187 -181 -187 0 0 0 300 125 0 900 0 178 136 199 0 300 233 700 400 750 0 0 400 0 0 0 388 -200 500 0 0 0 0 285 500 62 0 0 0 1000 400 250 350 300 156 500 312 400 0 -400 0 475 0 0 800 178 0 0 0 0 0 200 136 183 1000 400 0 119 750 -600 0 625 199 0 0 0 0 700 -250 -250 0 0 450 0 228 0 -250 0 0 800 250 0 800 0 -100 0 136
550 500 766 300 727 500 0 0 0 500 200 22 1000 0 335 500 533 0 900 199 600 800 750 66 0 454 0 0 0 363 100 600 100 0 50 0 535 500 637 0 100 0 300 800 362 800 400 750 462 300 800 0 400 0 800 1000 0 400 335 0 0 0 0 0 250 454 600 600 475 1000 333 500 800 0 900 546 0 0 0 0 600 533 533 0 0 400 0 335 0 533 0 0 1000 408 0 750 0 100 0 454
#SCFC 2013-12-26
160 -553 378 0 50 -1000 0 -291 0 0 400 0 0 1000 600 200 600 0 0 0 0 0 0 0 0 500 20 0 387 875 0 0 0 0 0 0 0 0 0 0 700 0 0 0 0 0 0 -208 250 262 136 0 468 0 0 850 0 318 50 0 200 0 0 0 -100 -100 0 0 0 -99 800 800 -195 0 0 0 0 0 1000 0 0 500 0 0 0 0 0 0 568 150 380 0 0 -200 150 -200 0 150 500 0
539 916 551 0 50 800 1000 255 0 0 475 0 0 1000 525 450 525 0 1000 0 0 0 0 0 1000 500 313 533 633 600 1000 0 0 0 0 0 0 0 0 0 700 0 0 1000 0 0 0 372 450 362 500 0 427 0 0 1000 0 477 700 1000 400 0 0 0 400 400 0 83 0 250 900 900 375 66 0 0 0 1000 1000 0 0 500 0 0 0 0 0 0 727 700 800 0 1000 400 400 400 0 400 900 0
#ncfc 2013-12-26
0 250 333 1000 781 1000 0 0 375 0 1000 0 0 232 0 0 558 0 0 0 0 232 400 50 0 427 300 0 -625 300 400 0 300 0 0 0 800 250 0 50 691 250 250 300 344 -500 0 0 0 0 0 0 0 0 0 0 0 375 0 175 100 292 0 500 -33 0 0 -349 0 0 392 0 0 800 0 0 0 0 0 0 0 0 0 0 0 0 0 187 0 0 0 0 0 0 0 292 -600 0 400 0
125 550 796 300 600 1000 0 0 619 0 1000 0 0 503 1000 0 666 0 0 0 0 503 900 450 0 666 100 0 1000 100 375 0 100 0 0 0 900 300 0 450 801 350 200 100 588 1000 0 0 0 0 0 0 0 0 0 0 250 416 1000 675 1000 553 0 1000 300 0 0 333 0 0 517 0 0 875 0 0 1000 0 0 0 0 0 0 0 0 0 0 550 1000 0 0 1000 1000 0 0 553 1000 1000 400 0
#FFC 2013-12-26
216 0 0 0 0 -500 0 399 -6 0 33 568 800 0 0 33 0 174 400 0 216 0 152 416 100 125 150 275 216 0 74 125 500 700 205 -200 -327 0 700 0 300 0 350 216 300 216 600 587 216 -166 0 195 216 0 0 0 0 500 0 433 0 800 433 0 400 0 0 0 0 200 225 0 0 1000 125 416 0 400 637 100 250 216 216 68 134 212 500 116 200 166 237 0 433 100 0 83 316 216 425 0
477 0 100 0 0 1000 0 533 250 0 399 377 900 100 0 533 100 383 450 0 477 100 413 244 533 216 950 437 477 325 300 216 888 600 266 399 394 0 600 100 100 100 462 477 1000 477 900 972 477 550 100 538 477 100 66 475 33 1000 100 583 100 1000 633 100 375 100 100 100 0 250 262 1000 0 900 216 244 0 450 500 1000 250 477 477 277 388 433 400 477 300 255 619 0 833 900 1000 111 344 477 641 0
#COYS 2013-12-26
500 0 333 0 500 0 0 0 0 0 0 0 0 0 0 0 0 0 0 0 0 0 0 0 0 0 562 -400 500 200 0 0 0 0 0 0 0 0 0 0 0 0 0 0 0 0 0 0 0 0 0 0 500 0 625 500 466 284 375 0 0 0 0 0 0 0 0 0 0 0 650 0 0 0 0 0 0 0 0 0 166 0 750 0 136 0 0 0 0 0 0 0 0 0 0 0 1000 0 0 0
500 0 399 0 600 0 0 0 0 0 0 0 0 0 0 0 0 0 0 0 0 0 0 0 0 0 1000 600 366 300 0 0 0 0 0 0 0 0 0 0 0 0 0 0 0 0 0 0 0 0 0 0 500 0 500 500 700 688 350 0 0 0 0 0 0 0 0 0 0 0 750 0 0 0 0 0 0 0 0 0 566 0 950 0 454 0 0 0 0 0 0 0 0 0 0 0 1000 0 0 0
#WBA 2013-12-26
500 0 195 468 0 500 125 -500 0 300 -125 0 -342 -100 -200 500 1000 250 0 1000 68 1000 0 1000 0 500 0 250 0 500 0 0 0 0 0 0 481 0 0 0 400 500 600 24 500 0 437 366 0 0 0 -117 0 100 0 0 0 0 -25 -500 0 136 256 200 100 0 0 0 0 200 0 0 -125 250 118 0 0 0 0 250 424 0 0 0 0 0 0 0 125 250 625 136 -49 0 0 0 800 0 -200 0
888 0 501 200 100 500 666 500 0 500 375 125 567 50 100 500 1000 250 1000 1000 227 300 0 300 0 500 0 333 0 533 0 0 0 0 1000 500 296 0 0 0 375 1000 316 491 500 0 650 335 0 0 0 500 0 150 0 0 0 1000 233 600 0 454 700 200 400 0 0 0 0 300 0 0 125 300 837 0 0 1000 1000 200 636 0 0 0 125 0 0 0 750 250 500 500 399 0 0 0 1000 0 333 0
#WHUFC 2013-12-26
350 0 0 100 0 200 600 800 800 0 800 0 219 0 875 0 328 0 350 1000 500 219 0 0 1000 133 0 0 0 0 0 -125 0 0 0 0 700 0 0 0 0 250 -316 0 900 0 0 0 0 -250 0 0 0 500 -500 175 375 312 1000 0 0 0 0 0 0 0 -287 0 0 0 250 350 0 333 0 -250 0 0 0 800 0 1000 0 0 0 0 0 0 0 0 0 0 400 0 800 0 200 0 433 0
399 0 0 275 0 200 800 1000 1000 0 1000 0 357 0 600 0 535 100 650 1000 600 357 125 125 1000 1000 0 0 0 0 1000 450 0 0 0 0 600 0 0 0 0 200 300 0 1000 0 1000 100 0 250 0 0 0 500 1000 450 500 333 300 0 0 0 0 0 1000 0 675 0 0 0 333 650 0 700 0 500 0 0 0 400 0 600 0 0 0 0 0 0 0 0 0 0 800 0 700 0 400 0 633 0
#AFC 2013-12-26
0 525 0 0 0 0 0 333 333 0 166 0 416 333 0 0 0 0 0 250 0 0 -250 300 0 0 0 0 200 0 0 0 0 0 0 0 -1000 0 1000 0 250 850 0 450 800 0 675 0 -150 0 937 0 166 0 0 600 0 0 500 0 0 0 0 0 0 33 0 33 0 500 0 0 -400 0 0 0 0 0 0 0 0 0 200 200 200 800 0 0 -62 0 0 0 0 0 0 0 68 500 0 0
0 850 0 0 0 0 0 833 533 0 479 0 833 833 0 100 500 0 0 200 0 0 500 0 0 0 0 500 200 0 0 0 0 0 0 0 1000 0 300 0 533 450 0 708 750 0 1000 0 700 0 450 500 500 0 0 1000 0 0 1000 0 0 0 0 0 0 133 0 133 0 1000 0 0 400 0 0 0 0 0 0 0 0 0 300 300 300 1000 0 0 237 0 0 0 0 0 0 0 227 500 0 0
#hcafc 2013-12-26
0 800 0 0 0 83 0 0 250 0 299 250 0 0 199 0 -200 0 433 170 0 468 444 0 400 312 83 0 68 -400 700 0 -62 0 0 0 0 700 0 462 0 0 285 0 0 1000 125 0 0 38 0 125 0 0 0 0 -131 0 1000 0 500 0 0 100 513 875 0 0 0 -33 0 0 0 0 750 0 199 0 0 37 -99 900 300 0 -1000 41 0 500 0 0 0 0 249 800 0 800 0 -50 0 0
0 750 0 0 125 762 0 875 200 0 767 200 0 0 266 0 100 1000 666 454 0 727 377 1000 233 687 300 0 227 600 600 0 312 0 0 0 0 600 1000 525 0 1000 535 0 0 1000 300 0 0 355 1000 500 0 0 0 0 450 0 750 0 500 0 0 100 647 600 0 0 0 233 0 0 0 0 900 500 550 0 1000 350 800 1000 400 0 1000 313 0 1000 0 1000 0 1000 350 750 0 750 0 400 0 500
#MUFC 2013-12-26
400 0 0 650 300 750 500 0 0 0 600 100 -155 0 0 0 0 562 812 0 0 0 212 0 0 468 0 0 328 0 -166 0 0 136 0 200 -250 0 0 -750 650 0 650 0 0 -433 0 0 0 200 0 0 0 -233 0 200 243 1000 0 0 550 500 0 170 812 -399 0 0 200 309 0 500 0 0 0 0 0 600 0 0 531 0 200 0 0 -350 0 0 350 0 0 750 0 0 0 0 0 0 0 0
350 0 0 450 200 1000 888 0 0 0 650 200 288 125 0 0 0 750 875 0 0 0 318 125 0 727 0 0 535 0 250 0 0 454 0 300 500 0 0 1000 466 0 466 0 0 633 0 0 0 300 0 0 0 666 0 300 522 300 0 0 1000 500 0 454 875 733 0 0 400 506 0 600 0 125 0 0 0 1000 0 0 550 0 300 0 0 650 0 0 650 0 0 525 0 0 0 0 0 0 0 125
#AFC 2013-12-23
0 0 0 300 -400 0 200 84 0 0 0 0 0 200 0 -187 -250 0 600 0 0 0 0 0 0 0 0 0 399 0 0 25 375 0 800 0 -100 0 0 520 202 633 750 0 500 0 0 0 0 200 166 0 200 0 0 0 333 -50 0 0 0 0 200 0 399 0 1000 -250 0 500 200 227 -400 0 136 0 0 600 200 100 0 0 0 0 0 600 -250 500 500 -150 242 250 0 0 500 200 -49 500 200 500
0 0 0 450 600 0 100 241 0 0 0 0 0 100 0 500 500 0 750 0 0 0 0 0 0 0 0 0 733 0 0 575 500 0 400 0 525 0 0 909 331 666 950 0 500 0 500 950 0 300 583 0 400 0 0 0 544 850 0 0 0 0 400 0 466 0 400 800 0 500 500 545 600 0 454 0 0 600 400 600 0 0 0 0 0 433 1000 500 450 200 250 1000 0 950 500 500 150 500 500 500
#CFC 2013-12-23
178 0 705 50 0 336 0 300 0 0 178 250 0 -400 -56 175 93 0 150 -33 -83 666 0 583 200 525 431 200 250 323 383 0 800 0 250 -250 285 -250 300 0 0 800 800 0 375 0 0 0 150 333 500 326 0 166 0 336 0 0 0 250 750 800 50 483 50 50 336 1000 0 250 233 392 -166 0 0 0 333 336 -500 0 800 250 0 250 100 0 0 431 200 0 323 100 -400 500 0 0 0 0 0 0
418 100 640 200 0 393 0 450 100 0 418 250 66 400 352 625 593 0 300 677 399 1000 0 616 200 600 675 500 950 506 444 0 400 0 375 649 440 649 350 0 0 750 1000 0 500 750 633 0 649 333 1000 416 0 833 0 393 0 0 0 250 700 400 425 700 425 425 393 1000 0 250 300 517 166 0 0 0 333 393 1000 0 400 250 0 250 200 0 0 675 500 0 506 250 400 500 0 0 0 0 0 0
#Swans 2013-12-22
0 0 0 0 0 -250 0 0 0 194 0 0 0 0 0 -50 -500 0 0 500 0 -100 0 250 0 0 0 44 0 0 700 0 0 0 0 0 0 -1000 0 68 209 -204 0 375 312 0 0 350 0 0 0 0 250 0 0 0 0 -50 456 0 -500 0 0 500 -155 284 500 500 266 0 625 0 0 0 0 800 0 0 0 0 600 0 0 600 687 266 350 0 0 0 -200 0 0 0 0 0 0 -50 700 0
0 0 0 0 0 933 0 0 0 577 0 0 0 0 0 400 1000 0 0 625 0 400 0 200 1000 0 1000 377 0 0 700 0 0 575 600 0 0 1000 0 227 659 200 0 500 333 0 0 300 0 0 0 0 333 0 0 0 0 400 725 0 300 0 66 600 288 545 500 888 300 0 888 1000 0 0 66 1000 0 0 0 0 1000 66 0 900 750 300 300 0 0 0 200 0 0 0 0 0 0 900 600 0
#EFC 2013-12-22
825 -800 400 0 0 500 -100 0 0 0 125 0 0 0 583 250 200 0 -849 0 0 -312 100 468 0 700 0 200 656 0 0 1000 1000 0 375 0 650 -50 455 0 468 500 50 375 357 458 183 362 500 0 0 -125 -50 300 -77 -312 0 150 -400 464 -35 0 0 0 0 0 200 200 687 353 0 0 0 -50 0 687 466 0 0 0 -50 700 -138 136 0 0 -200 0 0 0 -55 0 800 700 0 0 -55 375 345 0
600 900 700 0 0 750 200 0 0 0 250 0 0 0 483 416 500 0 833 0 0 687 100 602 0 750 0 200 500 0 0 600 600 0 1000 550 750 400 677 0 602 391 250 600 571 916 241 350 500 0 0 375 400 550 427 687 0 649 400 742 433 0 0 0 0 0 200 200 1000 311 0 0 0 400 0 1000 600 0 0 300 200 800 611 454 0 0 800 0 0 0 222 0 400 600 0 0 77 666 451 1000
#SaintsFC 2013-12-22
0 0 0 233 500 300 100 0 0 0 293 0 312 0 566 250 609 125 0 0 0 100 0 0 0 250 250 500 -211 0 0 12 0 170 0 458 700 375 -225 0 -500 468 0 0 433 0 800 800 0 0 475 0 0 0 -97 0 136 0 0 375 375 312 200 199 -500 0 546 0 500 790 0 -400 500 350 200 0 1000 468 -400 0 0 500 31 0 -400 0 0 0 0 800 0 -200 0 0 0 0 -97 0 166 0
0 0 0 433 500 100 200 0 0 0 477 0 1000 0 766 649 975 166 0 125 0 1000 0 0 0 200 200 1000 799 1000 0 237 0 500 1000 425 600 916 425 0 866 577 0 0 750 0 1000 700 0 0 550 0 0 0 144 500 454 0 0 500 500 333 200 333 866 0 550 0 500 800 0 400 500 550 533 0 750 508 400 1000 0 500 235 0 400 500 0 666 0 400 333 50 0 0 0 0 294 0 244 0
#COYS 2013-12-22
-125 800 0 -131 200 195 200 0 0 0 -75 0 0 350 0 0 93 0 0 50 500 800 136 800 100 500 0 0 333 0 0 19 0 0 433 -533 0 58 0 315 448 0 0 0 0 0 68 500 437 625 700 0 99 0 399 683 350 -222 0 0 0 300 625 0 0 -400 500 293 0 0 800 500 250 488 0 375 800 0 -500 -250 -250 0 68 181 -366 250 0 0 -170 -97 0 200 0 0 0 500 -424 0 -156 266
750 1000 0 727 300 1000 200 0 0 0 366 0 0 950 125 0 643 0 0 150 1000 1000 454 750 200 900 0 0 533 0 0 440 0 0 633 600 0 333 0 500 583 0 500 0 0 0 477 888 300 600 666 0 800 0 566 650 733 500 0 0 0 0 725 0 0 400 1000 781 0 0 750 600 750 250 0 750 700 0 1000 600 450 0 310 511 683 450 0 0 470 622 0 450 0 0 1000 500 591 100 437 366
#CPFC 2013-12-21
0 300 250 500 300 300 1000 -400 0 0 0 850 1000 0 200 66 -25 250 0 0 274 333 500 0 0 16 290 199 500 1000 175 300 0 200 600 0 0 -6 200 -8 0 -50 0 162 250 500 287 166 0 166 0 350 125 500 27 250 0 0 125 0 200 500 0 0 -194 0 0 0 0 -400 333 0 -141 0 0 0 0 0 0 -150 375 312 116 0 0 0 0 250 800 166 0 533 0 433 0 0 -200 0 0 0
0 700 444 600 700 700 300 400 0 0 0 800 1000 0 200 733 600 437 0 0 508 833 1000 0 0 516 408 550 500 300 525 100 0 100 1000 0 0 568 200 508 0 150 0 587 200 1000 500 199 0 199 0 675 250 500 310 500 0 400 250 0 100 500 0 0 416 0 0 100 0 600 883 0 250 0 0 0 0 0 0 183 500 333 250 0 0 0 0 472 700 199 0 405 688 466 0 0 600 178 0 1000
#NUFC 2013-12-21
0 187 350 0 400 550 0 0 133 400 187 142 0 195 0 91 256 0 0 0 97 0 800 285 0 550 0 0 0 0 -400 -500 -400 178 166 400 0 100 0 0 0 500 0 0 0 0 400 0 -133 400 -12 0 0 0 0 333 0 0 0 333 -321 -55 100 500 333 -194 -75 0 500 200 0 500 -125 250 875 875 0 400 250 0 -125 50 550 625 0 228 0 200 0 0 -349 133 400 0 -66 -400 342 -278 500 600
0 637 300 0 200 762 0 0 266 200 637 767 0 216 250 358 200 0 0 0 457 66 900 535 0 550 0 0 400 0 700 700 700 335 666 200 0 300 0 100 0 500 0 0 0 0 800 0 300 800 575 0 0 0 0 833 0 0 0 833 818 122 300 500 600 288 625 0 491 100 0 550 125 250 600 600 0 800 250 0 100 833 800 600 0 495 100 475 0 0 383 266 200 0 600 400 767 487 700 1000
#FFC 2013-12-21
0 0 0 0 0 0 0 0 0 0 -400 0 0 -187 0 0 0 500 0 0 0 0 200 55 0 0 0 136 0 0 0 0 0 224 136 0 0 0 100 800 -8 400 350 0 0 0 250 166 0 250 0 0 -8 -400 600 0 0 0 0 -187 0 233 -187 0 0 0 -400 0 400 0 233 0 0 0 0 1000 0 240 0 0 0 0 0 0 0 0 375 312 500 0 136 0 0 200 0 250 0 0 166 0
0 0 0 0 0 0 0 0 0 0 600 0 1000 500 0 0 0 600 0 0 0 0 100 222 0 0 0 500 0 0 250 0 0 475 454 0 0 0 225 700 141 575 800 0 0 0 200 666 0 283 0 0 141 400 900 0 0 0 0 500 100 233 500 0 0 0 600 0 400 762 533 0 0 0 0 900 0 279 0 0 0 0 0 0 0 762 500 333 500 0 454 0 0 500 0 200 0 0 333 0
#MCFC 2013-12-21
200 0 250 250 0 0 0 0 0 0 0 0 0 0 0 0 0 0 0 0 0 0 0 0 375 0 0 0 0 0 0 275 0 0 0 -187 0 0 0 0 0 0 0 0 0 0 0 0 0 0 0 0 0 0 0 0 0 0 133 600 0 0 0 0 0 0 0 0 0 0 0 0 0 0 0 200 0 200 0 0 0 0 0 -44 0 0 308 -350 0 0 -375 0 136 433 0 0 875 0 0 0
300 0 250 250 0 0 0 0 0 0 0 0 0 0 0 0 0 0 0 0 0 0 0 0 100 0 0 0 0 0 0 475 0 0 0 450 0 0 0 0 0 0 0 0 0 0 0 0 0 0 0 0 0 0 0 0 0 0 533 900 0 0 0 0 0 0 0 0 0 0 0 0 0 0 0 300 0 300 0 0 0 0 0 677 0 0 516 875 0 0 800 0 454 483 0 0 600 0 0 0
#MUFC 2013-12-21
0 0 -600 0 0 666 0 0 566 0 50 178 0 100 500 0 0 0 100 1000 136 0 0 0 0 0 0 0 0 0 0 0 0 0 0 0 0 0 500 335 0 0 0 0 136 0 150 -316 0 0 0 0 0 1000 400 0 800 0 0 500 0 625 0 200 200 200 450 0 0 285 0 0 400 29 0 200 107 285 300 0 0 600 0 600 0 -250 0 100 0 183 0 -375 -400 0 0 0 375 0 0 -31
0 0 1000 0 0 766 0 0 566 0 200 623 0 250 500 0 0 0 200 300 454 0 0 0 0 0 0 0 0 0 0 0 0 0 0 0 0 0 500 527 0 0 0 0 454 0 150 300 0 0 0 0 0 1000 900 0 700 0 0 1000 0 500 0 100 100 100 400 0 0 535 0 0 1000 679 0 550 770 535 483 0 0 900 0 355 0 250 0 150 0 183 0 400 400 0 0 0 100 0 66 277
#WHUFC 2013-12-21
29 800 200 0 -200 300 66 500 0 150 -38 0 166 107 0 0 0 0 142 0 118 0 100 150 -349 0 -187 0 0 0 136 0 0 700 0 80 0 500 50 0 541 -443 0 99 0 366 0 0 0 -250 500 500 449 0 0 86 0 0 -291 0 350 -262 -366 0 607 0 150 0 45 0 0 -300 800 0 0 70 0 306 800 0 -338 0 0 500 0 345 0 0 0 800 0 375 375 312 166 1000 -400 0 0 0
679 400 100 0 350 100 83 500 0 250 134 0 500 247 0 0 0 0 267 500 350 0 383 429 833 0 500 0 0 0 454 0 0 600 500 100 0 1000 75 83 833 606 100 450 0 488 0 0 0 500 900 600 550 0 0 484 0 400 541 66 400 575 355 0 471 33 575 0 484 0 0 100 400 0 0 433 66 625 1000 0 550 0 0 900 0 651 0 0 0 750 475 500 500 333 300 400 600 0 233 0
#SCFC 2013-12-21
337 0 300 0 0 0 200 -375 0 -162 0 0 0 -243 -714 0 99 400 -41 375 0 -258 0 0 800 250 -273 500 0 -400 81 0 444 0 0 0 0 0 0 0 -300 0 -150 0 112 100 100 -131 0 0 0 0 0 625 0 500 0 800 0 500 0 0 0 0 0 0 136 0 0 0 0 -300 0 -155 0 0 -200 0 0 1000 0 800 0 250 0 -125 125 375 0 300 0 0 0 0 100 -200 0 -185 0 -62
384 0 483 0 0 0 400 500 0 633 0 0 0 700 857 0 355 400 591 944 0 408 0 0 750 500 175 500 1000 400 666 0 777 0 0 0 0 0 0 0 433 66 233 500 400 400 400 635 0 0 0 1000 1000 600 0 500 0 700 66 750 0 0 66 0 0 0 454 0 0 0 0 450 0 288 0 0 233 0 0 1000 0 400 0 500 0 500 300 275 0 350 0 0 0 100 400 233 0 280 0 220
#AVFC 2013-12-21
-250 562 0 0 0 350 500 0 -233 0 0 227 509 0 -400 -200 366 700 350 0 312 99 200 600 0 0 -100 -77 0 0 0 0 168 100 -49 325 0 100 136 500 77 0 0 0 125 500 500 0 100 -400 0 300 262 300 0 0 -250 500 183 0 0 0 0 0 0 0 500 750 300 0 227 0 333 0 0 0 0 0 0 0 0 227 363 409 227 0 300 -400 227 0 227 -799 250 250 -400 227 260 325 227 227
450 800 0 0 0 650 791 0 755 0 0 545 592 400 700 250 866 600 900 0 300 733 250 950 600 0 50 144 0 0 0 0 668 400 400 825 0 400 454 500 255 0 0 0 150 791 791 0 216 600 0 650 433 650 0 250 250 791 277 66 66 66 66 66 0 0 791 900 800 0 545 66 833 1000 0 66 0 66 66 0 66 545 689 709 545 0 800 400 545 0 545 1000 200 200 400 545 260 666 545 545
#SAFC 2013-12-21
0 29 78 433 -53 0 187 0 310 187 100 -77 0 0 0 0 0 150 -400 0 0 75 0 600 400 0 0 400 0 125 150 362 0 49 14 0 0 261 0 50 50 400 350 -150 0 0 0 250 -100 450 0 500 188 0 0 250 0 114 -1000 99 0 0 0 0 0 0 450 0 183 400 400 0 0 175 350 170 -212 0 -600 25 0 800 700 0 83 625 0 0 0 268 -641 0 1000 450 -75 0 161 293 0 0
0 679 500 833 435 0 0 0 421 522 400 194 0 105 0 0 0 250 700 0 0 131 0 775 800 66 0 800 1000 200 250 600 0 700 262 0 516 464 0 533 100 800 600 400 1000 125 125 333 200 650 0 600 633 0 0 200 1000 192 1000 750 0 0 0 0 1000 0 650 0 433 700 700 0 0 550 350 500 787 0 800 316 0 400 600 0 600 500 0 0 200 350 933 0 300 796 606 0 355 475 0 0
#ncfc 2013-12-21
750 0 625 125 1000 100 600 0 0 0 0 0 500 220 -199 75 800 0 66 0 150 466 99 -200 800 0 0 0 500 0 600 14 0 0 -400 -100 0 0 0 250 25 241 0 -699 357 100 0 100 0 937 1000 0 -112 450 0 0 136 0 150 -125 83 400 700 -300 416 -233 -699 -800 0 0 -100 0 468 0 450 300 0 133 0 -133 350 0 0 200 200 0 242 500 700 700 -100 1000 600 0 0 0 250 333 200 0
900 0 600 150 1000 50 1000 0 0 0 0 0 600 840 950 475 400 0 433 66 429 500 800 200 700 0 0 0 900 0 1000 262 0 0 750 200 0 0 0 1000 50 566 0 666 535 100 0 100 0 900 400 0 525 650 0 0 454 0 500 250 791 500 600 600 344 816 666 800 0 0 350 0 602 125 650 425 0 433 0 155 300 0 0 200 600 0 540 888 600 600 150 1000 600 0 100 1000 700 666 700 0
#WBA 2013-12-21
400 0 0 300 136 688 0 500 -250 0 -155 550 0 136 0 -400 0 400 170 0 500 0 0 700 285 350 200 0 100 0 -4 -155 700 -177 0 500 221 0 0 -349 0 0 1000 187 0 455 99 300 0 0 200 211 -150 400 200 49 -155 0 136 287 0 214 -500 133 1000 533 50 616 -600 125 200 0 -400 0 211 49 0 0 0 250 -750 12 0 136 271 375 0 0 300 0 633 -50 -149 -400 0 0 0 0 700 0
900 0 0 266 454 700 0 500 250 0 288 500 0 454 0 700 0 650 318 0 600 0 0 600 535 650 300 0 133 0 333 288 600 255 100 500 659 0 0 583 0 0 1000 583 0 822 351 350 0 0 350 495 650 600 200 550 288 0 513 487 0 571 900 688 1000 288 550 916 1000 341 200 500 600 0 495 525 800 0 0 750 900 284 0 454 673 750 0 0 300 0 762 100 750 770 0 0 1000 0 600 0
#hcafc 2013-12-21
0 0 0 21 -62 0 -100 0 -500 0 0 0 1000 0 291 500 0 0 0 227 0 800 -441 -450 500 -500 800 -33 0 277 625 0 -200 0 500 -400 450 250 -100 83 -155 800 -49 0 0 400 -333 256 0 100 0 18 0 250 234 -262 166 49 -250 0 0 287 250 -608 -41 -500 -1000 700 92 500 49 0 312 333 0 500 0 0 0 500 0 0 160 0 350 160 0 0 400 0 400 0 0 -250 750 -156 0 0 0 300
1000 0 0 400 375 0 900 0 400 0 0 0 1000 0 929 500 0 0 0 510 66 750 622 800 600 950 750 466 0 388 500 0 0 0 888 700 850 200 200 416 288 750 700 0 0 408 1000 275 0 400 0 327 0 333 312 362 450 450 888 0 0 487 250 597 625 700 1000 600 367 600 450 0 200 266 0 650 0 0 0 888 0 0 539 0 500 539 1000 0 400 0 400 750 0 250 750 843 0 0 0 900
#LFC 2013-12-21
-375 0 0 0 100 200 1000 0 0 266 0 381 800 264 245 172 0 0 0 333 0 -300 0 0 0 200 0 -291 200 0 0 0 0 700 0 0 136 0 0 160 167 62 0 700 0 0 0 0 318 0 0 0 0 0 0 0 0 0 0 0 0 0 -500 0 0 0 0 0 0 0 0 0 0 0 0 0 183 0 600 0 0 440 -375 0 0 0 0 0 0 0 0 0 0 0 0 0 0 0 0 0
425 0 0 0 825 300 1000 0 0 283 0 762 700 342 684 394 0 600 0 566 0 350 0 0 0 500 0 541 900 0 0 0 0 600 0 0 454 0 0 539 500 450 0 600 0 0 0 0 527 0 0 0 0 0 0 0 0 0 0 0 0 0 1000 0 0 0 0 0 0 0 0 0 0 0 0 0 500 0 550 0 0 559 600 0 0 0 0 0 0 0 0 0 0 0 0 0 0 0 0 0
#cardiffcity 2013-12-21
337 0 600 -300 0 0 437 0 0 500 0 199 0 0 0 38 450 -500 0 200 0 446 125 0 0 -400 0 0 0 0 0 -25 -500 300 400 -250 -400 650 -1000 550 0 -625 -250 0 0 192 300 0 0 0 0 375 150 0 0 0 150 0 0 -350 0 33 0 -243 0 0 -274 200 -675 0 -325 -400 200 -412 0 0 200 0 -350 0 -400 24 -781 0 0 -400 0 0 -155 500 440 250 -400 800 0 0 0 0 0 395
384 0 1000 1000 0 0 625 0 0 500 0 341 0 0 0 233 600 1000 0 100 0 535 750 0 0 600 0 0 0 0 0 450 700 450 400 944 733 825 1000 550 0 600 562 0 0 317 274 300 0 0 0 750 550 0 0 0 312 0 0 750 200 716 0 288 0 0 600 900 950 0 825 600 900 900 0 100 900 0 900 0 600 266 1000 0 0 600 125 0 288 900 950 200 600 750 0 0 0 125 0 583
#COYS 2013-12-15
0 0 0 0 0 0 0 0 0 0 0 0 0 0 0 0 200 0 0 0 0 0 0 0 0 0 0 0 0 0 0 0 600 0 0 0 0 0 0 0 0 0 0 0 0 0 0 0 0 0 0 0 0 0 0 0 0 0 0 0 -99 0 0 0 0 0 0 0 0 0 0 0 0 0 0 0 0 383 0 0 0 0 208 0 256 0 0 354 0 333 700 0 -144 500 0 0 0 0 0 0
0 0 0 0 0 0 0 0 0 0 0 0 0 0 0 1000 500 0 0 0 0 0 0 0 0 0 0 0 0 0 0 0 950 0 0 0 0 0 0 0 0 0 0 0 0 0 0 0 0 0 0 0 0 0 0 0 0 0 0 0 700 0 0 0 0 0 0 0 0 0 0 0 0 0 0 0 0 700 0 0 0 0 500 0 650 0 0 770 0 833 875 0 622 800 0 0 0 0 0 0
#LFC 2013-12-15
0 -100 0 178 0 350 350 0 0 0 0 200 0 625 400 0 437 0 500 400 0 0 0 68 0 0 0 0 0 0 0 0 0 0 0 0 0 0 0 0 0 0 0 62 0 0 62 0 0 0 0 -250 100 0 0 0 166 0 -190 500 0 0 0 0 0 0 500 0 0 0 0 -400 0 83 0 0 0 0 0 277 0 0 0 0 0 0 425 0 195 0 0 0 0 0 0 0 0 0 0 0
0 112 0 418 0 550 338 0 0 0 0 100 0 500 250 0 400 0 500 800 0 0 0 227 0 0 0 0 0 0 0 0 0 0 0 0 0 0 0 0 0 0 0 500 0 0 337 0 0 0 0 850 100 0 0 0 500 0 515 500 0 0 0 0 0 0 500 0 0 0 0 400 150 833 0 0 0 0 0 472 0 0 0 0 0 0 825 0 245 0 0 0 0 0 0 0 0 0 0 0
#AVFC 2013-12-15
100 100 156 100 -325 0 100 -31 100 650 100 750 366 -81 350 0 366 -400 -250 -666 192 0 475 0 625 0 285 608 0 700 192 700 0 375 250 781 250 250 250 250 250 250 250 250 250 250 250 250 250 250 250 250 250 250 250 250 250 250 500 250 250 250 250 250 250 250 250 250 250 250 250 250 250 300 250 250 250 192 250 250 250 250 250 540 562 285 800 437 700 224 0 812 50 468 0 0 225 407 288 166
400 400 400 400 700 0 400 825 400 500 400 900 516 450 550 0 516 400 500 688 367 0 700 66 500 100 535 966 0 900 367 900 0 944 375 500 375 375 375 375 375 375 375 375 375 375 375 375 375 375 375 375 375 375 375 375 375 375 500 375 375 375 375 375 375 375 375 375 375 375 375 375 375 100 375 375 375 367 375 375 375 375 375 637 550 535 1000 950 600 700 0 900 200 750 0 0 950 700 555 283
#MUFC 2013-12-15
0 -9 178 0 0 100 0 0 0 500 100 0 500 275 50 0 0 0 0 0 0 0 0 285 0 0 0 0 0 0 500 0 100 0 0 0 0 0 750 -350 135 0 0 0 100 1000 0 0 0 750 0 0 0 0 0 0 400 0 0 136 0 0 0 0 0 0 0 0 0 0 0 0 0 0 0 0 0 0 0 100 0 0 0 0 0 0 0 0 0 0 50 0 0 100 0 0 0 0 0 0
0 1000 418 0 0 275 0 0 0 1000 400 0 500 375 200 0 0 0 0 0 0 1000 0 535 0 0 0 0 0 0 1000 0 822 0 0 0 0 0 1000 383 695 0 0 0 400 300 0 0 0 1000 0 0 0 0 0 0 1000 0 0 454 0 0 0 0 0 0 0 0 0 0 0 0 0 0 0 0 0 0 0 400 0 0 0 0 0 0 0 0 0 0 333 0 0 400 0 0 0 0 0 0
#ncfc 2013-12-15
-145 136 370 345 445 160 49 49 49 200 -277 160 0 0 -1000 250 199 500 0 800 0 0 0 0 0 0 187 0 0 -400 250 99 -200 0 0 700 311 275 0 0 0 700 224 1000 100 0 0 -400 434 136 -400 366 -40 0 0 625 285 49 0 100 12 0 435 0 0 0 300 750 0 0 0 0 650 0 0 0 100 -500 500 0 -500 0 0 0 812 0 0 0 0 0 0 -500 0 0 0 0 -225 237 233 0
770 500 560 585 610 447 450 450 450 200 344 447 0 0 1000 300 780 666 0 400 0 0 0 0 0 408 437 1000 0 900 250 396 0 0 0 600 494 275 0 125 0 600 700 300 650 0 100 400 625 454 400 700 321 0 0 400 535 450 0 250 387 0 550 0 0 0 500 675 0 0 0 0 616 1000 0 0 200 700 750 1000 700 0 0 0 800 0 0 0 0 0 0 500 0 0 0 66 275 787 216 0
#Swans 2013-12-15
250 125 68 0 0 200 125 125 250 125 125 0 0 247 0 125 0 0 0 0 250 250 0 800 0 -108 216 800 1000 375 312 0 0 0 0 377 200 0 0 0 0 -66 0 0 0 0 0 0 100 0 0 0 -77 0 450 0 0 0 0 650 -400 0 0 -187 0 0 0 0 500 0 0 0 0 150 0 -291 0 0 150 0 0 0 -93 0 0 99 0 0 0 0 0 0 0 50 0 0 0 350 800 500
312 750 277 0 0 500 750 750 312 750 750 0 0 405 0 166 0 0 408 1000 250 200 0 750 0 170 666 750 400 500 333 0 0 0 0 534 300 0 0 0 0 133 1000 0 0 0 66 0 100 0 0 0 294 0 450 0 66 0 0 550 400 0 0 500 0 0 0 0 466 0 0 0 66 650 0 541 0 0 650 0 0 0 283 250 0 300 0 1000 0 0 0 0 0 100 0 0 0 383 1000 500
#hcafc 2013-12-14
0 0 0 541 266 0 0 0 487 500 0 0 250 -400 68 500 500 0 0 300 700 0 500 0 0 800 500 0 136 0 1000 700 200 -400 0 -387 200 -91 394 1000 -138 1000 0 250 0 375 -400 -62 0 -800 250 0 0 0 200 333 0 -500 0 0 0 443 0 0 0 -62 -62 0 199 0 0 600 0 200 0 -312 -262 350 775 0 0 0 0 -625 300 -200 0 500 0 800 0 0 -416 0 0 700 500 25 0 350
0 0 0 833 533 0 0 0 750 600 0 0 200 400 283 500 1000 100 0 450 600 0 600 0 750 1000 500 66 454 0 1000 600 100 600 0 550 900 588 777 400 666 1000 0 700 0 500 700 450 0 800 250 0 0 0 100 233 0 550 0 0 0 443 0 750 0 237 237 0 550 0 0 1000 0 300 0 687 537 650 850 0 0 0 0 1000 750 0 0 600 0 750 0 0 1000 0 0 600 500 175 0 300
#SCFC 2013-12-14
0 161 -187 1000 0 0 1000 200 0 0 150 1000 0 500 700 0 -191 1000 -400 0 625 -200 -200 450 0 0 -422 0 0 0 187 125 0 0 0 0 0 100 0 250 0 400 -100 -125 -100 0 333 500 0 0 -400 0 600 -500 -875 241 0 -321 0 700 0 0 0 -800 0 0 0 200 350 0 416 0 225 -66 99 0 -800 -62 -99 -62 0 100 0 -625 416 -266 0 0 0 83 -600 500 549 0 0 -10 -279 0 0 0
0 372 350 400 0 0 400 675 0 0 649 400 33 1000 600 0 308 400 400 0 1000 400 400 750 0 0 733 0 0 0 437 400 0 66 500 0 0 722 0 1000 0 450 200 433 433 0 833 1000 0 0 600 0 575 1000 1000 541 250 567 0 700 0 0 0 850 0 0 0 200 700 0 833 0 525 333 466 0 800 237 350 237 0 1000 0 600 500 541 0 0 0 666 800 500 799 0 0 222 425 0 0 0
#cardiffcity 2013-12-14
50 0 0 0 300 0 0 0 243 0 0 0 0 0 0 0 0 0 0 -62 0 0 250 0 0 0 0 0 160 316 800 0 0 0 0 0 0 0 0 350 0 0 50 0 0 249 0 0 350 0 500 0 0 0 0 50 0 1000 0 0 200 0 0 0 285 500 0 0 0 0 0 0 750 -83 100 100 0 312 -200 0 0 -738 0 0 0 450 500 136 0 0 0 0 0 0 0 0 0 0 0 0
350 0 0 1000 0 0 0 0 634 0 625 250 250 250 250 520 250 175 0 237 0 0 1000 0 0 0 0 0 517 466 1000 0 66 0 0 0 0 0 0 550 0 0 500 0 0 350 0 0 550 0 750 0 0 0 0 100 0 1000 0 625 200 0 0 0 535 400 0 0 0 0 0 0 400 66 100 100 0 333 233 0 0 800 0 0 0 733 900 454 66 0 0 0 0 0 0 0 0 0 0 0
#WBA 2013-12-14
0 500 0 500 0 900 0 562 0 1000 -50 0 -234 350 200 -177 -400 541 50 0 375 0 0 0 87 0 0 0 0 0 0 0 800 50 0 -200 0 0 0 50 800 342 800 200 0 -250 133 0 -166 0 342 -50 0 0 0 100 250 0 218 -112 50 0 0 0 0 0 0 0 50 50 0 66 0 400 -112 1000 0 100 100 -750 375 0 137 200 0 316 283 0 100 0 0 50 0 -200 0 0 -500 285 0 -300
0 600 66 500 0 600 0 750 0 1000 400 0 500 650 900 194 400 366 300 0 750 0 625 250 433 250 250 250 520 250 175 0 400 300 125 700 0 0 0 50 400 517 400 200 0 250 366 0 433 0 517 400 0 0 0 1000 250 0 277 387 50 0 0 0 0 944 250 250 50 475 0 366 0 700 387 750 0 350 350 850 416 0 387 200 0 466 483 0 100 0 700 833 400 233 0 0 1000 535 0 400
#CFC 2013-12-14
0 0 0 0 0 225 250 0 0 0 0 0 0 -388 0 0 0 0 0 0 0 0 0 0 0 0 0 0 0 -66 0 0 0 0 150 0 0 233 0 0 0 0 0 0 0 0 0 0 0 0 0 0 0 0 0 0 0 0 0 0 0 0 50 0 0 0 0 0 0 0 0 0 0 0 0 0 0 0 0 -247 0 0 0 0 0 0 0 0 0 0 0 0 0 0 0 0 0 0 0 350
100 0 0 0 1000 400 333 125 0 0 0 1000 0 833 0 0 0 0 0 166 0 0 0 0 0 0 0 0 0 133 0 0 0 0 366 0 0 200 0 0 0 0 0 0 0 0 0 0 0 0 0 0 0 0 0 0 0 0 0 0 0 0 466 0 0 0 0 0 0 0 0 0 0 0 0 0 0 0 0 344 357 0 0 0 0 0 0 0 0 0 0 0 0 0 0 0 0 0 0 450
#CPFC 2013-12-14
0 250 -500 150 152 1000 900 750 -800 -125 800 0 700 0 0 338 500 318 0 0 295 600 500 0 250 116 500 100 0 600 500 -1000 0 500 0 800 600 0 -11 0 250 0 0 200 285 -364 850 -400 0 0 -100 -62 -62 0 0 0 300 -187 0 0 -155 333 0 0 -30 0 0 700 91 0 0 49 562 0 0 45 600 312 -50 375 0 0 1000 0 200 0 -133 0 -200 0 0 0 609 50 500 0 -250 68 116 100
0 250 1000 650 394 300 1000 750 800 694 1000 66 600 750 0 616 150 675 0 0 700 800 900 0 300 516 800 1000 0 800 600 1000 0 400 0 1000 900 0 666 0 200 0 0 200 535 541 700 400 400 0 200 237 237 0 0 0 616 500 0 0 288 500 0 0 593 0 0 600 433 0 0 450 800 0 0 350 1000 333 400 500 0 0 300 125 200 0 266 0 800 0 66 0 975 500 650 0 250 427 516 600
#EFC 2013-12-14
0 0 475 65 0 0 28 287 0 0 -125 0 500 0 700 550 -300 0 0 0 441 200 0 -200 -200 0 0 0 -100 -1 0 500 -200 -100 200 0 -200 -200 -200 0 0 -312 0 -200 237 250 -683 83 400 500 136 850 0 0 0 0 0 200 0 0 0 0 0 0 0 0 0 0 0 0 0 0 0 0 0 0 0 0 0 0 0 0 0 0 0 0 0 0 0 0 0 0 0 0 0 0 0 0 0 0
0 0 799 195 0 0 284 550 0 1000 1000 0 600 0 600 950 850 0 0 100 533 500 0 800 800 0 0 0 400 526 0 1000 700 488 300 0 700 700 700 0 0 687 0 700 550 333 1000 366 400 1000 454 875 0 0 0 0 0 500 0 0 0 0 0 0 0 0 0 0 0 0 0 0 0 0 0 0 0 0 0 0 0 0 0 0 0 0 0 0 0 0 0 0 0 0 0 0 0 0 0 0
#FFC 2013-12-14
0 0 0 0 0 0 580 355 -214 0 0 0 199 0 0 0 -150 199 -50 800 0 225 0 0 0 -400 0 -200 0 0 0 0 100 633 -500 0 600 0 0 24 66 66 0 0 -500 0 0 600 0 -200 0 0 0 0 0 600 0 0 -625 533 0 250 199 500 0 0 337 0 485 0 0 -62 0 0 0 0 -125 363 0 400 0 0 0 100 312 0 0 0 800 118 -300 0 0 1000 0 0 0 130 500 800
0 0 100 0 0 0 770 307 357 0 150 0 333 0 0 0 200 500 400 1000 0 450 0 0 0 400 1000 700 0 0 0 0 300 566 500 1000 800 0 0 494 83 83 0 0 500 0 0 800 0 700 0 0 125 0 0 900 125 0 500 300 0 200 300 1000 0 0 425 0 727 0 0 237 0 0 0 0 375 647 0 496 0 0 0 650 333 0 0 0 400 227 600 0 0 300 0 0 0 470 750 750
#NUFC 2013-12-14
0 0 -750 0 0 142 800 0 250 0 0 0 0 136 0 0 199 202 0 350 0 136 0 0 166 0 266 250 178 136 -500 0 0 0 500 500 -400 0 600 166 0 566 400 300 0 0 750 0 420 0 -166 800 0 -166 0 0 0 0 0 600 350 136 0 0 0 250 -200 -83 0 375 0 -150 0 0 0 500 400 -113 -200 -50 -200 0 300 0 149 0 0 312 0 -71 89 500 -200 200 350 0 0 136 0 0
0 0 750 0 0 267 900 0 333 0 0 0 0 454 0 0 483 426 0 700 100 454 0 0 516 0 566 750 335 454 500 0 100 0 833 1000 400 0 466 333 0 655 800 366 0 0 950 0 600 0 166 1000 0 166 0 0 0 0 0 800 700 454 0 0 0 250 400 216 0 400 1000 300 500 0 0 500 800 636 200 950 700 0 600 250 500 0 0 540 0 214 353 500 1000 500 700 100 0 454 0 0
#SaintsFC 2013-12-14
250 1000 200 725 100 137 0 -500 750 0 250 0 0 0 100 637 0 0 133 166 1000 0 -700 0 0 0 0 -200 149 -250 -200 0 0 0 -100 -112 600 0 700 30 -84 250 0 1000 166 -62 0 0 700 400 0 250 700 -200 500 312 0 375 375 0 0 800 500 0 0 500 500 500 -250 136 0 500 -66 68 0 875 -125 800 800 500 0 0 0 -35 0 0 83 333 250 800 200 0 0 399 0 0 0 0 0 250
500 300 200 775 550 511 0 750 400 250 500 125 125 0 266 611 0 0 300 333 1000 1000 850 0 0 0 0 700 500 695 700 0 0 500 733 800 1000 0 700 669 505 200 0 400 166 237 0 0 600 408 0 300 600 250 500 333 0 500 500 0 0 400 500 0 0 900 900 700 750 500 1000 500 408 500 0 600 500 1000 400 500 0 0 0 635 0 0 333 500 400 1000 450 300 0 400 0 0 0 0 0 400
#WHUFC 2013-12-14
0 0 500 0 0 -400 0 0 500 500 92 600 12 0 -62 0 -187 400 0 -400 407 0 0 600 0 500 0 -200 0 0 600 0 0 -333 422 533 375 400 -200 0 250 350 0 337 625 -62 0 167 0 0 170 0 0 0 0 136 -333 312 375 200 0 0 0 0 -333 -66 -200 800 0 250 0 0 0 0 900 -300 0 0 170 0 0 0 -333 -416 -516 0 0 -333 400 0 0 0 50 407 0 0 -400 0 0 0
0 0 650 0 0 700 0 0 500 500 383 900 475 0 187 0 500 400 0 400 664 0 0 800 0 1000 0 700 0 0 800 0 0 441 644 733 900 800 800 550 200 550 0 533 888 237 0 488 0 0 500 0 0 0 0 500 666 333 500 200 0 0 0 0 666 100 50 750 357 300 1000 0 100 0 1000 500 100 0 500 100 0 100 666 666 666 0 0 666 600 0 0 0 50 664 0 0 600 0 0 100
#SAFC 2013-12-14
0 249 166 250 125 200 136 0 0 0 136 0 0 0 0 800 325 133 400 181 600 136 0 0 285 0 400 400 -200 0 0 0 0 0 200 136 0 0 600 136 0 0 0 0 136 0 136 0 500 400 -77 400 0 500 -100 -400 200 -291 800 357 -62 -62 0 100 0 312 0 -100 170 0 0 -58 350 0 312 0 -145 500 -400 0 511 -39 136 0 0 0 136 0 300 -1000 437 332 0 136 0 0 0 600 0 0
0 325 466 250 100 300 454 0 0 0 454 0 0 0 0 400 944 616 800 568 800 454 0 0 535 0 875 800 700 0 0 0 0 0 400 454 0 0 800 454 0 0 0 0 454 0 454 0 500 800 394 800 0 350 0 400 100 399 650 571 237 237 0 525 0 300 0 200 500 0 0 655 650 0 333 0 270 1000 600 0 389 700 454 1000 0 125 454 0 399 1000 550 583 0 454 0 0 0 1000 100 0
#MCFC 2013-12-14
566 -700 0 0 0 306 0 0 0 0 0 0 0 0 0 0 0 0 0 0 0 0 0 -145 0 0 0 0 0 0 0 0 0 0 341 0 0 250 0 0 0 0 0 0 0 0 0 0 0 0 0 0 0 0 0 0 0 0 0 0 0 500 0 0 0 0 0 0 333 1000 0 0 0 0 0 0 0 0 0 0 0 0 0 0 0 0 650 -300 0 0 500 0 0 0 0 -166 0 0 0 0
666 200 0 0 0 572 0 0 0 0 0 0 0 0 0 0 0 0 0 0 0 0 0 300 0 0 0 0 0 0 0 0 0 0 741 0 125 1000 0 0 0 0 0 0 0 0 0 0 0 0 0 0 0 0 0 0 0 0 0 0 0 750 0 0 0 0 0 0 166 1000 0 0 0 0 0 0 0 0 0 0 0 0 0 0 0 0 150 600 0 0 500 0 0 0 0 1000 0 0 0 0
#AFC 2013-12-14
0 0 0 0 0 0 0 0 475 0 375 0 0 0 -187 0 800 200 -145 375 0 375 375 375 0 0 -24 0 399 0 0 0 0 500 166 250 0 700 799 285 349 125 800 800 0 0 459 -600 0 0 0 0 800 533 816 0 0 0 500 -50 816 575 0 0 833 0 0 0 0 0 0 0 0 -200 -34 0 412 0 0 0 500 -200 -200 0 0 0 0 0 -445 333 -231 -900 175 0 -312 0 550 0 500 -133
0 0 0 100 62 100 62 0 799 562 650 0 0 0 350 0 400 300 300 500 0 500 500 500 0 0 366 0 366 0 0 0 0 500 666 250 0 600 533 535 650 200 400 1000 0 0 800 900 0 0 0 0 1000 700 916 0 0 0 500 400 916 666 0 0 1000 0 0 0 0 350 0 0 0 300 308 0 545 0 0 0 500 800 800 0 0 0 0 0 720 333 677 1000 200 0 1000 0 650 400 1000 466
#Swans 2013-12-09
500 0 0 0 400 0 0 -250 250 -92 0 150 -25 367 0 0 375 312 625 700 250 500 0 1000 1000 -62 136 0 0 -279 0 -300 0 0 0 800 -300 -43 425 300 -400 -62 -200 0 650 781 0 500 -83 0 925 500 -62 0 0 0 0 0 0 0 156 0 300 0 125 0 0 0 0 366 0 0 -37 600 112 0 600 -300 700 800 -500 0 0 0 100 0 -400 0 800 375 455 0 400 0 250 -62 -131 0 0 0
944 0 0 0 600 0 0 800 200 485 0 750 475 579 0 0 500 333 600 700 1000 600 0 875 875 237 500 0 0 614 0 400 0 0 0 750 400 350 625 350 400 237 100 66 616 888 0 500 216 0 1000 750 237 0 0 0 0 0 1000 0 550 0 100 0 400 0 0 0 0 300 0 0 208 950 675 0 950 400 950 400 400 0 0 0 150 0 700 0 400 750 517 0 400 0 200 237 527 0 0 0
#hcafc 2013-12-09
0 200 0 0 725 75 0 141 1000 66 0 66 0 0 333 -155 150 -100 200 0 0 0 0 0 303 0 -300 306 0 0 392 0 0 75 500 100 -1000 0 -250 0 550 -699 800 -100 500 250 625 900 600 0 -499 0 -62 -141 500 -200 0 450 0 99 700 0 -100 0 0 0 0 49 -100 -625 433 133 0 0 0 0 0 800 62 0 0 0 300 0 -400 -1000 732 200 1000 0 800 -62 0 0 0 0 -500 0 166 0
0 700 0 0 700 150 0 408 1000 500 0 433 0 0 366 288 850 200 575 0 33 0 0 0 494 0 400 725 0 0 767 0 0 366 900 200 700 0 888 0 250 666 750 200 500 500 750 350 825 66 533 0 237 591 600 400 0 500 0 300 600 0 200 100 33 0 0 500 200 1000 662 666 0 0 0 0 0 750 100 0 0 0 750 0 400 1000 200 300 300 100 400 237 0 0 0 0 500 0 500 0
#AFC 2013-12-08
250 166 0 677 0 -388 0 0 0 136 350 350 100 -125 800 166 250 0 475 875 568 500 500 -500 0 93 316 -99 330 0 0 500 -100 0 0 0 0 500 141 266 375 166 500 0 500 500 500 0 350 0 0 500 1000 0 0 0 0 0 500 0 855 750 166 500 350 250 350 0 166 -25 450 -50 0 1000 0 366 1000 -100 250 166 125 0 350 -100 500 500 0 1000 0 0 196 0 800 500 0 250 0 1000 0 200
250 233 0 833 50 833 0 50 0 454 600 400 400 158 700 433 950 0 700 800 527 500 500 1000 125 643 183 322 580 0 0 888 400 50 0 0 125 700 775 333 370 233 500 0 500 500 500 0 600 0 0 600 300 0 1000 0 0 0 500 0 875 750 233 700 300 200 300 0 233 687 500 262 0 1000 0 461 1000 400 950 233 166 0 600 400 600 700 0 1000 333 0 659 0 1000 400 0 600 0 1000 0 100
#EFC 2013-12-08
500 -93 0 0 0 750 0 0 750 0 500 0 0 0 416 0 0 0 0 1000 0 0 0 0 -200 0 0 0 0 0 833 0 0 -200 0 250 0 0 0 -200 0 0 500 600 0 0 0 0 -300 350 -300 500 170 0 525 200 0 0 100 0 0 -388 0 0 1000 0 500 0 33 0 333 250 309 250 0 600 0 -125 -19 0 0 400 0 136 400 0 400 650 -19 450 162 0 566 -400 -131 750 -1000 333 -62 -500
900 250 0 1000 0 750 0 0 750 0 500 0 0 0 666 0 0 1000 0 600 0 0 0 0 800 0 0 0 0 0 366 0 0 800 0 283 0 0 0 800 0 0 550 1000 0 1000 0 0 500 550 400 600 454 0 366 200 1000 0 200 0 0 833 0 0 750 0 900 1000 466 0 666 400 263 500 0 650 0 625 691 0 1000 500 66 500 375 0 375 675 691 883 350 1000 600 400 450 750 1000 500 237 1000
#FFC 2013-12-08
0 -155 0 0 -77 50 250 0 222 0 0 0 0 0 500 0 0 500 0 0 0 0 0 0 0 -400 0 0 800 0 0 0 -200 250 0 -166 -450 -91 0 0 0 0 800 800 800 118 500 500 -175 250 0 300 0 0 0 0 500 0 0 0 100 0 250 -75 -62 433 783 100 0 0 0 -155 500 160 625 0 0 1000 0 170 463 0 0 0 160 50 500 0 312 0 -781 -200 -125 0 0 0 0 600 0 0
312 288 0 0 294 441 1000 150 277 0 0 0 0 0 1000 0 0 750 0 0 0 0 0 0 0 650 0 0 750 0 0 0 300 250 150 333 400 400 0 0 0 0 400 400 400 166 1000 1000 325 250 0 575 0 0 0 0 500 0 0 0 383 0 200 366 237 733 600 100 0 0 0 288 500 539 500 0 0 750 700 454 572 0 1000 500 539 355 500 0 540 0 1000 800 375 0 0 0 0 800 0 0
#AVFC 2013-12-08
600 -200 400 850 -500 400 500 600 781 0 0 0 0 0 0 0 0 0 250 -155 71 500 700 0 0 500 500 95 700 500 333 250 500 0 358 0 0 0 -155 99 -66 312 800 -45 0 0 -99 -195 -450 0 450 -91 -1000 175 500 100 525 0 -400 400 0 800 800 800 0 0 0 0 0 0 812 0 0 344 0 800 500 -125 800 0 87 -62 0 100 783 0 487 500 800 800 800 -500 0 232 214 0 0 0 483 0
583 362 375 675 700 290 1000 600 500 0 0 0 1000 0 0 0 0 0 150 288 133 1000 600 0 0 1000 1000 178 600 1000 333 350 900 0 525 0 0 0 288 366 200 250 700 320 300 0 550 587 400 0 750 400 1000 391 500 400 700 0 400 550 0 400 400 400 0 0 100 0 0 0 800 0 0 422 500 750 600 375 750 0 700 237 0 400 600 0 630 500 400 400 575 1000 0 452 396 0 0 0 799 0
#SAFC 2013-12-07
0 0 -699 0 -125 0 0 0 0 600 49 0 0 433 0 -156 0 -390 100 0 174 500 0 0 123 0 0 0 0 0 600 0 875 0 0 616 0 0 0 -125 285 250 0 0 700 400 600 0 0 0 600 0 600 0 500 0 600 600 350 -100 800 500 -175 -100 112 0 375 312 -200 700 250 0 700 600 0 625 500 500 49 12 0 -265 0 0 -400 0 400 250 0 372 -375 266 0 -233 0 -100 300 -83 -150 0
0 0 666 700 375 0 0 0 0 800 550 0 0 466 100 343 0 780 100 0 477 600 0 0 411 0 0 0 0 1000 800 0 600 0 0 694 0 0 0 375 535 333 66 0 600 800 800 0 0 0 800 0 483 0 833 0 900 950 300 100 750 408 400 233 338 66 500 333 0 600 383 66 600 800 0 800 500 500 450 233 0 541 0 0 700 0 800 350 0 465 325 750 0 366 66 200 350 416 225 0
#COYS 2013-12-07
312 149 0 -200 608 0 700 500 233 0 0 0 0 0 0 0 0 0 0 0 0 0 350 0 0 0 0 0 850 0 0 0 250 0 400 0 0 0 225 625 0 0 -62 0 380 0 0 125 200 0 0 687 0 -300 0 0 -62 -25 0 0 0 550 300 -150 0 0 0 -200 -175 0 0 22 0 855 0 0 0 700 1000 174 0 0 250 -49 575 -130 283 -150 0 0 200 306 0 0 600 1000 -375 0 700 625
800 500 0 100 741 0 600 500 241 0 0 0 0 0 0 0 0 0 0 0 0 0 550 0 0 0 0 0 800 0 0 0 1000 0 408 0 0 0 250 975 58 500 337 0 419 0 1000 533 250 0 0 800 0 600 0 0 750 350 0 0 0 550 350 700 0 66 0 233 625 0 0 344 0 740 0 0 0 600 780 477 0 0 333 650 525 583 550 800 0 0 300 750 0 0 450 750 600 0 600 600
#CPFC 2013-12-07
0 433 0 1000 525 400 325 0 0 0 600 187 -400 -318 500 500 266 500 433 400 0 83 0 0 0 187 0 0 0 33 -48 0 136 0 750 600 -200 174 0 406 0 0 100 250 0 0 136 0 0 0 700 625 285 650 0 600 0 600 136 700 -200 500 0 335 0 0 0 -699 0 731 375 375 312 800 0 0 600 500 -333 0 -300 400 500 0 0 0 125 500 125 -400 -300 1000 0 0 0 575 500 0 0 102
0 516 0 1000 666 1000 733 0 125 0 800 350 400 462 500 500 500 600 833 375 0 166 0 0 0 350 0 0 0 766 347 0 477 0 1000 800 100 477 0 537 0 0 1000 200 0 0 454 0 0 0 900 900 535 900 0 800 0 800 454 900 200 500 0 727 0 0 0 666 0 712 500 500 333 750 0 0 800 500 666 0 225 900 1000 0 0 0 250 500 250 400 225 300 0 0 0 625 600 0 0 355
#cardiffcity 2013-12-07
0 0 0 0 700 245 245 0 0 0 0 0 800 174 333 250 0 400 0 1000 0 900 0 0 0 -100 0 312 0 0 66 0 0 333 0 333 800 0 0 -400 333 600 100 0 136 250 0 33 0 0 650 0 0 0 0 166 33 0 0 0 0 0 0 0 0 0 0 0 0 0 0 0 0 0 0 0 0 0 0 0 0 0 0 0 -250 0 0 100 100 800 0 0 0 0 0 324 800 166 0 0
0 0 0 0 700 633 633 0 0 0 0 0 1000 477 833 200 0 400 0 750 0 875 0 0 0 50 0 333 0 0 450 0 0 833 0 833 750 0 0 400 833 700 100 0 454 408 0 66 0 0 700 0 0 0 0 416 66 0 0 0 0 0 0 0 0 0 0 0 0 0 0 0 0 0 0 0 0 0 0 100 0 0 0 0 888 0 0 250 100 1000 0 0 0 0 0 433 1000 416 0 0
#LFC 2013-12-07
0 0 666 0 0 -225 666 800 0 0 -1000 0 186 -470 0 0 0 0 0 0 0 0 500 500 350 900 -312 458 0 -470 0 125 0 0 250 800 312 400 -250 100 300 300 -250 500 -312 0 0 437 0 0 0 0 0 0 500 0 279 800 0 0 -33 0 500 750 0 400 315 0 -99 -49 -250 0 0 500 0 0 -500 0 366 412 800 500 400 300 400 136 600 500 0 500 100 200 0 550 0 266 607 0 0 500
0 0 666 0 0 525 666 400 0 0 1000 0 516 600 0 0 0 0 0 0 0 0 500 500 633 900 400 541 0 600 0 199 0 0 333 400 700 1000 750 400 750 700 750 600 687 0 0 1000 100 0 0 0 0 0 500 0 319 750 0 0 133 0 500 675 0 800 750 0 750 650 750 0 0 500 0 0 299 0 833 500 400 800 400 825 625 454 900 900 0 500 450 766 0 750 0 333 785 0 0 500
#WHUFC 2013-12-07
0 0 0 0 0 250 600 0 0 250 0 0 0 0 -166 0 250 250 74 0 266 0 250 250 436 400 0 600 291 400 0 174 0 500 0 600 50 136 600 0 250 0 500 0 170 0 0 68 0 0 600 0 0 0 312 600 0 0 0 0 53 0 0 0 0 0 800 0 800 100 100 800 466 318 375 312 0 600 0 0 0 -600 0 0 700 600 0 -233 0 0 -600 0 -600 0 600 0 400 0 0 0
0 0 0 0 0 500 800 0 0 500 0 0 0 0 433 0 500 500 275 0 250 0 500 500 506 400 0 900 441 500 0 477 100 500 0 900 400 500 800 0 200 100 500 0 500 0 0 227 0 0 800 0 0 0 540 800 0 66 0 0 370 0 0 0 0 0 750 0 900 0 0 700 500 500 500 333 0 800 0 0 0 1000 0 0 700 900 650 700 100 0 1000 0 1000 0 700 0 600 0 0 0
#SaintsFC 2013-12-07
449 0 0 -500 900 0 100 0 800 0 0 -250 350 -800 -25 0 -400 0 0 -155 0 800 500 200 0 0 300 500 -150 174 0 -100 0 -375 500 0 0 0 245 0 0 0 126 250 136 50 -200 -500 800 399 200 200 0 250 200 224 505 -200 0 0 -100 1000 316 99 -400 294 -192 -400 0 318 0 375 312 312 200 533 -100 200 50 -300 100 607 703 0 0 125 412 0 -300 200 500 -260 0 500 500 100 500 0 100 0
400 0 0 600 1000 0 300 100 400 0 0 500 650 900 700 0 400 0 0 288 0 400 1000 579 0 0 750 500 250 477 1000 266 0 400 550 0 0 0 391 0 0 357 347 200 454 491 700 1000 750 450 500 500 0 500 400 325 527 700 0 0 800 300 416 355 400 638 250 700 0 500 66 500 333 600 433 1000 100 500 83 500 300 435 550 0 1000 1000 400 1000 500 500 500 1000 0 500 500 100 500 0 100 0
#MCFC 2013-12-07
-500 0 800 166 0 250 0 0 0 0 0 0 0 -700 0 0 0 -625 0 0 0 0 0 0 0 800 250 0 0 100 0 400 0 0 800 0 0 0 0 0 0 0 0 300 337 399 0 0 0 -400 0 170 0 0 -1000 0 0 437 0 0 0 0 0 -199 0 0 0 0 1000 0 0 0 0 0 300 900 610 174 0 0 -200 1000 0 575 565 0 0 0 0 1000 0 700 800 0 0 0 0 0 399 85
1000 0 400 666 0 300 0 0 0 0 0 0 0 900 0 0 0 600 500 0 100 500 0 0 0 900 500 0 0 400 0 600 0 0 900 0 0 0 0 0 1000 0 0 500 562 799 100 0 0 700 0 454 0 0 800 0 0 650 0 0 0 0 0 433 0 0 0 0 600 0 0 0 0 0 500 875 1000 477 0 0 533 300 0 700 663 0 0 0 0 300 0 600 900 0 0 0 0 0 666 727
#SCFC 2013-12-07
0 400 0 0 525 0 0 0 0 174 0 0 454 200 0 0 0 525 0 136 0 0 0 158 0 -162 -600 550 0 333 0 -333 0 333 0 0 0 0 0 -1000 0 250 -137 500 0 400 0 0 100 0 0 220 -200 0 -200 0 300 400 -400 875 500 0 0 0 0 0 0 0 0 0 0 0 0 0 0 0 0 0 0 0 0 0 0 0 0 0 0 0 0 0 433 -200 0 100 0 -250 200 325 0 100
0 650 1000 0 600 0 0 0 0 477 0 0 866 449 0 0 0 925 0 500 0 0 0 466 533 587 900 700 0 833 0 666 0 833 0 66 100 0 0 1000 66 383 233 150 0 375 0 0 100 0 0 559 233 300 233 0 366 800 400 825 900 66 0 0 0 0 0 0 100 0 0 0 0 0 0 0 0 0 0 0 0 0 0 0 0 0 0 0 100 0 833 233 0 250 0 375 400 625 0 359
#CFC 2013-12-07
0 0 0 100 0 17 1000 1000 350 750 -1000 0 1000 0 0 0 1000 0 0 1000 0 0 0 1000 0 1000 0 0 0 0 0 900 500 0 0 412 0 199 0 0 0 0 0 1000 0 525 500 0 600 500 900 0 0 0 370 1000 0 250 316 350 0 0 0 0 -1000 0 -500 107 600 0 0 -400 90 -250 160 90 136 0 -250 0 -250 0 0 500 0 500 385 -225 0 0 385 0 385 -1000 0 -583 -388 0 0 -1000
0 0 0 100 0 720 1000 1000 650 800 1000 0 1000 0 0 0 1000 0 100 1000 0 0 0 666 100 1000 0 0 0 0 0 900 600 0 0 550 0 566 0 0 0 0 0 1000 0 950 600 0 900 1000 900 0 0 0 700 1000 0 250 366 650 0 0 0 0 1000 0 750 450 900 0 0 400 333 500 539 333 500 0 500 400 500 0 0 600 0 500 473 731 0 0 473 0 473 1000 0 716 477 0 0 1000
#WBA 2013-12-07
0 300 0 0 350 0 0 -333 300 0 0 0 -350 0 0 433 0 0 -50 99 400 -100 0 -333 0 0 0 0 200 0 -333 175 350 0 0 -62 0 0 0 -400 -400 500 0 0 375 300 0 166 0 0 416 0 136 0 -62 -62 0 0 187 -75 -600 0 -125 100 0 -12 200 -62 0 0 -75 0 0 0 156 625 0 1000 -390 0 500 -150 125 -62 300 0 325 -233 -450 0 125 -625 0 0 445 268 75 0 -625 200
0 500 0 0 550 0 0 1000 433 100 0 0 433 250 0 466 0 0 400 451 400 266 0 1000 0 0 0 0 500 500 1000 341 650 0 0 250 0 0 0 400 400 500 100 0 766 616 100 833 0 100 500 0 278 0 250 250 0 100 375 366 800 0 200 383 0 575 500 250 0 0 483 0 0 0 469 500 500 1000 233 0 500 400 600 600 366 0 487 366 700 0 600 1000 0 0 584 627 575 0 1000 300
#ncfc 2013-12-07
0 468 500 0 0 500 0 150 0 450 0 0 0 0 800 0 62 433 0 500 0 0 416 800 -699 0 568 225 0 0 348 55 174 325 77 0 0 0 0 525 0 0 0 -400 -150 312 -400 600 0 200 -234 0 200 0 0 0 450 -900 24 -500 0 -400 142 -150 -17 -133 375 -100 0 348 500 0 506 62 -400 0 0 60 -400 0 416 500 200 0 200 0 -71 0 0 0 107 200 0 166 137 300 0 -1000 -400 -349
0 427 500 0 0 1000 0 250 0 600 0 0 0 0 400 0 550 466 0 500 0 0 666 400 666 0 427 600 0 0 799 296 477 575 885 500 66 0 0 875 0 0 0 700 475 250 799 1000 0 200 500 0 200 0 300 0 538 700 494 700 0 600 767 200 413 366 416 83 0 799 500 0 633 500 400 0 0 590 600 0 500 888 200 0 200 100 488 0 0 0 643 400 0 333 399 616 0 1000 400 366
#MUFC 2013-12-07
250 100 100 0 100 0 0 300 1000 -600 285 0 -50 0 500 0 0 0 700 0 0 100 0 0 0 -800 0 0 0 0 0 0 350 350 -62 0 187 0 0 -800 0 0 500 500 200 0 166 0 0 0 250 0 0 0 0 312 100 800 500 500 0 -250 300 0 0 0 300 -250 0 400 0 750 0 0 500 0 0 250 0 0 0 500 0 0 500 333 375 500 0 0 800 0 0 0 0 311 500 390 315 800
500 200 200 0 200 0 0 0 750 800 535 0 500 200 1000 0 66 200 950 200 0 300 0 200 0 800 0 0 0 0 0 0 650 650 750 0 437 66 200 800 0 0 500 500 200 0 466 200 200 0 250 200 0 0 0 700 200 400 500 500 0 750 750 0 0 0 700 750 0 400 0 1000 200 0 500 0 0 250 0 0 0 500 0 200 750 466 450 500 0 200 400 0 0 0 200 547 500 400 750 750
#NUFC 2013-12-07
-600 0 0 0 0 -250 0 300 392 442 187 84 500 0 -633 0 0 -500 90 -250 90 136 -250 -250 -250 166 0 -33 0 0 100 462 0 116 0 0 600 0 -262 0 0 0 -500 0 0 -699 0 1000 200 0 -500 0 271 0 0 28 -151 0 400 -500 0 300 400 0 0 350 125 0 0 0 0 100 143 0 0 409 0 0 0 0 0 0 136 0 225 -116 90 0 300 625 -250 0 90 0 1000 0 0 125 0 250
800 100 0 0 0 250 0 200 689 825 950 651 650 100 866 66 0 750 333 500 333 500 250 500 500 333 0 500 0 0 100 950 0 549 0 0 800 0 387 100 0 0 1000 0 0 666 0 300 300 0 700 0 545 0 0 466 685 0 800 1000 0 413 400 0 0 550 200 0 0 0 0 200 350 0 0 476 0 0 0 0 0 0 454 0 537 833 344 0 200 600 250 0 344 0 300 0 66 750 0 1000
#FFC 2013-12-04
0 437 0 0 0 -197 0 0 0 0 0 285 0 0 597 255 118 0 400 500 400 0 -100 0 0 500 400 600 900 0 0 0 0 0 0 233 0 111 0 -500 475 0 390 0 0 -800 500 0 -400 350 0 250 0 68 633 0 400 0 0 0 400 0 212 0 625 266 0 0 0 211 250 224 0 650 250 425 0 263 0 0 285 0 0 -104 700 0 0 0 0 -250 0 350 0 0 -106 -187 -250 450 0 -199
300 666 0 0 0 433 0 0 0 0 0 535 0 0 555 377 427 0 250 750 600 0 133 0 0 500 500 900 700 0 0 0 0 0 500 274 0 319 0 400 550 466 400 0 0 800 750 0 400 400 0 300 0 227 566 0 600 0 0 125 700 0 475 0 750 600 125 0 0 495 333 775 0 600 500 527 451 388 0 0 535 66 0 418 900 0 0 0 0 625 0 600 0 0 312 437 250 516 1000 466
#COYS 2013-12-04
0 0 0 0 0 0 0 0 0 0 0 0 0 0 0 0 0 0 0 0 0 0 0 0 0 0 0 350 0 0 0 62 0 0 0 0 0 625 0 0 0 0 0 -500 0 0 0 0 0 0 0 0 0 0 0 500 0 0 0 0 0 0 0 0 0 0 0 0 500 229 0 0 0 135 0 0 0 0 0 0 0 0 200 225 -400 0 0 0 0 0 0 0 0 0 0 0 0 0 0 0
0 0 0 0 0 0 0 0 0 0 0 0 0 0 0 0 0 0 0 0 0 0 0 1000 0 0 0 566 0 0 0 100 0 0 0 0 0 1000 0 0 0 0 0 1000 0 0 0 0 0 0 0 0 0 0 0 600 0 0 0 66 0 0 0 0 0 0 0 0 888 350 0 0 0 300 0 0 0 0 0 0 0 0 500 258 400 0 0 0 0 0 0 0 0 0 0 0 0 0 0 0
#WBA 2013-12-04
345 800 531 0 0 0 0 0 0 0 0 400 77 20 0 335 0 800 -208 295 -50 127 -200 166 0 475 0 0 0 0 136 0 133 127 278 800 278 375 500 285 500 250 213 199 0 0 0 -100 0 136 0 0 90 0 0 1000 0 800 0 0 0 0 0 800 0 0 0 500 0 -75 800 500 800 -625 0 136 136 0 136 0 800 300 136 0 0 360 0 245 44 578 66 136 136 136 0 0 369 0 0 136
651 750 675 0 0 0 0 0 0 0 0 350 127 220 0 503 0 400 333 618 400 558 255 500 0 400 0 0 0 0 454 0 225 510 459 750 459 0 1000 535 500 250 454 300 0 250 0 283 0 454 0 0 303 0 0 300 0 400 0 0 0 0 0 750 0 0 0 1000 0 625 400 1000 750 1000 0 454 454 0 454 66 750 500 454 1000 1000 705 1000 516 335 734 651 454 454 454 0 0 660 0 0 454
#MCFC 2013-12-04
0 0 0 0 0 0 0 0 0 0 0 0 0 0 0 0 0 0 0 0 0 0 0 200 0 1000 0 0 0 0 0 0 0 0 0 0 0 0 0 0 0 0 0 0 0 0 0 0 0 0 0 0 0 0 0 0 0 0 0 0 0 0 0 -625 0 0 0 0 0 300 0 0 0 0 0 0 0 0 0 0 0 0 0 0 0 0 0 0 0 625 500 0 0 0 0 0 0 0 0 0
0 0 0 0 0 0 0 0 0 0 0 0 0 0 0 0 0 0 0 0 0 0 0 300 0 300 0 0 0 0 0 0 0 0 0 0 0 0 0 0 0 0 0 0 0 0 0 0 0 0 0 0 0 0 0 0 0 0 0 0 0 0 0 1000 0 0 0 0 0 750 0 0 0 0 0 0 0 0 0 0 0 0 0 0 0 0 0 0 0 500 433 0 0 0 0 0 0 0 0 0
#AFC 2013-12-04
433 0 0 1000 0 0 0 -62 500 125 0 225 0 0 0 0 0 0 350 0 0 0 0 0 0 0 0 575 0 1000 0 0 833 400 0 400 400 400 0 0 0 0 0 0 0 0 0 0 0 0 0 0 500 0 0 0 0 197 0 0 0 483 125 0 0 0 0 0 0 0 0 8 199 329 141 750 0 0 0 0 0 0 0 0 0 0 0 0 0 0 800 0 0 -500 700 298 0 0 -356 208
608 0 0 300 0 0 0 437 500 166 0 524 0 0 0 0 0 0 650 0 0 0 0 0 0 0 0 650 0 300 0 0 783 425 0 425 425 425 0 0 0 0 0 0 0 0 0 0 0 0 0 0 600 0 0 0 0 550 0 0 0 466 200 0 0 0 0 0 0 125 0 550 600 477 400 750 0 0 0 0 0 0 0 0 0 0 0 0 0 0 400 0 0 1000 600 775 0 0 586 333
#hcafc 2013-12-04
0 0 0 700 0 483 0 625 125 0 0 0 -343 200 200 700 200 200 0 400 0 0 244 0 0 0 0 -250 0 0 -500 0 0 0 0 1000 1000 452 350 333 500 136 0 0 125 1000 100 500 500 700 312 500 0 0 -62 0 162 0 0 0 250 -262 500 -227 0 0 0 100 158 0 49 -66 600 600 0 700 0 500 483 0 99 475 -83 0 0 0 0 0 0 0 -200 -700 216 0 800 -400 0 0 0 0
100 0 0 600 0 466 0 500 450 0 0 0 700 100 200 600 100 100 0 300 0 0 490 0 0 0 0 888 0 0 1000 0 0 0 0 875 1000 523 650 500 888 454 0 100 244 1000 50 600 500 600 333 500 0 0 237 0 283 100 0 0 600 575 1000 344 0 0 0 1000 333 333 450 233 800 433 0 800 0 700 549 0 366 675 533 0 0 0 0 0 0 66 200 800 866 0 750 600 0 0 0 0
#LFC 2013-12-04
0 0 0 0 0 0 0 400 650 0 -1000 0 0 400 0 -1000 0 0 400 800 0 0 0 0 0 0 0 0 0 0 0 0 0 0 0 0 0 0 0 0 0 -100 0 100 0 0 0 0 0 750 0 0 0 1000 0 500 0 0 0 0 0 0 0 0 0 0 0 0 0 0 0 -100 0 0 0 0 0 0 0 0 0 0 0 0 0 0 0 0 0 0 0 0 0 166 -250 0 0 0 0 233
0 0 0 0 0 0 1000 400 700 0 1000 0 0 900 0 1000 0 0 400 700 0 0 562 0 0 0 0 0 0 100 0 0 0 0 0 0 0 500 0 0 0 450 0 200 0 0 0 0 0 1000 0 0 100 300 0 500 0 0 0 0 0 0 0 0 0 0 0 0 0 0 0 600 0 0 0 0 0 0 0 0 0 0 0 0 0 0 0 0 0 0 0 0 0 655 100 0 0 0 0 500
#ncfc 2013-12-04
0 250 0 0 0 399 0 33 43 515 172 247 -375 0 -200 -1000 287 0 -300 0 625 0 0 0 0 0 266 0 780 250 233 0 0 -240 216 0 0 0 0 250 500 0 0 200 0 100 0 0 700 326 533 -50 0 0 1000 0 0 172 0 0 500 0 812 100 350 0 250 -23 0 -250 0 800 0 350 0 100 0 0 533 -400 0 500 -50 -400 210 208 0 700 -33 0 0 1000 100 1000 468 0 0 0 500 0
500 450 0 0 0 450 0 451 450 525 300 559 400 0 600 1000 487 0 575 0 750 0 0 0 0 0 266 0 1000 283 450 0 0 520 333 0 0 0 300 416 750 0 0 200 0 400 0 0 600 313 591 400 0 0 300 266 125 399 0 0 900 0 449 400 450 0 483 173 1000 250 0 400 0 477 0 300 700 0 761 400 0 750 512 400 642 450 0 600 266 0 0 300 400 1000 700 0 0 0 500 0
#MUFC 2013-12-04
0 0 0 0 0 0 0 118 0 0 0 118 118 250 0 0 0 0 136 0 0 0 0 0 0 0 0 0 666 0 0 0 0 0 0 0 0 0 0 0 0 0 0 0 0 250 0 600 0 0 625 0 0 0 0 0 0 0 0 0 0 0 0 0 0 0 0 0 0 0 0 0 0 0 0 0 0 0 0 0 0 0 0 0 0 0 0 0 0 0 0 0 0 0 0 0 0 0 -187 0
0 0 0 0 0 200 200 327 0 0 0 327 327 250 0 0 0 0 454 0 0 0 0 0 0 0 0 0 866 0 0 0 0 0 0 0 0 0 0 0 0 0 0 0 0 500 0 950 0 0 750 0 0 0 0 0 0 0 0 0 0 0 0 0 0 0 0 0 0 0 0 0 0 0 0 0 0 0 0 0 0 0 0 0 0 0 0 0 0 0 0 0 0 0 0 0 0 0 500 0
#EFC 2013-12-04
118 0 0 0 118 118 -400 0 0 500 0 0 -99 0 187 0 0 136 -10 0 0 0 300 0 0 -155 0 0 227 0 25 0 -66 0 0 650 0 0 500 -93 200 0 312 1000 0 350 136 -400 -250 0 0 0 0 0 0 -325 0 250 0 0 0 0 178 -200 400 0 0 0 0 199 116 0 0 800 78 0 0 0 0 500 83 0 0 0 366 500 475 -200 0 650 0 400 250 263 0 100 0 187 0 416
327 0 0 0 327 327 600 0 0 888 0 0 300 0 437 0 0 454 434 0 0 1000 100 0 0 288 0 0 545 0 400 0 533 0 0 537 0 66 950 300 562 0 550 400 0 766 500 400 550 0 0 0 100 0 0 650 0 250 0 0 0 0 451 325 250 0 0 0 0 633 250 0 0 750 485 0 300 0 0 500 705 1000 0 0 511 566 416 100 0 600 451 800 300 388 0 250 0 437 1000 866
#SaintsFC 2013-12-04
-250 1000 0 281 -137 350 0 500 200 0 116 0 0 100 -37 -195 -244 0 0 -69 -231 400 212 342 -275 500 0 0 0 402 250 250 -250 0 400 216 500 433 133 500 900 0 -50 0 500 250 0 0 200 -100 104 0 416 0 0 0 -143 0 -166 0 100 116 0 0 1000 0 1000 29 0 133 0 37 0 0 314 0 400 0 0 -133 225 0 0 -325 500 -380 500 400 -400 0 800 -400 100 -475 800 633 700 0 0 -155
100 1000 0 762 700 483 0 700 700 0 216 0 500 150 345 100 533 0 0 338 400 350 475 434 600 500 0 0 625 425 200 200 250 500 250 400 1000 600 466 500 875 0 400 0 350 500 0 0 500 266 715 0 583 0 0 0 506 0 466 0 300 250 500 0 1000 0 1000 670 0 316 0 500 0 0 329 538 625 0 0 300 316 0 0 362 1000 333 500 800 400 0 1000 400 300 900 1000 1000 600 550 0 288
#AVFC 2013-12-04
-500 0 800 800 700 11 0 0 0 800 800 -100 0 0 433 91 166 61 61 100 91 100 91 700 1000 91 700 0 166 0 0 0 0 -62 200 28 0 0 189 0 -100 0 136 100 100 0 0 0 100 100 -400 0 0 0 -27 148 500 493 0 0 800 -27 0 466 0 0 500 0 224 -166 -400 350 250 0 250 250 250 -300 0 0 0 0 316 0 0 0 0 270 45 -100 800 266 550 146 700 0 250 0 -100 -100
1000 900 750 400 850 411 0 0 0 400 400 343 0 0 833 358 329 372 372 400 358 400 358 600 750 358 600 0 333 0 0 0 0 687 500 433 0 0 66 0 200 0 454 400 200 0 0 0 400 400 400 0 0 0 344 529 500 694 0 0 750 344 500 500 0 0 866 0 300 388 900 550 1000 175 200 200 200 400 100 0 0 0 458 0 0 0 0 666 423 500 750 250 725 363 825 0 200 0 191 191
#SCFC 2013-12-04
800 0 1000 600 0 78 0 350 0 0 136 0 300 0 550 850 136 468 0 800 100 0 0 800 0 187 266 -250 -250 0 0 0 0 500 375 200 -25 400 0 500 250 -500 0 700 275 250 -65 0 0 0 0 0 100 0 0 0 0 0 0 0 250 -500 0 -200 0 -400 50 0 0 500 0 224 333 0 0 0 200 0 22 0 256 0 478 0 0 0 0 222 0 0 0 0 200 375 375 0 375 0 300 375
750 0 1000 733 0 500 0 750 0 0 454 0 350 0 950 500 454 727 0 1000 1000 0 0 750 0 437 516 250 250 0 0 0 0 750 400 400 525 800 0 750 291 1000 0 800 525 200 640 0 0 0 0 0 400 0 0 0 250 0 0 0 416 1000 0 100 0 400 200 0 0 1000 0 375 500 0 0 0 200 1000 394 0 559 0 734 0 0 0 0 300 0 66 0 1000 200 675 675 0 675 0 0 675
#cardiffcity 2013-12-04
0 62 0 200 750 195 500 700 0 0 0 0 250 0 0 0 312 0 0 0 0 0 0 0 0 -400 0 100 33 0 0 166 0 0 0 400 100 0 0 0 250 0 0 0 0 800 0 0 100 525 0 170 0 100 0 170 468 0 400 0 800 420 500 800 199 500 800 0 291 0 0 0 0 500 -150 0 200 0 0 -150 0 0 8 312 0 0 500 0 0 0 0 166 312 375 183 300 350 500 800 0
0 550 0 200 800 518 500 600 76 0 0 0 200 0 0 0 333 66 0 0 0 0 0 0 0 400 0 100 66 0 0 272 0 0 0 800 100 400 0 0 1000 0 0 0 0 400 0 66 400 250 0 454 0 100 0 454 718 0 200 0 575 200 500 950 549 500 575 0 441 0 0 0 0 700 250 500 200 0 50 250 0 0 466 300 0 0 500 0 0 0 0 666 333 500 233 100 620 500 1000 0
#SAFC 2013-12-04
-150 433 0 300 0 112 0 0 500 225 400 0 255 562 136 0 0 250 139 568 136 0 1000 -400 200 0 -175 0 343 33 166 250 0 -1000 312 -300 495 0 700 0 1000 500 -357 200 399 840 343 500 0 350 200 -915 250 249 0 0 183 0 0 0 366 100 250 0 1000 50 0 0 500 255 0 800 0 800 250 -800 250 800 0 600 333 -200 -400 0 300 -100 0 0 -160 -450 125 800 -100 24 0 0 0 625 0 900
600 608 0 399 0 518 0 0 500 550 800 0 850 500 454 0 0 333 659 677 454 0 600 600 300 0 550 1000 549 633 466 250 0 857 350 650 775 0 600 0 1000 500 860 100 500 866 549 500 66 449 300 600 333 572 0 0 483 0 0 312 566 400 1000 0 300 200 0 0 500 850 0 750 0 750 333 800 333 750 0 900 300 550 600 0 500 100 0 0 640 600 166 400 100 625 0 0 0 500 62 1000
#CFC 2013-12-04
0 0 0 0 0 333 0 250 0 0 250 0 0 0 0 133 0 0 0 0 0 0 0 0 0 0 0 0 0 0 0 100 0 0 0 0 0 0 0 0 0 0 0 0 0 0 0 100 0 0 402 0 0 0 0 0 0 0 0 0 0 0 0 0 0 0 0 0 0 0 0 0 0 0 0 0 0 0 0 0 0 0 0 0 0 0 100 0 227 0 0 0 0 0 0 0 0 0 0 0
0 0 0 0 0 99 0 250 0 0 500 0 0 0 0 241 0 0 0 0 0 0 0 0 47 0 0 0 0 0 0 312 0 0 0 0 0 0 0 0 0 0 0 0 0 0 0 312 0 0 522 0 0 0 0 0 0 0 0 0 0 0 0 0 0 0 0 0 0 0 0 0 0 0 0 0 0 0 0 0 0 0 0 0 0 0 312 0 545 0 0 0 0 0 0 0 0 0 0 0
#Swans 2013-12-04
0 18 0 0 0 700 0 0 0 266 0 0 -366 -25 250 100 0 700 266 0 0 -366 -25 0 -200 375 312 0 0 300 100 550 0 100 100 100 0 0 -875 450 0 0 -100 312 0 200 -100 -100 700 -100 -100 0 0 0 0 216 0 166 166 233 99 0 350 0 0 0 378 0 0 350 0 800 0 -1000 433 0 200 -388 0 0 0 0 400 800 200 0 -400 50 0 0 0 -87 0 0 0 0 0 0 0 -77
0 377 0 0 0 600 0 0 0 266 0 50 397 600 200 250 0 600 266 0 0 397 600 0 233 500 333 0 0 700 300 650 0 300 300 300 0 0 1000 700 0 0 400 500 0 450 400 400 600 400 400 0 0 0 0 916 300 272 666 333 200 0 650 0 0 0 745 0 0 483 0 400 0 1000 683 0 200 833 0 0 0 0 575 400 433 0 600 100 0 100 0 825 0 0 0 0 0 0 0 144
#NUFC 2013-12-04
-150 -300 -77 0 -700 -77 0 -700 500 0 0 37 -100 0 0 500 0 0 0 400 400 400 0 0 0 25 0 0 0 0 400 0 0 800 0 0 0 -125 0 0 0 0 0 0 -125 0 250 133 200 0 600 0 0 136 0 -99 537 250 0 -300 0 0 0 0 0 0 0 -250 354 127 562 0 700 900 700 166 354 0 0 900 266 0 0 0 0 100 96 100 500 350 -915 0 0 400 -200 78 0 100 0 187
600 600 144 0 200 144 0 200 500 0 0 600 100 0 0 600 0 0 0 1000 800 1000 0 0 0 449 0 0 0 0 375 0 0 700 0 0 0 375 0 0 0 0 0 0 300 0 333 233 500 0 700 0 0 500 0 777 700 900 0 400 0 0 1000 1000 0 0 0 1000 266 566 550 0 800 525 400 466 266 0 0 525 266 1000 0 0 0 450 375 150 600 449 600 0 100 900 50 485 0 150 0 250
#CPFC 2013-12-03
350 466 -239 0 0 0 800 0 112 400 406 800 100 312 312 0 0 200 318 500 500 0 0 0 400 300 0 370 422 0 0 0 100 250 400 0 333 0 600 0 475 600 0 0 0 285 500 144 250 250 0 170 153 333 0 1000 -71 -400 250 -591 490 0 0 0 0 0 268 0 0 0 0 0 0 0 312 375 -291 -388 250 -437 136 0 0 0 0 -116 0 0 0 500 316 0 322 0 400 0 0 100 0 0
650 799 510 0 0 0 900 0 318 250 750 1000 383 200 200 0 0 200 500 750 900 0 0 50 400 350 0 717 294 0 0 0 400 500 625 0 99 1000 550 0 625 1000 0 0 0 535 500 350 200 200 0 500 500 666 0 300 666 400 333 1000 370 0 0 0 0 0 668 0 0 0 357 0 0 0 333 500 541 833 333 687 500 0 0 0 0 716 500 0 0 900 611 0 677 0 400 0 0 1000 0 0
#WHUFC 2013-12-03
0 0 650 150 433 0 112 200 50 0 700 0 0 -625 0 -85 33 -400 800 0 750 24 0 -262 250 0 0 0 0 0 0 0 0 0 0 800 0 0 0 0 0 0 0 -59 0 433 0 0 271 -100 312 375 375 549 -166 0 0 0 0 0 0 -357 0 600 0 0 200 0 0 250 0 0 0 0 0 -399 -250 0 -133 500 -250 237 0 0 0 -293 0 -266 650 0 0 400 0 433 0 125 625 -109 0 0
0 0 750 700 483 0 318 200 700 0 750 0 0 1000 0 455 66 400 400 1000 675 400 0 412 200 0 0 0 0 0 0 0 0 0 0 750 0 0 0 0 0 0 0 533 0 455 1000 0 484 250 333 500 500 766 250 0 0 0 0 0 0 928 0 800 0 0 200 0 0 200 500 0 0 0 0 555 900 0 166 600 900 587 0 0 0 450 0 666 750 0 0 400 66 733 0 694 900 539 0 0
