#AFC 2017-09-25
0 0 0 0 0 625 1000 0 0 0 0 0 0 0 0 -200 0 1000 0 0 0 0 0 -100 500 0 500 400 400 1000 450 0 275 0 0 350 0 0 400 -233 -97 -50 50 0 233 0 0 0 0 0 0 0 0 0 0 0 0 1000 0 800 0 1000 318 0 0 1000 700 333 1000 0 725 0 0 0 0 0 0 0 312 0 0 0 0 200 400 0 0 0 0 0 0 0 -400 0 0 0 0 0 0 0
0 0 0 0 0 500 300 0 0 0 0 0 0 0 0 350 0 300 0 0 0 500 0 866 600 0 500 400 600 300 1000 1000 400 0 0 500 0 100 700 666 187 200 250 0 366 0 0 0 0 0 0 0 0 0 0 0 0 300 0 400 1000 300 643 0 0 900 600 400 300 0 950 0 0 0 0 0 0 0 307 0 0 0 0 300 700 0 0 0 0 0 0 0 400 0 0 0 0 0 0 0
#WBA 2017-09-25
0 0 0 0 0 0 0 214 200 -757 196 197 0 625 0 -400 800 290 516 0 199 500 0 125 100 -200 600 350 0 350 0 0 0 200 484 -50 0 800 -25 -625 0 0 0 458 0 0 0 0 0 0 0 355 0 0 -250 400 0 136 0 0 -51 -250 0 81 388 0 -166 0 0 0 200 0 205 0 0 0 -212 0 0 500 0 0 100 333 0 -166 0 -437 500 0 0 -62 0 0 200 700 0 0 0 0
0 0 0 0 0 0 100 357 450 928 653 875 0 600 0 400 550 520 491 0 533 500 0 569 50 600 1000 494 0 494 375 0 1000 200 667 200 0 1000 108 1000 0 0 0 750 0 0 0 0 0 0 0 545 0 0 0 200 0 454 0 0 96 650 0 629 466 0 166 0 0 0 200 0 491 0 0 100 487 0 0 550 0 0 400 500 0 166 0 583 500 0 0 237 1000 0 200 600 0 0 0 0
#BHAFC 2017-09-24
200 266 800 800 800 800 800 0 0 75 0 100 -400 -600 250 0 0 0 650 -250 400 0 0 -600 300 333 0 99 0 -738 0 0 112 150 0 800 800 -50 0 0 0 0 0 0 227 -200 -400 0 0 -50 0 0 450 -83 250 390 0 0 0 250 533 357 357 -325 0 250 300 0 0 0 31 0 600 0 0 500 0 200 0 0 500 168 1000 -291 -350 250 600 0 800 800 -1000 0 166 0 0 0 -562 0 0 366
100 454 400 400 400 400 400 0 0 744 0 300 400 1000 250 0 0 0 450 400 600 0 0 650 350 666 0 100 0 700 0 0 512 375 0 400 400 266 1000 0 0 0 0 0 545 233 400 0 200 400 0 0 700 266 450 1000 0 0 0 944 666 571 571 644 0 333 500 0 0 0 650 0 1000 533 0 888 0 200 0 0 500 500 300 541 300 375 633 0 400 400 1000 1000 333 0 0 0 1000 0 0 711
#NUFC 2017-09-24
0 166 -75 -200 -75 -100 0 1000 0 -83 -235 -200 500 266 800 0 0 0 800 800 800 800 800 0 0 0 0 136 0 -400 0 0 0 0 559 0 -500 300 0 -283 25 0 500 0 -155 0 50 -291 0 -750 0 0 0 -75 210 800 0 350 937 937 600 600 600 208 0 200 333 0 650 0 0 300 0 500 0 800 0 0 300 300 400 0 0 366 0 0 200 500 0 0 0 0 500 0 500 300 185 116 0 0
0 416 366 200 141 400 0 300 0 216 307 50 600 454 400 0 0 0 400 400 400 400 400 0 0 0 0 454 0 400 0 0 0 0 838 0 700 800 0 425 1000 0 500 0 288 0 350 541 0 800 0 0 0 775 416 400 66 350 950 950 950 950 950 750 0 358 666 0 450 0 1000 825 0 500 1000 400 0 0 900 900 800 0 0 500 0 0 300 879 0 0 0 0 1000 0 500 350 314 283 0 0
#LCFC 2017-09-23
200 321 200 0 0 800 800 800 800 800 0 0 0 0 0 0 625 0 0 0 559 0 0 191 500 0 0 -100 0 700 -714 0 0 0 -133 0 300 50 0 0 0 0 0 900 0 500 375 -200 0 136 302 355 0 -77 0 800 800 449 1000 0 400 0 49 433 -200 0 -750 0 0 400 568 600 500 0 650 250 136 300 0 500 0 500 136 250 136 0 0 0 0 0 0 -300 0 633 0 0 700 0 0 136
300 446 300 600 0 400 400 400 400 400 0 0 0 0 0 0 1000 0 400 0 480 0 0 383 500 0 0 200 0 600 857 0 0 0 399 0 100 191 0 0 0 0 0 900 0 600 500 200 0 454 422 355 0 144 0 400 400 700 400 0 400 0 650 733 200 0 750 0 500 375 427 550 500 0 450 200 454 500 0 900 0 750 454 333 454 0 0 0 0 0 0 399 0 883 0 0 600 0 0 454
#LFC 2017-09-23
0 0 0 50 0 0 600 0 0 500 700 300 400 300 0 703 0 136 1000 0 500 500 0 0 0 0 200 625 210 304 1000 400 0 0 0 0 0 0 0 0 0 0 0 0 0 0 250 150 -366 125 0 0 312 -400 0 0 0 0 -50 400 0 0 -291 0 0 0 0 -72 400 0 0 0 24 100 -149 500 0 0 400 0 0 0 0 0 -250 0 200 -156 -81 0 1000 237 800 -111 0 133 500 -62 0 170
0 0 0 100 0 0 550 0 0 500 600 200 500 300 0 710 0 454 400 0 600 500 0 0 0 0 200 900 286 693 400 433 0 0 0 0 0 0 0 0 0 0 0 0 0 0 333 500 700 166 0 0 850 500 0 0 0 0 875 800 0 0 541 0 0 0 0 677 600 0 0 0 625 150 600 500 0 0 400 0 0 0 0 0 400 0 200 462 650 0 1000 466 400 588 0 400 750 212 0 454
#Clarets 2017-09-23
0 0 400 0 0 425 500 0 400 0 0 0 0 433 0 0 0 0 500 700 0 0 0 625 0 0 199 0 156 0 0 125 0 -12 0 0 0 170 0 0 500 -600 0 0 -1000 24 0 0 -100 0 -100 0 0 0 0 0 0 0 -625 0 416 0 0 550 0 625 0 0 0 100 0 -750 0 -750 -750 -625 0 0 -750 -750 600 0 -100 0 0 0 500 -316 625 100 -750 500 700 0 0 -125 800 0 500 0
0 0 900 0 0 725 500 0 800 0 0 0 0 733 0 0 0 0 500 700 0 0 400 900 0 0 466 0 451 0 0 383 0 0 0 0 0 500 0 0 500 900 0 0 900 366 0 0 200 0 200 0 0 0 0 0 0 0 925 0 533 0 0 950 0 900 0 0 0 900 0 750 0 750 750 925 0 0 750 750 725 0 200 0 0 0 500 550 900 400 750 1000 700 0 0 524 400 0 1000 0
#HTAFC 2017-09-23
0 0 0 0 200 -37 400 0 170 781 387 0 0 500 125 0 0 0 0 350 -100 0 500 -150 0 500 850 -150 -166 -77 0 0 200 400 0 125 0 0 -143 8 0 0 350 0 0 433 0 953 0 183 0 0 -250 400 400 -200 0 24 -38 -81 250 0 0 -200 0 150 0 0 0 500 500 0 101 266 400 0 -350 350 0 0 0 350 0 100 262 0 0 0 -200 -121 136 136 0 200 -400 400 136 -50 0 100
0 0 0 0 450 700 512 0 454 500 550 0 0 500 300 0 0 0 0 577 400 0 1000 350 0 750 1000 350 583 394 0 500 500 550 0 341 0 0 451 450 0 0 675 0 0 733 0 333 0 416 0 0 466 400 400 200 0 275 466 106 950 0 0 200 0 650 0 50 0 1000 1000 0 447 213 625 0 500 300 0 0 0 550 0 666 525 0 0 0 200 322 454 454 100 200 400 400 454 400 0 900
#EFC 2017-09-23
625 0 400 0 0 0 0 0 0 375 312 0 -500 0 0 0 0 0 0 0 0 0 -500 483 400 0 0 0 0 0 166 0 0 0 0 625 625 0 625 0 0 0 0 0 0 0 0 625 400 800 0 150 1000 100 250 0 0 375 400 375 375 -55 0 0 0 0 640 -500 0 200 0 0 0 0 -300 -300 -291 -300 -25 -300 625 -100 0 0 500 0 1000 83 800 0 0 100 0 0 0 83 500 0 625 700
900 0 400 0 0 0 0 1000 0 600 850 0 1000 0 0 0 0 0 0 0 0 0 400 366 375 0 0 0 0 0 266 0 0 0 0 900 900 0 900 0 100 0 0 0 0 0 0 900 400 400 0 211 300 950 450 0 0 625 200 625 625 833 0 0 0 0 888 750 0 400 0 0 0 0 400 400 541 400 125 400 900 450 0 0 500 50 300 750 750 0 0 400 0 0 0 750 600 1000 900 600
#AFCB 2017-09-23
-400 500 0 433 -500 0 -400 -200 800 100 1000 0 800 433 0 875 850 0 1000 0 77 0 800 583 425 800 0 50 100 77 800 0 0 433 500 166 0 0 0 128 0 0 100 412 -388 -390 133 0 -229 0 -229 1000 0 0 0 133 0 0 0 100 375 133 0 500 -125 100 -100 26 1000 0 300 1000 100 100 0 0 136 0 118 357 322 500 400 100 136 0 625 0 400 55 1000 250 -194 136 100 0 0 600 0 0
400 750 0 733 400 0 400 200 750 950 300 0 1000 733 0 950 1000 0 1000 0 477 0 875 500 525 750 0 450 950 477 1000 0 0 733 400 300 0 0 0 545 0 600 950 550 833 800 466 66 750 0 750 600 0 0 100 466 0 0 0 950 750 466 0 500 375 400 650 362 1000 50 350 1000 950 400 0 0 454 0 377 571 644 500 400 950 500 0 900 0 1000 744 1000 450 288 500 950 0 66 400 0 0
#MCFC 2017-09-23
625 0 500 600 136 0 136 -1000 0 0 0 0 700 700 125 700 700 500 312 200 444 -312 500 412 0 250 0 306 500 0 0 0 0 -200 500 500 800 500 500 -287 456 0 625 625 -50 0 625 0 0 0 0 333 -100 0 0 0 0 -333 64 625 100 0 0 250 19 -500 0 -200 0 250 0 0 0 0 0 83 0 0 0 800 0 125 136 0 136 0 0 0 0 267 0 0 0 175 0 0 666 0 475 546
900 0 1000 1000 454 0 454 1000 0 0 0 0 550 550 166 550 550 1000 850 500 622 687 500 550 0 450 0 625 500 0 0 0 0 383 500 500 400 500 1000 484 225 66 900 900 400 0 900 0 0 0 0 583 0 0 0 500 0 666 750 900 383 0 0 333 326 400 0 100 0 450 0 0 0 0 100 316 0 0 0 750 0 400 500 0 500 0 0 0 0 373 0 0 0 700 0 0 666 0 466 621
#CPFC 2017-09-23
0 -1000 0 136 136 0 0 0 0 500 433 0 -83 400 0 200 200 200 0 0 118 400 172 0 -200 0 0 0 750 0 0 0 0 0 0 200 0 0 0 0 0 0 475 500 0 800 0 100 0 0 0 242 0 738 -83 104 0 0 0 0 0 541 500 -1000 -400 0 0 0 0 1000 0 0 468 400 400 400 400 0 0 300 0 0 100 0 0 500 -100 0 99 0 -83 525 0 0 375 585 0 0 1000 0
0 1000 0 454 454 0 0 0 0 500 733 0 83 400 0 200 200 200 0 0 327 400 644 0 500 0 0 0 400 0 0 0 0 0 0 200 0 0 100 0 0 0 466 500 0 200 0 300 0 0 0 542 0 420 83 520 0 0 0 0 100 799 500 1000 600 0 0 0 0 300 0 0 750 800 800 800 800 0 0 0 100 0 1000 0 0 500 200 0 433 0 333 875 0 0 750 727 0 0 300 0
#SaintsFC 2017-09-23
-125 781 0 0 0 150 437 350 600 0 0 350 375 0 -115 -150 -400 0 0 0 0 0 0 0 0 -125 -400 0 350 0 250 0 -50 0 0 0 400 350 350 -50 0 -150 -400 -100 -416 0 0 80 650 -291 0 0 0 0 0 0 500 -654 0 100 175 -13 0 0 0 0 625 -196 -294 100 125 0 0 -100 -142 150 0 0 0 -250 250 100 0 -166 -875 0 250 325 500 0 200 -131 0 0 0 0 -875 -875 0 0
750 500 0 0 0 100 400 550 800 0 0 550 650 100 530 333 400 0 0 0 0 0 0 0 0 375 400 0 550 0 200 0 400 0 0 0 900 550 550 350 0 333 400 400 1000 0 66 373 875 541 0 0 0 0 0 0 500 633 0 400 775 625 0 0 0 0 900 500 466 200 700 0 0 300 535 575 0 0 0 233 400 833 0 533 1000 0 300 850 300 0 450 427 750 0 0 0 1000 1000 100 0
#MUFC 2017-09-23
400 400 50 0 0 -233 0 550 0 0 0 0 0 0 0 1000 0 -1000 500 0 -59 220 -118 0 0 0 0 0 0 0 0 0 0 0 0 0 0 0 0 0 0 0 0 0 0 0 156 700 700 125 700 700 0 312 100 0 0 781 -400 333 0 0 0 412 0 0 0 333 0 333 0 0 675 0 -400 0 171 441 0 0 0 250 0 0 0 0 0 0 500 -35 250 0 0 0 0 0 -200 -500 -312 0
800 800 162 0 0 588 0 950 0 0 0 0 0 0 0 1000 0 1000 500 0 198 354 96 1000 0 0 0 0 0 0 0 0 0 0 0 0 0 0 0 0 0 0 0 0 0 0 329 550 550 166 550 550 0 850 100 0 0 888 700 449 500 0 0 550 0 0 0 449 0 449 0 0 800 500 700 100 437 433 0 0 0 450 0 0 0 0 0 0 500 169 500 0 0 0 0 0 383 950 1000 0
#SCFC 2017-09-23
0 0 0 0 0 0 0 0 200 0 500 -291 0 250 0 0 0 136 0 136 0 0 0 0 0 250 0 -100 0 0 0 433 570 800 136 0 0 0 0 0 400 0 0 500 -250 -234 800 0 0 0 -400 0 -75 -100 0 -874 -600 0 -400 -400 -400 0 800 0 25 0 0 200 200 300 -400 136 200 0 -400 100 300 -400 -400 -400 -400 -400 -400 -400 -400 -400 -400 300 0 900 -400 0 25 0 0 -400 -400 0 -200 300
0 0 0 0 0 0 0 0 100 0 500 541 0 333 0 0 0 454 0 454 0 1000 0 0 0 316 0 533 0 0 0 733 1000 900 454 0 0 0 0 0 650 0 0 500 250 500 900 0 0 0 400 0 493 533 0 666 700 0 600 400 600 0 900 0 50 0 0 200 200 550 400 454 200 0 600 350 200 600 400 600 400 600 400 600 600 600 400 550 1000 900 600 0 50 0 0 400 400 0 233 550
#CFC 2017-09-23
242 400 0 400 136 0 0 0 0 0 0 125 -200 0 400 136 0 178 500 200 800 0 312 0 0 800 0 375 100 500 -500 0 200 -150 166 250 0 0 0 500 506 0 178 0 400 136 0 700 0 500 0 0 200 400 136 500 -120 0 0 700 1000 1000 0 0 0 -500 900 250 100 337 200 -900 449 400 0 0 400 0 0 -100 -25 0 0 0 0 200 500 0 800 175 100 0 1000 300 500 0 700 700 416 800
367 800 0 500 454 0 0 0 0 0 333 313 1000 0 500 454 0 335 600 200 1000 0 850 0 0 1000 0 750 400 600 875 0 400 399 333 650 0 0 200 500 833 0 335 0 500 454 0 900 0 1000 0 0 300 500 454 550 570 0 0 600 300 300 0 0 0 300 900 416 400 368 600 700 400 400 0 0 400 0 0 150 200 0 0 500 0 900 475 0 750 825 150 0 300 650 500 0 750 600 500 1000
#Swans 2017-09-23
263 0 0 250 0 200 0 0 0 0 0 0 550 0 250 0 0 0 900 800 0 86 0 150 0 0 625 392 0 0 0 556 0 0 0 0 450 0 233 350 0 0 0 250 0 570 416 0 0 0 0 0 0 0 0 250 0 -291 0 0 0 0 0 0 0 0 300 0 0 0 0 0 -457 0 0 0 500 0 -400 0 0 323 0 -66 0 1000 0 275 0 350 0 0 0 0 0 0 -100 -100 100 233
393 0 0 300 0 100 0 0 0 0 0 0 950 0 399 0 0 0 700 200 0 228 100 425 0 0 625 717 0 0 0 900 0 0 0 0 850 0 414 550 0 0 0 444 0 1000 500 0 0 0 0 0 0 0 0 500 0 541 0 0 0 0 0 0 0 0 650 0 0 0 0 0 500 0 0 0 500 0 400 0 0 584 0 733 0 300 0 700 0 650 0 0 0 0 0 0 400 400 400 414
#WatfordFC 2017-09-23
0 433 100 100 0 0 0 0 0 100 199 0 0 0 100 0 -200 0 -100 0 -249 433 0 0 0 0 0 0 0 0 0 500 500 318 0 800 0 0 0 0 150 0 0 650 0 0 0 -200 200 0 0 0 -100 0 0 0 0 500 800 428 250 49 0 0 0 500 0 250 0 275 0 0 0 0 0 666 0 -100 0 250 285 0 0 0 0 800 0 800 0 0 300 0 0 0 0 -156 0 0 0 0
0 733 1000 0 0 0 0 0 0 200 577 0 0 100 200 0 700 333 400 0 150 733 0 0 0 0 0 0 100 100 0 1000 500 650 0 750 0 100 0 0 649 0 0 750 0 0 0 700 350 333 66 0 400 0 1000 0 0 1000 1000 668 408 450 0 0 0 1000 0 283 0 700 0 300 0 0 0 683 0 425 0 650 535 0 0 0 0 1000 0 1000 0 0 650 0 0 0 0 343 0 0 0 0
#WHUFC 2017-09-23
400 0 0 0 0 100 233 0 -250 -400 136 200 0 0 0 136 0 400 0 0 600 0 25 500 600 0 500 500 136 85 216 612 -312 250 -400 0 750 -49 197 600 600 450 0 550 500 0 0 0 650 0 0 0 233 800 -1000 312 533 136 500 0 0 0 -550 -400 0 0 500 -158 0 -400 0 300 500 0 0 0 0 266 0 0 0 -54 0 250 0 0 100 0 0 1000 0 0 200 0 0 0 0 1000 0 0
700 0 0 0 0 466 366 0 500 400 454 200 0 0 0 454 0 700 0 0 900 0 375 600 900 0 500 833 454 250 600 700 483 375 400 0 900 700 511 900 900 650 0 650 888 0 0 0 750 0 0 0 366 400 1000 333 600 454 500 0 100 0 900 400 0 0 1000 208 0 400 0 650 500 1000 0 0 0 729 400 0 0 399 1000 375 1000 0 300 0 0 300 0 0 100 0 0 0 0 300 0 0
#COYS 2017-09-23
0 1000 0 625 0 0 0 800 0 0 0 0 400 0 0 0 -12 0 0 0 0 0 0 700 0 650 0 -97 0 0 0 0 0 0 200 0 0 250 136 0 0 800 412 800 600 0 0 136 -400 -166 100 250 0 -250 142 -400 136 -400 -400 100 49 -1000 0 400 0 625 433 566 0 400 1000 0 -90 175 150 0 0 178 -98 -400 0 0 0 250 0 0 66 541 177 80 0 149 0 0 0 0 0 437 400 51
0 1000 0 900 0 0 0 875 100 0 0 0 700 0 0 0 0 0 0 0 0 0 0 600 0 750 0 644 0 0 0 0 0 100 575 0 0 100 454 0 100 699 550 699 950 0 0 477 400 250 200 1000 0 1000 767 400 500 400 400 650 450 800 0 1000 0 600 516 683 0 400 1000 500 271 275 133 0 0 318 277 400 0 0 0 725 500 450 633 300 233 767 0 500 0 0 0 0 1000 650 875 756
#MUFC 2017-09-17
178 0 100 0 0 136 136 -100 -100 0 0 250 800 800 800 800 800 1000 100 0 0 0 0 0 850 233 0 -8 0 0 0 0 0 136 0 -66 500 0 500 0 500 700 0 0 300 0 500 250 0 0 0 0 166 -150 166 800 0 0 0 -400 392 0 0 0 0 433 750 500 0 0 0 0 0 0 300 0 100 0 0 0 0 0 0 0 800 433 0 0 0 468 166 0 200 437 0 0 0 0 0 100
335 0 400 0 0 454 454 25 25 0 0 200 400 400 400 400 400 750 0 0 0 0 0 0 1000 300 0 666 0 0 0 0 0 454 0 466 900 0 566 0 900 550 100 0 900 0 900 500 0 0 0 0 274 650 274 400 1000 0 0 600 712 0 0 0 0 733 200 800 0 0 0 1000 0 0 600 0 200 0 0 0 0 0 0 0 900 733 0 0 0 427 716 0 300 337 0 0 0 0 0 166
#EFC 2017-09-17
136 136 150 800 800 800 800 800 200 0 800 800 0 -100 0 0 0 200 0 300 200 200 0 0 500 350 0 0 750 0 500 0 800 0 0 0 0 0 200 400 0 0 0 -500 0 49 0 49 0 0 0 0 -69 400 49 0 0 0 433 49 0 -12 0 433 0 433 500 468 -300 0 0 200 0 800 800 -500 800 0 0 0 800 95 500 0 -12 0 0 136 0 0 0 -195 200 0 0 0 500 -51 0 0
454 454 177 400 400 400 400 400 500 0 400 400 0 150 0 100 0 500 100 900 500 500 0 0 500 300 0 0 400 0 500 0 400 0 0 0 0 0 250 800 0 0 0 650 100 750 0 750 0 0 0 100 555 400 750 0 0 0 733 750 0 0 0 733 0 733 500 427 600 300 0 300 0 750 750 650 750 0 0 0 750 245 500 0 0 357 666 454 0 1000 0 1000 400 0 100 0 183 684 0 0
#CFC 2017-09-17
0 0 0 0 0 800 0 0 0 0 468 468 0 0 0 0 0 0 0 -200 0 0 0 0 500 0 150 0 0 0 0 437 0 0 0 0 0 0 0 0 0 250 0 0 0 250 -291 0 0 0 0 0 300 300 154 257 257 0 0 0 500 0 0 166 -699 0 800 0 0 0 0 0 0 0 400 0 500 0 0 0 -100 0 250 -150 0 0 0 0 0 0 266 0 500 0 435 0 -699 0 0 -281
0 0 0 0 0 875 0 0 0 0 427 427 0 0 0 125 0 0 0 399 0 0 0 0 875 0 250 0 0 50 0 550 0 0 0 0 0 0 0 0 0 333 0 0 0 750 541 0 0 0 0 0 900 900 576 664 664 0 0 0 500 0 0 500 666 0 750 0 0 0 0 0 0 0 400 0 500 0 0 0 150 1000 272 400 0 0 0 0 0 0 750 0 833 0 491 0 666 0 0 727
#AFC 2017-09-17
0 0 0 0 0 0 0 0 625 0 0 1000 0 800 800 0 200 0 0 0 0 0 0 0 0 0 0 0 -699 -100 500 0 0 0 500 0 0 0 357 0 400 0 233 400 200 0 0 0 0 400 625 0 0 500 400 0 0 0 -16 0 0 0 0 0 350 1000 0 0 0 900 0 437 0 400 500 0 0 800 0 0 500 136 0 0 0 0 600 0 0 0 0 0 500 0 250 468 1000 375 325 0
0 1000 0 0 0 125 0 0 900 0 0 1000 0 400 400 0 600 0 0 0 0 0 0 0 0 0 0 0 666 150 500 0 0 0 833 0 0 0 571 0 800 0 366 400 200 1000 0 0 0 800 900 0 0 500 800 0 1000 1000 377 0 250 0 0 0 425 300 0 0 250 900 0 337 1000 250 833 0 0 400 0 0 900 454 0 0 0 0 1000 100 0 0 0 0 900 0 250 427 300 375 316 0
#COYS 2017-09-16
200 200 625 0 0 0 136 250 400 533 0 0 0 0 136 0 0 250 0 0 900 -83 0 375 250 0 150 0 500 0 900 136 136 175 200 687 0 0 0 0 0 0 0 0 0 0 -166 649 500 500 -243 0 136 137 0 0 0 -50 50 136 0 250 800 250 350 0 350 500 -100 0 625 625 0 0 -50 625 0 0 315 0 875 187 0 187 500 0 200 0 0 0 0 0 0 0 0 0 -300 175 0 250
200 575 900 0 0 0 454 450 700 666 0 0 0 0 454 0 0 333 100 0 875 333 0 600 450 0 675 0 500 0 1000 454 454 575 200 575 0 0 0 0 0 0 0 0 0 0 166 475 600 500 288 0 454 500 0 0 0 133 550 500 0 250 900 750 650 0 400 500 83 0 900 900 125 0 300 900 357 50 526 0 600 583 0 725 600 0 200 0 0 0 0 0 0 0 0 0 400 275 0 450
#Swans 2017-09-16
0 0 500 0 51 0 -50 0 0 175 1000 0 0 0 250 0 233 175 1000 0 0 0 0 0 0 -50 0 0 0 468 0 700 0 0 0 100 100 0 100 250 0 0 0 0 0 0 0 133 0 0 -400 -75 0 132 0 0 500 0 0 0 -50 50 500 -500 500 0 0 1000 100 500 -155 0 0 0 0 -500 -75 250 0 -225 0 0 0 -50 0 136 0 0 0 423 83 0 350 650 500 52 318 -100 168 0
0 0 500 0 227 0 300 0 0 275 1000 0 0 0 333 0 475 525 1000 0 0 0 0 0 0 200 0 0 0 427 0 600 0 0 0 400 400 0 400 500 0 0 0 0 0 0 0 600 0 0 400 775 0 550 0 0 550 0 0 0 500 100 900 500 500 0 0 400 950 900 288 0 0 0 0 1000 775 300 0 400 0 0 0 150 0 500 0 0 1000 679 333 0 550 450 600 501 500 400 700 0
#HTAFC 2017-09-16
333 0 0 100 -200 0 0 0 0 0 0 0 400 0 500 -50 500 0 166 0 0 0 0 0 -50 0 0 0 0 0 0 0 0 0 0 0 0 187 0 278 0 -637 0 0 0 0 0 0 0 0 0 278 350 0 1000 0 0 350 0 0 -400 136 -211 0 208 0 0 0 -200 0 -200 -450 0 0 262 -637 -637 0 62 0 100 -350 -200 -200 -200 125 -479 -333 -200 275 0 375 0 152 333 333 -400 250 0 300
333 0 0 100 400 0 0 0 0 0 0 0 633 0 500 900 833 0 199 0 0 550 66 0 400 600 0 0 0 125 0 0 750 0 0 0 0 666 0 335 0 533 0 0 0 0 0 0 0 0 0 335 550 0 300 0 0 550 0 0 750 454 300 0 300 0 125 0 100 0 100 483 0 0 447 533 533 0 444 0 200 466 450 450 450 1000 833 666 450 100 0 875 0 532 500 500 700 250 66 650
#LCFC 2017-09-16
-120 0 100 500 466 55 0 0 541 -600 0 1000 0 0 0 600 -50 0 0 0 -100 156 0 0 0 0 0 100 400 625 0 0 -99 0 0 0 0 -375 0 0 285 600 500 0 0 0 0 0 0 0 0 0 0 0 0 0 0 -50 285 0 0 0 0 -250 -50 0 0 0 -83 500 -600 -1000 -50 136 166 0 0 0 0 0 500 585 -62 -1000 0 0 0 278 0 250 -31 100 600 400 500 0 136 0 562 0
470 0 200 500 466 716 0 0 650 950 0 900 0 0 0 900 900 0 66 0 150 400 0 0 0 500 0 200 900 600 0 0 433 0 0 0 0 275 0 0 535 900 500 0 0 0 0 0 0 0 0 0 0 0 0 0 0 900 535 0 0 0 0 950 900 0 0 0 833 900 700 1000 200 454 333 0 0 0 0 0 200 750 187 1000 0 0 0 335 0 333 443 400 1000 450 1000 66 454 0 750 0
#LFC 2017-09-16
206 0 0 0 -166 0 -324 199 -159 136 136 136 136 136 600 -150 -77 0 0 458 0 1000 -350 375 -400 1000 -400 211 68 -17 700 -400 0 412 0 0 800 0 350 0 0 0 533 0 375 0 66 243 0 52 0 350 -97 1000 400 -64 0 0 -112 0 0 0 125 0 475 -500 -250 -100 0 0 500 0 0 333 0 0 -250 300 0 0 99 243 109 0 0 227 0 0 700 125 333 0 -1000 0 125 170 -400 -25 400 -400
361 0 0 1000 433 0 418 300 543 454 454 454 454 454 600 150 394 0 0 700 0 1000 650 533 400 600 400 511 227 350 600 400 0 550 0 0 700 100 350 0 0 0 533 0 600 0 33 416 0 610 0 550 213 1000 633 335 0 0 300 0 0 0 541 0 550 1000 888 900 0 0 750 0 0 716 0 0 450 400 0 0 366 416 647 0 0 545 100 100 900 187 500 0 1000 0 800 500 600 233 400 400
#Clarets 2017-09-16
0 0 24 0 0 0 0 50 700 0 0 -500 0 24 0 0 0 0 500 0 1000 0 170 0 412 0 0 0 170 0 0 0 0 0 0 0 0 0 0 199 -750 0 0 100 0 0 83 0 500 625 0 0 200 350 350 0 0 0 -99 0 0 0 -400 0 0 0 0 625 700 0 0 0 0 625 500 0 0 0 0 0 400 500 412 0 250 500 -400 399 350 0 350 166 0 0 -200 0 0 0 0 -133
0 0 216 0 0 0 0 50 600 0 0 700 0 216 0 0 0 0 500 0 300 0 500 0 550 0 0 0 500 0 0 0 0 0 0 0 0 0 0 333 750 0 0 450 0 100 583 0 650 900 0 0 300 450 450 0 0 0 875 0 0 0 400 0 0 0 0 900 600 0 0 0 0 900 1000 100 211 0 0 0 700 425 550 0 333 500 600 466 450 0 500 500 0 0 300 66 0 66 66 255
#NUFC 2017-09-16
0 0 600 500 175 0 0 -500 0 500 0 0 0 600 100 100 -500 0 0 -333 500 1000 0 0 0 -200 0 500 0 800 0 500 0 0 500 1000 0 333 0 0 0 0 100 0 0 250 250 -12 400 0 -200 0 333 608 250 0 -155 -500 250 -101 0 575 800 0 0 500 0 500 0 -100 0 -200 0 300 250 266 -57 0 300 0 450 0 433 0 468 0 0 0 -800 0 31 -100 -100 0 500 -33 0 0 -125 350
1000 0 300 600 375 0 0 1000 0 500 0 62 0 700 0 512 1000 125 0 666 1000 1000 0 1000 0 850 0 500 0 400 0 900 0 0 900 300 0 300 0 500 0 0 370 0 0 1000 333 225 800 0 450 0 116 450 312 0 288 900 500 340 0 475 400 1000 0 900 0 900 0 350 0 100 0 150 333 325 467 0 316 0 450 0 533 0 602 0 0 0 800 0 312 50 50 0 700 466 0 0 375 550
#SCFC 2017-09-16
0 136 245 136 0 0 245 0 100 136 -12 0 400 0 875 -57 136 136 0 0 0 625 0 0 0 0 0 500 200 -300 800 19 136 136 366 136 0 0 500 0 0 800 136 500 0 0 399 -400 0 0 0 0 1000 500 136 0 0 -500 -388 227 500 0 359 500 68 136 -400 114 -25 366 400 662 500 0 0 -50 136 -300 -100 19 136 136 136 0 136 136 -400 0 200 136 0 0 500 0 136 0 0 0 62 136
0 454 509 454 1000 125 509 0 450 454 225 0 200 0 600 467 454 454 0 0 0 1000 0 0 66 0 0 500 300 466 750 390 454 454 833 454 0 0 500 0 0 750 454 750 0 0 500 400 1000 0 0 0 750 750 454 0 0 900 833 545 1000 0 519 750 477 454 400 306 75 818 650 600 500 0 0 200 454 466 400 390 454 454 454 0 454 454 400 0 300 454 0 0 550 0 454 0 0 0 500 454
#WatfordFC 2017-09-16
0 0 0 250 166 136 114 0 0 0 -400 166 250 500 0 0 0 0 0 500 0 254 0 500 -125 500 0 0 0 0 666 100 136 0 0 0 0 170 500 0 0 0 500 0 0 0 0 0 -400 0 -300 118 0 0 0 -400 62 -125 206 0 0 0 0 0 350 500 0 -400 392 0 1000 0 500 33 433 362 0 0 0 100 1000 0 -100 0 0 0 500 800 418 227 227 0 350 125 -400 500 0 0 0 -874
0 0 0 333 500 500 262 0 0 0 400 500 250 600 0 400 0 0 0 500 0 495 0 833 444 500 0 0 0 0 799 200 500 1000 0 0 0 500 500 0 0 0 500 0 0 0 0 0 400 0 399 350 0 0 0 400 770 375 693 0 0 0 0 0 350 500 0 400 517 0 1000 0 833 488 733 875 0 0 0 1000 1000 0 300 0 0 0 500 400 577 545 545 0 300 600 400 833 175 0 0 666
#MCFC 2017-09-16
0 625 0 0 700 700 700 700 700 0 0 0 0 0 0 125 166 0 -400 -600 0 -600 0 0 100 -400 0 0 0 200 -600 738 -400 -400 -400 0 0 0 200 500 0 625 166 1000 500 0 500 570 200 0 0 0 333 0 11 0 0 725 0 193 437 250 200 0 0 0 0 625 0 250 0 0 0 0 0 0 0 412 250 0 250 625 0 233 0 136 0 -300 0 136 0 0 0 312 1000 0 0 0 -375 625
1000 900 0 0 550 550 550 550 550 0 0 0 0 0 0 600 500 0 400 900 0 900 0 0 400 400 0 0 0 300 900 750 400 400 400 0 0 0 900 500 0 900 500 300 500 0 500 325 900 0 0 0 355 0 809 0 0 512 0 727 400 333 900 0 0 0 0 900 0 450 0 0 0 1000 0 0 0 550 450 0 675 900 0 666 0 454 0 300 0 500 0 0 0 250 1000 0 0 0 441 900
#WBA 2017-09-16
400 800 200 0 0 445 0 200 0 0 0 0 625 0 250 0 -50 625 357 0 700 -144 0 -75 800 200 445 445 445 445 445 -100 0 0 433 -125 375 250 500 0 136 0 0 687 0 0 100 0 357 250 0 0 0 0 400 -266 0 0 475 0 306 433 375 468 625 33 0 0 0 0 0 399 0 700 0 433 0 500 800 0 322 625 500 -166 500 0 0 0 500 0 0 1000 800 0 0 -400 -66 148 0 166
800 1000 500 0 0 551 0 100 0 0 0 0 500 0 500 0 200 500 571 0 600 616 0 366 700 400 551 551 551 551 551 25 0 0 733 250 500 333 600 0 500 0 0 650 0 500 400 66 571 400 0 0 750 0 400 825 0 0 449 0 625 733 500 727 316 300 0 0 0 0 300 400 0 600 0 733 333 500 400 0 377 316 750 455 500 0 0 0 650 0 0 300 750 0 100 400 333 530 0 666
#WHUFC 2017-09-16
0 400 0 525 0 0 68 0 0 136 404 800 0 0 0 0 0 -400 0 1000 0 250 -100 0 0 0 0 0 0 750 0 0 0 0 -234 0 -100 700 66 -316 170 800 -50 0 850 -291 600 0 0 416 0 0 800 0 -250 250 0 -166 500 0 0 0 0 400 0 166 -200 0 0 0 0 -400 0 429 0 300 0 0 -100 -100 -166 399 399 200 -100 -100 0 250 66 99 99 0 100 100 136 0 0 -62 -62 100
0 350 0 366 0 0 477 0 0 454 533 400 0 100 0 0 0 400 0 300 0 650 400 0 0 0 0 0 0 449 0 100 0 0 500 666 350 600 508 300 454 400 600 0 775 541 900 0 0 500 0 0 400 0 550 479 0 455 500 0 0 0 0 400 0 833 850 0 1000 0 0 400 0 533 0 900 0 0 650 650 750 350 350 400 400 400 0 650 508 650 650 0 400 400 500 0 0 391 391 175
#CPFC 2017-09-16
136 136 136 0 0 -199 0 0 270 0 0 0 0 0 0 100 214 0 -525 -525 0 0 0 0 0 0 268 44 136 0 0 0 0 0 700 0 0 479 450 0 1000 213 0 213 0 0 0 0 0 200 150 500 600 371 -600 0 500 199 250 0 0 275 1000 500 -166 0 0 -200 0 0 1000 0 0 -1000 0 250 0 170 136 -525 -525 250 0 400 400 400 400 500 500 0 0 175 0 0 0 0 0 -250 0 800
454 454 454 0 0 683 0 0 366 0 0 0 0 0 0 400 571 0 700 700 0 0 0 0 0 0 577 437 454 66 0 0 0 0 600 0 0 500 750 0 1000 454 0 454 0 0 0 0 0 500 700 500 1000 433 1000 0 1000 366 333 0 0 175 300 150 358 0 0 200 0 0 1000 0 0 1000 0 333 66 500 454 700 700 333 0 800 800 800 800 500 833 125 125 512 0 0 0 0 0 250 66 900
#SaintsFC 2017-09-16
136 136 136 -312 375 0 136 136 0 0 1000 125 808 462 270 -400 0 0 0 144 0 0 0 449 0 136 875 300 900 0 -150 -145 0 0 0 0 -83 0 200 568 700 0 -12 250 292 0 0 0 150 0 78 0 1000 233 0 -300 0 433 16 0 0 0 0 0 -162 0 136 0 0 0 0 -200 500 0 0 0 600 -31 450 0 0 -400 178 -224 0 100 0 500 0 0 0 261 0 0 0 0 0 0 150 250
454 454 454 687 400 0 454 454 0 0 300 800 562 525 366 700 0 0 0 465 0 0 0 597 0 454 600 466 875 0 500 449 0 0 0 0 83 0 500 550 900 0 0 1000 367 0 0 0 50 0 451 0 300 444 0 600 0 633 700 0 0 0 0 0 400 500 454 0 50 0 0 100 833 0 0 0 1000 199 750 0 0 600 285 500 0 100 0 500 400 0 0 572 0 0 0 0 0 0 650 333
#AFCB 2017-09-15
1000 -116 -25 0 0 0 0 350 0 0 -400 0 0 0 600 0 1000 0 0 500 0 -300 -111 108 250 141 261 -333 139 0 416 0 790 450 477 0 200 0 0 -363 0 136 466 0 133 0 0 -200 0 0 500 250 150 100 400 200 700 350 0 0 0 0 0 0 1000 0 0 500 0 0 511 1000 -222 666 625 0 0 0 291 300 -200 0 46 125 0 166 516 0 0 261 -625 0 0 0 500 0 0 0 0 0
300 533 611 0 0 0 0 300 0 0 400 0 0 0 350 0 400 0 0 500 0 600 588 244 611 408 511 666 360 0 950 66 675 600 444 0 300 0 0 547 0 454 600 0 466 0 44 200 0 0 500 250 500 100 400 300 600 300 0 0 0 0 0 100 1000 0 0 900 0 0 588 1000 666 616 825 0 0 0 480 575 100 0 393 450 0 166 700 0 0 472 1000 0 133 0 900 0 0 0 1000 0
#BHAFC 2017-09-15
0 -125 0 100 250 -100 0 0 322 136 0 0 976 500 -150 0 0 -150 178 0 0 0 172 0 0 1000 0 0 350 0 0 -1000 500 0 475 0 300 0 468 -300 -333 285 0 0 500 0 350 350 -600 0 0 -137 540 0 0 0 0 350 0 0 0 0 0 0 0 0 700 0 150 0 400 0 0 500 0 0 66 0 0 0 0 100 0 0 250 0 99 99 99 99 99 99 99 99 99 99 99 625 500 166
0 600 0 383 100 200 0 0 438 500 0 0 500 500 350 0 0 950 285 0 0 0 444 0 0 400 333 0 600 0 0 1000 562 0 466 0 550 0 602 600 666 357 0 0 483 0 412 550 700 0 0 400 740 0 0 0 0 550 0 0 0 0 0 0 0 0 600 0 400 66 800 0 0 500 0 0 383 0 0 0 0 300 0 0 500 0 333 333 333 333 333 333 333 333 333 333 333 833 1000 166
#WHUFC 2017-09-11
600 -350 0 0 0 800 200 600 0 0 0 -400 0 0 0 0 0 0 0 0 400 400 0 0 -35 0 0 0 0 800 166 0 1000 0 -450 0 0 0 0 0 0 133 -115 333 0 250 0 750 0 -200 0 0 0 0 -150 333 0 0 0 800 -500 0 0 0 500 0 -557 0 0 0 0 0 0 0 -312 0 0 0 0 0 433 600 350 200 0 50 0 0 -200 0 0 500 300 0 416 -1000 49 0 700 250
650 366 0 0 0 400 500 650 0 0 0 600 0 0 0 0 0 0 0 0 500 500 0 0 607 0 0 0 0 750 333 0 400 0 700 0 0 0 0 0 0 388 57 455 0 450 0 500 0 100 0 0 100 0 300 455 0 0 650 700 900 0 0 0 1000 0 778 0 0 0 0 0 0 0 700 0 0 0 0 0 733 900 466 500 1000 450 0 0 475 0 0 700 650 0 533 1000 750 800 200 250
#HTAFC 2017-09-11
0 0 -166 0 542 0 650 0 93 0 433 250 1000 -166 399 0 450 1000 400 -400 500 650 0 0 0 -100 0 200 0 0 0 0 -100 250 0 0 0 -77 500 -625 -207 0 125 0 0 0 0 0 316 -25 0 875 0 600 250 0 0 500 -155 0 0 0 100 0 0 0 -400 0 0 0 -194 0 0 375 0 100 0 0 0 -500 0 0 0 500 91 -62 109 -83 33 166 0 0 91 0 250 0 0 0 192 0
50 1000 500 700 467 1000 450 0 466 0 733 333 400 166 800 1000 750 600 250 400 500 450 0 0 0 400 0 250 0 1000 0 0 450 750 1000 66 1000 394 550 1000 506 0 875 0 0 0 0 0 416 475 0 600 1000 900 333 25 0 500 288 0 50 0 1000 0 0 0 600 0 0 0 288 0 0 975 33 400 0 0 0 900 0 0 0 750 391 250 700 175 333 199 66 0 391 0 500 0 0 0 767 0
#Swans 2017-09-10
0 -233 100 0 0 -400 200 363 250 375 0 0 0 1000 0 0 600 0 0 250 -31 250 0 400 241 700 0 0 -100 0 0 0 250 0 475 0 0 0 1000 375 0 136 136 136 1000 0 0 500 0 0 0 250 -400 62 387 0 -55 136 0 500 0 0 0 250 0 0 0 0 0 0 750 0 62 -194 0 900 800 1000 136 0 0 0 0 0 700 700 0 -750 0 0 31 0 466 0 909 136 800 0 700 0
0 388 0 0 0 400 200 522 333 750 0 0 0 300 0 0 812 0 0 333 487 333 0 550 433 800 0 0 400 0 0 0 750 0 700 0 0 0 300 500 0 454 454 454 400 0 100 625 0 0 0 250 400 440 500 0 500 454 0 500 0 0 0 300 0 0 0 1000 125 0 900 0 440 288 0 1000 900 300 454 0 0 0 0 0 200 600 0 1000 0 0 475 0 433 0 780 500 900 0 200 0
#NUFC 2017-09-10
0 0 0 800 0 0 0 0 208 0 312 0 712 976 170 512 0 0 0 0 0 383 0 287 237 98 0 0 200 0 300 312 300 0 0 0 0 976 0 400 0 0 0 400 0 300 0 -300 0 0 -625 0 0 250 0 250 0 0 -250 -250 450 0 500 0 499 0 0 0 148 0 28 335 -195 0 625 0 875 136 0 0 136 300 350 0 0 0 150 -500 -400 250 100 136 0 0 0 200 0 -600 168 0
1000 0 0 400 0 500 0 0 166 0 333 0 644 800 500 800 0 1000 125 0 0 344 0 487 437 346 0 0 300 0 900 200 799 0 0 0 0 800 0 800 0 0 0 800 0 900 0 600 0 0 400 0 100 625 0 333 0 0 250 250 650 500 900 0 750 0 0 0 596 0 395 527 633 0 500 1000 600 454 0 0 454 425 325 100 0 100 649 1000 600 500 900 454 0 0 0 300 0 800 327 0
#Clarets 2017-09-10
0 0 0 0 0 0 100 0 136 0 0 0 83 0 0 0 0 0 -250 500 0 625 50 0 400 0 136 0 0 0 0 0 500 0 0 0 100 0 0 116 0 0 0 0 0 0 500 500 0 0 0 0 100 0 0 0 625 0 250 350 0 0 0 0 136 136 0 0 0 0 0 0 0 0 -400 0 -800 0 0 0 0 0 0 418 0 625 0 250 0 0 0 400 1000 -200 -400 200 200 -400 500 0
0 0 0 0 0 0 300 0 500 0 0 0 208 0 0 0 0 0 577 650 0 900 500 0 400 0 454 0 0 0 0 0 500 0 0 0 400 0 0 183 0 0 0 0 0 0 1000 1000 0 0 1000 0 300 0 0 0 900 0 333 550 500 0 0 0 454 454 0 0 0 0 0 0 0 0 400 0 900 0 0 0 0 0 0 577 0 900 0 400 0 0 0 600 300 200 400 100 100 400 500 0
#CPFC 2017-09-10
0 250 -449 0 392 0 -400 0 -233 700 -233 0 -233 -600 0 0 0 350 0 0 0 0 -71 500 0 0 0 500 0 100 -200 500 233 0 800 0 400 400 400 0 400 500 0 -271 0 0 200 0 0 250 -361 600 0 33 100 0 0 325 0 0 0 -50 0 250 0 0 0 0 400 400 400 400 -200 333 0 0 800 800 800 -333 91 325 100 0 233 0 362 0 0 0 0 0 0 233 800 -500 -500 -500 0 700
0 450 600 0 517 0 400 0 388 750 388 0 388 700 0 0 0 300 0 0 0 0 214 500 0 0 0 500 0 0 300 500 366 0 400 0 600 600 600 0 600 500 0 700 0 0 700 1000 0 333 888 625 0 666 600 0 0 472 0 0 0 200 0 333 0 0 0 0 800 800 800 800 262 333 0 0 1000 1000 1000 666 358 1000 200 0 233 0 650 500 0 0 0 0 0 233 750 300 300 300 0 700
#SCFC 2017-09-09
0 0 0 500 275 175 0 213 0 0 250 250 400 0 0 175 725 0 400 0 0 0 0 0 0 0 0 0 200 0 400 0 0 0 0 0 0 0 0 0 0 700 200 0 -66 0 0 0 -66 0 50 -312 -33 250 0 500 1000 170 0 1000 135 135 135 0 0 0 -50 -291 50 50 50 0 600 400 0 0 500 0 136 0 0 168 0 200 136 400 0 400 0 170 0 168 100 0 0 168 25 170 170 0
0 0 0 200 500 275 0 500 0 0 506 506 350 0 500 275 966 1000 900 0 0 0 0 0 0 0 0 0 500 1000 700 400 0 0 50 0 400 0 0 0 0 900 500 0 333 650 0 0 333 0 150 687 355 200 0 700 1000 500 50 400 418 418 418 0 0 0 244 541 150 150 150 66 950 700 0 0 700 0 500 357 0 377 0 300 454 800 0 233 0 500 0 484 300 66 0 484 750 500 500 0
#MUFC 2017-09-09
136 0 458 0 0 500 0 150 0 500 0 0 0 0 541 0 1000 0 0 0 136 136 136 100 0 0 0 0 -100 0 0 800 800 0 0 200 0 0 0 100 0 0 318 178 0 0 0 0 0 0 0 0 0 0 0 0 0 0 136 0 0 0 -200 625 400 0 0 0 -100 0 0 650 0 333 250 136 200 0 0 0 0 750 350 0 0 0 0 100 0 0 0 -100 752 0 0 0 0 0 800 350
500 0 458 0 0 800 0 250 0 750 0 0 0 100 833 0 300 0 0 0 454 454 454 500 0 0 0 0 400 0 0 400 400 0 0 400 0 66 0 200 0 0 677 335 0 1000 0 0 1000 0 0 0 0 0 0 0 0 0 454 0 0 0 300 900 800 0 0 0 400 0 0 450 0 799 662 454 133 0 0 0 250 675 650 250 1000 0 0 300 0 0 541 400 770 0 0 0 250 0 700 650
#AFC 2017-09-09
0 0 0 250 333 0 333 0 0 0 0 0 766 0 0 -155 0 500 0 0 500 -400 266 0 0 800 -500 0 0 0 -125 0 -200 400 -700 0 0 0 33 0 0 0 68 200 500 -170 0 0 0 0 0 412 0 625 0 600 0 0 0 0 875 0 141 0 -700 0 500 500 0 -500 -500 21 -357 800 350 0 100 0 0 0 0 500 -500 0 -50 0 -500 -700 0 750 500 0 350 0 68 0 -400 -699 0 1000
0 0 0 333 500 0 500 0 0 0 0 0 466 0 0 288 0 800 0 0 500 400 433 0 0 700 300 0 0 0 100 0 350 400 200 0 0 0 33 0 0 0 727 100 500 579 0 0 0 0 0 550 0 900 0 900 0 0 0 0 600 0 458 0 200 0 833 833 0 1000 300 285 928 1000 450 0 250 0 0 0 0 600 500 0 50 0 900 200 0 800 1000 0 450 0 727 0 700 666 0 300
#AFCB 2017-09-09
0 800 -600 0 0 0 22 0 30 0 0 375 200 250 0 150 0 800 0 0 0 800 0 468 0 0 0 136 62 216 400 0 0 0 246 216 0 100 0 0 -33 625 0 0 1000 0 -25 666 -400 0 625 -100 83 49 0 150 0 -155 250 200 136 0 0 0 578 136 568 1000 833 -100 0 0 0 500 0 250 375 136 0 612 0 750 -50 0 700 800 0 0 0 136 0 271 383 0 0 0 166 -700 0 0
0 750 1000 0 0 0 244 0 713 0 0 416 200 200 0 316 0 750 0 0 0 750 0 727 0 0 0 454 350 477 625 1000 0 0 512 477 0 150 0 0 616 900 0 0 750 0 475 883 400 0 600 100 216 644 0 400 0 288 250 200 454 0 300 0 734 454 727 1000 833 100 0 0 0 500 0 333 200 454 0 718 0 950 400 0 600 400 0 0 0 454 0 701 666 0 100 0 166 200 66 0
#BHAFC 2017-09-09
225 -300 -750 0 0 0 0 0 0 0 0 0 0 0 0 0 0 75 0 136 0 -77 0 0 0 900 0 0 0 0 -300 0 0 0 0 0 -83 500 0 0 0 0 500 0 0 0 0 0 0 0 0 0 0 700 333 -200 333 333 333 250 333 333 333 333 333 333 333 0 312 -66 450 0 0 0 0 468 500 0 -170 0 800 0 133 -200 0 0 50 300 0 0 1000 -312 0 500 136 0 83 0 0 0
700 400 750 0 0 0 0 0 0 0 0 0 0 0 0 0 0 200 0 454 0 644 0 0 0 575 0 0 0 0 225 0 0 0 0 0 83 888 0 0 0 0 500 0 0 0 0 0 0 0 0 0 0 600 829 600 829 829 829 333 829 829 829 829 829 829 829 0 333 733 450 0 0 0 0 750 500 0 450 0 750 0 133 600 0 0 666 750 0 0 1000 437 0 150 454 0 611 500 0 0
#WBA 2017-09-09
-700 68 0 0 0 0 50 -250 232 0 0 637 -200 0 -200 -200 900 0 0 0 0 0 136 0 0 500 0 0 0 232 0 125 0 -500 0 125 133 0 200 0 0 0 0 462 -500 0 0 0 338 0 0 0 -800 250 -200 0 -225 0 0 0 900 162 0 800 33 0 0 500 130 0 0 0 80 1000 0 0 136 637 800 136 -200 -216 250 -140 0 -388 -400 0 136 0 91 -200 -316 200 -31 -200 0 1000 -50 0
200 227 1000 0 0 0 200 888 375 0 0 611 300 0 300 300 875 0 1000 0 0 0 454 0 0 500 0 0 0 375 0 625 250 400 0 600 433 0 400 0 0 0 0 750 900 0 0 0 466 0 0 0 800 450 800 0 400 0 0 0 525 337 0 750 408 0 0 533 520 0 0 0 380 1000 0 0 500 611 1000 500 300 373 250 780 0 833 700 0 454 0 370 800 300 300 377 300 0 1000 166 0
#EFC 2017-09-09
213 0 625 166 0 -33 285 0 0 0 0 0 0 68 -500 400 400 -400 0 300 300 -77 168 0 -250 68 0 0 0 500 400 -400 0 -975 244 0 0 -975 0 187 -975 0 0 0 0 325 100 -400 300 430 0 0 0 0 385 136 222 0 325 0 -400 250 0 0 0 0 116 0 0 0 0 0 -100 0 0 0 -100 500 812 0 500 100 0 0 341 0 100 0 0 0 0 -400 0 0 0 800 0 0 -200 0
454 0 900 500 62 433 535 0 200 0 0 100 0 727 500 400 400 700 0 333 266 177 427 66 750 727 0 0 0 500 400 400 0 975 690 0 0 975 0 437 975 0 100 0 600 425 150 400 700 700 0 0 0 0 578 454 722 0 616 0 400 450 0 0 0 0 500 0 0 0 0 0 450 0 0 0 100 500 883 0 888 400 100 0 511 0 300 0 0 0 0 400 0 0 0 400 0 750 50 0
#COYS 2017-09-09
450 0 0 0 0 585 0 625 -154 0 0 0 0 0 1000 0 0 1000 0 0 -600 309 50 -78 136 0 375 0 600 166 490 0 199 0 250 0 -600 0 1000 312 41 0 300 500 275 0 500 518 800 0 500 0 0 0 -140 0 325 1000 400 500 0 0 0 500 0 0 250 0 -155 -155 750 0 600 256 300 0 0 136 1 544 0 800 838 350 0 -150 70 0 231 0 0 -33 -157 100 0 0 -200 308 -142 0
500 0 0 0 0 750 0 700 518 0 0 0 0 0 900 0 0 300 0 0 700 363 150 900 454 0 200 0 900 283 586 0 350 0 333 0 700 0 600 333 300 100 825 750 644 0 650 727 575 0 500 0 1000 0 331 0 633 1000 375 600 125 0 0 600 0 0 1000 0 288 288 750 0 800 787 200 0 0 454 554 861 0 1000 916 550 0 700 637 0 427 0 0 322 667 400 0 0 200 454 535 0
#LCFC 2017-09-09
700 0 875 -250 0 0 333 -1000 0 0 0 -183 0 300 200 0 1000 0 0 0 0 0 0 -700 214 0 0 0 0 0 -400 0 -75 0 250 0 0 0 500 0 0 -133 0 0 32 250 0 600 -270 0 625 625 0 0 333 333 0 500 625 61 0 0 0 0 0 500 625 800 0 250 0 0 0 0 0 0 0 0 0 625 0 -200 0 0 0 1000 23 0 272 -155 0 0 0 -400 250 -200 175 0 0 -200
649 0 600 950 0 0 666 900 0 0 0 277 0 449 262 0 400 0 0 0 0 0 0 200 428 0 0 0 0 0 600 0 500 0 450 1000 0 0 500 0 0 666 100 150 541 450 0 900 462 0 500 600 0 0 666 666 1000 1000 900 545 0 0 0 0 1000 1000 900 1000 0 1000 0 0 0 0 0 0 0 0 0 500 0 50 0 250 0 400 635 0 388 288 0 0 0 600 500 566 275 0 0 50
#CFC 2017-09-09
0 700 0 136 136 136 1000 0 0 0 100 100 0 0 0 0 0 400 0 0 0 0 0 136 0 0 0 0 111 0 200 300 550 0 0 0 0 0 0 0 -66 200 0 0 0 250 0 400 0 0 -500 -500 -500 -500 0 0 200 1000 168 -125 -350 -700 -500 0 0 -500 -700 312 -500 -500 0 1000 0 400 400 400 212 200 136 400 0 550 100 0 500 0 -125 625 712 0 800 500 0 500 0 -500 0 0 0 700
0 1000 0 454 454 454 1000 0 0 0 1000 1000 0 0 0 0 0 400 0 0 0 0 0 454 0 0 0 0 355 0 400 650 650 0 0 0 0 0 0 1000 216 300 0 0 0 333 0 850 0 0 500 500 500 1000 0 0 300 400 477 100 100 200 500 0 0 500 200 451 500 500 0 300 0 1000 1000 1000 312 300 454 850 0 350 200 0 500 0 200 400 575 0 750 500 0 833 0 500 0 0 0 600
#SaintsFC 2017-09-09
0 808 808 0 808 808 0 808 0 808 68 300 808 808 350 808 700 700 0 808 808 0 0 808 808 0 600 808 808 -200 68 808 808 808 312 808 0 808 808 808 808 16 808 808 808 808 808 0 808 0 625 808 808 225 1000 808 -390 0 808 0 0 808 0 0 100 -58 808 0 808 808 808 0 650 808 808 800 808 49 808 808 808 808 0 808 808 808 0 0 -226 808 808 125 808 808 0 808 808 -166 0 0
0 562 562 0 562 562 0 562 0 562 727 700 562 562 550 562 750 750 0 562 562 0 0 562 562 0 900 562 562 50 727 562 562 562 333 562 0 562 562 562 562 633 562 562 562 562 562 0 562 0 900 562 562 285 300 562 700 0 562 0 0 562 0 0 100 641 562 0 562 562 562 0 650 562 562 750 562 500 562 562 562 562 0 562 562 562 0 0 361 562 562 391 562 562 0 562 562 433 0 0
#WatfordFC 2017-09-09
0 -600 0 425 8 500 -166 -700 375 333 -236 0 193 -16 -250 116 0 500 0 -800 -21 0 466 -100 -25 0 0 0 0 750 -524 0 1000 0 -600 0 0 0 0 0 625 500 75 433 0 300 0 0 0 375 0 0 450 433 0 -226 0 308 625 -1000 0 68 0 -600 0 283 0 175 150 199 450 0 0 781 500 0 0 -166 -166 500 49 0 0 1000 -100 0 -1000 291 600 291 0 400 0 100 0 200 400 -600 0 0
0 900 0 575 325 600 433 200 466 258 606 0 500 433 888 700 0 600 0 800 184 0 500 400 250 0 0 0 0 449 783 0 1000 1000 900 0 0 0 0 0 900 500 400 733 0 400 875 0 0 466 0 500 750 733 500 361 0 350 900 1000 0 277 0 900 0 611 0 625 649 316 750 0 0 500 183 500 66 66 166 1000 550 0 0 825 400 0 1000 633 400 633 0 400 0 300 0 200 444 900 1000 125
#MCFC 2017-09-09
0 0 0 0 800 800 136 136 136 139 0 0 0 -600 1000 0 400 200 0 136 136 0 68 500 0 500 266 300 300 -400 -500 0 62 0 -700 0 357 0 481 62 68 800 -212 0 0 1000 0 1000 175 0 0 -234 0 12 500 500 500 500 500 500 500 500 468 0 0 100 -300 0 0 0 0 0 -300 0 300 -178 0 0 800 800 800 800 800 800 800 800 250 0 49 0 136 136 350 0 0 0 0 0 195 87
0 0 0 0 400 400 454 454 454 253 0 0 0 700 300 0 900 450 0 454 454 0 727 500 0 500 383 333 200 600 300 0 500 1000 200 0 535 0 750 500 727 750 487 0 100 300 0 300 275 0 0 300 0 237 200 200 200 200 200 200 200 200 427 33 0 300 850 0 0 0 0 0 600 0 400 285 0 0 400 400 400 400 400 400 400 400 350 0 616 0 454 454 450 0 100 0 0 0 150 308
#LFC 2017-09-09
0 575 285 0 0 0 -100 0 212 -22 0 0 136 136 136 1000 800 400 625 0 700 0 0 0 0 300 -50 0 -124 0 0 0 -200 0 178 0 0 412 0 0 0 0 0 0 0 0 -700 66 0 0 0 0 0 0 449 0 0 0 450 575 0 500 0 0 68 -250 0 0 -66 136 0 -150 -150 0 1000 0 0 1000 0 0 0 -50 118 0 0 0 0 212 449 475 233 316 0 0 0 100 0 0 -300 0
0 850 535 100 0 0 300 0 684 244 0 0 454 454 454 900 1000 733 500 0 600 0 0 1000 0 100 250 0 777 150 0 0 350 0 335 0 0 550 100 0 0 0 0 0 0 0 200 33 0 0 0 250 300 0 350 0 0 0 533 850 0 833 0 0 227 875 0 500 466 454 0 356 325 0 1000 0 0 1000 0 0 0 400 427 0 0 0 0 401 550 350 366 583 1000 0 0 900 0 0 400 0
#LFC 2017-08-27
-50 30 0 400 0 0 0 0 -83 -500 -187 -75 -275 0 0 366 107 285 285 0 312 0 0 0 50 0 0 175 0 -208 136 136 136 136 0 0 199 -124 0 550 -171 0 0 -100 0 -78 55 0 -71 1000 0 125 -31 -125 8 0 -500 136 0 -150 0 0 300 200 418 0 500 0 49 -8 250 0 0 0 -100 250 0 0 0 49 976 625 412 500 0 -316 -200 0 200 150 0 600 0 0 0 0 -400 0 750 0
700 635 66 924 0 0 0 0 145 1000 500 700 787 0 0 466 785 535 535 0 600 0 0 0 62 500 0 425 0 583 454 454 454 454 222 362 800 491 0 850 592 178 0 400 0 250 777 0 214 1000 0 250 376 625 337 0 1000 500 1000 550 0 0 450 100 317 0 500 0 450 833 400 0 0 700 50 750 0 0 0 550 600 888 550 600 0 300 650 0 200 100 0 950 0 0 0 0 700 375 500 0
#AFC 2017-08-27
-38 400 625 1000 -145 0 0 0 -500 500 0 0 0 0 400 266 0 0 -141 0 166 0 600 495 0 0 0 333 -400 0 500 -400 -625 800 -400 -41 500 0 0 281 0 800 800 0 0 0 0 0 375 500 -200 0 0 200 200 200 400 0 0 0 125 50 0 116 0 -118 0 0 0 0 -416 0 500 0 0 -1000 0 0 450 -200 625 378 0 0 0 0 297 0 136 0 0 0 0 200 -400 200 0 357 200 0
134 450 900 300 520 0 0 0 1000 833 0 0 0 0 600 733 66 0 325 0 333 0 1000 311 0 0 0 466 600 0 750 600 1000 400 600 633 500 500 0 600 0 400 400 0 0 0 0 0 600 500 200 100 633 500 200 200 408 0 0 0 166 550 0 533 0 216 0 0 0 0 1000 0 900 0 0 1000 0 0 600 200 900 584 0 0 0 0 556 0 454 0 0 0 0 200 400 200 0 535 200 0
#COYS 2017-08-27
0 0 36 8 200 0 -150 0 400 0 1000 625 0 450 0 175 0 266 0 -1000 200 278 800 390 0 0 466 33 0 700 118 900 500 0 0 0 0 0 0 172 0 0 0 221 0 -388 158 222 -50 0 0 159 250 0 0 500 0 1000 855 -500 -200 0 -260 0 0 69 0 562 0 200 461 300 600 -50 -781 0 500 0 0 200 0 500 -225 0 900 800 0 0 800 378 0 525 0 0 -243 313 0 1000 500 166
100 0 780 383 200 0 300 0 1000 0 300 900 0 816 100 650 0 829 0 1000 100 351 1000 300 300 0 799 236 0 600 327 1000 500 0 0 0 0 0 0 394 0 66 0 613 0 833 444 644 400 0 0 488 255 0 0 750 0 750 765 1000 50 633 680 0 0 491 0 466 0 375 694 400 825 400 400 0 500 312 0 950 0 500 875 0 525 900 0 600 900 500 0 366 0 0 288 463 0 600 600 283
#Clarets 2017-08-27
700 -155 -50 0 0 0 -500 100 0 0 -400 0 0 350 500 0 0 0 0 0 0 0 0 0 0 0 625 166 500 0 100 0 0 0 136 0 625 0 170 0 0 0 0 -125 0 0 0 -400 0 0 0 -200 0 0 566 0 0 49 0 0 0 0 0 -400 -125 650 333 0 -400 -100 0 0 300 0 0 0 525 -100 412 100 100 -50 850 0 0 0 -125 0 0 433 316 800 0 0 541 250 0 0 -750 0
600 288 900 0 1000 0 1000 300 0 0 400 0 0 550 500 0 0 0 0 0 0 0 0 125 0 0 900 166 650 500 400 0 0 0 454 0 900 0 500 0 100 0 0 375 0 0 0 400 0 0 0 200 0 0 766 0 0 316 0 0 0 0 0 400 125 875 666 0 400 200 0 0 300 100 0 0 700 200 550 400 450 0 450 0 0 0 375 0 0 594 483 400 0 0 629 700 0 0 950 300
#CFC 2017-08-27
0 0 0 0 0 450 200 136 136 136 136 550 800 0 100 0 0 200 0 0 0 0 0 0 0 0 0 0 0 0 214 -200 0 0 0 600 -16 200 0 0 0 100 0 0 800 0 0 500 0 0 433 0 0 750 0 -200 200 800 0 0 0 0 500 500 0 800 0 0 0 0 500 200 0 0 0 500 0 0 375 220 0 0 0 0 0 0 250 0 366 62 500 0 500 500 0 0 0 0 0 -444
0 0 0 0 0 675 100 454 454 454 454 850 900 0 900 0 0 100 0 0 0 0 0 0 0 500 0 0 100 0 428 200 0 0 0 500 366 100 0 0 0 900 0 0 900 0 0 500 0 0 833 0 0 875 0 50 600 900 0 0 0 0 500 150 0 900 0 0 0 0 500 100 0 0 0 1000 0 0 1000 283 0 0 0 0 0 0 283 0 583 512 500 0 500 200 0 0 0 0 0 1000
#EFC 2017-08-27
0 0 800 59 425 0 -316 281 -600 0 0 33 0 0 800 150 0 1000 0 1000 0 1000 0 0 1000 0 0 -200 0 0 250 -50 466 220 0 -375 0 500 0 255 0 250 500 500 0 0 0 91 0 0 0 400 0 0 500 468 350 -12 0 0 0 300 0 0 46 550 0 0 0 285 0 0 0 285 136 136 136 0 136 0 0 0 0 500 0 0 0 800 0 0 0 0 0 400 0 806 0 0 0 550
0 0 900 392 475 0 300 600 900 1000 0 761 0 0 900 450 66 300 66 300 66 300 0 66 300 0 0 50 0 0 250 300 600 283 0 500 0 600 0 602 0 250 1000 1000 633 0 0 291 1000 1000 0 800 0 0 1000 427 550 387 0 0 0 500 0 0 427 550 0 100 0 535 0 0 0 535 500 500 500 1000 500 0 0 0 0 500 0 0 0 1000 0 0 0 0 0 400 0 787 0 0 0 950
#WBA 2017-08-27
0 0 250 0 0 0 500 0 93 350 0 0 0 600 200 0 0 325 200 0 187 106 0 100 0 500 0 0 0 0 0 0 0 0 0 0 0 0 0 1000 250 0 0 0 0 0 0 0 0 -500 0 0 500 -166 0 0 0 300 -350 100 150 -115 -100 0 -50 0 500 0 130 -400 0 0 100 -33 350 -500 433 -308 0 100 0 0 0 0 0 0 500 0 0 341 0 99 149 -181 1000 0 0 0 200 0
0 100 500 0 266 0 650 0 660 579 0 0 125 900 300 0 0 375 200 0 694 600 0 250 0 1000 0 0 0 0 562 0 0 0 0 0 0 0 0 1000 500 0 0 0 0 0 0 0 0 1000 125 0 600 833 0 0 0 416 550 400 229 730 200 0 800 0 500 0 130 700 0 0 100 83 550 500 833 433 0 400 0 0 0 600 0 0 750 0 0 691 0 466 650 727 300 0 0 0 100 0
#SCFC 2017-08-27
500 0 100 0 0 0 0 0 100 0 0 0 0 0 -781 -500 0 0 0 0 0 500 0 0 -100 400 0 0 66 -100 335 300 0 0 136 -250 -300 700 -200 -200 0 0 0 -166 0 142 0 0 433 0 0 0 0 0 0 -500 0 0 0 0 128 -83 0 150 0 -399 0 100 56 0 0 136 0 600 48 0 29 428 -100 0 0 0 -375 0 -155 170 33 500 100 700 500 96 157 0 0 0 -100 -155 0 0
750 0 200 0 0 0 0 100 200 0 66 0 0 0 1000 1000 600 0 0 0 0 1000 0 0 200 425 0 0 300 400 700 200 0 0 500 888 450 600 350 637 0 0 0 166 50 267 0 0 561 0 0 0 0 0 0 500 0 0 0 0 311 83 0 300 0 533 0 300 173 50 0 500 0 1000 162 0 729 528 400 0 0 0 625 0 288 454 150 500 383 600 550 246 513 0 0 0 400 288 0 0
#MUFC 2017-08-26
0 0 100 166 800 0 175 450 -33 500 200 -200 0 0 250 400 800 800 -200 500 0 500 -312 0 0 800 500 0 0 833 900 -100 136 0 0 0 -200 312 357 0 0 0 0 55 0 500 0 -100 0 0 0 0 -24 0 0 450 0 350 0 0 375 800 0 800 333 0 400 607 0 0 0 -200 0 500 166 1000 600 0 80 0 0 0 0 0 0 0 0 0 0 100 0 0 0 0 0 0 0 0 0 0
0 0 300 833 400 0 366 775 466 570 900 0 50 0 250 200 400 400 0 600 0 500 687 0 0 1000 750 0 0 366 850 1000 454 0 0 66 0 451 571 0 0 0 750 833 0 500 0 0 0 0 0 0 191 0 0 450 0 400 0 0 475 750 0 1000 449 0 450 435 0 33 0 0 0 500 300 1000 900 0 139 0 0 0 0 0 0 0 0 0 0 900 0 0 0 0 0 0 0 0 0 0
#LCFC 2017-08-26
200 800 800 0 0 0 0 0 0 0 0 0 -216 350 0 200 0 118 -600 0 -96 -350 0 0 500 0 87 283 0 250 0 0 0 100 -37 0 375 -62 0 0 0 250 0 0 136 268 136 -291 0 0 0 -400 0 0 0 0 0 468 0 0 0 0 800 800 800 800 800 0 224 200 143 0 0 136 0 600 0 0 0 250 350 300 0 0 49 0 249 -100 150 368 87 136 50 0 100 125 449 0 49 150
512 400 400 0 0 0 0 0 0 0 0 0 429 800 0 750 50 327 900 0 584 400 0 225 1000 0 753 508 1000 333 0 0 0 200 318 0 475 900 100 0 500 333 0 1000 454 677 454 541 0 0 0 600 0 0 0 0 0 427 0 0 0 100 400 400 400 400 400 0 425 200 293 0 0 454 0 1000 66 0 250 750 550 541 0 0 316 0 399 100 500 527 233 454 200 0 200 200 350 0 316 450
#CPFC 2017-08-26
0 800 136 0 0 700 -100 0 -300 0 24 0 0 0 850 0 -327 150 0 0 0 0 -500 0 0 0 0 0 416 0 300 -600 -400 0 199 0 175 0 -77 800 68 -147 0 100 100 0 366 0 399 175 -79 0 0 459 0 -187 0 533 0 184 -400 0 147 136 0 -155 199 0 125 1000 200 308 200 -266 418 0 0 100 0 550 0 -399 0 0 400 400 400 400 -133 0 0 0 0 0 0 -262 0 136 -400 0
0 700 454 0 0 600 600 0 400 0 683 1000 62 0 1000 0 644 650 0 0 0 0 200 0 0 0 0 0 500 100 633 800 600 0 500 0 275 0 177 900 250 535 0 300 300 121 533 0 400 275 541 0 0 610 0 750 0 616 0 263 600 0 371 454 1000 455 550 0 750 750 200 350 200 733 527 416 0 250 0 800 0 466 0 0 800 800 800 800 394 1000 1000 0 0 0 0 422 0 454 700 0
#Swans 2017-08-26
-500 250 0 136 0 0 850 1000 900 0 12 0 68 0 75 136 350 0 0 0 368 300 -400 400 -400 227 0 142 200 0 0 0 0 65 0 100 0 0 0 0 0 300 49 -243 0 0 250 49 0 0 0 0 0 0 0 150 0 136 381 275 200 0 500 500 -93 0 -750 -100 0 0 850 0 0 0 500 0 0 0 0 0 0 0 0 0 390 0 700 0 0 0 500 0 0 500 0 500 68 68 68 0
550 333 0 454 0 0 800 900 900 1000 559 100 250 0 837 454 550 0 0 0 727 200 600 350 850 545 0 642 200 0 0 0 1000 412 0 400 0 0 0 0 0 200 316 288 500 0 250 316 0 0 0 0 0 0 0 450 0 454 700 944 500 0 1000 625 283 0 1000 200 0 0 1000 0 0 0 500 0 0 0 0 0 0 0 0 50 1000 0 600 0 0 0 500 0 0 500 0 500 227 227 227 0
#HTAFC 2017-08-26
0 0 0 0 412 500 0 750 -216 100 0 1000 300 0 1000 0 0 0 0 -100 -125 325 800 600 152 200 -400 136 136 233 800 400 0 152 62 0 0 0 0 190 200 0 0 0 0 0 150 0 325 0 800 233 0 0 0 -700 325 100 0 333 -200 152 0 600 0 -250 800 -100 0 300 100 100 0 1000 0 0 0 0 0 0 0 800 0 0 600 170 0 -500 0 136 0 0 -62 500 0 0 0 250 75 -500
0 0 0 0 550 600 66 800 466 400 0 300 650 0 1000 0 1000 0 0 600 375 575 400 1000 523 200 400 454 454 355 750 400 200 523 337 0 0 0 0 510 500 0 0 0 0 0 450 0 575 0 400 366 0 0 0 1000 575 400 0 361 400 523 0 1000 0 625 400 200 0 650 400 250 0 300 0 0 0 0 0 0 0 400 0 0 950 454 0 900 100 454 0 0 1000 500 0 0 0 450 750 1000
#SaintsFC 2017-08-26
0 136 0 -216 136 0 0 0 187 -266 250 400 -300 500 350 0 0 0 433 -125 259 0 0 400 0 500 68 0 0 0 0 0 0 250 0 -600 366 0 0 0 500 0 -49 1000 0 0 300 0 0 0 0 0 0 0 0 0 0 0 111 64 0 0 449 0 0 0 625 149 1000 600 0 0 0 0 229 0 0 0 127 0 0 0 0 0 0 279 -81 533 375 400 600 0 400 350 -333 0 0 -799 600 600
0 454 400 833 454 0 0 0 487 583 375 400 475 433 333 0 0 0 666 375 405 0 0 250 0 888 289 100 0 0 0 0 0 250 0 800 799 0 0 0 900 0 550 300 66 0 483 1000 0 0 0 0 0 0 0 0 0 0 230 783 0 0 550 0 0 0 600 600 1000 800 1000 0 0 0 616 750 0 0 360 0 0 0 0 0 0 550 527 717 416 875 750 0 500 300 755 0 0 1000 800 800
#NUFC 2017-08-26
0 50 -400 100 300 0 700 600 0 0 0 0 0 -125 0 99 125 50 -400 233 0 -181 166 0 0 108 0 0 29 0 0 -466 200 266 -1000 400 0 166 800 50 0 0 200 208 -129 -400 -400 575 0 0 -200 200 0 200 0 590 0 137 800 -1000 200 0 0 0 0 250 0 0 700 137 0 0 166 550 -200 725 200 0 62 0 0 0 -187 0 -412 0 0 0 0 0 0 0 0 400 0 500 -77 -400 -125 300
0 533 600 400 100 0 600 200 0 0 0 0 0 375 0 350 1000 162 400 366 0 452 666 0 0 608 0 0 770 0 0 866 200 175 1000 450 0 495 900 1000 0 0 200 166 638 400 400 666 0 0 700 200 0 100 0 760 283 712 400 666 406 0 0 0 0 333 0 0 900 587 0 0 333 850 800 575 950 0 370 0 0 0 500 0 900 1000 0 0 0 66 1000 0 0 200 0 1000 644 400 375 799
#WHUFC 2017-08-26
1000 0 0 0 0 -600 200 -400 -400 200 0 800 200 500 100 500 0 -187 0 0 0 0 0 0 0 0 0 0 -145 -100 0 -166 200 0 400 0 136 316 0 139 -400 0 0 0 0 0 0 0 -187 0 725 0 166 625 0 0 0 142 142 0 0 0 0 500 0 0 0 0 0 0 1000 0 600 75 -125 -125 -125 -400 -312 0 0 350 500 0 100 800 0 0 0 0 -100 400 500 500 500 0 0 433 -125 0
300 0 0 0 0 1000 200 400 400 200 0 400 300 833 383 833 0 500 0 0 0 66 0 0 125 0 0 0 304 200 0 433 900 0 400 0 454 541 66 554 400 0 100 0 0 0 0 500 500 0 533 0 233 500 0 0 0 767 767 0 0 0 0 900 0 0 0 0 0 0 1000 0 900 175 500 500 500 400 337 0 0 550 500 0 400 400 0 0 0 0 400 400 500 500 500 0 0 666 125 0
#WatfordFC 2017-08-26
0 0 -300 0 308 0 -600 0 0 0 0 0 0 0 -300 800 0 416 0 0 583 0 1000 0 416 0 416 125 408 0 72 0 133 0 0 0 -699 400 0 50 200 -200 -312 416 0 0 0 0 0 0 800 700 -600 350 0 0 800 -41 27 0 -208 0 0 300 0 125 0 -312 240 500 0 416 0 412 400 800 800 0 0 800 416 1000 75 0 182 -166 800 0 0 750 0 1000 -62 50 416 700 -500 0 0 800
0 0 200 0 350 0 800 0 0 0 0 0 0 0 550 400 0 500 0 0 750 0 900 0 500 0 500 450 500 0 399 0 449 0 0 0 666 1000 0 162 400 250 687 500 0 0 0 0 0 100 900 700 1000 550 0 0 750 458 500 0 397 0 0 500 0 166 0 687 600 1000 0 500 0 500 900 900 900 0 0 750 500 900 450 0 750 500 900 0 83 700 0 900 187 162 500 600 400 0 0 900
#BHAFC 2017-08-26
0 0 804 0 0 0 0 0 780 500 0 0 0 375 0 0 0 100 0 -125 875 -266 375 0 -400 0 650 0 1000 -181 0 -49 68 150 49 1000 1000 500 1000 1000 1000 1000 1000 1000 1000 0 300 449 1000 1000 150 1000 0 0 0 0 150 350 0 0 300 0 0 500 350 550 0 0 -68 350 0 87 0 0 0 0 0 100 600 -3 800 0 0 466 0 0 0 312 68 0 250 0 508 0 0 0 100 0 0 0
0 0 840 0 0 0 0 0 1000 888 0 0 0 750 0 0 0 512 0 125 600 733 1000 0 400 0 750 0 1000 577 66 400 227 383 316 1000 1000 1000 1000 1000 1000 1000 1000 1000 1000 0 231 350 1000 1000 450 1000 0 0 562 1000 225 800 0 0 1000 0 0 500 950 950 1000 0 475 362 0 512 0 0 0 0 0 50 600 495 1000 0 0 600 0 0 1000 472 227 0 333 0 433 0 0 0 100 0 0 0
#AFCB 2017-08-26
400 0 0 -200 0 250 400 416 200 -16 0 0 -199 -208 240 133 500 250 0 78 400 0 0 -8 49 0 49 625 0 0 0 0 49 0 0 1000 1000 0 0 0 0 500 375 0 0 0 0 0 141 0 516 0 0 0 0 0 -300 0 0 -200 0 200 0 316 -199 0 541 0 -100 0 0 0 0 0 800 1000 0 0 0 -277 450 -100 0 0 0 24 0 875 0 0 700 312 0 333 162 -500 0 -125 750 0
400 0 100 800 0 333 700 500 200 208 0 0 950 397 600 316 1000 500 0 162 400 0 0 300 316 0 316 1000 0 0 0 0 316 0 0 400 1000 0 0 0 0 500 500 0 0 0 0 0 466 0 577 0 0 0 0 0 600 0 0 300 66 200 0 511 500 0 733 1000 100 0 0 0 0 0 1000 400 0 0 0 344 1000 200 0 0 0 466 0 600 0 0 750 333 0 666 600 1000 0 200 800 0
#MCFC 2017-08-26
0 136 0 0 0 0 0 0 0 0 0 216 0 -100 136 136 541 285 0 -50 0 0 0 0 250 0 0 150 0 0 0 0 700 0 0 -50 250 -125 800 0 0 100 0 0 500 0 100 0 1000 1000 125 1000 0 300 350 0 0 0 0 800 0 0 0 529 166 0 0 0 0 0 0 1000 0 250 550 0 0 136 136 136 1000 0 0 -527 433 0 0 0 0 0 0 0 781 350 0 0 400 0 -111 0
0 454 0 1000 0 0 0 0 0 0 0 866 0 200 454 454 833 535 0 50 0 0 0 0 333 83 0 250 0 0 0 0 600 0 100 50 1000 500 750 0 0 150 0 0 750 0 383 0 300 300 375 300 0 800 550 0 0 0 0 750 0 0 0 616 533 0 0 0 0 0 0 300 0 375 875 0 0 454 454 454 1000 0 0 916 833 0 0 0 0 0 0 0 900 541 0 0 1000 0 444 0
#MCFC 2017-08-21
0 0 0 350 0 -200 0 136 136 136 0 400 400 200 600 0 0 0 0 0 0 0 -50 900 -200 -16 0 0 0 -100 0 1000 200 0 -75 0 0 0 100 -62 156 0 0 216 0 -150 0 0 800 0 100 0 0 -400 99 0 0 212 85 200 250 500 425 0 725 0 -400 0 0 800 0 500 0 62 600 0 136 136 0 0 -262 200 500 0 0 136 136 0 0 0 450 0 0 200 0 -349 0 150 183 325
0 0 0 495 0 500 0 454 454 454 0 800 800 400 850 0 0 0 0 0 0 0 400 1000 400 550 633 0 0 475 0 1000 500 1000 366 0 0 0 400 237 216 1000 0 379 575 444 0 0 750 0 450 0 0 700 433 0 0 384 727 500 333 888 725 0 700 0 700 0 0 400 0 888 0 354 683 0 454 454 0 0 387 450 500 0 0 454 454 0 0 0 449 0 0 250 0 333 0 400 350 450
#EFC 2017-08-21
0 0 0 0 0 400 483 -200 0 0 525 0 367 700 312 -300 0 0 200 187 -66 300 400 -600 -600 0 -600 -600 0 78 0 0 0 100 199 531 0 0 375 800 0 0 400 0 0 0 0 0 250 0 500 250 0 1000 350 350 -75 250 0 0 0 285 0 800 800 400 -200 275 650 0 250 0 600 0 0 0 -200 0 1000 296 0 450 0 0 0 0 -292 0 0 -170 -170 100 267 0 170 318 500 0 600 225
0 0 0 1000 0 800 433 800 0 0 366 0 502 600 250 600 0 0 450 950 766 100 437 900 900 0 900 900 0 466 0 0 0 1000 500 625 0 0 750 1000 333 600 300 0 0 0 0 0 333 0 600 333 0 1000 450 950 200 800 1000 0 0 627 0 700 750 512 400 616 450 0 700 0 950 0 0 0 250 0 300 633 0 449 0 0 0 0 100 0 0 618 618 100 580 0 454 527 1000 100 900 550
#COYS 2017-08-20
0 800 800 166 500 0 0 233 -400 1000 0 0 0 0 0 -200 0 237 650 0 500 437 25 0 -625 252 0 0 0 150 24 -690 500 0 0 800 1000 0 0 100 0 200 0 1000 0 228 375 0 0 0 0 0 1000 0 1000 412 550 0 800 349 199 1000 0 0 199 500 0 285 0 0 0 0 200 -400 -400 -400 0 0 -400 0 -1000 800 1000 0 -400 25 -400 0 -400 0 309 200 616 0 0 0 0 -150 800 0
0 900 900 333 1000 0 0 799 400 750 0 0 0 0 0 800 400 577 1000 0 450 625 350 0 400 564 1000 0 0 466 250 900 500 100 0 900 1000 0 0 216 0 500 0 1000 0 661 325 500 0 0 0 0 1000 0 900 550 950 0 900 666 666 300 0 300 525 500 0 535 0 0 0 0 200 400 400 400 0 1000 400 0 900 900 300 0 400 300 400 0 400 0 463 100 661 0 0 0 0 399 625 0
#CFC 2017-08-20
0 0 -600 250 183 0 0 0 0 136 136 0 136 136 136 0 0 400 312 0 250 0 468 468 0 -133 0 0 -700 312 312 250 0 166 312 312 0 0 0 0 600 0 -250 0 -799 333 0 0 66 0 0 150 136 0 266 0 0 0 0 0 233 0 0 0 0 231 0 0 111 0 0 0 250 0 118 0 -250 450 0 0 0 -500 500 0 0 0 277 -75 0 0 0 0 250 100 -333 0 0 0 133 0
66 0 1000 275 533 0 0 0 0 454 454 0 454 454 454 0 0 1000 284 0 252 0 427 427 0 333 0 0 200 284 284 333 0 333 284 284 0 0 0 0 675 0 628 0 1000 833 0 0 616 0 500 333 454 0 700 0 0 0 0 0 466 0 0 33 0 461 0 0 399 99 0 0 450 0 300 0 250 649 0 0 0 1000 500 0 0 0 503 583 0 0 0 0 450 200 500 0 0 0 666 0
#HTAFC 2017-08-20
-100 1000 200 1000 533 0 20 -200 0 0 750 750 0 0 500 -50 800 500 500 350 0 25 527 0 107 68 149 -111 0 0 0 837 500 225 225 1000 700 378 66 0 0 0 0 0 -1000 83 75 0 700 350 750 250 0 800 0 106 0 500 0 350 100 0 424 0 0 0 0 0 750 750 0 0 1000 270 -166 68 700 613 800 0 369 0 0 0 650 0 0 625 248 700 0 700 319 0 399 0 249 0 0 0
250 1000 300 750 533 100 33 50 0 0 616 616 0 0 500 50 400 500 500 550 0 400 633 0 428 277 500 700 0 0 0 675 500 600 366 1000 600 600 399 0 0 66 0 0 750 371 494 1000 600 550 950 266 0 400 0 450 100 500 0 550 350 0 577 0 0 0 0 0 616 616 0 0 525 283 616 277 600 672 750 0 362 0 0 300 800 0 0 500 519 600 0 600 513 0 633 0 625 0 0 0
#NUFC 2017-08-20
0 0 0 -77 150 0 0 -800 -166 272 300 0 350 375 0 0 0 900 125 0 250 0 250 0 500 500 0 0 500 91 0 0 0 219 0 0 250 0 100 225 -700 -700 77 0 700 -450 0 0 0 976 0 449 0 0 0 0 0 0 0 0 100 0 500 60 80 -600 -500 -450 1000 500 500 0 -500 0 0 -450 566 0 -250 0 -100 0 500 0 300 237 0 0 392 0 0 600 0 0 100 100 700 500 0 175
0 166 0 177 422 0 0 900 166 594 100 1000 550 975 0 0 1000 1000 694 0 500 0 575 0 850 500 0 0 500 416 0 0 0 613 0 0 944 500 300 200 200 200 444 0 700 1000 100 0 0 800 0 400 1000 0 0 0 100 0 250 0 300 0 1000 657 626 1000 200 1000 1000 888 888 0 1000 0 1000 1000 833 0 750 0 675 0 1000 0 350 522 0 0 567 0 0 900 0 1000 300 300 700 500 0 333
#SCFC 2017-08-19
274 468 468 0 0 0 0 0 0 0 250 312 500 0 400 0 100 0 0 0 0 468 468 335 214 0 500 1000 0 -57 0 0 0 0 466 0 0 0 700 500 0 437 0 0 0 -17 0 0 0 0 -155 0 0 0 250 0 0 0 0 0 1000 0 0 0 0 0 -400 -166 167 500 200 700 0 0 300 516 0 0 12 700 -500 0 0 0 0 -34 0 0 136 92 -100 0 479 200 218 100 0 0 0 0
463 427 427 100 0 0 0 0 0 0 450 333 150 0 400 0 50 0 1000 0 0 427 427 500 642 0 400 1000 0 546 0 0 0 0 633 0 750 0 600 500 0 800 0 0 0 730 0 0 0 0 288 0 0 0 600 0 0 0 0 0 300 0 0 0 0 0 400 166 538 500 750 600 0 0 650 527 0 0 551 600 1000 0 0 0 0 260 0 0 454 666 100 100 708 100 627 600 100 0 0 0
#AFC 2017-08-19
136 -200 -300 250 0 0 0 0 0 0 0 0 0 0 100 100 0 900 480 0 500 500 0 475 0 500 233 600 533 -166 182 0 0 0 0 0 0 0 645 450 333 0 0 500 500 0 100 0 100 0 0 250 0 100 0 312 375 0 250 -100 300 0 0 0 200 0 0 -500 406 416 250 0 250 0 0 222 550 0 250 166 0 781 0 50 0 568 0 700 370 200 1000 350 0 0 0 0 0 175 0 200
454 100 600 333 0 0 0 0 0 0 0 0 0 0 400 400 0 875 700 500 900 900 0 800 0 500 683 700 466 166 323 0 0 0 0 0 0 1000 600 600 733 0 0 900 900 0 300 0 383 0 0 333 0 400 0 333 975 0 333 500 100 0 0 0 400 0 0 950 400 454 333 0 800 0 0 255 700 0 500 333 0 600 0 191 0 727 0 600 519 450 300 550 0 0 0 0 0 366 0 100
#AFCB 2017-08-19
-133 264 8 144 0 0 125 0 0 0 -150 233 -500 0 0 0 0 0 0 0 0 500 800 0 250 0 -25 0 0 166 0 300 100 500 0 0 0 0 0 700 0 0 700 0 300 100 0 449 0 0 0 0 -100 0 -400 0 0 -500 250 -75 283 125 0 0 -100 0 -181 0 875 0 -312 350 0 -62 0 875 0 83 1000 -37 468 136 850 0 0 0 0 0 175 112 500 0 0 316 0 357 92 0 125 650
833 616 658 300 0 0 258 300 0 500 487 700 1000 500 0 0 0 1000 0 0 0 500 1000 500 333 0 250 0 0 416 0 100 340 800 0 0 0 0 0 600 0 125 900 0 266 400 0 550 0 0 0 0 400 0 400 0 0 1000 333 450 477 125 0 0 400 0 750 0 600 0 400 800 100 450 0 600 0 170 300 451 677 454 450 0 0 0 0 1000 466 318 150 400 0 366 0 535 358 33 1000 450
#WatfordFC 2017-08-19
0 0 0 500 0 550 -16 0 262 -104 0 1000 233 -300 0 250 0 0 0 219 0 0 0 0 0 0 48 0 245 0 0 0 266 600 -400 0 0 0 0 500 200 0 0 0 0 1000 0 1000 0 500 0 0 -200 -400 0 0 300 0 250 350 0 0 136 0 500 0 0 175 0 0 0 0 0 200 0 366 0 500 333 0 160 0 0 0 0 -400 -187 0 72 244 0 0 400 -181 500 0 425 0 800 0
1000 0 0 150 0 700 656 0 287 494 0 300 300 300 0 750 125 0 0 632 0 1000 0 0 0 0 552 0 684 0 0 0 416 900 400 0 0 0 0 850 500 0 0 0 0 300 0 300 0 1000 0 0 500 400 0 0 650 0 1000 550 0 0 454 0 500 0 500 308 0 0 0 0 0 500 0 600 0 500 666 0 539 366 0 0 0 400 500 0 258 405 0 0 900 750 500 0 550 0 400 0
#Clarets 2017-08-19
0 0 0 0 0 0 0 800 0 0 0 250 0 700 0 625 0 0 0 1000 600 412 0 200 0 200 200 0 0 700 0 1000 250 227 0 -99 84 0 0 0 0 0 800 400 -50 170 100 68 200 -600 0 214 0 0 500 136 0 0 0 0 0 0 0 0 0 0 0 0 250 0 62 -155 0 0 0 0 625 0 0 136 136 875 625 0 0 875 0 200 0 0 0 400 350 138 0 0 -166 150 49 0
0 0 0 0 0 0 0 400 0 400 0 250 0 600 0 900 0 0 0 1000 600 550 0 900 0 200 300 0 0 600 0 300 250 545 0 533 438 0 0 0 1000 0 400 600 400 443 300 227 500 1000 0 571 100 66 625 454 0 0 0 0 0 0 0 0 0 0 0 0 283 0 583 288 0 0 0 0 900 0 0 454 454 600 900 0 300 600 0 500 0 0 0 750 550 511 0 0 166 850 800 0
#WBA 2017-08-19
0 333 142 333 0 0 350 700 0 0 322 136 0 0 100 0 342 -100 -129 166 250 0 0 0 0 0 128 0 -291 100 185 250 0 500 0 250 0 136 0 0 138 71 -400 0 0 0 164 222 191 0 -200 166 266 0 500 83 400 -200 99 -200 700 0 0 0 246 0 2 0 -250 0 0 -122 0 500 250 0 0 0 0 0 375 0 0 0 0 0 -216 0 -125 308 0 166 138 800 -400 0 400 166 250 157
0 666 317 666 0 0 650 600 0 0 644 454 875 0 250 0 467 350 377 188 416 0 0 0 0 0 628 0 541 250 562 800 0 500 0 400 0 454 0 0 138 253 875 0 0 0 390 544 700 0 300 333 333 0 500 458 300 300 633 300 825 0 0 0 308 0 670 0 149 0 0 155 0 888 750 0 0 0 0 0 750 0 0 0 0 0 633 0 200 283 0 666 166 750 1000 0 900 833 250 450
#LCFC 2017-08-19
0 0 0 0 0 0 0 50 200 300 0 282 0 0 0 0 -25 0 0 600 200 0 400 250 0 0 250 0 -200 0 375 0 -125 0 0 0 62 -500 0 0 500 0 0 1000 0 0 0 0 0 -50 0 0 208 0 0 250 250 250 250 250 250 250 250 250 250 250 250 300 0 -400 0 1000 200 0 237 222 0 0 0 0 0 0 500 0 136 1000 125 500 366 200 450 700 0 0 700 0 500 -229 0 0
0 0 0 0 0 0 0 420 200 800 33 480 0 0 0 0 366 1000 0 900 400 750 650 333 0 0 333 0 100 66 750 0 444 0 0 0 333 800 66 0 750 0 600 400 0 0 0 0 0 400 0 0 750 750 0 500 500 500 500 500 500 500 500 500 500 500 500 650 0 400 750 1000 300 750 533 377 0 0 50 0 0 0 600 0 454 1000 166 1000 766 366 650 600 0 0 900 0 500 708 0 0
#BHAFC 2017-08-19
-37 700 0 0 0 281 0 -50 0 -400 0 0 0 278 0 368 234 0 0 55 375 0 200 181 700 28 0 -75 -66 0 1000 0 0 -66 0 0 74 0 -150 312 312 312 312 312 312 312 0 0 312 312 0 0 312 0 0 0 400 0 -250 0 433 0 0 0 208 0 300 -699 -724 0 -200 0 412 0 0 211 0 1000 0 640 0 148 0 0 -62 0 136 291 0 0 500 359 418 136 0 800 272 650 0 0
462 600 0 0 0 711 0 150 1000 400 1000 0 0 426 0 727 477 0 0 471 750 0 400 495 600 469 0 366 683 0 1000 0 0 166 0 0 448 0 700 750 750 750 750 750 750 750 0 0 750 750 0 600 750 0 0 0 900 0 400 0 833 62 0 0 750 750 650 666 833 0 200 0 408 0 0 569 0 300 0 694 0 762 0 0 237 0 454 458 0 66 500 613 577 454 0 750 617 450 0 0
#LFC 2017-08-19
136 781 200 0 625 0 300 350 500 400 0 0 0 650 200 0 0 400 0 0 200 0 0 -182 250 0 600 0 0 -125 337 -155 0 0 250 285 0 156 0 909 -100 75 136 0 0 200 400 533 0 136 0 -144 136 0 500 433 -388 324 550 900 0 0 0 0 200 0 99 48 0 136 250 625 214 500 90 0 0 0 0 0 0 0 0 0 0 0 0 0 0 0 233 -347 200 284 0 290 0 500 412 68
454 900 200 0 900 0 100 550 400 700 0 0 0 750 300 0 1000 900 0 0 100 0 225 505 500 0 1000 0 0 375 687 288 0 1000 500 535 0 293 1000 780 400 216 454 0 0 200 800 433 0 454 0 777 454 0 888 549 833 759 700 1000 0 0 0 100 300 0 362 171 0 454 250 500 428 288 303 0 0 0 0 0 0 0 0 0 0 0 0 0 0 0 799 444 100 613 0 520 0 900 550 727
#CPFC 2017-08-19
525 750 136 0 0 136 0 0 61 0 41 0 250 0 300 0 -150 0 0 0 0 100 0 466 433 375 0 -200 0 99 -1000 200 0 633 -366 -200 -300 0 0 0 0 0 0 400 400 400 0 400 1000 0 0 224 -125 -200 125 -300 0 183 -100 -394 218 450 100 0 525 0 153 0 0 0 -425 318 150 750 -150 0 -176 149 194 0 900 700 200 0 0 403 0 0 0 0 0 0 -550 383 800 625 -38 136 0 0
366 675 454 0 0 454 0 0 678 0 450 0 333 0 800 0 333 0 100 0 66 600 0 333 458 674 0 350 0 700 1000 500 0 529 500 800 750 0 500 0 500 0 1000 800 800 800 1000 800 1000 0 0 362 375 383 200 400 0 283 100 616 837 659 200 0 700 0 451 0 0 0 650 477 408 600 400 0 583 600 388 0 1000 600 900 0 0 1000 0 0 0 100 0 0 750 799 550 666 411 454 0 0
#SaintsFC 2017-08-19
-166 0 0 0 75 50 250 -100 0 500 500 284 100 0 200 0 0 0 0 200 100 100 100 0 0 -250 425 -600 -395 0 -400 0 0 0 0 0 0 0 0 0 0 800 188 -400 -400 -50 800 0 0 0 0 0 300 0 0 0 0 350 0 550 0 0 0 0 325 262 87 -600 400 312 0 250 0 0 0 0 0 0 0 0 350 1000 0 500 0 250 0 0 0 0 0 0 0 25 37 0 708 170 600 0
166 0 100 100 216 350 500 400 0 500 900 613 400 0 900 0 0 0 0 200 175 175 175 0 125 944 575 400 420 0 400 100 100 0 0 0 0 0 0 450 0 750 366 400 400 150 750 0 0 0 0 0 500 0 0 0 0 650 0 500 0 0 0 0 437 425 350 900 800 900 0 666 0 0 0 0 0 0 0 0 450 300 0 833 0 750 66 0 0 0 66 0 0 175 837 0 816 454 600 0
#WHUFC 2017-08-19
642 0 0 0 0 0 -200 -104 0 -600 0 0 200 0 0 0 0 0 136 0 0 0 -625 0 0 0 0 0 800 0 0 -17 -100 0 0 0 0 0 0 0 0 0 0 170 0 0 -400 0 0 0 0 0 -312 -600 0 0 100 0 0 0 500 0 0 0 0 0 0 0 -150 0 0 0 0 0 -250 0 0 -187 -299 0 0 625 800 0 850 0 -187 0 125 136 0 -16 790 800 700 0 0 0 -250 -400
767 0 0 0 0 0 700 33 0 800 0 0 200 0 0 0 0 100 454 0 0 0 750 0 0 0 0 0 750 0 0 300 233 0 0 0 0 0 0 0 100 0 0 454 1000 0 600 1000 0 0 0 0 875 800 1000 0 950 0 0 0 500 1000 0 0 0 0 0 0 725 0 0 0 0 0 625 0 0 604 950 0 0 900 750 0 1000 0 500 0 450 454 0 666 644 1000 900 0 0 0 625 600
#Swans 2017-08-19
0 0 175 0 -600 66 0 -400 -200 0 0 0 0 800 0 0 0 0 0 0 -37 0 500 200 0 0 399 0 183 0 208 0 0 0 0 0 0 500 0 0 68 0 -250 500 0 -675 0 157 157 0 0 700 600 0 600 600 600 0 266 0 0 -155 450 -700 -200 0 0 0 0 150 178 154 0 399 -155 0 1000 300 500 0 318 0 350 0 250 0 400 0 0 0 300 375 350 976 411 0 0 0 200 0
66 66 266 0 800 566 0 400 200 0 0 0 0 750 200 0 0 1000 0 0 433 0 533 200 0 0 350 0 266 0 333 0 0 0 500 500 0 500 0 0 227 0 250 500 0 800 0 521 521 0 0 600 575 0 575 575 575 0 466 0 0 288 650 800 600 0 0 0 0 700 751 408 0 350 288 0 300 650 500 0 602 0 800 0 283 0 400 0 0 0 650 550 550 600 672 0 0 0 300 0
#MUFC 2017-08-19
0 0 266 130 600 100 0 0 183 191 400 0 -100 468 468 0 100 449 200 0 0 100 0 0 166 0 0 600 600 600 600 600 600 600 0 0 0 0 433 -291 0 0 62 0 0 0 0 0 0 0 0 500 0 0 0 0 0 0 0 0 0 0 0 0 0 0 0 0 0 600 45 -216 0 0 250 900 0 312 268 268 233 566 0 25 0 450 200 33 400 712 83 219 468 333 0 0 -475 -250 0 0
0 0 366 498 650 300 0 0 366 458 400 0 400 427 427 0 300 350 300 100 100 300 0 0 562 0 0 650 650 650 650 650 650 650 0 250 0 0 733 541 0 0 333 0 0 0 0 0 0 0 0 900 0 0 0 0 0 0 0 0 0 0 0 0 0 0 0 0 1000 850 666 533 0 0 375 1000 500 333 627 627 366 766 0 850 0 750 200 99 800 675 166 466 427 449 100 0 850 566 0 250
