#Clarets 2018-11-26
75 -300 625 0 306 0 350 500 300 466 0 187 0 0 450 206 -400 391 1000 200 700 342 0 0 0 -133 0 0 0 250 0 0 520 0 0 0 0 100 0 0 1000 -400 0 850 1000 166 231 850 800 0 300 210 -400 0 0 0 0 250 -208 0 425 83 365 0 0 0 0 133 325 0 300 400 100 68 342 228 0 -900 500 0 200 16 0 77 642 68 68 68 -33 600 0 500 800 500 0 136 136 136 136 0
50 399 750 0 559 0 350 666 441 400 0 687 0 0 466 216 400 288 300 650 550 667 0 0 0 266 0 0 0 875 0 0 500 0 0 250 0 300 0 600 300 400 0 450 300 200 503 450 750 0 441 366 400 0 0 0 0 333 433 0 593 366 416 0 66 0 0 400 500 0 200 600 300 227 667 778 0 700 400 0 500 216 0 674 417 227 227 227 133 600 0 900 400 900 0 454 454 454 454 0
#NUFC 2018-11-26
0 0 0 257 0 0 0 -500 0 0 0 -166 500 -162 0 0 500 0 625 0 642 0 -260 -50 0 50 500 0 0 -204 0 0 0 0 0 0 0 0 200 0 0 0 500 0 0 0 0 58 0 0 0 0 -600 0 0 0 0 449 72 -600 -171 0 0 0 -56 6 0 0 199 0 0 0 0 0 0 -400 0 0 175 400 333 -87 0 0 200 150 500 0 -714 400 0 0 0 -83 -500 120 0 166 83 0
600 0 0 467 0 0 500 650 0 0 0 66 1000 387 0 0 875 1000 600 0 417 0 500 400 0 262 600 0 0 667 0 0 0 0 0 0 0 0 425 500 0 500 500 1000 0 0 0 461 0 0 0 0 800 0 0 0 0 400 700 800 377 0 0 0 408 200 0 0 600 66 66 0 500 0 0 400 0 0 245 450 122 337 0 0 1000 466 1000 0 857 425 0 0 0 216 550 385 0 450 99 0
#wwfc 2018-11-25
0 0 0 350 0 400 194 -133 300 100 192 0 28 0 0 0 0 21 0 -100 0 -19 125 0 0 0 300 0 0 0 0 133 266 500 500 100 478 0 0 0 0 375 366 0 -57 0 0 0 0 357 0 625 625 309 -139 800 0 0 0 277 0 0 1000 250 0 350 -1000 266 345 0 -200 24 24 0 400 500 700 0 183 700 511 511 800 0 -200 200 224 0 0 136 0 0 0 0 0 150 400 0 0 100
0 0 0 775 0 450 503 133 200 100 767 0 593 0 0 0 100 294 0 450 0 314 533 0 0 0 0 0 0 0 0 566 366 900 900 320 735 0 0 0 0 679 833 0 622 0 0 0 0 571 0 1000 1000 440 288 750 0 0 0 457 0 0 300 825 0 616 1000 508 418 0 233 433 433 0 400 500 600 0 745 600 354 354 400 0 250 100 652 0 0 500 0 0 0 0 0 50 400 0 0 1000
#HTAFC 2018-11-25
0 0 0 250 325 0 -291 500 0 0 0 0 0 500 500 83 0 587 -43 212 0 400 296 199 0 0 0 284 0 1000 500 650 0 0 0 166 0 500 0 0 200 550 387 781 450 0 0 450 -250 500 0 -400 125 345 333 633 0 0 0 0 0 0 250 -26 0 0 502 0 500 250 125 337 0 0 0 0 0 0 -100 -200 160 225 0 0 -300 0 1000 0 0 200 650 166 166 0 0 -500 259 0 322 293
0 0 0 500 1000 0 625 700 0 0 0 0 0 500 500 458 0 825 350 494 0 400 323 433 0 0 0 417 0 300 833 916 0 0 0 366 533 833 704 0 300 900 450 500 1000 0 0 1000 500 600 437 400 408 551 452 333 0 0 0 0 0 0 283 197 0 0 445 0 500 275 144 733 0 0 0 33 0 0 400 500 415 512 1000 0 350 0 1000 0 0 415 450 355 355 0 0 900 601 0 594 275
#AFCB 2018-11-25
0 0 0 0 0 0 176 700 0 468 600 0 700 -400 300 300 -116 100 237 0 325 350 500 0 0 0 425 0 0 1000 500 0 400 0 0 -77 0 0 0 368 0 0 0 -49 166 0 0 202 0 1000 0 -195 300 -400 -87 633 500 0 500 0 500 500 0 500 0 500 -400 500 0 0 500 150 0 85 0 136 650 0 1000 0 0 0 0 0 -57 0 0 49 283 425 387 350 175 -90 -100 150 619 461 0 74
0 0 0 0 100 0 456 750 533 500 600 0 783 400 200 200 216 400 350 0 662 425 888 0 0 800 525 0 0 300 500 0 262 0 0 144 0 0 0 677 0 0 0 404 466 0 0 644 0 300 0 450 0 400 894 333 500 66 500 0 500 500 0 500 0 500 400 500 0 0 500 275 0 417 0 266 450 0 1000 0 0 0 0 0 466 0 0 450 650 487 575 700 425 506 400 275 707 586 0 612
#AFC 2018-11-25
0 -200 0 0 0 0 0 0 0 0 -500 0 0 0 0 -295 0 0 0 0 0 178 0 0 650 0 0 176 0 0 0 272 325 400 0 0 -75 0 0 -200 1000 0 0 0 -195 500 0 0 1000 178 -400 0 200 0 0 287 0 0 500 0 -100 0 250 0 0 0 587 83 -200 0 250 0 100 68 500 412 500 0 0 178 0 62 200 227 0 0 0 500 195 0 0 350 -12 625 1000 500 0 -1000 250 0
0 200 0 0 0 0 0 0 0 0 500 0 0 0 66 570 0 0 0 0 0 751 0 100 625 0 0 456 0 0 0 444 375 1000 0 0 366 0 0 200 1000 0 1000 1000 750 500 58 0 300 751 400 0 100 0 66 530 0 0 500 0 400 0 500 0 0 0 825 666 200 0 580 1000 100 227 900 550 500 0 0 751 0 525 100 657 0 0 0 400 434 0 0 550 575 600 300 500 0 1000 333 0
#COYS 2018-11-24
-649 875 0 -300 250 600 450 0 0 0 0 0 -38 318 119 0 0 0 1000 0 612 0 0 600 27 50 0 0 0 0 0 0 266 312 0 350 0 375 1000 0 0 183 0 250 0 227 0 -125 500 100 100 0 0 456 0 1000 -100 136 0 250 0 -150 0 0 100 229 0 0 -50 318 0 -500 133 0 18 500 186 0 -10 160 0 0 0 800 0 227 133 600 800 0 50 100 0 0 0 -133 0 325 500 156
800 200 0 600 250 766 575 0 0 0 1000 0 280 539 523 0 0 0 300 0 925 0 0 750 482 433 0 0 0 0 0 0 300 556 0 650 1000 825 1000 0 0 350 0 750 0 526 0 133 600 366 500 0 0 534 0 1000 50 454 0 216 100 750 0 0 1000 326 0 0 400 425 0 950 683 0 368 800 534 0 426 539 0 0 0 1000 0 333 333 550 1000 0 162 775 666 0 333 199 0 325 650 495
#CFC 2018-11-24
309 600 0 890 0 0 0 178 0 0 0 0 -175 0 0 0 0 0 466 200 0 0 500 0 136 0 136 136 0 0 0 -300 1000 0 50 500 0 0 0 0 500 0 0 0 0 300 0 0 0 0 0 0 0 0 0 0 0 -178 0 0 0 0 0 -300 0 -100 1000 500 228 0 -300 0 100 1000 -200 50 1000 312 0 87 0 0 0 0 326 178 0 333 425 0 166 0 222 0 418 0 350 0 0 0
538 700 0 1000 125 0 0 751 0 0 0 0 641 0 0 100 0 100 666 900 0 0 150 400 454 0 454 454 0 0 0 600 300 0 433 500 0 0 0 0 744 0 0 0 50 100 0 1000 0 0 0 0 0 0 0 0 0 285 0 0 0 0 0 600 1000 500 300 150 635 0 600 0 0 1000 250 450 1000 500 0 270 0 0 0 0 586 751 0 450 300 0 833 0 446 0 656 0 550 0 0 0
#BHAFC 2018-11-24
309 0 0 0 0 0 0 0 475 149 -77 0 0 0 0 -100 0 0 -87 250 172 0 0 250 0 68 -155 0 309 125 0 0 0 337 250 0 1000 909 0 0 309 125 0 0 354 0 500 -27 500 -83 323 500 150 0 0 0 83 200 0 309 187 209 0 150 0 0 0 -100 666 0 180 -133 666 31 425 309 77 125 800 178 0 -33 305 170 0 300 -100 305 -100 -50 150 0 136 266 334 305 300 333 309 0
538 0 0 0 0 0 0 50 900 500 144 0 0 0 125 650 0 100 591 250 394 500 0 250 0 550 288 0 538 1000 0 250 66 687 250 0 900 780 700 0 538 266 0 0 666 50 1000 677 500 266 540 500 100 0 0 0 366 200 0 538 250 438 0 549 0 100 0 400 633 0 230 133 633 400 425 538 360 500 750 751 0 266 450 308 0 266 400 450 400 200 225 0 454 266 501 450 300 376 538 0
#LCFC 2018-11-24
309 0 0 0 550 0 0 0 0 1000 62 0 0 500 0 333 0 0 0 0 -145 0 -500 0 0 450 400 1000 58 80 0 -1000 500 0 0 0 0 309 0 -500 0 0 0 200 309 400 250 -400 193 202 350 400 -100 130 -133 87 -100 350 0 400 0 0 0 500 0 0 0 0 -99 0 -93 200 0 482 83 100 0 309 0 0 -154 309 0 0 305 0 0 0 0 309 -200 1000 0 31 -100 250 50 5 0 800
538 0 0 0 750 0 0 0 0 300 50 0 0 900 0 183 431 125 0 0 520 0 700 0 0 575 400 300 369 332 0 1000 500 0 0 0 0 538 0 900 0 0 0 187 538 200 354 400 500 766 400 900 400 245 155 137 400 550 0 1000 0 0 0 500 0 0 0 0 479 0 400 100 1000 525 366 1000 0 538 0 0 566 538 0 0 450 0 0 0 0 538 200 1000 250 250 400 950 200 300 0 1000
#EFC 2018-11-24
309 234 0 0 400 0 0 0 400 0 0 0 0 0 0 0 0 400 0 0 400 625 0 0 193 -194 0 500 0 250 400 344 0 400 500 -500 1000 0 0 1000 0 0 0 500 800 -100 -400 -100 0 0 0 0 400 500 0 0 0 0 0 450 900 0 0 366 0 381 0 0 0 0 130 0 900 17 128 -333 -278 400 195 0 0 0 0 0 350 0 0 0 366 0 -500 -100 0 0 0 500 1000 0 700 -500
538 763 0 0 400 0 0 0 1000 0 0 0 0 0 0 0 0 1000 0 0 700 700 0 0 416 288 0 500 66 312 1000 122 0 1000 575 700 300 0 0 300 0 1000 0 600 750 400 400 400 0 0 0 0 500 750 0 0 0 0 0 950 570 0 95 700 0 761 0 0 0 0 410 1000 900 607 244 500 528 600 440 0 0 0 0 0 350 0 0 0 500 0 700 100 0 0 0 1000 300 0 950 700
#cardiffcity 2018-11-24
0 187 0 375 187 187 0 350 625 0 136 0 100 241 500 0 100 83 136 100 500 -44 100 -400 0 0 -54 168 0 510 650 0 250 500 0 1000 650 800 0 0 500 0 434 0 0 0 0 0 0 0 0 0 500 0 0 500 562 150 0 0 500 418 0 500 500 650 0 0 0 0 307 0 -165 -150 575 0 0 0 0 850 307 500 400 -400 450 0 0 0 399 266 421 0 500 0 118 400 545 400 400 0
0 500 0 425 500 500 0 550 900 0 454 0 300 650 500 0 300 366 454 300 500 327 300 400 0 0 618 277 0 697 450 0 500 500 0 1000 450 400 0 0 500 0 488 0 0 0 0 0 0 0 0 0 500 0 0 500 625 224 0 0 500 527 0 900 900 450 0 0 0 0 414 0 430 399 775 0 0 0 0 950 414 800 600 600 583 0 0 0 399 283 522 0 800 0 377 600 781 600 333 0
#FFC 2018-11-24
0 200 166 214 500 263 127 600 0 -200 12 151 170 0 0 0 426 433 875 850 0 1000 362 136 0 0 0 0 350 333 0 0 0 0 0 136 0 800 0 500 0 0 0 500 500 500 0 -155 -155 -700 622 0 0 550 394 0 800 151 -125 675 136 600 0 0 0 433 400 0 0 500 151 170 0 194 500 0 0 0 100 625 -250 -83 -150 175 700 0 168 366 -100 350 450 500 -36 0 83 136 350 350 0 0
0 200 833 585 500 592 303 900 0 800 484 643 454 0 0 0 506 714 600 850 0 300 650 454 0 0 0 0 550 183 66 0 0 0 0 454 0 400 0 833 0 0 0 600 833 833 0 288 288 1000 615 1000 0 825 510 1000 400 643 475 425 454 1000 0 0 0 833 375 662 0 500 643 454 0 349 650 0 0 100 550 500 250 133 350 275 600 0 500 500 300 550 450 500 761 0 594 454 550 550 357 0
#SaintsFC 2018-11-24
-161 250 200 0 0 -66 600 500 250 0 136 87 -112 -800 166 285 52 0 0 0 261 800 0 0 0 270 0 0 0 0 0 0 0 0 136 0 0 0 -550 250 0 0 209 -700 125 250 800 285 0 100 100 100 0 -451 394 0 500 0 0 0 0 400 0 261 0 -57 0 -41 675 136 42 0 0 136 0 334 0 0 0 0 227 375 0 0 -150 200 -600 0 0 0 0 0 266 83 391 0 800 800 800 600
488 250 225 66 0 416 800 1000 200 0 454 650 225 900 833 535 323 0 0 0 477 950 0 66 0 308 0 0 0 0 33 0 1000 0 454 500 66 125 300 550 0 0 381 1000 333 362 400 535 0 0 0 0 0 500 510 0 500 0 0 0 0 1000 0 477 100 465 0 322 425 454 428 0 0 454 0 494 0 0 0 0 545 500 0 0 350 200 800 0 0 0 0 0 469 366 600 0 1000 1000 1000 1000
#MUFC 2018-11-24
68 309 0 0 500 0 234 450 0 0 0 712 0 -200 1000 0 0 500 -50 0 0 233 0 400 0 0 0 183 0 0 166 0 350 -400 500 400 159 375 633 500 466 -166 0 285 400 265 -175 -100 266 399 14 -66 -312 343 250 500 -300 107 500 235 -365 0 -733 0 -137 266 1000 450 383 0 0 1000 0 127 0 0 -500 0 0 0 -25 0 65 -39 0 -283 49 0 450 -105 500 0 233 225 0 100 88 0 0 -11
460 538 0 50 500 125 763 850 0 0 0 500 0 350 900 0 0 500 400 0 0 366 0 650 0 0 100 377 0 0 466 0 475 700 150 1000 438 449 733 500 833 833 0 535 800 561 475 200 641 633 229 683 687 518 250 500 500 670 250 440 663 0 950 0 800 499 300 300 750 0 0 1000 0 290 0 0 300 0 0 0 200 0 396 700 0 458 450 0 550 611 150 0 750 300 0 200 357 0 0 358
#CPFC 2018-11-24
500 0 1000 400 0 450 781 0 0 -15 100 0 261 0 0 500 -1000 -312 0 0 459 0 625 283 0 0 0 650 0 -625 0 0 0 0 170 200 187 0 0 0 400 500 0 -200 700 650 261 0 0 0 0 0 297 0 0 400 0 0 800 333 550 200 250 800 -201 0 0 83 0 0 0 300 400 261 0 196 800 0 0 0 0 316 166 112 0 500 100 33 800 0 0 0 450 0 0 200 0 0 136 500
888 400 1000 650 0 1000 600 0 0 443 900 0 477 50 0 694 1000 1000 0 125 659 0 600 516 125 0 0 250 0 1000 0 0 0 0 500 500 600 0 0 0 400 500 0 412 600 250 477 0 0 0 0 0 522 600 0 550 0 0 750 566 800 400 333 400 296 0 0 366 0 0 0 1000 500 477 0 402 400 466 357 0 500 570 199 462 0 500 50 166 400 0 66 0 449 0 0 400 0 0 500 399
#WatfordFC 2018-11-24
0 -179 199 168 300 50 296 800 -833 225 0 416 600 0 49 0 164 186 285 500 333 -16 0 133 325 500 425 0 155 0 -156 -75 496 214 458 118 0 0 0 -800 -833 -400 140 1000 0 136 399 416 600 0 0 455 184 0 666 -150 0 140 350 -75 418 49 178 164 186 285 255 133 500 0 500 0 -205 83 140 0 0 0 -833 0 199 178 175 0 200 99 -312 -300 293 380 0 49 90 500 0 0 68 0 2 -400
0 383 566 477 350 325 687 600 1000 600 500 566 800 0 300 0 392 205 560 916 183 133 0 600 500 750 487 0 325 0 843 300 453 428 466 677 0 0 0 1000 1000 400 330 1000 0 454 366 566 800 250 100 779 406 0 866 500 0 537 400 300 527 300 484 392 205 560 704 600 600 0 275 0 246 366 330 50 0 0 1000 0 566 484 275 0 300 666 533 250 425 602 0 799 303 500 0 0 227 0 557 400
#LFC 2018-11-24
-625 309 250 0 75 418 -400 0 0 462 136 0 400 1000 0 0 0 378 266 1000 0 -250 1000 0 234 300 0 500 0 1000 219 133 875 199 0 0 136 0 156 267 322 0 260 399 0 291 366 136 350 0 378 136 200 799 0 136 250 449 34 -87 0 0 468 0 78 136 0 -50 -83 0 900 233 500 0 0 501 281 118 0 136 1000 136 200 260 0 136 -50 500 136 0 136 50 204 1000 136 136 136 0 568 178
1000 538 500 0 475 577 550 0 0 400 454 0 200 400 0 0 0 651 494 400 0 888 750 0 763 0 0 600 0 400 379 458 600 566 0 0 454 0 368 750 370 0 260 400 0 433 561 454 462 0 526 454 300 450 0 454 500 400 776 500 0 0 602 112 547 454 0 400 799 0 1000 366 888 0 0 727 442 727 0 454 400 454 500 260 0 454 400 600 454 0 454 550 559 400 454 454 454 158 377 333
#WHUFC 2018-11-24
0 -175 500 -100 -400 136 0 0 400 0 500 0 306 0 0 238 0 400 0 285 500 500 0 500 -66 0 0 -100 0 0 0 0 550 0 200 0 800 -395 125 0 0 83 0 500 0 22 22 22 312 0 0 0 0 285 -183 175 0 112 0 100 100 100 100 0 0 238 200 400 0 0 0 0 0 178 350 494 0 0 -100 0 24 0 -183 399 333 0 175 0 0 250 -100 0 0 0 218 0 1000 0 568 0
0 641 833 400 700 454 0 0 700 0 500 0 450 0 0 511 500 375 0 535 888 500 0 600 366 0 0 400 66 0 0 500 750 0 100 500 1000 770 150 0 0 366 0 500 0 194 194 194 333 0 0 0 357 535 650 400 0 462 0 50 0 0 0 0 0 511 400 800 0 0 400 0 0 534 550 420 0 0 400 66 350 0 650 400 700 0 400 0 433 333 400 0 0 0 525 0 300 0 750 0
#MCFC 2018-11-24
309 0 234 -121 0 340 200 0 0 500 0 -178 95 350 0 166 -100 1000 200 500 0 136 250 0 0 0 107 0 0 0 65 0 0 500 0 500 500 568 0 0 87 0 238 416 350 500 0 0 0 0 50 -166 -250 0 0 0 0 -162 0 0 87 416 0 0 400 500 0 -248 0 0 0 0 200 285 250 416 0 135 125 375 87 0 0 700 0 500 500 -250 502 0 500 0 -250 0 0 0 250 0 0 0
538 0 763 514 0 459 300 0 500 1000 0 285 211 544 0 466 400 300 100 150 400 454 875 0 0 0 670 0 0 0 396 0 0 500 0 150 500 845 0 0 270 0 511 500 550 500 0 0 0 0 50 433 500 0 0 0 0 450 0 1000 270 500 0 0 400 150 0 473 0 0 0 0 200 535 333 500 0 297 750 200 270 0 0 833 500 500 150 525 722 0 1000 0 1000 0 0 0 365 0 0 0
#AFC 2018-11-11
0 114 0 156 0 0 83 500 800 0 0 500 0 0 0 334 226 0 0 216 -133 500 0 334 0 367 0 0 0 0 0 125 92 0 0 334 0 0 0 0 400 200 0 0 533 566 392 0 0 316 -210 0 0 333 0 0 312 0 250 0 116 0 -200 0 0 0 334 0 0 250 0 0 250 93 -288 -83 100 0 123 500 500 0 350 250 0 334 0 0 -166 697 700 0 232 367 0 -750 0 466 0 200
0 420 0 550 0 250 616 500 1000 97 0 500 0 0 0 413 413 0 0 466 375 600 0 413 66 430 0 0 0 0 0 187 528 0 0 413 0 0 0 0 800 200 0 0 900 716 705 0 1000 377 890 0 0 666 1000 0 333 0 549 0 605 0 600 316 0 0 413 0 0 300 0 0 650 468 311 83 900 0 341 750 1000 0 550 333 0 413 0 0 166 535 800 0 300 430 0 900 0 308 0 900
#wwfc 2018-11-11
0 1000 -166 0 354 750 400 0 0 0 300 0 100 909 909 100 600 0 800 -244 0 0 0 1000 181 0 -400 0 136 -349 -50 450 0 -21 0 285 0 0 0 0 -200 0 500 0 500 0 0 0 400 0 266 0 1000 -62 -62 0 500 176 0 -141 800 0 0 0 0 500 0 -505 0 266 -66 285 0 300 0 500 433 268 800 500 0 0 0 -120 -120 0 231 -19 225 0 0 800 100 0 0 -83 150 650 333 500
0 750 500 100 505 400 400 0 0 0 750 66 300 780 780 200 1000 0 400 799 0 0 0 750 620 0 400 100 454 566 287 750 0 467 0 535 0 0 366 0 700 0 500 0 1000 0 0 0 800 0 300 0 300 337 337 0 1000 440 0 347 1000 0 66 0 0 750 0 1000 0 466 38 535 250 550 0 500 646 450 1000 500 0 618 0 470 470 66 393 386 416 0 0 1000 100 0 0 116 375 750 666 900
#MCFC 2018-11-11
285 284 225 0 0 500 284 800 0 500 -800 600 0 500 0 0 -500 0 0 134 136 136 0 0 0 -100 0 0 800 0 250 418 0 307 0 1000 0 412 150 400 0 0 -400 87 250 625 0 0 -150 -9 500 178 300 0 0 200 0 0 -250 0 0 225 0 518 296 68 0 159 0 0 300 0 266 0 0 375 0 218 0 0 234 0 0 0 309 500 350 0 0 83 212 0 500 167 0 0 -155 0 0 400
535 513 531 0 0 650 513 750 0 600 900 900 0 300 0 0 1000 100 100 813 454 454 0 0 0 400 0 0 400 0 400 577 0 704 0 700 0 700 700 150 0 0 500 587 312 775 0 1000 350 371 500 751 305 0 0 500 0 0 750 0 0 316 0 677 596 727 400 301 0 0 200 0 500 0 0 750 0 381 0 0 763 0 0 0 538 750 550 0 0 216 318 0 650 250 0 400 288 500 0 400
#MUFC 2018-11-11
0 284 136 0 0 700 136 -83 0 500 -400 284 500 0 -400 -375 400 0 83 0 0 285 800 0 0 0 200 125 100 325 0 1000 200 0 0 0 0 0 0 0 0 0 -17 134 375 -600 0 500 0 0 0 85 0 0 0 -500 0 0 0 0 -312 50 0 -162 0 0 274 0 14 307 -150 0 500 200 5 1000 0 0 412 0 0 500 0 0 0 0 -199 300 161 87 136 250 86 16 -399 200 136 0 187 566
0 513 454 0 100 600 500 116 0 650 600 513 600 500 400 600 350 1000 616 0 0 535 400 0 0 0 200 500 400 784 0 1000 300 0 0 0 0 0 0 0 100 0 265 813 1000 900 0 600 0 0 0 227 99 0 0 299 0 0 0 0 687 191 0 697 0 0 650 0 857 704 900 0 600 300 182 700 0 0 700 0 0 600 0 0 0 0 600 500 188 587 500 312 700 716 625 585 500 66 606 533
#CFC 2018-11-11
-500 0 0 268 0 350 0 0 -325 -125 0 600 500 0 325 0 334 41 0 206 0 -100 800 0 700 200 334 300 -200 0 0 0 0 0 0 0 367 0 500 0 0 -104 0 334 500 1000 0 0 0 200 178 0 850 0 200 300 -133 375 0 0 266 100 0 400 -500 800 0 234 334 0 0 600 309 0 0 0 250 212 0 659 0 500 500 334 500 0 0 -388 800 800 500 367 0 166 0 -800 199 0 0 0
1000 0 0 627 0 415 0 0 1000 200 66 1000 600 0 784 0 413 266 0 760 0 500 750 0 700 500 413 500 200 0 0 600 0 0 0 0 430 0 900 0 0 250 0 413 600 1000 0 0 0 200 751 0 600 0 300 0 633 400 400 0 500 199 0 900 1000 400 0 350 413 0 0 800 538 0 0 0 750 318 0 720 0 750 700 413 750 0 0 833 1000 1000 900 430 0 333 0 900 500 0 750 0
#EFC 2018-11-11
284 0 0 200 0 0 0 0 0 0 199 400 227 200 0 0 200 200 0 0 0 189 375 375 375 375 -48 0 0 125 0 0 178 0 0 -62 525 200 400 700 0 0 250 0 0 0 0 0 0 0 0 234 0 0 309 400 100 200 0 0 0 0 -100 0 -800 0 100 0 500 118 200 0 0 -187 -69 250 0 256 0 -400 0 0 350 -200 0 1000 600 -150 100 1000 91 0 650 284 625 0 333 100 0 0
513 0 0 100 66 1000 1000 1000 0 50 627 1000 545 500 0 0 500 500 0 100 0 479 500 500 500 500 399 0 0 750 0 0 751 0 0 187 366 650 900 900 0 400 250 0 0 0 0 0 887 0 0 763 0 0 538 800 1000 300 0 0 0 0 400 0 900 0 139 0 700 475 500 0 1000 500 600 250 0 216 0 600 0 0 500 400 0 300 750 700 400 300 616 0 500 513 900 0 333 502 0 0
#LFC 2018-11-11
0 1000 225 400 0 100 0 0 -375 1000 0 0 500 114 0 866 0 0 156 0 344 0 -200 1000 1000 0 900 250 1000 200 334 1000 1000 400 900 0 1000 1000 0 0 1000 134 1000 1000 1000 1000 1000 1000 1000 1000 160 250 0 334 0 125 -312 0 0 500 250 0 0 0 367 1000 0 500 0 284 1000 188 0 250 400 -300 334 0 0 33 175 1000 178 0 1000 0 300 1000 1000 1000 0 0 0 375 1000 -450 -62 1000 1000 1000
0 400 531 800 0 100 0 0 400 400 0 0 650 420 0 366 0 0 300 0 551 0 700 400 400 0 1000 1000 400 100 413 400 400 875 650 0 400 400 0 0 400 813 400 400 400 400 400 400 400 400 360 666 0 413 0 229 687 0 0 500 700 50 0 0 430 1000 0 500 0 513 400 372 0 500 500 200 413 0 0 466 550 400 751 550 400 0 549 400 400 400 1000 0 0 362 400 700 187 400 400 400
#FFC 2018-11-11
0 0 0 0 0 450 0 175 0 500 200 250 0 0 0 0 0 -200 -400 -20 0 0 633 0 -400 0 0 0 0 0 500 0 0 0 500 475 0 0 -125 312 600 0 0 0 0 0 -976 -175 -41 0 0 0 0 0 7 1000 100 0 0 0 0 0 -133 500 0 -244 -100 0 0 0 0 136 150 0 150 0 150 0 0 68 250 0 300 250 62 1000 -291 0 -400 250 600 0 -100 -308 0 200 -500 0 99 -200
0 0 0 0 0 950 0 875 0 500 200 312 0 0 0 0 0 250 500 300 0 0 783 0 400 0 0 0 0 0 600 0 0 0 600 400 0 500 375 333 900 0 0 0 0 0 900 441 566 0 0 0 0 0 500 750 312 0 0 0 0 0 419 500 0 750 0 0 0 0 1000 454 650 0 650 0 650 0 0 227 500 0 950 250 150 300 500 0 1000 333 733 0 0 766 0 550 650 0 616 100
#CPFC 2018-11-10
0 0 0 0 0 100 -900 0 -312 0 0 500 0 0 0 0 100 406 0 149 0 -433 0 0 -800 0 712 378 0 0 136 0 212 0 136 800 0 0 400 0 0 200 1000 0 -312 -312 0 -35 74 0 0 0 47 458 0 976 100 109 175 0 0 0 629 0 5 40 237 136 500 -250 0 800 0 0 100 0 0 0 0 0 0 114 0 0 -400 367 0 -312 347 378 0 -143 500 -156 100 0 0 0 0 0
0 0 0 0 0 400 1000 0 1000 0 0 600 0 0 0 0 50 383 0 675 0 866 0 0 850 0 875 555 0 0 454 0 500 0 500 1000 0 0 400 0 0 900 1000 0 1000 1000 0 71 687 0 0 0 594 700 0 600 400 500 200 0 0 0 715 650 414 310 250 454 500 500 0 1000 0 0 550 0 0 0 0 0 0 508 0 0 400 438 0 1000 522 468 0 284 600 510 200 125 0 1000 0 0
#COYS 2018-11-10
45 0 66 250 0 0 0 900 0 0 0 0 0 0 0 0 0 350 0 -119 0 -455 1000 0 381 6 250 600 0 500 149 100 0 300 142 0 0 102 433 0 0 136 1000 446 0 0 276 800 500 0 300 0 412 183 545 0 0 144 -312 0 0 500 300 200 0 0 0 200 0 333 1000 0 312 233 400 -12 -350 200 0 -1000 0 192 0 0 0 0 196 900 390 125 -125 -257 212 0 1000 500 500 900 0 0
659 0 549 500 0 0 0 700 0 0 0 0 0 0 0 0 0 950 0 510 1000 541 1000 0 486 333 250 950 0 1000 500 1000 0 450 517 0 0 457 366 0 0 454 300 535 1000 0 477 900 500 0 850 0 784 433 651 0 0 533 1000 0 0 500 100 300 0 0 0 400 0 233 1000 0 300 391 233 317 622 200 1000 900 0 734 0 0 0 0 750 900 700 400 577 717 600 0 1000 1000 1000 900 0 0
#HTAFC 2018-11-10
1000 0 375 0 0 -312 1000 0 400 -50 0 600 649 65 -150 -400 0 0 0 750 750 -312 -312 250 0 0 0 0 0 800 50 0 0 -266 512 321 0 0 -212 0 0 0 -500 0 -500 193 -312 900 433 250 133 384 -21 -450 -400 0 300 136 133 48 0 -102 132 0 312 312 -400 0 0 -125 0 0 0 33 62 0 125 0 0 500 500 200 0 62 125 0 500 114 0 400 1000 166 166 136 0 0 437 250 333 0
300 0 750 0 0 1000 1000 0 1000 300 0 1000 800 427 333 400 0 0 0 900 900 1000 1000 650 0 1000 0 0 0 400 250 0 500 366 456 558 0 0 583 0 0 0 700 0 700 475 1000 1000 683 294 466 563 485 700 400 0 455 454 466 496 1000 344 470 0 900 900 400 0 0 375 0 0 0 33 483 0 166 0 0 900 900 900 0 483 166 0 1000 333 0 800 300 300 300 454 0 0 333 250 416 0
#WHUFC 2018-11-10
0 100 0 0 70 -100 700 250 700 100 0 -312 224 246 0 0 165 350 33 0 0 350 0 404 0 0 550 75 147 0 0 -312 -312 533 0 -293 -100 0 0 -17 -194 -194 -194 -250 250 0 33 400 800 712 0 0 -388 0 27 0 0 400 0 -312 0 433 400 0 162 400 400 400 0 0 0 -137 0 112 0 0 0 0 0 500 136 50 0 0 0 50 400 400 400 0 0 -35 0 183 0 0 353 220 750 108
0 400 0 0 490 200 850 550 600 400 0 1000 500 600 66 0 727 550 283 400 0 550 0 799 0 0 950 237 483 0 0 1000 1000 633 0 450 200 0 0 308 466 466 466 500 583 0 66 350 875 825 0 100 833 0 555 0 0 800 1000 1000 0 633 700 390 449 400 400 400 0 1000 0 475 125 287 0 0 0 0 1000 500 454 353 0 0 0 600 800 800 800 0 0 278 0 660 0 0 560 394 400 461
#LCFC 2018-11-10
0 0 550 0 -150 395 0 0 -312 583 0 -326 0 -400 0 0 0 458 425 0 66 0 0 0 0 0 277 -1000 0 0 0 -308 0 175 0 0 0 -312 -312 0 0 0 0 0 566 300 309 -300 0 0 233 0 224 -100 116 0 0 0 0 -400 0 700 0 -93 666 -50 -4 200 -150 0 0 0 -59 500 150 125 -270 -31 0 0 468 333 0 -31 -383 199 122 -50 0 100 300 0 22 250 500 0 0 -1000 -212 99
0 0 750 0 300 568 100 0 1000 233 0 573 0 400 0 0 0 566 516 0 233 0 0 0 0 1000 568 1000 0 0 0 616 0 525 0 455 0 1000 1000 0 0 0 0 0 666 625 538 400 0 0 533 0 436 1000 216 100 0 0 0 400 0 600 0 218 600 387 333 200 449 825 0 0 478 500 475 216 500 437 142 0 750 666 0 328 541 833 341 300 0 200 1000 0 211 900 500 0 100 800 950 450
#Clarets 2018-11-10
650 312 -312 0 136 0 -166 -312 -312 312 0 -312 -16 0 0 -57 0 200 400 1000 458 166 -100 500 83 416 500 -16 56 0 164 0 350 164 0 0 800 0 0 0 0 131 50 142 200 333 0 0 0 310 0 703 0 0 0 0 0 0 0 0 400 400 95 239 350 0 400 239 0 0 950 0 -150 250 -388 800 850 0 -83 11 -93 -166 -206 0 0 100 800 141 250 316 0 116 0 100 428 450 250 0 154 0
450 440 1000 0 454 0 333 1000 1000 500 0 1000 311 0 0 552 0 900 800 300 466 611 250 500 350 750 900 311 201 0 471 0 550 471 0 0 400 0 0 0 0 125 700 517 900 333 0 0 0 526 0 693 0 0 125 0 0 0 0 0 233 800 678 354 650 0 400 354 0 0 950 0 400 233 833 1000 500 0 83 222 653 166 325 0 50 100 200 458 850 350 0 144 0 400 611 650 500 66 372 0
#NUFC 2018-11-10
111 0 -12 0 200 150 100 0 -199 -250 -250 -250 0 -333 0 750 0 0 50 533 -312 140 0 1000 0 126 300 300 -699 -699 -699 -349 137 128 0 0 70 134 0 0 166 0 -12 0 0 266 0 0 491 0 0 1000 0 0 0 700 0 800 0 625 155 100 0 0 265 0 0 100 0 51 0 200 178 0 0 272 250 700 0 0 100 150 0 0 -300 0 136 125 570 0 491 0 -312 0 272 550 -312 466 0 -500
311 0 237 0 400 375 400 0 483 875 875 875 0 533 0 1000 0 0 466 683 1000 625 0 300 0 353 400 425 666 666 666 333 449 570 0 566 463 813 0 0 333 0 237 0 600 383 0 0 841 0 0 300 0 0 0 900 0 1000 0 500 609 200 0 0 484 0 0 400 100 466 0 300 751 0 0 455 500 600 0 1000 200 577 0 0 437 0 454 100 893 300 841 0 1000 0 455 950 1000 346 0 650
#AFCB 2018-11-10
0 0 -194 211 -312 0 0 0 -400 -343 -250 300 0 0 0 -100 -800 0 100 145 483 112 475 616 0 16 -100 -26 136 0 416 431 0 -312 -312 0 0 0 0 0 0 0 0 362 362 362 0 0 250 250 250 650 50 237 -37 625 0 100 366 133 175 -99 500 1000 0 333 500 750 0 0 500 600 0 0 250 500 0 125 0 500 -312 136 500 440 0 0 0 0 0 0 0 0 0 0 225 33 250 83 80 500
0 0 791 513 1000 0 0 0 400 750 250 485 0 0 0 450 1000 0 500 263 477 318 516 758 0 612 449 378 454 225 500 526 333 1000 1000 0 0 0 400 0 100 0 0 495 495 495 100 0 333 333 333 850 50 587 370 666 0 679 700 783 609 300 900 1000 0 666 500 900 0 0 600 799 0 600 333 500 0 166 0 322 1000 466 1000 520 1000 0 0 0 66 0 0 133 0 1000 450 99 333 583 580 1000
#SaintsFC 2018-11-10
0 0 0 277 0 762 -300 462 233 -333 750 0 0 0 -53 330 -1000 450 -400 250 500 -312 333 49 -400 0 -50 -116 222 200 0 400 0 0 -400 0 500 500 -225 -99 0 0 -483 -375 800 -700 7 333 291 90 1000 30 800 344 800 15 125 83 383 14 0 -500 25 500 0 0 -200 0 0 0 175 -87 500 338 -312 339 333 -600 -312 71 0 433 0 -300 0 -800 0 -700 666 0 350 0 0 0 136 0 443 0 50 99
0 0 1000 555 1000 850 600 600 687 388 1000 0 0 0 432 470 1000 850 400 750 500 1000 666 412 400 766 450 690 611 200 0 375 0 0 700 0 600 600 325 373 0 0 577 750 750 1000 547 666 567 487 300 492 400 600 750 537 750 244 666 519 181 1000 183 833 0 0 383 0 0 0 550 666 500 450 1000 425 600 700 1000 422 0 549 0 600 0 750 250 1000 861 0 466 0 0 0 500 0 725 200 50 480
#WatfordFC 2018-11-10
0 24 500 -312 136 0 375 136 309 0 0 0 0 -700 0 1000 344 0 1000 -181 277 0 153 -66 0 468 0 -312 -312 0 -250 -450 609 -700 168 136 500 309 0 196 0 468 0 50 0 300 -166 400 136 193 -400 -133 0 0 -250 0 136 125 66 -181 0 277 153 -66 400 -312 -100 500 200 666 100 422 0 136 -195 500 0 300 266 350 0 0 0 0 0 0 213 -400 -400 0 136 -400 0 136 387 500 0 522 0 0
0 517 500 1000 500 0 550 500 551 0 0 0 0 1000 0 300 600 0 300 268 449 0 423 38 0 727 0 1000 1000 0 200 700 551 1000 377 500 600 551 0 463 0 727 0 162 0 366 1000 700 454 393 400 485 0 0 888 0 454 291 600 268 0 449 423 38 700 1000 200 450 450 800 400 617 0 454 375 500 0 300 416 550 0 0 0 0 0 0 454 400 400 500 454 400 0 500 790 750 0 527 0 500
#cardiffcity 2018-11-10
-312 166 0 725 0 0 166 0 -312 -312 333 -100 0 -312 0 233 0 0 0 800 433 0 0 100 0 295 433 500 433 433 600 433 -200 295 0 60 -180 66 52 500 187 0 0 0 400 400 56 164 0 466 164 0 28 116 0 800 500 0 0 0 600 0 120 500 0 50 250 0 285 0 0 600 0 300 0 0 600 0 307 400 0 400 -133 175 -187 0 324 0 239 239 0 -155 0 700 0 141 500 500 250 0
1000 666 0 1000 0 233 211 0 1000 1000 533 300 0 1000 0 366 0 0 0 750 466 125 66 200 0 490 450 500 450 450 450 450 800 490 0 428 386 433 377 500 425 0 0 0 900 900 201 471 0 388 471 0 511 433 0 400 500 0 0 0 900 0 373 500 0 700 300 0 535 0 0 900 0 525 0 0 900 0 414 1000 0 1000 166 700 500 0 700 0 354 354 0 288 0 600 0 458 500 500 333 0
#BHAFC 2018-11-10
0 0 0 0 0 0 0 -312 136 0 500 0 0 8 -714 0 461 238 -357 475 0 0 24 0 178 0 0 366 0 0 -312 -312 0 21 0 309 0 0 0 0 0 0 0 0 -100 0 0 0 -200 123 -200 0 166 0 161 1000 0 0 175 0 0 75 0 -41 49 0 357 0 -312 0 333 0 875 800 0 -250 172 -200 178 250 -100 166 -400 0 1000 100 250 -83 0 309 250 0 350 87 123 0 150 175 -175 200
0 0 0 1000 0 0 0 1000 454 0 500 0 0 141 857 0 609 820 928 425 1000 0 550 0 751 0 0 408 0 0 1000 1000 0 254 0 538 0 0 0 0 0 0 0 0 200 0 0 0 400 432 400 0 333 0 793 300 0 0 350 125 0 550 0 317 575 0 571 100 1000 0 1000 0 600 1000 0 250 383 100 751 333 400 133 400 0 1000 400 250 83 76 538 300 1000 550 626 432 0 211 600 700 683
#HTAFC 2018-11-05
446 0 625 133 500 0 600 0 0 800 0 0 800 60 143 170 312 600 0 400 0 500 -20 100 400 0 700 500 366 0 16 50 400 327 0 800 400 223 -200 193 0 350 -155 400 100 466 0 0 200 150 200 0 0 -625 400 -155 0 0 0 -600 250 500 0 100 0 0 0 116 400 0 0 0 0 -350 350 0 50 44 800 0 0 368 0 0 0 250 0 -20 266 194 -77 142 0 70 0 0 0 0 0 0
571 0 1000 900 550 0 450 0 0 400 0 0 1000 405 437 454 250 650 0 900 0 500 340 400 333 0 600 550 400 0 449 250 700 686 0 400 700 335 800 475 0 550 288 800 900 666 0 0 200 300 900 0 0 1000 800 288 0 100 0 950 250 600 0 300 66 100 0 683 850 0 0 0 100 800 550 0 250 202 750 0 0 475 66 550 0 400 0 166 766 322 144 267 0 163 0 0 0 100 0 0
#FFC 2018-11-05
0 0 600 0 -120 86 500 0 0 0 500 0 400 0 166 0 0 0 0 136 0 500 0 0 -500 -99 625 136 0 -389 0 -166 -100 211 700 -266 400 0 0 0 0 0 500 0 0 0 0 0 0 0 400 0 237 0 800 0 500 0 0 0 0 500 0 0 400 0 0 200 400 1000 -250 0 800 0 -200 0 0 -250 500 0 -21 0 0 625 500 0 875 0 0 0 0 170 800 875 0 227 0 0 0 0
0 0 1000 0 720 535 550 0 0 0 500 0 333 0 466 0 0 0 0 500 0 550 0 0 1000 833 750 454 0 344 0 433 300 322 799 600 800 0 0 0 0 0 500 0 0 0 0 0 0 0 800 100 362 0 1000 0 500 0 0 150 0 500 100 0 850 0 100 100 900 1000 250 0 750 0 200 66 0 250 500 1000 518 0 75 900 900 0 600 0 0 150 0 500 1000 600 0 545 0 0 0 500
#CFC 2018-11-04
500 0 0 0 0 0 800 350 -6 0 -100 -66 333 -100 0 285 675 367 0 0 200 -33 0 500 0 400 0 266 433 266 19 0 0 0 -84 200 0 0 -1000 400 0 0 -99 0 218 367 0 0 0 0 0 0 666 0 0 0 250 0 500 136 136 136 136 136 0 0 0 625 0 -160 119 0 -400 0 0 188 0 0 100 0 0 0 -346 367 316 -22 0 458 -400 0 0 136 0 0 0 200 283 520 -600 250
566 0 0 0 0 0 750 650 150 0 400 418 666 350 0 535 500 430 0 0 200 155 0 500 0 500 0 666 833 600 262 0 0 0 463 950 100 0 1000 375 0 0 700 0 825 430 0 125 50 0 0 0 666 125 125 0 500 0 566 500 454 454 454 454 0 0 0 500 0 459 301 0 700 0 0 227 0 0 966 0 0 0 725 430 461 455 0 583 600 1000 1000 454 1000 1000 0 300 350 666 900 250
#CPFC 2018-11-04
0 0 0 0 0 0 0 250 137 0 0 0 550 0 0 62 233 0 0 0 96 137 0 187 500 800 -400 -250 300 -200 0 0 0 41 -466 0 0 0 450 -87 0 500 500 500 0 250 0 0 -1000 0 471 300 0 0 400 0 350 200 400 250 500 0 58 390 58 58 0 0 0 0 -69 100 300 0 0 0 0 500 125 -181 50 136 333 0 0 -175 0 0 0 0 0 114 0 400 41 0 -149 -62 22 128
500 0 0 0 0 0 0 333 762 0 0 0 750 1000 0 100 833 0 0 0 233 762 0 437 500 750 700 250 900 100 0 0 0 408 1000 0 0 0 575 762 0 500 500 500 0 450 0 0 1000 0 713 200 0 0 1000 0 650 250 850 500 750 500 366 283 366 366 0 0 0 0 466 300 200 0 0 0 0 500 400 727 50 454 833 0 0 450 0 0 0 0 0 416 0 900 236 0 650 187 594 373
#MCFC 2018-11-04
200 -600 433 0 0 0 500 0 0 0 -200 0 12 200 1000 -66 0 239 0 0 500 100 367 0 -140 0 0 458 0 0 0 800 0 0 0 78 0 500 0 500 0 -84 321 0 0 550 0 0 0 350 -281 367 0 -150 200 0 0 0 0 0 0 -50 -400 -116 0 0 480 0 287 0 0 0 188 100 0 575 0 500 367 136 -250 418 12 0 -175 116 0 266 -62 250 0 0 500 500 136 0 0 -58 0 0
300 700 733 0 0 0 500 0 0 125 100 0 331 343 1000 333 0 321 50 0 500 537 430 0 318 0 0 750 0 50 0 750 600 0 0 818 0 500 0 500 0 463 608 100 0 825 0 0 0 650 593 430 0 400 200 0 0 0 0 0 0 449 400 716 100 0 360 0 638 0 0 66 227 100 0 575 0 500 430 454 500 462 518 0 725 199 0 427 187 375 0 0 500 888 500 0 0 308 0 0
#SaintsFC 2018-11-04
-181 0 0 0 425 0 0 -500 0 625 500 0 492 800 -121 0 750 167 0 475 0 0 280 387 100 -100 0 -150 200 0 325 900 800 500 0 376 500 136 0 0 129 166 416 0 -166 0 800 250 1000 0 97 333 -700 -500 0 125 0 0 0 7 0 400 -250 149 350 0 0 68 0 -175 -71 0 0 400 400 400 400 200 250 0 0 0 0 312 50 -350 -100 0 -500 0 700 0 0 0 0 0 600 -500 -500 -500
450 0 0 0 775 100 0 1000 0 500 500 0 567 700 273 0 500 240 0 537 600 0 302 337 100 200 0 399 200 125 463 1000 1000 500 0 404 888 500 0 0 460 333 583 0 166 0 400 550 300 0 208 666 1000 400 300 200 0 0 100 394 0 850 888 500 650 0 0 375 0 591 767 0 0 400 400 400 400 200 333 0 0 0 250 800 50 400 638 0 500 0 962 0 0 0 0 0 900 1000 1000 1000
#wwfc 2018-11-03
0 0 470 250 0 -400 0 -100 0 183 0 0 483 0 633 437 500 0 89 166 0 216 166 -89 -62 0 -77 800 0 200 238 0 -400 0 0 250 0 -100 -300 166 166 -3 -125 -153 -66 0 375 137 0 0 68 300 0 201 0 69 0 0 -175 0 300 0 0 0 0 500 0 0 0 625 625 800 800 0 0 168 0 199 625 81 0 800 175 0 214 16 0 0 0 0 90 0 500 100 100 250 100 0 0 0
0 0 520 450 0 400 0 537 0 583 0 0 283 0 800 625 500 0 493 316 0 533 333 370 900 0 144 875 0 200 549 0 400 0 0 250 0 50 600 188 188 464 375 646 483 0 625 387 0 0 352 950 0 421 0 206 0 0 825 0 500 333 125 0 0 500 0 0 0 900 900 400 400 0 0 400 0 488 900 430 0 750 500 0 500 391 0 0 0 0 423 0 500 300 300 850 100 0 500 0
#COYS 2018-11-03
0 125 100 800 57 0 700 93 400 0 0 100 0 0 400 -75 200 202 0 136 0 0 55 0 -156 0 0 1000 0 -200 -250 0 0 400 0 25 1000 0 800 -781 0 0 375 0 0 400 -100 318 725 350 700 444 0 362 800 0 1000 250 700 0 -400 0 0 100 500 608 100 400 399 0 -50 0 0 350 -500 425 -566 -13 66 0 0 244 137 639 445 -83 0 0 0 0 0 0 0 333 193 562 976 0 0 178
0 200 200 750 382 366 1000 793 900 0 0 500 0 0 900 366 200 804 0 454 0 0 700 0 343 0 0 750 0 400 1000 0 0 600 0 477 1000 0 966 1000 0 650 200 0 0 400 200 727 866 800 600 620 0 400 750 0 650 444 600 0 400 0 0 1000 500 611 1000 562 800 0 400 0 0 650 700 600 766 397 666 0 0 577 277 855 584 305 0 0 0 0 0 0 0 833 441 550 600 0 0 284
#AFC 2018-11-03
800 125 0 0 250 411 0 325 136 0 -500 0 66 0 0 0 212 66 0 66 -100 0 0 0 0 500 0 24 -333 100 500 0 0 -1000 0 295 0 -155 126 453 0 0 0 0 0 325 0 0 0 200 0 0 0 1000 400 136 0 136 0 136 -200 0 0 0 -33 0 800 0 0 125 -240 301 318 0 -155 600 136 0 0 128 500 152 0 700 -400 200 217 0 600 0 -50 0 0 625 600 0 500 250 0 0
1000 125 0 0 400 716 0 516 500 0 900 0 133 0 650 0 451 133 0 133 200 0 0 0 0 500 0 241 1000 405 600 0 0 1000 0 429 0 288 373 625 0 0 0 0 0 366 0 0 0 300 1000 0 0 300 400 500 0 454 500 454 250 0 0 0 533 0 1000 0 650 350 738 494 727 250 574 1000 454 0 0 507 500 527 0 600 400 200 525 0 900 0 400 125 0 500 1000 0 500 100 0 0
#LFC 2018-11-03
300 500 0 1000 68 68 68 200 0 0 0 -600 136 0 500 -125 178 211 0 -187 68 -169 1000 0 -500 134 0 0 800 800 800 1000 1000 1000 400 -114 0 136 1000 21 0 0 0 0 0 0 343 0 -500 0 136 87 134 250 1000 568 250 200 0 0 550 0 0 -145 0 421 68 543 136 0 234 0 0 250 0 -166 156 1000 0 233 62 200 595 1000 1000 400 200 200 200 200 136 0 1000 0 0 0 0 400 0 -400
700 500 0 400 283 283 283 200 0 0 0 900 454 0 500 375 751 777 0 500 283 470 400 0 1000 813 400 400 750 750 750 400 400 400 375 560 0 454 400 379 0 0 0 0 0 0 412 0 400 0 454 270 813 500 400 727 566 300 0 0 850 0 0 320 650 538 427 464 454 400 763 0 0 250 333 166 1000 400 0 666 500 600 600 400 400 200 500 500 500 600 454 0 400 0 0 0 0 200 0 566
#cardiffcity 2018-11-03
-500 600 0 -200 1000 0 0 0 800 500 62 500 0 -250 -300 -262 500 250 1000 0 0 500 0 0 0 500 500 -100 500 0 500 0 500 600 400 0 0 150 500 0 0 -400 0 0 500 0 450 0 0 400 400 350 0 -450 0 0 440 470 0 475 -750 0 0 0 0 0 0 250 0 0 -500 0 0 0 0 -400 0 0 187 0 0 0 0 200 0 500 0 100 0 500 0 56 300 0 0 40 0 0 0 500
1000 1000 0 0 1000 0 0 0 400 500 500 500 0 825 700 387 500 944 1000 572 0 500 0 0 0 500 500 550 600 0 500 0 500 1000 800 0 0 700 500 0 0 400 0 750 500 0 750 100 0 1000 900 550 0 700 0 0 712 625 0 625 750 0 0 0 100 0 0 673 100 100 550 100 0 0 0 500 0 0 437 0 0 0 0 400 0 750 0 900 0 900 0 500 300 0 0 420 0 0 0 500
#LCFC 2018-11-03
0 700 500 1000 -200 0 800 0 -50 -300 1000 383 0 385 0 0 0 500 -175 -287 0 97 100 0 0 0 0 0 0 600 0 0 0 0 362 526 366 413 675 100 79 0 36 500 0 0 260 700 781 50 0 -77 533 60 700 309 675 400 69 -97 0 125 328 -77 136 600 -106 0 224 0 72 0 0 325 0 0 800 -500 -21 0 0 800 0 102 0 0 500 552 28 -150 0 750 0 -333 0 216 125 533 0 0
0 800 750 300 0 0 1000 0 400 600 1000 350 0 857 0 0 0 500 725 466 0 525 650 0 0 0 0 0 0 700 0 0 0 0 825 657 541 500 825 425 700 0 313 750 0 466 520 600 500 950 0 644 666 310 800 538 725 700 386 644 0 166 619 144 500 900 602 0 515 0 194 0 0 1000 0 0 750 1000 485 0 0 1000 0 560 0 0 500 583 396 541 500 812 0 688 0 600 875 549 0 0
#EFC 2018-11-03
0 0 178 0 0 -300 -300 -300 -300 0 0 0 0 129 125 0 0 0 0 0 234 0 355 700 456 500 0 -300 0 0 0 0 0 0 250 0 0 0 0 -300 -300 400 0 0 0 178 0 0 0 0 0 0 400 0 0 0 500 0 0 0 0 0 0 0 0 309 700 500 0 -277 0 307 675 0 29 0 266 0 800 0 234 0 0 -66 400 0 0 266 0 -500 300 -155 268 350 0 268 350 416 89 0
0 0 751 400 400 600 600 600 600 0 112 0 100 583 166 0 0 0 0 400 763 0 588 600 580 500 0 600 0 0 0 0 0 1000 450 0 0 0 0 600 600 1000 0 0 0 751 66 66 66 0 0 0 900 400 400 0 500 0 0 0 0 0 0 0 0 538 850 200 0 344 0 421 775 433 675 0 650 0 1000 400 763 0 0 633 850 150 0 272 0 300 500 288 650 550 0 650 550 500 385 0
#BHAFC 2018-11-03
178 -312 800 396 -125 0 0 0 -150 0 -300 178 126 260 0 500 309 100 240 0 366 200 800 0 200 0 0 1000 150 309 500 266 0 0 -66 700 450 0 0 0 800 0 666 178 0 312 -83 309 1000 800 83 199 500 688 141 208 0 -33 0 178 500 -350 250 0 -100 309 0 0 -100 83 0 -50 199 211 800 -300 175 191 0 225 225 0 0 0 665 562 225 199 287 500 366 199 199 453 333 200 199 0 -12 524
751 687 750 611 375 0 0 0 300 0 400 751 373 520 0 500 538 100 410 0 866 325 875 0 200 100 0 700 100 538 500 566 66 0 200 600 700 312 0 0 1000 1000 766 751 0 475 125 538 1000 1000 293 238 500 777 433 366 533 600 0 751 500 400 494 0 300 538 0 0 400 293 0 200 238 411 400 600 500 233 600 316 339 0 158 0 595 537 339 238 475 500 666 238 238 570 416 696 238 0 475 475
#NUFC 2018-11-03
0 130 200 500 108 248 -600 178 -780 0 0 0 600 0 -70 147 245 -750 0 134 355 0 374 66 83 500 375 -58 0 600 -12 300 -99 100 0 0 -220 -60 -83 79 278 41 87 134 -300 -12 100 262 -350 133 200 266 212 267 95 12 375 341 -131 136 -19 -87 0 113 0 -500 500 265 61 200 0 45 0 500 -81 0 224 0 0 0 -187 -200 210 0 233 -118 0 100 166 -278 -66 -100 227 0 -118 68 700 200 127 133
0 498 300 600 774 411 800 751 909 125 750 0 744 1000 809 590 751 800 0 813 464 0 625 233 329 500 825 225 0 1000 400 750 875 383 0 1000 510 666 616 559 434 658 270 813 900 237 200 583 600 425 300 266 466 413 583 475 500 633 577 454 314 618 0 504 0 750 500 590 290 200 0 168 0 212 577 0 894 0 0 0 500 800 670 0 566 450 0 825 316 688 425 500 570 66 550 289 900 300 394 666
#WatfordFC 2018-11-03
322 0 800 649 675 -83 0 0 100 0 500 0 0 200 300 200 500 399 500 0 833 200 0 500 0 260 166 442 50 -125 600 500 0 -12 -99 10 0 500 66 200 103 0 1000 0 0 0 -16 0 0 400 0 800 0 250 0 -5 0 -86 900 0 170 1000 136 0 -200 -6 50 450 -125 152 -99 136 0 10 0 404 375 300 0 0 0 0 0 625 700 333 350 175 500 125 125 500 0 433 625 0 55 0 466 250
750 500 1000 800 649 395 0 0 400 0 700 0 0 525 0 200 475 647 500 0 1000 200 0 1000 0 370 604 754 100 350 666 566 0 0 366 425 0 1000 433 900 600 0 1000 66 0 0 387 0 0 900 66 750 0 333 0 600 0 472 875 0 366 1000 454 0 100 343 100 650 350 434 366 454 0 425 0 492 500 600 0 0 0 0 0 900 600 583 775 500 950 875 900 500 0 766 316 0 716 0 766 500
#WHUFC 2018-11-03
0 -100 0 0 500 -156 0 -133 0 0 145 468 0 -400 -400 -400 200 0 -400 136 136 136 136 -400 312 136 0 0 0 -312 0 0 0 -400 0 500 0 38 0 0 0 200 0 136 136 136 136 0 177 356 0 0 500 395 0 250 0 108 33 168 27 0 0 -389 -500 0 0 0 83 0 0 450 0 0 0 -67 -200 0 575 -150 168 41 204 500 189 175 0 500 105 0 0 0 0 0 0 0 0 0 166 -333
0 275 0 0 150 343 0 150 0 0 318 625 0 400 400 400 200 0 400 500 500 500 500 400 333 500 0 0 100 300 0 0 0 400 0 500 0 531 0 1000 83 200 0 454 454 454 454 0 377 633 0 66 500 583 0 350 0 629 799 537 188 0 1000 680 1000 0 0 0 633 1000 0 650 500 500 500 301 1000 500 575 288 537 166 570 500 668 500 0 500 264 0 0 100 0 0 0 0 0 0 666 666
#Clarets 2018-11-03
0 100 0 0 0 0 0 500 -16 172 142 1000 0 -300 -68 312 0 0 0 0 100 0 125 0 228 342 1000 400 62 0 0 250 42 52 433 -275 500 0 133 0 136 71 100 0 0 400 450 250 0 -155 0 0 370 0 -155 0 400 0 0 0 -125 -112 -66 -400 0 0 0 0 173 0 0 -400 400 425 430 0 -187 0 0 700 666 0 166 0 250 875 193 0 400 0 1000 600 -250 544 0 250 250 250 0 250
0 245 100 0 0 0 66 500 316 394 710 1000 0 600 454 333 0 0 0 0 200 66 100 0 778 667 1000 700 433 0 0 450 435 346 383 400 500 0 216 0 454 480 1000 312 0 800 650 875 0 288 0 0 644 0 288 0 800 300 0 0 1000 825 86 400 300 0 0 0 505 0 0 400 825 525 690 0 500 0 0 700 700 0 283 0 250 600 571 0 800 0 875 666 350 638 0 312 312 312 0 312
#AFCB 2018-11-03
0 0 1000 150 0 -50 0 0 475 0 0 113 0 0 0 133 0 0 543 500 200 -100 -150 200 -33 200 0 200 0 -179 -22 200 0 0 0 150 -16 500 -121 0 0 205 450 300 0 0 0 500 0 175 -200 -700 0 0 850 100 -227 408 0 0 446 366 277 500 800 0 0 -250 400 319 87 0 500 100 0 -194 -200 0 0 0 500 500 49 74 18 493 150 0 1000 87 0 625 -21 875 0 0 0 228 342 333
0 0 300 650 875 50 750 0 725 0 0 772 0 0 0 683 0 0 462 500 200 450 366 600 66 600 0 600 66 425 788 600 0 0 0 400 399 500 379 0 0 616 562 200 500 0 375 500 0 500 500 600 0 0 1000 100 344 562 0 0 571 562 466 500 400 0 0 500 900 569 725 0 266 400 0 916 400 0 1000 0 500 500 450 547 577 625 268 0 750 183 0 700 475 600 100 0 0 778 667 366
#MUFC 2018-11-03
-50 0 0 0 -133 -237 800 -350 1000 500 0 100 178 0 0 0 0 1000 -183 150 134 0 0 156 0 562 450 -141 17 0 -10 0 430 -25 87 134 50 0 0 0 800 450 100 -35 0 0 445 0 0 800 500 0 -50 183 0 0 234 0 0 125 1000 375 -16 0 100 0 0 0 0 0 0 1000 173 500 -200 0 0 200 400 500 0 0 0 162 0 0 300 0 0 0 0 0 0 0 0 178 -100 125 500 0
409 0 0 0 583 429 750 400 300 750 0 200 751 0 0 0 0 1000 533 750 813 400 400 193 0 500 750 600 432 0 410 0 640 625 270 813 316 0 0 200 1000 450 100 476 0 0 551 100 0 1000 500 875 50 783 750 400 763 0 0 166 1000 429 433 0 200 0 525 0 0 0 0 750 366 375 450 0 0 200 450 500 0 0 0 512 500 0 100 0 0 0 0 0 0 0 0 751 400 383 300 0
#COYS 2018-10-29
0 600 224 1000 172 0 0 266 0 125 0 875 0 419 650 0 300 93 245 0 -375 71 0 245 245 700 1000 277 350 -41 100 0 289 330 -21 360 0 130 500 475 0 266 0 0 625 360 0 0 700 0 0 0 -125 500 0 449 650 433 -60 245 200 0 0 0 100 0 0 0 216 700 575 200 0 825 0 245 0 -187 38 187 111 0 400 138 245 0 0 0 400 298 245 1000 -260 79 650 489 0 0 0 1000
0 675 700 1000 394 0 100 666 0 625 0 600 0 422 750 0 450 737 384 0 750 332 0 384 384 800 300 485 650 500 250 0 480 639 833 619 0 520 500 350 0 408 0 0 800 619 0 0 600 1000 0 0 500 483 0 750 750 833 318 384 500 0 0 0 400 0 0 0 300 474 494 900 0 662 0 384 0 500 682 254 377 0 200 463 384 0 0 0 750 409 384 1000 740 600 250 691 1000 0 0 300
#MCFC 2018-10-29
68 118 0 0 400 0 68 227 200 200 0 -333 68 1000 0 -210 -200 0 0 125 68 0 -100 0 500 118 875 0 400 -76 0 0 68 0 562 175 68 600 0 866 0 250 0 0 500 0 68 266 0 0 0 -81 -250 118 500 0 68 500 68 500 0 68 0 238 0 0 0 0 0 68 18 333 0 118 100 -125 0 68 -400 200 0 -100 0 -300 68 500 0 800 200 500 129 0 0 700 800 650 68 0 -41 0
727 227 0 100 600 0 727 388 1000 400 0 666 227 300 0 180 800 0 0 250 727 0 500 0 500 227 600 0 200 574 0 0 727 0 600 366 727 1000 0 600 0 250 0 0 500 0 727 266 0 0 0 393 500 227 500 0 727 500 727 500 0 727 0 500 0 0 0 0 0 727 450 1000 0 227 1000 375 0 727 400 900 0 400 0 500 727 500 0 400 300 500 340 0 0 550 400 450 727 0 180 1000
#MUFC 2018-10-28
733 46 -97 -200 49 19 0 212 223 -328 118 375 200 0 0 132 475 0 0 300 0 0 68 0 0 850 0 0 0 0 0 68 900 800 -549 -56 0 0 0 0 133 -133 0 0 118 0 0 500 0 0 -13 -13 0 -62 -62 160 160 24 -83 0 24 24 24 24 300 300 290 290 -125 -125 0 0 1000 1000 -140 -140 0 249 249 525 199 199 0 0 -388 -388 187 -250 0 1000 700 0 -250 100 600 50 0 0 875 0
833 301 383 50 351 360 0 318 440 642 227 550 100 0 0 406 625 0 125 618 0 0 727 0 0 1000 0 0 0 0 0 727 900 750 716 643 0 0 0 0 483 427 0 0 227 0 0 500 0 0 164 164 0 538 538 400 400 125 33 0 125 125 125 125 550 550 774 774 416 416 0 0 300 300 366 366 62 500 500 425 175 175 0 0 633 633 700 250 0 400 600 0 250 700 900 275 0 0 600 0
#EFC 2018-10-28
0 0 375 0 0 100 -250 100 -250 100 -250 100 -250 500 0 0 0 0 500 100 0 900 100 100 500 400 350 0 350 350 49 0 333 308 400 -200 400 0 -1000 0 -350 900 0 0 100 0 900 900 900 900 200 0 0 900 -1000 350 0 0 0 300 0 500 900 227 -350 -350 -350 -350 100 0 49 209 0 0 400 300 62 0 0 -200 320 0 0 500 700 0 0 0 212 255 0 333 0 -600 200 625 250 0 450 0
1000 1000 311 0 0 200 250 200 250 200 250 200 250 500 0 0 0 0 500 200 100 900 200 200 900 200 300 0 300 300 450 0 550 350 200 233 200 0 1000 100 600 900 0 0 200 0 900 900 900 900 300 100 0 900 1000 483 0 0 0 200 100 900 900 545 600 600 600 600 200 0 450 382 0 750 400 400 343 0 100 400 310 0 0 500 900 0 0 0 450 622 0 666 0 1000 900 500 600 0 850 0
#Clarets 2018-10-28
0 195 -399 0 0 0 0 250 100 0 333 0 416 731 125 -133 0 400 0 50 300 -400 450 525 0 200 0 0 375 0 -200 0 600 600 400 0 0 125 0 0 0 0 0 0 0 1000 0 600 342 296 171 0 239 0 0 416 227 0 100 0 0 0 304 -17 125 0 0 200 0 225 300 300 0 275 0 0 0 0 68 500 0 0 0 0 150 107 500 0 500 0 0 0 0 -3 49 250 0 500 100 100
0 333 516 0 0 0 0 250 400 0 500 250 500 775 100 266 0 400 0 500 750 400 500 325 0 650 1000 0 395 0 200 0 500 500 333 500 500 100 0 1000 0 0 0 0 0 1000 0 900 667 708 446 0 317 0 0 666 530 0 100 0 0 733 657 603 100 0 0 900 500 591 600 766 0 225 0 0 600 0 727 500 0 500 33 0 216 187 500 0 1000 0 0 100 0 562 316 450 0 900 400 550
#CFC 2018-10-28
225 118 68 0 0 0 194 700 -200 68 0 0 118 625 0 0 0 0 -138 0 0 0 0 0 0 500 0 500 0 0 0 0 0 1000 0 118 0 500 118 284 0 375 500 0 -200 -300 600 0 0 0 118 0 0 0 100 0 250 -112 0 0 0 200 -400 0 118 300 466 466 700 316 -83 0 -51 0 1000 0 0 0 0 0 0 0 212 250 0 0 700 1000 200 300 0 0 -308 118 0 0 118 0 500 0
291 227 727 0 0 0 366 600 250 727 0 0 227 600 0 0 0 0 147 0 0 0 0 0 0 500 0 500 0 0 0 0 0 1000 0 227 0 500 227 513 0 387 500 0 200 675 650 0 0 0 227 0 0 0 100 0 400 454 0 150 0 200 400 0 227 400 861 616 500 644 562 0 560 1000 300 0 0 0 0 0 0 0 450 445 0 0 600 1000 400 366 0 0 616 227 1000 0 227 0 1000 0
#CPFC 2018-10-28
0 0 0 0 0 0 136 0 -25 0 14 0 -300 0 1000 0 0 212 183 -156 0 0 0 500 0 227 -399 -1000 0 233 52 -295 -3 0 158 166 1000 0 92 204 50 -200 -193 0 -500 100 -23 0 0 500 0 -625 -300 0 0 0 433 0 0 0 0 500 0 0 300 500 0 -145 0 0 0 0 0 0 166 0 800 178 213 112 283 0 0 -150 -100 -100 500 0 0 0 0 -33 250 0 0 375 -200 633 100 1000
0 0 0 112 0 0 500 0 462 0 257 0 399 0 600 0 66 450 850 510 0 0 0 500 0 545 516 1000 650 666 425 570 450 0 291 166 750 0 504 570 287 238 385 0 500 200 388 0 0 500 0 825 399 0 0 0 833 0 0 266 0 500 0 0 200 500 0 770 0 0 0 0 0 0 688 0 1000 614 500 498 166 0 0 200 400 400 500 0 0 0 0 341 329 66 0 416 300 333 250 300
#AFC 2018-10-28
700 0 0 -27 -156 675 0 0 0 0 0 0 0 0 675 0 0 0 0 0 -200 -200 800 15 0 0 0 0 0 0 787 1000 0 121 308 0 0 800 0 0 0 0 0 200 0 0 0 -166 600 0 0 -66 0 0 0 0 0 199 100 150 0 62 400 0 12 -12 0 0 0 200 0 0 500 300 600 -175 122 200 0 0 233 0 212 0 0 0 183 0 0 400 0 -781 0 600 482 650 525 0 0 500
600 0 1000 216 375 800 0 0 0 0 0 0 0 0 800 0 0 0 0 0 400 400 1000 530 0 0 0 0 0 0 600 300 0 356 283 0 0 1000 0 0 0 0 0 200 0 0 0 66 950 0 0 600 0 0 0 66 0 443 100 541 0 400 400 0 418 0 0 0 0 378 0 0 500 400 550 613 315 650 0 0 633 0 450 0 0 0 850 0 0 500 0 700 0 700 602 750 512 100 0 500
#LCFC 2018-10-27
0 0 0 0 700 250 -1000 -50 0 0 0 400 -46 133 200 0 -699 0 450 500 -49 -49 500 0 175 0 0 0 0 -175 0 0 0 -200 -46 0 0 325 0 0 0 1000 0 0 0 0 312 0 -333 0 0 24 24 491 491 24 24 325 24 312 24 300 0 -218 600 240 199 100 700 100 200 500 250 0 0 245 0 0 0 110 0 0 250 233 0 45 0 600 0 -50 0 0 -77 0 0 136 -160 -46 -205 200
0 0 0 0 600 486 1000 50 0 0 0 375 347 1000 200 0 666 0 500 378 616 616 875 0 612 0 0 0 0 662 0 100 0 200 347 0 0 700 0 0 0 780 0 0 0 0 401 0 666 0 0 400 400 685 685 400 400 327 400 401 400 637 0 385 500 410 522 50 600 1000 100 500 716 0 0 583 0 0 0 429 0 0 500 425 0 362 0 500 0 500 125 0 144 100 100 399 360 347 566 400
#WHUFC 2018-10-27
0 0 -15 398 200 200 0 0 216 -500 0 400 312 450 350 0 0 -200 -699 0 -500 -500 -500 -500 0 136 0 136 0 136 550 161 500 0 600 0 0 0 500 0 0 0 0 0 68 -200 0 24 33 0 600 -150 37 249 0 -50 212 400 900 0 500 170 0 -100 145 250 168 -65 -137 0 0 500 0 0 0 0 200 0 168 -65 -56 -183 0 0 -100 -100 79 -145 168 -137 0 0 37 37 37 0 114 312 0 0
0 0 260 435 500 200 0 0 200 300 0 900 500 500 450 0 0 200 666 0 500 500 500 1000 0 454 0 500 0 500 1000 172 888 0 500 0 0 0 500 0 0 0 0 0 227 100 0 275 66 500 500 399 287 700 1000 400 784 333 700 0 500 469 0 400 318 812 368 377 350 0 0 600 0 0 66 0 500 0 368 377 406 466 0 0 400 400 675 270 368 350 0 0 287 287 287 0 367 375 0 0
#BHAFC 2018-10-27
1000 0 0 0 200 500 500 411 0 0 0 0 0 112 0 0 0 0 0 437 0 -200 212 500 0 70 -200 0 0 0 0 500 500 -12 0 -150 312 66 399 0 298 0 243 0 0 600 0 300 0 500 0 0 175 0 50 0 0 0 0 0 0 0 0 22 525 0 0 436 0 66 600 172 -75 0 -16 0 0 400 -1000 68 500 -400 0 0 -166 -50 0 0 0 0 257 0 500 270 700 0 0 0 216 -125
300 0 76 0 500 500 1000 716 0 0 0 1000 0 287 0 0 0 0 0 512 0 225 512 1000 0 463 200 0 0 0 0 1000 500 379 0 708 250 166 1000 0 493 66 466 666 0 500 0 399 0 500 0 0 689 0 680 600 0 0 0 0 0 0 0 320 616 0 0 322 0 33 500 588 450 0 650 0 0 333 1000 260 500 700 0 0 166 400 0 0 0 0 484 0 500 404 600 0 0 0 483 533
#wwfc 2018-10-27
0 0 0 500 500 350 0 227 32 500 500 0 -161 0 0 200 200 -200 0 -161 0 -400 45 200 -200 1000 0 0 500 386 -400 -400 0 0 440 0 166 233 0 0 0 0 1000 0 50 600 120 500 16 0 0 0 0 300 0 400 500 0 0 0 -458 -312 128 128 150 34 -83 0 400 225 0 0 0 0 -83 0 0 0 0 0 0 0 600 375 375 0 0 -500 -150 0 500 500 500 0 91 29 0 485 0 400
0 0 0 500 600 333 0 567 331 500 500 0 361 0 0 500 500 200 0 361 0 600 333 500 200 750 0 0 1000 593 400 400 0 0 513 0 272 600 0 0 0 0 750 0 100 500 265 500 370 0 0 0 0 100 0 425 500 0 0 0 522 250 234 234 250 238 583 0 200 416 0 0 0 0 283 0 0 0 0 0 0 0 500 750 750 0 122 400 399 0 600 500 500 0 291 566 0 583 0 333
#FFC 2018-10-27
0 0 0 0 0 0 0 250 -400 568 0 344 250 416 183 0 0 0 0 0 400 0 0 49 -200 391 300 683 0 -104 640 -50 0 0 500 433 0 0 0 285 600 199 300 -122 136 71 0 -155 -200 700 0 170 0 0 0 37 168 150 500 0 0 500 0 154 136 600 0 136 -233 170 136 136 0 199 193 1000 700 0 0 0 -70 166 136 0 -155 0 0 0 222 100 0 0 400 136 0 500 475 275 -100 -100
0 0 0 0 0 0 0 300 400 727 0 403 625 500 516 66 0 0 0 0 900 0 0 449 200 533 250 500 0 479 500 104 0 0 500 733 250 0 0 535 500 255 500 507 454 460 0 288 400 600 0 454 0 0 0 562 477 250 500 0 0 500 125 470 454 500 0 454 699 454 454 454 0 255 393 1000 600 0 0 0 762 375 454 0 288 0 500 0 347 1000 0 0 333 454 250 500 500 750 400 400
#AFCB 2018-10-27
0 0 0 296 0 0 275 0 130 950 0 0 285 -200 300 700 166 357 500 1000 96 -500 0 0 0 0 600 0 0 0 0 600 0 100 0 400 500 375 0 0 100 649 733 -97 0 0 0 -300 0 0 0 0 800 0 0 0 400 0 0 0 0 0 0 0 0 0 -400 125 43 500 158 0 800 500 472 250 342 296 625 0 0 0 0 200 0 200 116 500 600 0 325 625 200 380 400 400 326 -50 0 0
0 0 0 370 0 0 645 0 189 1000 0 0 535 200 250 600 900 571 400 950 280 400 1000 1000 1000 0 500 0 0 0 500 500 0 1000 0 333 500 399 0 0 400 800 883 658 1000 0 0 600 0 0 0 0 1000 0 0 0 433 0 0 0 0 0 0 0 0 0 400 383 450 500 425 0 1000 500 516 250 667 708 600 100 0 100 0 200 0 200 549 500 475 0 714 600 375 740 800 800 611 400 0 0
#LFC 2018-10-27
366 0 0 0 0 0 0 0 196 0 0 233 0 0 0 800 0 400 1000 1000 100 0 0 0 0 0 0 0 0 0 0 0 0 170 500 500 0 0 68 0 500 460 300 246 127 0 0 433 300 0 0 0 0 0 0 0 0 562 -600 500 0 83 0 300 0 0 0 0 -112 0 0 0 0 118 0 118 184 0 400 0 0 127 627 545 136 68 199 -49 245 325 0 350 -200 136 600 800 500 395 495 -23
466 0 0 0 0 0 0 0 403 0 0 266 0 100 0 750 0 200 400 400 100 0 0 0 0 0 0 0 0 0 0 0 0 454 900 500 0 0 250 0 500 537 200 517 339 0 0 466 520 0 0 0 0 0 0 66 0 500 900 750 0 400 0 100 0 0 0 0 624 500 500 500 0 377 0 377 557 0 400 0 0 339 550 651 454 227 494 637 576 575 0 550 713 454 900 400 775 466 578 413
#cardiffcity 2018-10-27
500 0 0 0 0 -200 700 250 500 284 0 600 0 233 164 446 600 500 400 0 375 0 375 500 0 83 250 0 0 0 0 500 0 0 -125 500 0 500 -400 500 0 1000 466 500 0 -17 0 400 125 307 0 400 0 100 0 1000 800 -93 0 0 0 0 200 -62 0 56 -295 170 0 0 150 0 412 0 0 500 -230 316 -450 107 500 0 0 0 0 50 0 0 266 0 468 0 0 470 0 0 285 0 0 66
800 0 0 0 0 200 750 300 500 513 0 500 0 425 412 571 500 500 333 0 750 250 475 500 0 479 550 0 250 0 0 500 0 0 175 500 0 500 400 500 733 300 450 500 0 603 0 800 166 414 0 375 0 1000 0 1000 400 300 0 0 0 600 900 237 0 287 720 454 0 0 525 0 862 0 0 500 461 900 500 187 500 0 0 0 0 500 0 0 666 0 100 0 0 625 0 0 535 0 0 427
#SaintsFC 2018-10-27
0 0 -244 -260 750 616 0 0 0 250 -100 618 0 266 250 191 -155 716 0 0 1000 0 214 -200 -66 399 166 0 0 12 0 211 33 242 -700 1000 178 46 0 83 379 600 153 500 0 0 400 0 0 0 0 0 364 659 -50 0 650 400 400 400 400 161 0 149 500 500 225 600 -77 400 0 0 568 0 -131 0 0 0 250 400 145 0 136 0 0 350 0 379 0 187 975 200 0 0 97 0 136 0 416 111
0 0 607 284 900 604 0 0 0 250 500 708 0 133 750 716 288 566 0 0 750 0 462 200 600 566 900 0 0 656 0 409 492 323 1000 300 500 542 0 475 679 500 477 550 0 100 400 0 0 0 0 0 271 620 400 0 675 400 400 400 400 668 0 600 500 622 266 500 644 400 0 0 427 0 527 0 0 0 500 333 416 0 500 0 0 950 0 679 0 437 1000 700 0 0 488 0 500 0 633 516
#NUFC 2018-10-27
71 800 1000 0 0 0 -299 0 330 -500 500 -126 0 0 50 0 -157 20 -55 0 332 -260 0 300 0 350 0 0 0 -30 0 500 52 200 200 -150 300 0 443 0 400 0 -3 121 0 850 -400 -250 0 174 0 41 200 -62 -250 580 -50 250 100 800 71 0 0 0 0 100 700 0 350 178 1000 362 716 0 -200 0 -83 400 49 0 0 0 0 0 8 0 -166 -145 -143 0 28 -200 500 200 0 1000 0 0 350 -133
483 400 650 0 0 0 533 0 520 550 750 236 0 0 500 0 306 300 477 0 584 284 0 100 0 327 0 0 0 559 0 694 457 450 450 647 550 0 602 0 1000 0 321 340 0 1000 400 833 0 463 0 250 600 371 450 515 850 330 300 750 623 0 0 0 0 274 600 0 550 418 300 550 566 0 400 125 216 1000 277 0 0 0 0 0 452 500 666 557 403 0 211 200 500 300 0 300 0 0 327 199
#WatfordFC 2018-10-27
0 516 1000 -291 0 600 0 0 0 -131 800 0 562 0 125 0 500 0 750 66 -41 180 -26 0 100 0 0 0 16 0 800 -400 0 600 0 344 0 0 0 -83 0 0 0 66 -500 -41 0 500 180 600 -26 0 368 600 0 -133 725 0 -500 -1000 500 400 -1000 0 875 0 0 480 0 -250 0 0 0 0 0 0 500 0 0 0 -250 212 0 1000 0 600 0 159 0 -312 125 325 224 350 0 519 0 0 0 0
0 912 750 541 250 450 0 0 0 450 1000 0 500 0 150 100 650 0 675 433 409 370 373 0 100 0 0 0 286 0 1000 400 0 500 0 422 400 0 0 500 0 0 500 433 700 409 0 900 370 1000 373 0 456 500 1000 283 712 0 400 1000 500 333 1000 0 600 0 0 609 400 1000 0 0 0 0 0 0 750 0 0 0 1000 674 0 600 0 616 0 653 0 250 291 325 674 1000 0 531 0 0 0 0
#HTAFC 2018-10-27
0 0 0 700 -200 -500 500 0 0 110 -131 0 345 -200 471 100 283 -100 425 385 312 0 0 0 0 0 600 700 248 700 0 170 0 62 -399 333 0 0 800 0 -500 800 500 0 800 0 600 -500 225 0 400 0 100 83 550 800 1000 -31 335 0 234 0 0 0 250 262 229 120 0 -200 250 200 750 46 0 0 0 80 90 87 249 24 625 400 1000 800 0 0 0 500 0 -52 0 0 342 296 800 400 0 0
0 0 0 600 700 400 600 0 0 229 450 0 551 200 723 200 405 550 500 641 551 0 0 0 0 0 500 600 362 600 400 500 400 550 562 99 0 0 400 0 700 1000 900 0 400 0 500 400 492 0 333 0 674 300 500 1000 1000 466 727 0 538 0 0 283 700 546 395 320 0 700 333 575 950 663 0 0 0 279 444 404 337 366 888 1000 1000 750 0 0 0 500 0 394 0 300 667 708 900 378 0 0
#AFC 2018-10-22
0 500 0 -200 0 0 378 435 227 281 500 125 -250 0 -125 0 0 0 0 0 266 -400 0 0 300 433 1000 0 0 0 0 0 300 0 0 0 500 250 -204 136 0 0 0 -233 150 0 250 259 200 0 0 800 0 0 19 650 -600 0 700 0 500 357 375 0 575 0 500 166 -1000 800 66 49 0 0 100 0 0 0 228 0 433 100 0 548 0 0 50 136 800 0 0 0 128 0 0 0 0 0 500 1000
0 600 0 575 0 0 351 550 466 458 600 350 562 0 416 0 0 1000 0 1000 133 400 0 0 200 833 1000 0 0 0 0 0 300 0 0 500 500 250 350 454 0 0 0 466 525 0 333 432 900 0 0 1000 0 0 410 450 800 0 600 0 500 571 355 0 579 0 900 199 1000 400 641 450 0 0 100 0 0 0 434 1000 733 200 0 603 0 0 233 454 750 0 1000 0 345 0 0 100 0 0 500 1000
#LCFC 2018-10-22
-48 -266 33 0 339 0 166 0 558 -150 -87 266 0 246 329 300 0 0 0 0 -53 100 -66 0 136 0 0 100 -33 136 -155 175 278 800 0 68 -400 5 625 0 500 225 0 779 0 -100 800 625 500 -150 136 345 -25 224 500 136 136 187 0 -175 337 435 68 -85 0 0 0 500 0 125 318 0 500 136 136 136 173 0 136 435 136 1000 435 550 45 136 550 50 250 -500 0 800 375 1000 0 0 0 600 550 168
360 708 466 0 660 0 416 0 550 350 262 133 0 501 586 450 500 0 0 0 413 316 593 0 454 0 0 1000 333 454 288 410 514 750 0 727 400 414 500 0 916 616 0 733 0 450 1000 1000 600 400 454 418 262 581 500 454 454 250 0 650 975 577 727 362 0 0 0 1000 0 166 477 0 900 454 454 454 334 950 454 577 454 1000 577 900 151 454 950 425 333 1000 0 750 500 1000 50 0 0 550 600 277
#EFC 2018-10-21
0 400 0 0 0 0 0 0 0 100 0 0 0 0 312 0 0 650 650 650 650 0 0 300 0 136 50 0 800 150 150 300 0 0 233 350 100 -200 0 350 0 0 0 556 200 309 0 0 309 200 -155 500 0 0 0 200 234 200 0 500 200 200 0 200 0 136 50 200 0 0 0 -46 0 125 0 200 0 50 234 0 0 200 309 178 0 -400 300 0 0 0 0 0 332 -450 0 350 136 -199 0 0
0 566 0 0 0 0 0 0 0 200 0 0 0 0 444 0 0 450 450 450 450 0 0 350 0 596 1000 0 750 300 300 500 0 0 305 550 200 400 0 550 0 0 0 701 450 538 0 0 538 100 288 500 0 0 0 500 763 100 0 500 100 100 0 100 0 596 1000 200 0 400 400 710 0 1000 0 500 0 650 763 0 0 200 538 751 0 700 500 0 0 0 0 0 621 691 0 244 500 366 0 0
#CPFC 2018-10-21
400 0 366 285 0 0 0 0 130 0 0 0 270 0 300 0 318 208 0 0 0 350 0 350 0 0 700 500 0 0 550 -200 477 0 0 500 0 0 0 0 0 332 0 -199 0 0 0 0 -100 1000 537 0 0 295 133 250 227 500 0 0 350 0 0 0 0 500 500 0 350 366 266 175 0 41 427 0 0 0 0 0 468 0 133 0 133 0 800 -196 0 -150 500 -55 0 0 0 295 133 -100 0 -100
566 0 291 535 0 0 0 0 446 0 0 0 550 0 350 0 477 508 0 0 0 550 0 550 0 100 600 750 0 0 750 800 591 0 0 600 0 0 0 0 0 621 0 366 66 0 0 0 550 300 400 0 0 525 700 500 545 275 66 1000 600 0 0 0 0 500 500 0 244 300 194 475 0 530 541 0 0 0 0 0 416 0 700 0 700 0 400 311 0 600 500 244 0 0 100 525 466 400 0 400
#HTAFC 2018-10-20
0 -737 0 -200 300 33 500 0 85 50 400 0 0 100 0 500 -87 900 238 344 -737 400 400 0 0 400 0 214 400 -151 500 350 0 0 400 500 -4 200 0 0 103 600 0 145 399 0 0 550 250 0 0 0 0 0 93 -50 -62 136 -291 0 242 0 250 495 0 0 0 0 -100 0 0 -100 -100 -4 -100 0 244 -400 125 321 325 -110 75 0 -100 -250 533 500 -100 181 0 105 117 214 183 0 500 133 900 0
0 987 0 250 100 66 625 0 495 100 500 50 0 1000 0 525 500 683 452 542 987 400 500 0 0 400 0 381 400 229 500 449 400 0 550 500 395 900 0 0 592 600 0 300 500 0 500 500 333 0 0 0 233 0 552 587 237 454 958 0 314 0 600 616 1000 0 0 0 400 250 0 400 400 569 400 66 375 400 433 522 900 439 450 0 400 400 866 695 400 568 0 700 591 381 350 0 675 433 525 0
#LFC 2018-10-20
-155 0 500 0 0 0 -200 0 0 0 266 -250 300 0 268 0 0 134 0 200 -400 0 0 0 0 0 0 0 0 0 0 0 200 0 0 500 20 107 309 262 120 0 0 350 0 700 356 68 0 59 875 311 0 56 0 -525 900 0 0 134 -100 500 66 0 0 0 1000 234 0 0 0 500 0 216 0 100 700 285 107 87 250 350 309 100 262 1000 1000 500 -150 0 0 0 356 268 0 0 262 509 -500 59
288 0 1000 0 0 0 100 0 100 0 266 718 550 400 627 0 0 813 0 300 600 0 0 0 0 0 0 0 0 0 0 0 300 0 0 1000 260 670 538 584 790 0 0 550 0 700 509 300 0 752 600 522 0 216 400 600 875 0 0 813 400 900 322 100 0 0 300 763 0 0 0 888 0 433 0 1000 600 535 670 270 333 400 538 100 584 400 400 500 399 0 0 0 509 627 0 0 584 738 1000 447
#AFCB 2018-10-20
0 0 0 0 0 345 1000 0 -400 0 437 1000 383 589 0 250 0 0 0 261 0 0 0 0 300 105 0 -62 0 285 200 200 200 500 500 500 0 139 400 0 1000 7 7 -245 500 300 375 0 172 -700 250 0 0 357 -62 0 250 0 500 0 1000 0 0 0 136 312 -200 266 250 136 133 0 -200 450 500 175 0 83 500 0 0 0 136 342 228 -104 261 -200 0 72 250 17 500 -104 66 416 75 0 1000 0
0 1000 0 0 0 534 300 1000 400 0 666 400 550 567 0 400 0 0 0 420 0 0 166 0 750 508 400 533 0 535 100 100 100 500 500 500 0 530 400 0 300 230 230 655 900 200 300 0 394 1000 750 1000 0 571 537 0 400 0 500 700 750 0 0 0 500 400 100 500 500 500 383 0 250 450 500 287 0 466 900 0 0 0 500 667 778 562 420 250 0 655 494 564 500 562 466 416 150 0 300 0
#SaintsFC 2018-10-20
0 483 33 0 0 243 -200 200 0 508 50 -316 0 0 256 400 277 325 0 383 220 0 0 250 0 0 0 0 800 0 0 0 66 0 0 400 63 0 800 800 800 800 0 0 -400 55 500 514 -49 500 500 500 500 0 -66 88 0 -637 -62 0 285 0 -637 250 0 500 200 0 -400 500 -100 500 600 200 21 166 39 250 -33 250 400 400 400 500 400 312 1000 -101 0 350 0 -245 0 0 -400 0 0 0 0 0
0 850 392 0 0 502 100 638 0 633 175 700 0 0 325 666 522 362 0 550 400 0 0 400 0 66 0 0 1000 0 0 1000 150 0 0 400 365 166 1000 1000 1000 1000 0 0 400 833 500 700 216 500 500 500 500 0 633 561 0 700 533 0 535 0 700 750 0 833 500 0 400 500 350 1000 233 500 350 166 438 562 172 316 400 400 400 1000 700 333 300 222 0 550 0 655 0 0 700 0 0 0 0 0
#cardiffcity 2018-10-20
402 0 0 500 0 400 0 0 0 119 250 500 -1000 500 500 -64 -400 0 500 0 0 0 500 500 166 1000 -1000 500 212 -83 500 0 0 0 0 0 266 0 0 0 300 0 0 0 633 0 0 68 0 0 0 500 500 0 260 500 0 -208 0 0 0 0 0 0 0 0 0 0 0 0 0 0 250 0 0 0 0 0 0 0 0 0 -142 0 300 0 0 0 0 -24 -499 400 400 0 296 400 400 0 0 0
573 362 0 900 0 450 0 0 0 338 1000 500 1000 600 600 429 400 0 500 0 0 0 500 500 300 300 1000 500 333 83 800 0 0 0 0 0 166 0 0 0 900 0 0 0 500 500 0 477 0 0 0 150 150 0 502 150 0 458 0 0 0 0 0 0 0 0 0 0 357 0 0 0 500 0 0 0 1000 1000 0 1000 0 0 635 0 422 0 0 0 0 448 622 400 400 0 493 400 800 0 0 0
#FFC 2018-10-20
0 0 0 77 1000 0 0 350 0 0 0 0 0 0 900 0 0 0 0 180 0 272 300 0 0 212 462 0 0 -62 0 -400 0 0 300 0 -450 -41 500 500 0 0 0 -155 2 0 0 0 0 -133 0 308 -133 197 0 0 0 0 0 200 -77 0 0 333 0 0 0 -400 0 0 500 150 0 0 0 0 0 0 316 -62 0 0 0 0 0 0 -200 50 -200 -100 0 300 -400 -100 -100 -450 -400 -400 550 0
0 0 0 419 1000 0 0 550 0 0 0 0 0 550 1000 0 0 0 0 530 0 444 550 0 0 318 818 0 0 266 0 400 0 0 450 0 350 187 500 500 0 0 0 288 200 0 0 750 0 488 0 495 488 211 441 0 0 0 0 500 144 0 550 666 550 550 0 400 0 0 500 323 500 550 500 500 500 0 591 312 0 0 0 0 0 0 200 341 950 400 0 450 400 400 400 350 400 400 850 0
#MCFC 2018-10-20
266 0 0 0 0 134 0 0 107 125 309 250 0 356 0 0 0 0 0 0 0 350 0 350 0 0 134 234 107 0 87 162 309 0 0 0 0 356 0 90 600 266 0 187 0 0 0 0 134 375 0 40 0 375 234 107 87 0 356 68 -100 0 0 0 0 400 0 0 500 234 0 0 800 0 700 87 309 0 265 0 0 261 357 0 266 263 0 0 -18 0 0 0 134 0 212 0 1000 107 0 600
266 0 0 400 0 813 0 0 670 800 538 400 100 509 0 0 0 0 100 0 100 550 400 550 0 0 813 763 670 0 270 466 538 0 0 0 0 509 0 407 733 266 0 375 0 400 0 0 813 416 0 180 0 416 763 670 270 0 509 352 150 0 0 0 0 562 0 0 500 763 0 0 400 0 600 270 538 0 717 0 0 420 571 0 266 477 400 0 429 0 0 0 813 0 318 0 300 670 0 399
#Clarets 2018-10-20
600 1000 0 0 0 0 566 0 16 0 0 228 130 625 1000 0 216 0 200 400 400 0 0 0 125 0 136 100 800 11 0 0 0 0 0 0 0 300 -195 350 0 1000 400 900 -87 0 0 0 0 0 0 -500 0 -500 200 466 -500 200 300 1000 300 300 300 325 282 37 500 -499 0 400 400 0 300 0 400 0 300 200 100 0 0 -83 1000 837 400 0 -19 0 0 400 -155 425 475 -54 16 100 136 104 0 0
900 1000 0 0 0 0 533 0 150 0 0 778 370 666 750 0 383 0 500 400 400 0 0 250 199 0 454 400 400 471 0 0 100 0 125 0 0 100 100 600 0 300 800 650 575 0 1000 100 1000 0 0 400 1000 400 900 533 400 500 508 300 508 508 508 450 750 577 500 622 0 400 400 0 450 0 400 0 600 900 1000 500 0 83 1000 800 400 0 635 0 0 400 288 775 525 283 183 100 385 333 0 1000
#NUFC 2018-10-20
500 0 0 0 -12 0 0 0 0 0 134 100 649 -200 0 309 0 -400 0 781 376 400 0 -266 475 525 158 0 46 134 25 0 875 600 200 183 10 625 259 0 87 0 0 0 309 0 350 0 450 18 50 -87 -500 0 250 0 150 134 233 -800 -7 -50 0 0 0 -56 0 270 -41 87 -155 -12 0 -12 224 200 213 0 84 585 -100 0 0 0 -250 222 0 87 0 309 0 0 206 125 202 0 0 263 0 134
1000 0 0 0 237 0 0 0 0 0 813 400 850 800 0 538 0 700 0 1000 675 375 0 266 800 875 358 1000 563 813 456 0 600 650 200 466 398 1000 500 0 270 1000 0 0 538 0 550 0 350 424 350 437 650 0 250 0 550 813 666 800 399 50 0 0 0 374 0 344 433 270 288 237 266 237 400 649 454 0 499 100 150 0 0 0 750 644 0 270 0 538 0 0 206 166 595 0 0 477 0 813
#BHAFC 2018-10-20
0 309 0 -33 0 800 309 350 1000 214 0 0 -100 -33 0 -200 0 0 375 66 199 -16 -800 50 -102 -750 309 0 0 214 0 0 1000 0 500 0 105 0 0 500 29 -285 400 1000 500 0 275 309 -300 300 650 700 0 0 87 0 0 309 500 0 157 0 249 500 329 400 166 0 309 1000 0 0 277 800 0 166 0 -206 633 0 0 0 0 83 -100 -50 -100 87 0 -112 402 555 0 -216 550 500 600 0 -216 -216
0 538 0 266 0 1000 538 550 300 500 0 0 400 266 0 350 0 500 800 799 333 846 900 150 332 1000 538 0 0 500 0 0 650 250 500 0 508 400 0 1000 265 418 700 300 500 0 644 538 900 333 450 600 0 0 137 0 0 538 500 0 578 0 575 800 476 600 199 0 538 300 0 0 366 900 0 500 0 343 633 0 0 0 158 500 400 200 400 137 0 712 424 455 0 451 608 647 850 0 451 451
#WHUFC 2018-10-20
0 0 0 -400 0 16 0 0 -100 -33 275 -100 350 -100 80 0 277 40 0 -62 0 412 83 215 0 500 68 250 0 250 250 0 0 0 -125 0 500 250 900 200 350 0 0 160 136 1000 0 0 0 -155 333 333 500 25 0 0 0 0 50 -400 250 -155 0 0 0 400 400 400 625 0 -2 -155 -155 -155 0 0 0 0 0 0 0 136 0 -87 -19 200 128 0 0 49 -100 -100 319 500 31 0 -100 -87 200 0
0 0 0 700 0 133 0 0 400 33 291 400 550 150 380 0 522 180 0 315 0 550 350 570 0 500 727 500 0 500 500 0 0 500 125 0 675 750 900 200 550 0 0 539 454 300 0 0 0 288 666 549 500 66 0 0 0 0 200 400 250 288 0 0 0 400 400 400 900 0 414 288 288 288 0 0 0 0 0 125 0 454 0 287 193 750 639 0 0 900 400 400 667 500 594 0 400 287 200 0
#COYS 2018-10-20
200 0 0 0 0 1000 0 300 399 0 0 0 100 -75 0 0 0 458 350 -290 84 0 0 -20 0 0 136 0 392 0 0 976 120 378 0 50 0 -75 500 250 0 350 300 495 0 0 19 800 125 -625 -50 0 0 500 0 0 550 900 500 150 286 -100 0 272 350 0 100 -75 0 375 0 0 0 250 0 -43 500 412 9 433 0 0 487 193 395 550 700 1000 0 0 -200 0 200 597 0 800 0 0 0 -500
100 0 0 0 0 300 0 475 633 0 0 0 200 366 333 0 0 716 325 450 580 0 0 300 0 0 454 0 575 1000 0 600 490 500 0 700 0 366 1000 500 0 550 350 383 0 0 420 750 100 1000 400 0 0 1000 0 0 500 900 600 600 777 200 0 833 650 1000 1000 366 0 500 0 0 0 375 0 800 750 550 546 541 0 0 975 416 395 750 600 400 0 0 600 0 200 687 0 900 0 300 0 700
#wwfc 2018-10-20
50 0 0 0 800 500 136 0 108 0 170 0 368 368 0 578 500 106 578 0 -500 0 0 500 0 0 0 0 -150 100 -312 0 0 378 0 -24 0 158 245 0 0 -333 125 68 900 0 250 250 475 -366 377 0 0 24 250 0 0 68 500 0 395 0 0 500 0 0 0 0 0 0 800 393 62 500 -131 361 700 800 0 19 -400 500 0 0 130 0 -155 130 0 0 100 0 200 -49 450 0 0 0 0 0
475 0 0 0 750 500 454 0 258 0 500 687 487 487 0 735 500 336 735 0 800 0 0 500 0 0 400 0 399 200 687 0 1000 484 0 575 0 549 633 0 0 266 81 260 1000 1000 333 333 825 533 555 0 333 799 300 0 0 227 500 100 642 0 0 600 0 0 100 0 0 0 750 350 649 500 427 353 200 1000 0 250 400 500 0 0 1000 0 88 1000 0 0 100 0 300 900 450 0 500 500 0 0
#WatfordFC 2018-10-20
0 0 0 -240 418 -400 136 304 0 225 0 -43 0 40 444 0 0 0 38 -325 150 0 397 0 0 444 400 0 0 237 500 0 0 0 500 -325 150 0 800 616 385 0 0 416 0 0 0 208 0 400 227 181 -43 0 0 0 40 0 350 283 444 0 233 0 449 227 0 199 0 0 375 -500 284 42 500 -131 300 -62 500 -106 0 114 180 0 400 0 0 225 250 0 56 400 360 0 0 200 600 250 0 -20
0 0 0 563 677 400 454 390 0 600 500 227 0 370 419 0 0 0 430 449 250 0 608 0 0 419 400 0 0 337 575 0 0 0 600 449 250 0 750 766 625 0 0 500 1000 0 0 549 0 400 352 500 227 690 500 0 370 1000 383 406 419 0 566 0 370 352 0 425 0 0 500 1000 488 467 600 427 500 187 500 293 0 459 376 0 400 0 0 544 416 0 740 400 488 0 0 425 733 416 100 313
#CFC 2018-10-20
383 200 266 0 266 0 187 0 0 0 0 0 0 0 0 0 0 0 0 0 0 0 0 0 0 0 0 0 1000 500 166 307 378 268 166 166 900 309 0 287 0 356 -200 500 333 200 0 0 307 0 -122 0 0 268 0 24 0 0 1000 500 142 33 -15 87 309 0 200 0 318 0 0 0 400 0 356 700 0 500 0 282 0 266 0 0 600 0 0 0 200 286 0 600 341 183 200 200 -62 0 0 0
616 300 266 0 454 400 487 0 0 0 0 0 0 0 0 0 0 0 0 0 0 0 0 0 0 0 0 0 300 500 250 570 284 627 833 166 900 538 0 283 0 509 50 500 450 300 0 400 570 0 400 0 250 627 0 475 0 0 300 650 314 33 341 270 538 0 300 0 477 0 0 0 416 0 509 600 0 500 0 285 0 266 0 0 733 0 0 400 700 575 0 200 205 283 100 100 187 0 0 0
#MUFC 2018-10-20
0 0 170 0 0 100 -104 -25 266 0 700 700 0 35 257 0 134 1000 0 0 0 250 0 399 250 166 307 0 373 0 -356 0 0 250 0 0 0 0 0 0 0 0 0 0 0 0 0 0 0 107 125 166 0 900 136 0 0 309 0 0 0 0 0 -75 0 500 0 0 0 0 0 0 136 566 175 356 0 78 625 84 0 225 -800 0 333 0 -83 150 0 0 0 0 254 310 584 0 0 136 0 307
0 0 500 100 0 200 433 25 266 1000 600 600 400 588 618 0 813 1000 0 0 0 450 0 566 366 250 570 0 488 0 325 0 0 200 0 0 0 0 0 0 0 0 0 0 0 0 0 0 0 670 800 166 0 900 454 0 0 538 0 1000 0 0 0 400 0 600 0 666 0 0 76 0 454 566 395 509 0 311 500 363 0 450 900 0 450 0 552 431 0 400 500 0 645 340 776 0 0 454 0 570
