#AFC 2015-04-04
0 400 400 0 0 300 0 0 0 0 0 500 1000 250 468 0 0 587 0 0 0 -500 0 0 0 0 0 0 0 0 0 0 0 0 0 0 0 0 250 250 0 0 0 0 0 169 0 0 0 -500 468 0 477 0 400 0 375 0 275 0 0 0 485 0 0 0 0 0 0 0 0 700
0 800 800 0 0 200 0 0 0 0 0 500 300 500 750 0 0 725 0 0 0 300 0 1000 0 0 0 0 0 750 0 0 0 0 0 0 0 0 250 333 0 0 0 0 0 291 0 0 0 300 427 0 744 0 800 0 666 0 266 0 0 0 427 0 0 0 0 0 0 0 0 600
#LFC 2015-04-04
0 0 -50 449 650 500 0 800 800 800 0 0 0 0 800 0 0 0 0 -400 0 136 0 400 0 0 0 1000 0 0 -250 100 483 0 250 0 400 0 0 800 250 150 568 -200 400 0 -31 0 0 536 1000 0 409 0 0 316 0 0 0 0 0 0 0 0 0 0 0 400 125 0 412 400 0 0 0 0 350 -97 0 0 0 0 381 0 568 0 0 50 50 0 0 0 33 33 700 0 87 500 0 700
0 0 425 750 450 850 100 900 900 900 0 0 0 0 400 0 0 0 0 400 0 454 100 800 0 0 0 500 300 0 500 200 577 0 500 0 800 0 0 400 366 112 445 0 800 0 796 0 0 466 400 0 388 0 0 450 0 0 0 0 0 0 0 0 0 0 0 900 694 1000 300 400 0 0 0 0 502 222 0 0 0 0 600 0 445 0 0 500 500 0 0 0 216 199 700 0 200 250 0 700
#hcafc 2015-03-22
-800 0 0 0 0 0 0 0 0 250 -600 400 333 0 0 0 175 -375 -56 0 0 0 -333 0 -300 0 0 500 -700 0 0 285 285 0 275 37 450 100 0 400 0 200 0 -650 0 -500 190 0 0 487 0 200 0 0 0 600 500 0 800 -700 0 0 0 0 -750 -166 0 0 0 0 0 0 75 0 245 0 275 -388 -200 0 0 -500 266 0 500 66 0 -435 -16 0 0 0 0 0 -131 -131 -310 0 0 0
800 1000 0 0 0 0 0 0 0 1000 900 800 833 0 0 0 691 466 793 0 100 0 1000 644 400 0 0 500 800 0 0 535 535 0 425 437 450 400 0 600 0 200 0 1000 0 1000 357 0 100 900 0 200 0 0 0 900 500 0 400 800 0 0 0 0 750 66 66 0 0 0 0 0 600 0 468 0 199 833 350 0 0 1000 483 0 650 233 0 607 829 300 66 0 0 0 450 450 472 0 0 0
#CFC 2015-03-22
0 0 -375 0 1000 0 0 0 500 750 781 75 0 0 1000 0 200 0 0 0 300 800 200 0 0 120 1000 0 300 0 136 0 0 0 0 0 800 0 1000 0 0 0 1000 0 608 400 0 0 0 0 0 0 0 0 0 0 500 0 285 0 0 0 800 1000 0 0 0 0 0 0 0 250 1000 666 0 0 0 233 0 0 0 0 0 0 0 0 250 0 0 0 0 0 300 0 0 0 0 0 0 0
0 0 700 0 300 0 0 0 1000 650 600 291 0 0 300 0 300 500 0 0 475 400 200 0 0 559 300 0 750 0 454 0 0 0 0 0 400 0 300 0 0 0 300 0 566 600 0 0 0 0 0 0 0 0 0 0 833 0 535 0 0 0 1000 300 0 0 0 0 66 0 0 333 300 733 0 0 0 333 0 0 0 66 0 0 0 0 283 0 0 66 500 0 750 0 0 0 1000 333 0 0
#QPR 2015-03-22
-249 0 0 400 0 0 0 0 -300 -300 -300 125 0 -800 -150 0 0 0 0 0 -275 0 -300 0 266 0 266 88 0 0 33 250 0 0 0 0 0 0 350 -200 200 0 600 100 0 0 0 0 0 66 0 1000 0 0 -145 116 0 0 200 800 -400 0 -150 0 0 0 0 -400 0 -400 -400 0 -400 0 -400 0 -199 0 700 0 0 0 0 0 0 -155 0 -166 0 0 -77 100 100 133 -150 0 0 0 0 0
433 125 0 900 0 0 0 0 1000 1000 1000 350 0 900 100 0 0 0 0 33 525 0 466 0 266 0 683 622 0 0 333 483 650 0 0 100 0 0 350 233 100 0 1000 300 0 0 0 100 0 333 0 750 0 0 645 300 0 0 400 400 400 0 399 0 0 0 0 400 0 400 400 0 400 0 400 0 133 0 600 0 0 0 0 0 0 288 0 433 0 0 422 400 400 383 400 0 0 0 0 0
#EFC 2015-03-22
0 0 100 0 0 100 0 500 0 250 -121 0 0 0 0 0 800 0 50 0 0 0 0 0 600 -1000 0 0 0 0 395 150 100 700 0 0 0 0 -230 333 0 0 0 0 0 0 0 0 100 625 0 0 0 -500 0 0 -93 150 -162 68 -150 0 -500 0 0 0 66 0 450 -83 575 0 1000 0 200 500 0 0 400 0 0 0 0 800 500 0 0 0 0 0 400 -300 800 541 345 500 0 0 0 0
0 0 200 0 0 100 0 625 0 300 785 0 0 0 0 0 400 0 600 0 0 0 0 0 399 1000 0 0 0 0 618 0 400 600 0 0 0 0 461 500 0 0 0 0 0 0 0 0 500 500 0 0 0 500 0 0 300 400 400 537 500 0 1000 0 0 0 633 0 533 83 900 0 1000 0 200 500 0 0 800 0 0 0 0 1000 900 0 0 0 0 0 700 450 400 475 678 250 0 0 0 0
#LFC 2015-03-22
800 0 100 375 0 0 -400 150 0 0 -600 -200 500 -62 0 0 600 0 400 -450 136 166 125 500 99 0 0 500 466 166 -750 100 625 -250 136 166 -750 0 266 136 0 136 233 0 200 300 0 136 200 0 0 466 100 0 266 136 233 0 200 300 0 136 136 0 0 166 0 33 1000 0 250 0 0 0 0 1000 1000 0 136 0 500 166 650 166 500 0 0 0 0 0 0 0 -200 0 175 166 500 0 168 166
700 0 150 475 0 0 700 300 0 0 900 800 700 400 0 0 1000 0 800 500 500 333 250 700 66 0 100 700 629 208 1000 200 600 566 500 208 1000 0 500 500 0 500 366 0 100 466 0 500 300 0 100 629 200 0 500 500 366 0 100 466 0 500 500 0 0 333 0 322 1000 0 500 100 0 100 100 1000 1000 0 500 50 700 333 675 333 700 100 0 0 0 0 0 0 337 1000 275 333 700 0 327 333
#MUFC 2015-03-22
208 483 416 0 650 1000 200 0 416 0 0 -400 0 0 166 250 0 416 0 0 0 400 -250 266 0 0 0 650 416 166 416 266 166 0 0 -200 250 416 166 0 166 0 416 416 416 166 416 166 416 416 416 416 166 166 416 416 166 416 416 416 416 416 166 416 166 166 416 416 416 416 166 166 416 416 416 416 416 166 166 416 416 416 416 416 416 166 416 416 416 166 166 166 166 1000 416 166 0 0 -125 0
750 541 500 1000 675 1000 300 125 500 0 0 700 0 0 333 250 0 500 0 0 0 800 566 500 0 0 1000 675 500 333 500 500 333 0 100 533 416 500 333 0 333 0 500 500 500 333 500 333 500 500 500 500 333 333 500 500 333 500 500 500 500 500 333 500 333 333 500 500 500 500 333 333 500 500 500 500 500 333 333 500 500 500 500 500 500 333 500 500 500 333 333 333 333 1000 500 333 0 0 375 0
#WHUFC 2015-03-21
0 250 0 300 227 -133 -166 -1000 0 0 0 0 0 0 0 400 250 0 625 250 400 0 -500 0 0 0 400 0 -500 0 0 650 0 100 300 -289 0 0 0 0 136 170 -156 0 800 800 0 -200 -500 479 -111 0 400 -500 0 0 0 0 0 0 -62 0 -208 400 136 -699 0 500 -750 0 1000 227 425 0 0 0 -400 0 0 0 0 711 0 711 711 711 711 711 0 200 214 700 0 100 0 0 250 400 0 0
0 500 100 100 545 133 433 1000 0 0 0 0 0 0 0 450 450 66 500 550 900 0 700 0 0 100 800 0 400 0 0 450 0 400 0 650 0 0 0 0 454 454 285 0 900 900 0 50 500 500 371 0 800 700 0 0 0 0 100 0 687 0 433 800 454 666 1000 700 1000 0 300 545 449 0 0 0 400 0 0 0 0 442 0 442 442 442 442 442 0 100 500 600 0 400 0 0 283 400 0 0
#SAFC 2015-03-21
-97 262 375 0 -108 0 0 -166 -166 595 0 488 0 149 400 0 0 0 200 0 -83 0 268 400 -156 0 0 0 0 0 0 500 0 214 -155 100 0 0 0 331 0 0 0 200 0 -700 0 -800 0 75 -100 0 0 0 0 250 -700 0 0 0 500 0 250 0 194 0 116 0 -400 433 300 0 68 0 0 -500 136 0 0 0 136 357 68 0 0 400 0 0 0 625 0 0 70 -500 0 -50 194 500 0 250
202 495 416 0 916 0 0 433 433 445 0 300 0 500 450 0 0 0 550 0 405 0 577 900 375 0 0 0 0 0 0 1000 0 500 288 900 0 0 0 679 0 0 0 600 0 800 0 900 0 324 200 0 0 100 0 450 800 0 0 0 1000 0 300 0 461 0 729 0 600 833 483 0 477 0 0 1000 454 0 0 0 454 785 477 0 0 800 0 0 0 800 0 0 533 500 0 250 461 700 0 333
#AVFC 2015-03-21
362 0 0 0 0 562 0 0 0 0 0 0 0 0 0 0 300 700 800 100 250 250 0 0 200 -99 0 500 200 700 0 0 400 495 0 800 200 200 200 200 0 350 -200 500 268 0 0 0 -88 350 1000 500 0 375 -800 -83 0 500 141 142 400 -45 -156 0 -750 0 0 0 350 0 -300 657 399 0 350 0 0 0 0 0 0 0 0 0 -300 0 175 150 250 0 68 -200 350 333 0 -800 0 0 0 99
725 0 0 0 0 500 0 0 0 0 0 0 0 0 0 0 750 600 750 1000 250 250 0 0 500 500 0 500 500 600 0 0 500 600 66 400 500 500 500 500 0 650 800 500 727 0 0 0 222 462 1000 500 0 750 800 405 0 875 347 267 800 447 375 0 1000 0 0 0 650 0 200 511 800 0 650 0 0 0 0 1000 0 650 0 1000 488 0 637 700 875 0 250 400 583 596 0 900 0 0 0 366
#Swans 2015-03-21
-50 0 0 0 0 0 0 0 0 800 136 0 0 493 0 200 0 350 0 0 0 1000 0 0 166 0 0 0 500 0 0 0 0 -333 0 0 -500 0 0 500 -200 0 0 500 0 500 700 -250 0 -200 250 0 0 200 100 100 525 100 500 0 0 500 100 -150 133 -50 -388 0 200 600 411 -388 -388 -388 -500 -388 800 0 0 0 375 0 350 500 0 0 225 0 400 0 850 0 250 433 0 0 0 0 0 0
700 0 550 500 0 0 0 0 0 400 454 0 0 727 0 500 0 550 0 0 0 300 0 0 283 1000 0 0 750 0 66 100 1000 666 100 0 875 0 0 833 300 0 0 833 0 600 600 399 0 700 500 0 0 500 199 199 700 199 833 0 0 600 1000 500 600 700 833 0 500 1000 555 833 833 833 700 833 900 0 0 0 750 0 550 500 166 0 450 0 400 0 1000 0 500 683 0 0 0 0 0 0
#NUFC 2015-03-21
0 200 -400 -1000 200 0 400 99 0 200 0 0 266 0 -200 0 242 200 0 400 -181 800 800 0 0 0 0 -500 0 400 0 0 -100 0 166 -33 0 375 450 74 0 -275 322 0 0 312 -125 -953 479 0 -73 0 0 0 46 0 0 -800 -250 400 -500 0 0 437 -339 166 0 0 -328 400 0 231 0 400 0 0 0 0 318 400 500 0 0 0 500 1000 312 0 72 400 133 0 173 266 0 399 125 0 158 0
500 300 400 1000 500 0 400 466 600 700 0 0 600 0 400 0 517 300 62 400 377 400 750 0 1000 0 100 1000 0 800 0 62 100 0 500 775 333 750 850 725 0 525 322 0 500 750 375 700 500 0 393 0 0 62 517 0 0 800 533 400 900 0 0 337 456 500 0 0 846 400 500 750 0 500 0 0 0 0 477 450 1000 0 1000 0 500 400 875 1000 244 900 799 0 560 250 0 400 400 0 600 1000
#AFC 2015-03-21
-400 300 0 191 -199 266 0 221 0
600 800 0 458 300 400 0 650 0
#SaintsFC 2015-03-21
250 495 0 0 0 0 0 0 0 0 0 0 0 800 0 200 513 0 533 1000 0 0 0 0 0 0 0 0 800 0 0 300 100 500 0 550 0 0 0 0 0 0 0 0 0 0 0 800 0 141 0 -375 -400 0 400 533 0 0 0 0 0 0 0 0 800 0 409 0 0 0 0 0 0 0 0 0 800 0 0 1000 281 0 0 0 0 0 0 0 0 0 0 0 0 800 0 0 0 0 0 0
333 774 1000 0 0 0 0 0 0 0 0 0 0 400 0 250 647 0 416 1000 0 0 0 0 0 0 0 0 400 0 0 608 575 900 0 600 250 0 0 0 0 0 0 0 0 0 0 400 0 474 0 592 800 0 900 666 0 0 0 0 0 0 0 0 400 0 463 0 0 0 0 0 0 0 0 0 400 0 0 400 325 0 0 50 0 0 0 0 0 0 0 0 0 400 0 0 0 0 0 0
#Clarets 2015-03-21
-155 166 0 0 0 0 0 0 0 0 0 600 0 0 500 -200 0 800 0 0 -155 0 800 0 0 0 0 116 725 0 -50 0 0 0 0 0 0 -200 -50 0 0 300 0 0 0 550 166 -116 0 100 136 0 0 0 0 0 0 700 500 500 0 350 0 0 0 0 700 0 0 0 0 0 0 500 0 1000 318 0 0 0 0 0 0 -78 0 0 0 0 -400 0 -50 0 0 0 0 0 0 600 0 0
288 166 0 0 0 0 0 0 0 0 0 900 0 0 500 200 0 1000 0 0 288 0 400 0 0 0 0 233 650 0 400 0 0 0 0 0 0 700 400 0 0 100 0 0 0 550 166 541 0 0 454 0 0 0 0 0 0 700 888 250 0 550 0 0 0 0 700 0 0 0 0 0 0 900 0 300 677 0 0 0 0 0 0 187 0 0 0 0 400 0 250 600 0 0 0 0 0 1000 0 0
#SCFC 2015-03-21
700 0 136 500 0 0 0 0 125 166 41 400 325 0 0 -166 0 533 533 533 533 600 250 533 533 533 533 533 533 533 250 533 533 533 533 0 600 400 100 0 400 125 -400 0 0 0 0 0 0 0 0 0 0 -200 0 66 0 300 0 0 0 0 0 -800 166 1000 0 0 0 136 -750 0 136 -400 0 400 0 0 400 136 0 0 449 100 0 0 0 0 0 450 0 800 0 -250 0 0 0 650 650 650
600 683 454 611 0 0 0 0 166 166 183 1000 502 0 0 66 0 900 900 900 900 900 200 900 900 900 900 900 900 900 333 900 900 900 900 0 900 200 250 0 400 500 700 0 0 0 0 0 0 0 0 0 0 1000 0 966 0 200 0 562 0 500 0 900 855 1000 500 0 0 454 1000 0 454 700 0 200 0 0 200 454 0 0 350 199 0 0 0 0 0 450 0 750 0 399 0 0 0 450 450 450
#CPFC 2015-03-21
0 125 0 0 0 0 700 200 0 275 0 0 300 0 -350 0 50 0 1000 800 -400 500 0 449 700 0 0 0 0 625 -250 -800 0 0 0 500 250 390 0 0 800 -699 -400 0 200 -50 300 0 200 400 0 0 0 0 0 0 500 0 0 0 0 0 0 600 0 0 500 -200 300 400 500 0 0 0 0 0 0 0 0 0 0 400 0 0 318 318 0 0 300 200 800 0 0 700 0 0 200 200 136 0
0 694 0 0 50 0 600 500 0 266 0 0 100 0 175 0 50 0 300 400 400 888 0 350 600 0 0 66 0 900 550 900 0 0 0 1000 950 200 0 0 750 666 600 0 100 400 500 0 100 200 0 0 0 0 0 0 500 0 0 0 0 0 0 900 0 0 500 200 500 400 750 0 0 0 0 0 0 0 0 0 0 400 0 0 727 477 0 0 800 100 700 0 0 600 0 0 100 100 500 0
#COYS 2015-03-21
-466 500 366 0 937 0 200 700 644 750 320 287 41 250 0 356 0 488 0 -200 0 0 0 800 500 750 187 -300 0 300 0 157 239 375 250 0 400 0 0 0 0 -100 -31 333 187 -400 200 0 0 1000 100 250 310 -166 0 -300 500 231 625 -83 900 800 1000 0 100 0 0 200 500 750 -699 0 0 0 300 -55 800 0 0 0 280 891 250 1000 433 200 0 1000 800 900 0 0 400 700 0 0 0 -133 0 315
533 1000 333 0 500 0 100 600 605 675 690 712 888 1000 0 406 0 900 0 700 0 0 0 750 666 1000 950 650 850 470 0 510 435 550 200 0 900 0 0 0 0 300 200 666 437 700 575 0 0 300 400 700 430 166 0 400 600 759 500 83 575 575 300 0 250 0 0 100 500 900 666 0 0 0 700 755 700 0 0 0 459 583 200 300 566 100 0 600 575 575 0 0 700 600 0 0 0 383 0 522
#LCFC 2015-03-21
312 0 0 0 350 0 24 0 0 0 200 266 0 0 0 249 700 200 -121 400 700 0 168 450 0 331 500 0 0 0 0 331 331 331 331 331 331 0 0 500 0 0 0 0 0 0 600 0 0 500 -200 0 418 12 500 0 0 0 0 0 0 0 0 0 0 266 0 0 0 0 -100 100 0 0 0 0 0 0 0 0 0 900 0 87 0 0 0 0 500 100 -750 0 0 -200 400 0 500 33 0 400
400 0 1000 0 450 0 591 0 0 0 200 466 0 0 0 800 600 300 204 1000 1000 0 700 479 0 750 500 0 0 0 0 750 750 750 750 750 750 0 0 500 0 0 0 0 0 0 900 0 0 500 200 0 550 312 1000 0 0 0 0 0 0 0 0 0 0 333 0 0 0 0 600 383 0 0 0 0 0 0 0 0 0 1000 0 700 0 0 0 0 900 100 1000 0 0 350 533 0 750 333 0 700
#MCFC 2015-03-21
0 0 0 266 -100 100 0 666 433 433 -75 433 316 0 0 433 316 0 100 266 666 0 500 433 316 1000 150 187 0 0 0 316 -215 600 0 0 400 0 800 0 0 0 0 0 0 0 166 400 -1000 -699 0 -390 0 800 0 0 400 0 -300 166 400 0 100 0 100 0 -600 -200 0 187 800 495 0 -750 0 0 166 0 400 0 -100 800 250 -300 0 0 0 625 0 250 -116 250 0 0 0 0 -116 -215 250 0
0 0 0 716 50 400 500 666 733 733 50 733 333 0 0 733 333 0 700 716 733 0 500 733 333 400 399 437 1000 0 0 333 667 950 0 0 700 0 400 50 0 0 0 0 0 0 333 800 1000 666 0 50 0 700 0 1000 500 0 400 333 900 0 400 0 0 0 1000 200 0 425 400 600 1000 900 0 0 199 0 500 0 650 400 750 400 0 0 0 900 0 300 333 750 250 0 0 0 333 667 750 0
#WBA 2015-03-21
0 0 0 0 0 700 0 -800 -800 68 0 0 75 0 0 0 800 0 0 750 0 350 425 0 800 0 0 0 0 -50 90 0 0 -291 450 0 800 -625 0 0 0 0 800 800 0 0 0 0 400 0 0 0 0 257 500 0 800 0 150 0 500 0 136 99 0 0 0 0 0 0 0 100 0 0 136 -125 1000 0 -62 406 750 0 562 400 0 0 0 0 0 0 650 650 650 0 400 0 0 800 0 0
0 0 0 0 0 600 1000 900 900 227 0 0 377 0 0 0 750 0 0 400 0 650 350 500 575 0 0 0 0 175 430 0 0 541 475 0 575 700 0 0 0 0 750 750 0 0 0 0 800 0 0 0 500 421 500 0 750 0 649 0 1000 0 500 633 0 100 0 0 0 1000 0 300 0 0 500 200 750 0 187 575 950 0 666 400 0 0 0 0 0 0 450 450 450 0 500 100 0 750 0 0
#Swans 2015-03-16
500 0 500 0 0 0 0 0 -166 500 0 -71 156 0 0 0 0 0 0 0 250 0 0 0 0 400 0 16 200 0 700 548 180 100 136 0 0 0 0 0 0 0 0 0 0 0 224 0 0 0 0 0 -66 125 225 -250 850 0 800 0 -71 0 170 170 400 358 0 0 400 -200 125 800 500 0 -52 700 0 49 49 100 700 49 -166 177 0 0 0 0 0 0 0 0 0 149 0 350 0 0 0 -200
600 0 750 0 0 0 0 0 433 750 0 214 166 0 0 0 0 0 0 0 1000 0 100 0 0 500 0 462 400 0 600 722 319 400 454 0 0 0 0 0 0 0 750 0 0 0 400 0 0 0 0 0 333 750 575 888 1000 0 750 0 214 0 454 454 550 683 0 0 400 200 666 750 1000 0 791 600 0 450 450 300 600 450 433 433 0 0 125 0 0 0 0 0 0 500 0 550 0 0 0 233
#LFC 2015-03-16
0 500 250 0 0 0 0 285 0 0 -50 400 -50 -25 166 100 -499 0 937 400 0 0 300 0 0 266 -400 750 37 633 500 -500 -500 0 0 0 500 0 250 0 0 450 0 0 -78 0 0 -7 84 0 0 0 -375 495 900 0 0 0 289 0 0 -100 350 350 1000 0 0 566 -281 400 0 1000 150 -500 0 0 200 0 -400 0 0 500 -500 295 150 140 450 -500 -121 0 1000 285 160 0 285 285 0 -133 433 -500
0 500 512 0 0 0 0 535 0 250 200 800 200 625 333 400 533 0 900 200 0 0 500 0 0 466 700 900 237 666 900 1000 1000 0 0 0 500 0 375 0 0 575 0 0 437 0 0 322 255 0 0 0 400 545 700 0 0 0 133 100 0 100 650 400 1000 0 0 866 504 425 0 1000 649 1000 0 0 283 0 400 0 0 900 1000 478 649 351 600 1000 784 0 300 535 500 0 535 535 0 255 900 1000
#EFC 2015-03-15
18 0 0 0 0 0 -155 365 0 0 0 0 0 0 0 0 -388 -388 -388 -388 0 0 0 800 800 0 400 0 400 500 -194 363 0 -500 250 525 0 -500 0 0 -500 365 50 250 250 400 0 136 136 0 500 0 468 800 18 0 -62 0 100 365 365 400 136 0 0 -100 0 18 0 0 -500 365 100 18 0 800 533 0 0 0 0 245 18 0 0 150 136 365 0 0 0 -155 400 0 0 0 500 365 365 800
277 0 0 0 0 0 288 538 0 100 0 0 0 0 0 0 833 833 833 833 0 0 0 400 400 0 800 0 800 500 916 522 100 1000 500 750 0 1000 0 0 1000 538 433 583 583 800 0 454 454 0 600 0 677 400 277 0 750 0 200 538 538 800 454 0 0 50 0 277 0 0 1000 538 400 277 633 400 288 66 66 0 0 400 277 0 0 649 454 538 0 50 0 288 250 0 0 0 1000 538 538 400
#NUFC 2015-03-15
0 0 0 625 0 -1000 0 800 -500 0 -400 -125 -400 -200 0 400 400 400 0 0 1000 400 500 587 0 100 136 0 400 0 0 0 100 0 0 100 0 112 0 0 0 500 0 0 200 -400 -500 -500 133 0 316 -75 866 55 500 500 222 0 250 250 0 0 136 216 0 136 0 0 -200 0 976 700 0 -300 0 100 400 136 170 850 -200 800 0 -195 0 166 400 0 100 0 1000 0 136 125 -100 166 50 225 0 0
0 0 0 600 0 1000 0 400 700 700 400 375 400 800 0 800 800 800 0 0 300 666 500 875 0 400 454 0 800 0 0 0 400 0 0 700 125 600 0 0 0 500 0 0 450 400 1000 1000 420 0 783 500 683 345 500 150 672 0 583 583 0 0 454 791 0 454 0 0 250 0 800 1000 0 400 0 200 800 454 454 1000 250 400 0 633 0 555 425 0 450 0 700 50 454 500 83 333 50 345 66 66
#MUFC 2015-03-15
0 166 0 0 -1000 400 0 0 0 0 -41 0 0 366 0 500 0 0 -500 0 0 0 0 25 0 0 -50 400 0 0 0 0 0 0 0 0 0 0 0 0 0 0 0 0 0 0 0 0 0 0 0 0 0 0 0 0 0 0 0 0 0 0 0 0 0 0 187 0 35 333 0 0 0 0 0 500 0 -62 0 250 0 0 0 0 0 -62 200 -500 0 0 200 533 0 285 0 -400 0 0 -277 0
0 166 0 0 1000 550 0 0 0 0 166 0 0 566 0 500 0 0 1000 0 0 0 0 500 0 0 483 800 0 0 0 0 0 0 0 0 0 0 0 0 0 0 0 0 0 0 0 0 0 0 0 0 0 0 0 0 0 0 0 0 0 0 0 0 0 0 437 100 564 433 0 0 0 0 0 500 0 166 0 333 0 0 0 0 0 166 300 500 0 0 100 416 0 535 0 600 66 0 444 0
#COYS 2015-03-15
525 400 700 675 0 1000 0 0 800 0 -625 416 0 0 375 0 0 0 500 0 69 25 0 149 625 333 0 0 800 -400 433 -155 800 474 38 232 0 600 1 0 800 0 -56 333 625 450 446 342 500 -50 350 490 700 625 0 0 121 0 0 500 600 600 243 800 500 700 11 800 800 600 0 0 976 541 1000 0 500 800 0 187 0 250 350 1000 -300 0 0 0 0 0 74 712 0 0 0 433 297 0 500 650
905 900 950 800 0 500 0 0 500 0 700 211 0 1000 100 0 0 0 600 0 346 700 0 500 500 516 0 0 700 700 300 288 1000 673 263 706 0 950 497 0 700 0 650 666 500 354 535 592 750 225 350 650 800 533 0 0 488 650 0 666 250 550 783 400 600 950 218 575 575 950 0 0 500 566 1000 0 625 400 0 437 0 250 550 300 466 0 0 0 0 0 250 675 0 0 500 633 494 0 500 550
#CFC 2015-03-15
0 0 1000 -111 0 0 0 300 0 0 0 0 800 0 0 0 400 666 0 -700 900 0 400 28 800 0 0 0 0 0 400 28 0 400 0 28 0 0 0 0 400 28 0 0 0 0 0 0 0 0 0 100 0 0 0 169 0 0 0 0 0 -500 0 0 -500 0 0 0 0 700 0 400 0 0 0 500 350 0 500 0 0 0 0 28 0 433 0 -250 -4 0 0 0 0 0 0 150 136 0 0 0
0 0 400 214 0 0 0 458 0 0 0 0 400 0 0 0 400 733 0 200 900 0 200 565 400 0 0 0 0 0 200 565 0 200 0 565 0 0 0 0 200 565 0 0 0 0 0 0 0 0 0 400 0 0 0 426 0 0 0 1000 0 1000 0 0 1000 0 0 0 0 600 0 200 0 0 0 500 550 0 500 0 0 0 0 565 0 733 0 100 150 0 0 0 0 0 0 700 454 0 0 0
#SaintsFC 2015-03-15
0 0 0 0 0 0 800 0 136 0 0 0 -150 285 0 0 -300 0 0 0 0 0 0 0 0 0 800 0 136 0 0 0 0 283 250 0 0 0 266 450 800 600 0 0 0 0 0 0 800 0 136 0 600 500 0 1000 500 200 200 315 0 0 200 200 -24 0 0 0 0 0 0 0 800 0 136 0 0 200 1000 0 200 200 0 0 0 0 0 0 800 0 136 0 700 383 650 0 0 0 -250 500
0 0 0 0 0 0 400 0 454 0 0 66 450 535 0 0 399 0 50 0 0 0 0 0 0 0 400 0 454 0 0 0 0 883 100 0 1000 0 566 800 1000 1000 0 0 0 0 0 0 400 0 454 0 1000 500 0 750 600 100 200 527 0 0 100 100 389 0 0 0 0 0 0 0 400 0 454 0 0 100 300 0 100 100 0 0 0 0 0 0 400 0 454 0 600 833 750 100 66 66 250 600
#Clarets 2015-03-14
0 0 0 0 500 0 0 0 450 250 0 0 0 -75 0 -100 0 0 0 0 0 0 0 -800 0 160 0 0 500 0 136 0 250 0 68 0 136 0 0 400 -250 0 0 0 0 0 100 0 500 0 400 -250 0 0 0 0 0 100 0 500 0 0 0 0 1000 0 136 0 350 750 136 0 0 0 -388 0 0 0 0 0 0 0 0 0 0 0 250 0 0 0 0 0 0 0 0 213 0 0 700 0
0 0 0 0 1000 0 0 0 475 333 0 0 0 250 0 600 0 0 0 0 0 0 0 1000 0 539 0 0 600 0 454 0 650 0 227 0 454 0 0 575 250 100 1000 0 0 0 400 0 500 0 575 250 100 1000 0 0 0 400 0 500 0 0 500 0 300 0 454 0 450 950 454 0 0 0 833 0 0 0 0 50 0 0 0 0 0 0 300 0 0 0 0 0 0 0 0 454 0 0 600 0
#MCFC 2015-03-14
0 0 0 0 0 0 0 666 0 -155 625 -155 0 0 0 0 -155 0 0 568 0 0 -388 -291 500 568 400 -306 500 0 400 246 0 568 0 0 0 0 500 0 0 200 0 0 -400 125 408 200 0 0 1000 -155 0 0 -750 568 625 666 0 200 0 0 0 0 1000 1000 0 -166 0 568 568 400 0 0 0 400 400 -187 568 0 0 0 0 1000 0 0 -650 666 200 1000 1000 -250 170 0 300 0 0 175 1000 0
0 0 0 0 0 0 0 733 0 288 900 288 0 0 66 0 288 0 0 427 125 0 833 541 900 427 800 727 900 0 800 517 0 427 0 0 0 0 766 0 0 300 0 125 700 166 516 500 0 0 1000 288 0 0 1000 427 900 733 33 300 0 0 0 0 400 400 0 188 0 427 427 800 0 66 0 1000 800 250 427 0 0 0 0 900 0 0 950 733 500 400 400 800 454 0 100 0 0 325 1000 0
#AFC 2015-03-14
136 0 0 400 0 0 0 0 -600 0 -600 0 400 666 0 0 0 0 633 -431 0 0 -600 800 0 0 0 0 -250 266 -431 266 200 0 -431 200 0 0 0 0 0 50 136 400 125 0 266 200 0 0 0 200 800 -266 500 800 0 100 -750 -750 800 0 0 200 178 0 0 200 136 0 0 0 -750 -133 666 0 0 0 0 550 550 0 200 0 0 400 0 300 0 0 0 0 -300 0 500 0 -100 0 0 500
454 0 0 800 33 0 0 0 700 0 700 0 800 733 125 0 0 66 566 727 0 0 1000 400 0 0 0 0 750 516 727 516 500 0 727 500 0 0 0 0 0 500 454 800 1000 0 516 500 0 0 0 500 750 733 600 700 0 1000 1000 1000 700 0 0 500 535 0 0 100 454 0 0 0 1000 633 733 0 0 0 0 700 700 0 300 0 0 800 0 713 0 0 0 0 100 0 950 400 400 0 0 250
#WHUFC 2015-03-14
0 -600 0 800 0 0 -300 400 0 200 0 479 -400 0 450 0 250 33 0 0 0 0 0 68 33 600 -100 0 0 300 200 0 260 0 0 475 136 0 166 136 -500 -500 0 0 0 0 0 170 0 0 125 -99 344 625 -400 0 0 0 400 0 0 0 0 16 0 500 0 0 500 0 0 -400 200 0 0 16 0 33 33 1000 500 0 416 0 0 0 588 33 0 0 0 33 0 0 0 0 0 33 0 0
0 700 1000 400 0 0 500 800 0 700 0 500 400 0 550 1000 333 66 500 125 0 0 0 477 66 975 262 0 0 200 500 0 550 0 0 700 454 0 766 454 900 900 0 0 0 0 0 443 0 0 400 266 644 500 400 0 0 0 800 0 0 0 250 95 0 500 0 0 500 0 0 600 500 0 0 95 0 66 388 1000 500 0 500 0 0 0 355 66 0 1000 0 66 0 0 1000 0 0 66 0 0
#LCFC 2015-03-14
0 0 0 0 -155 -400 400 0 0 325 0 400 500 0 0 125 0 0 0 0 250 400 0 266 0 525 1000 201 0 976 0 136 200 400 0 0 100 0 525 0 68 -155 800 283 0 0 227 500 227 500 -400 0 150 0 0 285 285 285 0 0 285 0 0 285 285 -50 0 0 0 0 66 49 43 100 0 -200 400 400 400 0 400 0 500 0 0 166 400 0 500 0 0 0 200 0 0 500 0 500 600 0
0 0 0 500 288 400 1000 0 66 450 0 400 900 125 0 166 0 0 0 0 400 400 0 633 0 366 1000 348 0 500 0 500 450 800 33 22 200 0 366 0 227 288 1000 433 0 0 545 500 545 500 400 0 400 0 0 535 535 535 0 0 535 0 0 535 535 100 500 0 0 0 133 644 593 539 0 600 400 400 400 0 400 0 900 0 0 333 400 0 900 0 1000 0 366 0 0 500 0 500 575 0
#hcafc 2015-03-14
0 0 0 -52 800 300 187 325 0 0 0 812 -44 0 125 0 0 -200 0 0 0 600 0 -187 0 350 625 250 0 285 0 0 250 0 700 0 250 -400 0 0 0 33 0 0 0 550 625 625 625 0 625 625 625 0 0 68 0 25 625 -312 318 500 500 125 166 0 -600 0 500 0 0 625 0 0 0 0 483 0 0 0 0 0 500 0 0 131 0 0 0 0 122 -388 0 433 -388 -75 0 -100 0 0
0 0 100 400 750 449 687 450 66 0 0 450 733 0 383 0 0 300 0 0 0 1000 0 200 0 350 500 333 0 535 0 0 1000 0 600 0 333 400 0 0 0 388 0 0 0 425 500 500 500 0 500 500 500 0 0 227 0 400 500 687 677 150 150 350 433 0 1000 0 500 0 0 500 0 0 0 0 566 0 0 0 0 0 500 0 400 458 0 100 0 0 518 833 0 833 833 250 0 600 0 0
#SAFC 2015-03-14
0 0 200 0 0 285 0 68 -166 479 1000 200 0 0 0 0 250 0 0 0 0 0 875 0 300 800 200 -100 0 0 200 0 0 0 50 0 0 0 -200 -206 500 400 0 268 350 479 0 0 200 500 0 200 200 200 200 850 0 0 0 0 1000 0 0 800 136 0 0 62 0 500 500 500 500 0 100 0 150 0 383 -7 0 100 150 800 200 33 100 0 400 0 0 -400 -500 383 -116 0 0 0 0 0
0 0 450 0 0 535 0 227 166 500 300 200 0 0 0 0 500 0 0 100 0 0 600 0 950 400 600 250 0 0 500 699 0 0 150 0 0 0 399 200 500 800 0 577 650 500 0 0 600 700 0 600 600 600 600 1000 0 0 0 0 300 1000 0 750 454 0 0 500 0 888 888 888 888 0 400 0 300 0 211 400 0 400 300 1000 300 388 400 0 800 0 0 700 400 211 600 0 0 0 0 0
#AVFC 2015-03-14
0 100 100 118 0 0 800 0 0 0 0 200 0 200 200 200 0 0 0 -500 0 166 0 500 0 166 250 0 0 0 500 700 450 0 0 0 479 0 0 0 0 0 400 0 500 800 0 -100 0 127 400 -433 400 0 400 0 -99 0 0 -390 0 0 338 400 0 175 0 0 0 800 0 166 500 800 700 125 0 200 0 1000 350 0 0 0 0 0 437 0 0 0 0 -937 387 133 0 0 0 125 -1000 -1000
0 400 300 427 0 0 400 0 0 0 0 450 0 450 450 450 0 0 0 1000 0 666 0 1000 0 666 416 0 1000 0 833 600 944 0 0 0 500 0 0 0 0 0 1000 0 500 1000 1000 200 0 170 1000 666 800 0 1000 0 700 0 0 888 1000 0 557 450 0 275 0 100 0 400 0 388 500 750 900 200 0 500 1000 300 300 0 0 1000 66 0 500 0 0 0 0 800 560 600 0 0 0 166 1000 1000
#WBA 2015-03-14
500 0 0 224 0 0 136 0 0 250 0 0 0 0 0 0 0 125 0 1000 0 0 170 400 170 0 -283 0 0 0 200 -466 700 285 1000 800 433 0 0 224 0 -163 800 525 460 800 0 500 750 500 500 69 800 750 400 0 1000 200 1000 0 0 1000 0 781 0 0 0 500 0 0 800 0 0 800 0 0 0 0 0 100 -49 342 0 91 250 399 0 625 0 0 0 0 800 33 -100 -49 400 0 -250 50
500 300 0 744 66 0 454 250 0 350 0 66 0 300 300 0 0 1000 0 300 0 0 454 1000 454 0 483 300 0 0 200 600 600 535 400 1000 533 0 0 550 100 444 1000 600 700 1000 1000 600 1000 750 600 111 1000 900 533 0 1000 200 1000 0 0 1000 0 600 0 0 0 500 0 0 1000 1000 500 400 0 0 0 0 0 400 133 467 0 541 350 433 66 750 300 0 0 250 400 388 83 300 700 0 500 833
#SCFC 2015-03-14
136 83 0 500 0 -150 0 300 1000 0 0 0 24 400 800 0 -200 200 800 0 33 700 -250 0 500 0 -400 500 500 0 700 0 0 0 0 400 0 0 0 0 0 0 0 400 500 800 300 0 0 224 -400 400 0 0 0 400 0 600 0 0 0 800 0 600 0 400 0 1000 0 0 0 0 600 0 0 0 -125 500 100 600 0 0 0 0 600 0 0 600 600 0 -291 100 0 0 200 400 0 400 479 0
454 833 0 611 0 100 0 100 1000 0 0 0 562 1000 750 0 1000 500 750 0 388 600 383 0 900 0 700 900 900 0 600 0 0 0 0 400 0 0 1000 0 0 0 0 425 375 400 200 0 0 550 700 400 0 0 0 400 0 255 0 0 0 400 0 255 0 400 0 1000 0 0 0 50 900 0 0 0 375 500 300 900 0 0 0 0 900 0 500 900 900 0 541 400 0 0 500 400 0 400 500 0
#CPFC 2015-03-14
0 28 0 -400 300 28 300 300 300 0 0 50 0 0 0 -4 0 0 0 0 -500 437 0 850 0 0 0 0 -1000 -1000 -1000 0 100 0 0 62 0 500 136 0 0 0 0 100 1000 800 136 136 0 0 -224 136 -380 0 0 33 450 213 0 58 100 0 0 -150 -150 0 136 250 125 0 500 107 -666 0 200 0 0 0 0 1000 -300 433 0 0 0 0 0 0 0 0 0 500 0 -150 -500 -8 0 250 1000 0
0 585 0 400 500 585 500 500 500 278 0 200 0 0 0 0 0 0 0 0 700 637 0 700 500 0 0 0 1000 1000 1000 0 1000 0 0 473 0 500 454 0 0 0 0 300 750 400 500 500 0 0 750 500 683 0 0 388 700 454 0 500 650 0 0 100 100 0 454 300 350 0 1000 285 833 0 200 0 0 0 0 1000 399 733 0 0 125 0 66 0 0 0 0 500 0 333 1000 215 0 1000 1000 0
#QPR 2015-03-14
500 0 285 0 0 -243 -500 500 0 250 350 -155 0 0 0 0 0 0 100 0 400 400 0 180 0 400 0 0 0 0 -366 0 0 800 344 100 0 0 0 500 0 100 0 -219 50 0 0 0 0 0 0 1000 100 0 0 950 325 -93 0 -131 0 136 0 0 0 0 0 0 0 0 0 66 0 0 0 -200 0 100 0 -388 350 400 619 400 229 0 976 0 175 500 0 0 0 0 0 0 0 0 366 0
500 0 535 0 0 288 1000 1000 0 300 550 288 0 0 0 0 0 1000 400 0 1000 1000 0 270 0 500 0 0 0 0 500 0 0 400 644 400 0 0 0 375 0 1000 0 429 700 0 0 0 0 0 0 300 300 0 0 1000 791 250 0 450 0 500 0 0 0 0 0 0 0 0 0 266 0 0 0 300 0 400 0 833 550 500 600 875 350 0 750 0 400 1000 0 100 0 0 0 0 66 66 700 66
#QPR 2015-03-07
350 700 0 0 500 483 0 -200 -200 -200 0 390 625 0 649 0 -400 800 575 0 0 -400 250 250 102 0 0 0 0 0 0 350 -750 0 -77 312 500 0 -600 625 0 0 0 0 0 0 375 1000 1000 102 0 90 300 0 33 200 0 200 0 475 0 0 0 0 0 0 0 0 100 100 100 100 156 0 0 0 0 500 0 0 0 -781 100 175 350 200 464 0 0 0 0 400 400 400 400 400 -725 0 -133 0
300 600 0 0 600 511 0 1000 1000 1000 0 300 1000 312 950 125 700 400 625 0 0 400 200 200 347 0 0 0 0 0 0 650 866 0 644 333 500 0 700 1000 0 0 0 0 0 0 650 300 300 347 66 636 612 0 633 300 0 300 0 400 0 76 0 0 76 0 76 0 100 100 100 100 761 0 0 0 0 500 0 0 0 700 200 400 550 300 307 0 0 0 0 450 450 450 450 450 950 0 388 0
#COYS 2015-03-07
500 0 0 0 200 0 75 68 0 225 468 0 0 500 566 0 0 0 -100 -200 800 0 0 0 0 0 215 1000 350 0 228 0 800 800 766 300 250 0 104 0 650 -49 285 166 850 750 766 766 399 800 493 0 0 0 329 200 370 258 0 0 1000 318 1000 600 1000 0 37 -250 0 0 250 0 1000 1000 239 -1000 400 0 754 800 566 466 466 0 0 781 0 0 125 0 -244 600 100 0 0 500 100 0 0 500
587 0 0 100 500 0 450 227 0 391 0 0 0 500 875 0 0 62 700 266 750 0 0 0 1000 0 303 400 800 0 345 0 700 750 583 575 750 0 687 0 625 450 535 361 800 1000 583 583 633 750 581 100 0 0 862 575 591 625 0 0 1000 518 1000 616 1000 1000 500 100 0 100 333 0 750 750 409 1000 437 125 890 750 450 566 566 0 0 600 0 0 229 0 216 650 150 0 0 1000 150 0 0 600
#LFC 2015-03-04
0 0 0 0 0 0 311 268 600 0 0 433 0 0 233 0 0 500 800 400 0 0 0 100 0 1000 268 0 0 400 0 -500 0 -500 800 0 0 433 268 0 700 125 0 0 0 0 0 0 0 762 0 0 394 0 1000 0 0 0 -166 -700 0 366 200 0 0 400 0 800 0 800 0 309 1000 0 0 0 150 0 363 100 0 700 0 -150 500 1000 0 0 0 0 1000 300 0 1000 400 100 500 -55 0 187
0 0 0 0 0 0 555 577 600 0 0 733 0 0 199 0 0 875 700 800 0 0 0 300 0 1000 577 0 500 800 0 1000 0 300 750 0 0 733 577 0 750 166 0 0 0 0 0 0 66 750 0 0 495 0 1000 0 0 0 300 1000 0 700 300 0 0 800 0 400 0 400 0 404 1000 0 0 500 700 0 772 0 0 750 0 700 150 1000 0 0 0 0 1000 500 0 1000 700 400 150 847 0 1000
#Clarets 2015-03-04
250 333 375 312 0 0 0 0 0 700 0 0 0 0 0 0 100 50 0 0 -400 -699 0 0 0 0 250 250 0 0 400 99 312 375 375 216 0 0 0 0 0 0 0 0 0 600 0 175 0 0 136 0 0 0 500 544 -699 -400 -1000 633 0 0 -375 0 0 250 400 0 250 0 250 0 -699 0 -374 377 0 100 0 0 600 350 -80 300 50 500 600 0 0 0 300 600 0 0 316 350 600 0 250 300
200 366 500 333 500 0 0 0 0 600 0 0 0 0 0 0 350 100 0 0 700 666 0 0 0 0 333 333 0 0 575 650 333 500 500 450 0 0 0 0 400 0 66 0 0 1000 0 266 0 0 454 0 0 0 600 583 666 400 1000 683 0 400 900 0 0 333 800 0 333 0 333 66 666 0 533 317 400 350 0 0 1000 550 480 400 100 500 1000 0 0 0 400 1000 0 0 683 550 1000 0 333 500
#MCFC 2015-03-04
0 311 200 0 0 0 0 250 400 178 433 200 250 500 -357 0 500 0 500 666 800 500 0 350 0 1000 0 0 0 0 0 100 0 125 227 -155 0 0 500 0 833 0 0 0 400 500 142 0 200 0 0 1000 0 0 47 -316 300 200 0 800 0 -400 0 0 0 0 0 0 250 0 0 568 372 0 125 0 0 0 0 0 0 0 150 0 800 0 0 0 0 800 0 0 0 0 0 0 0 625 850 0
0 555 300 100 0 50 66 333 800 418 733 400 1000 500 678 0 500 0 900 733 400 900 0 650 0 900 0 0 0 0 0 400 0 400 545 288 0 0 500 0 866 1000 0 0 800 500 267 0 300 0 0 1000 0 0 311 300 100 300 0 900 0 400 0 0 0 0 0 0 333 0 333 427 700 0 400 0 800 1000 66 0 0 0 350 0 700 0 0 0 0 400 0 0 0 0 0 0 0 900 500 0
#LCFC 2015-03-04
-250 0 0 0 0 333 -155 -200 55 0 283 0 0 500 -50 0 0 500 0 0 33 0 0 0 440 0 0 0 0 -26 0 -277 0 278 -208 0 0 0 0 0 0 0 0 0 0 50 0 0 283 0 227 0 0 0 275 250 100 0 0 333 650 355 0 0 100 0 0 0 350 300 83 0 0 0 100 0 350 100 300 125 0 0 0 200 0 0 0 281 0 -117 0 227 50 0 0 200 0 400 312 400
500 0 0 0 0 833 288 400 255 0 341 0 0 150 300 0 0 1000 0 1000 66 0 1000 0 476 1000 0 0 0 785 1000 333 50 450 166 0 0 0 0 0 0 0 0 0 850 50 0 0 349 0 545 0 500 0 600 250 200 0 0 1000 791 360 0 100 400 0 0 0 550 500 250 0 0 0 700 0 550 700 500 375 0 0 0 500 0 0 0 429 0 250 0 545 50 0 0 500 0 400 250 400
#NUFC 2015-03-04
1000 0 0 1000 400 0 0 1000 0 0 0 1000 0 0 0 0 333 0 11 400 750 0 0 0 400 172 0 0 468 0 325 0 479 0 1000 0 -500 178 0 0 875 0 100 250 250 250 0 0 0 0 0 0 0 875 0 0 -300 0 250 250 -900 0 0 0 400 0 250 0 0 0 500 0 0 0 0 0 0 0 0 0 0 0 0 312 550 250 68 0 -150 0 0 0 0 0 0 0 0 0 0 0
400 0 0 1000 800 0 0 400 0 0 100 1000 0 0 0 0 1000 0 488 800 1000 0 0 0 800 444 0 0 427 0 166 850 500 0 400 0 700 335 0 0 1000 0 200 200 200 200 0 0 0 0 0 0 0 600 0 0 250 0 450 550 900 0 0 0 800 0 216 0 0 0 850 0 0 0 0 0 0 0 0 0 0 0 0 333 850 405 750 0 200 0 0 0 0 0 0 0 0 0 0 0
#MUFC 2015-03-04
0 0 -250 0 0 0 0 -166 0 0 0 -125 800 250 0 -350 900 0 500 0 0 0 900 0 0 0 0 175 400 900 0 0 800 0 0 0 600 400 900 0 0 0 -125 0 0 0 0 361 0 66 0 0 875 0 424 100 0 0 0 0 -100 0 0 0 0 400 1000 700 318 0 0 0 0 0 0 0 0 0 0 0 0 0 0 0 0 0 0 0 0 0 0 0 0 0 1000 0 0 250 0 228
200 0 100 0 0 0 0 399 0 66 0 375 400 300 0 500 1000 0 500 0 0 0 1000 0 0 0 0 366 800 1000 100 0 400 0 0 0 550 800 1000 0 0 0 375 0 0 0 0 545 0 500 0 0 600 0 583 300 0 0 0 0 100 500 500 500 0 800 390 600 477 0 125 0 62 62 62 62 62 62 62 62 62 62 62 62 62 62 0 62 62 62 0 0 66 0 400 0 0 250 0 645
#QPR 2015-03-04
0 0 0 0 650 200 800 0 1000 0 350 350 0 500 625 0 0 500 0 375 312 0 362 350 0 -200 0 0 466 0 700 79 -400 0 0 -699 600 -37 0 0 0 0 366 0 0 -404 700 400 250 100 0 200 875 0 0 50 -416 0 37 138 700 296 287 0 -250 700 0 -550 500 300 0 0 0 0 0 0 0 0 -66 149 544 400 136 1000 50 0 500 800 0 136 500 -300 500 -300 0 800 0 0 0 0
0 0 0 0 625 600 400 0 1000 0 550 550 0 449 600 0 0 500 0 500 333 0 572 650 0 300 0 0 683 0 600 440 400 1000 0 666 600 600 0 1000 312 0 400 0 0 734 600 233 250 300 66 500 800 283 0 533 666 0 800 699 600 588 462 0 500 600 500 700 500 450 0 0 0 0 0 0 0 0 433 500 966 900 454 300 550 312 1000 750 0 500 683 600 500 950 0 875 312 1000 0 0
#AFC 2015-03-04
0 0 0 0 266 266 0 0 0 0 0 0 0 400 0 0 0 404 0 266 450 0 0 0 0 -50 0 -500 0 0 666 400 0 0 0 -500 -500 0 0 0 0 200 0 0 266 0 0 -349 0 0 0 0 187 0 0 0 400 0 0 0 0 -158 433 500 -316 700 -50 0 -50 0 0 0 100 0 0 -50 0 0 0 0 500 585 0 0 -799 0 800 0 0 0 500 0 0 0 0 125 0 366 200 -625
0 0 0 0 666 666 0 0 0 0 0 300 0 800 0 0 0 523 0 666 625 0 0 0 0 35 0 1000 0 0 733 800 0 125 0 1000 1000 0 0 0 0 200 0 0 250 0 0 333 0 0 0 0 437 0 66 0 800 0 0 0 0 333 833 500 300 600 35 0 35 0 125 0 400 0 0 35 0 1000 0 0 500 200 0 1000 1000 1000 600 0 0 0 900 0 0 0 0 500 0 633 500 299
#SCFC 2015-03-04
533 533 533 250 250 0 0 0 500 0 0 0 -50 -50 479 -41 0 0 0 0 136 875 300 -600 0 0 0 500 1000 0 -874 117 0 250 0 0 500 -131 0 0 0 0 0 800 0 0 637 0 -50 0 0 0 0 0 0 700 500 0 0 1000 479 0 0 0 0 0 179 0 -666 0 -536 1000 800 -50 0 0 0 350 0 0 0 0 300 300 0 0 500 0 0 0 0 -500 -400 650 0 0 0 0 0 500
900 900 900 333 500 0 650 0 500 0 0 0 100 100 500 583 0 0 0 0 454 600 0 700 0 0 0 500 600 0 666 843 0 250 0 0 1000 450 0 0 100 0 1000 750 0 0 550 0 100 666 0 0 0 0 0 750 500 0 0 300 500 0 100 0 0 0 539 0 700 0 752 300 400 100 0 0 0 550 0 0 0 0 200 200 0 0 500 0 0 0 0 700 600 800 0 0 0 0 0 500
#EFC 2015-03-04
800 0 100 1000 -400 0 0 0 0 400 136 0 0 866 0 500 500 0 -50 0 -500 0 0 0 -50 -50 -50 0 0 0 100 433 -316 468 0 281 700 0 400 0 0 0 0 -50 0 700 0 -400 0 500 500 0 -750 0 0 0 -200 0 462 100 0 100 100 0 0 0 0 0 200 625 600 62 0 -700 0 0 366 0 -375 0 0 0 0 0 0 0 0 0 0 0 0 -487 -225 0 400 400 136 570 500 0
400 0 400 1000 700 0 0 0 0 800 454 0 0 883 0 500 500 0 35 0 1000 0 0 0 35 35 35 0 0 0 400 833 300 427 0 750 600 0 378 0 0 0 0 35 0 600 0 700 125 500 500 1000 1000 0 0 0 400 455 738 400 0 400 600 0 0 0 0 1000 800 500 1000 375 0 800 0 0 600 0 600 0 0 0 0 0 0 0 0 0 0 0 0 762 700 0 800 800 454 500 500 0
#COYS 2015-03-04
0 0 333 -500 136 0 0 -812 600 0 1000 800 0 625 0 -1000 825 0 0 -650 -100 0 0 -400 0 200 -650 300 0 250 -500 0 0 0 -110 -125 -500 350 612 312 0 0 -166 266 250 783 0 136 227 350 500 1000 -650 0 500 575 -362 0 0 -266 125 350 800 243 0 99 0 0 0 0 0 0 -200 800 0 250 1000 0 0 -166 0 -71 -500 -233 0 -216 0 500 -650 300 0 0 800 0 -1000 0 0 350 -399 0
0 0 458 1000 500 0 0 1000 900 0 300 750 0 500 0 1000 549 500 0 1000 200 0 0 600 0 450 1000 500 0 200 1000 100 0 0 572 250 1000 462 759 500 0 0 533 388 500 799 0 500 545 650 500 300 1000 0 500 700 644 0 0 333 450 650 875 575 750 416 0 0 100 0 0 100 600 750 0 750 1000 0 0 66 0 214 1000 400 0 883 0 1000 1000 500 0 0 750 0 1000 0 0 650 700 0
#Swans 2015-03-04
0 50 100 800 250 33 -166 100 500 500 0 0 0 80 80 600 136 -375 0 250 0 0 375 312 -200 0 0 0 0 -291 66 0 0 500 0 250 66 0 500 250 0 0 1000 160 0 0 300 0 0 0 0 0 250 0 0 0 0 500 500 0 0 0 300 0 -400 0 175 0 0 0 0 0 0 0 50 0 0 0 500 0 0 0 500 0 0 0 0 800 0 0 0 0 0 0 0 100 0 500 0 0
100 450 900 400 300 341 166 1000 500 500 0 0 0 269 269 900 454 950 0 250 0 0 500 333 400 0 0 0 0 541 166 0 0 600 0 1000 166 0 1000 1000 0 0 750 539 0 0 200 0 0 0 0 0 250 0 0 0 0 500 1000 0 0 0 500 0 400 0 675 0 0 1000 1000 0 0 0 100 0 0 0 900 0 0 0 1000 100 0 0 0 400 0 0 0 100 100 0 0 1000 0 500 0 0
#WHUFC 2015-03-04
400 0 0 -1000 -31 0 294 -500 0 0 400 -666 625 -600 0 0 0 300 250 250 250 250 0 136 350 418 524 -800 400 136 0 -450 0 0 0 0 136 136 136 600 166 -31 136 0 36 136 136 -100 0 0 0 -750 800 -350 492 0 0 -800 -475 -258 0 -250 192 0 -49 -250 0 0 -800 375 0 -500 0 166 250 0 0 0 -500 0 200 900 0 -250 -250 479 136 -800 418 100 250 500 -250 0 -50 -400 -800 0 0 0
800 100 0 1000 277 0 434 500 0 0 375 666 500 800 0 0 0 366 200 200 200 200 0 454 550 577 625 1000 800 454 0 550 0 0 0 0 454 454 454 775 466 366 454 0 427 454 454 100 0 0 0 750 400 600 567 0 0 1000 950 833 0 700 367 0 300 700 0 100 1000 375 0 800 0 333 850 0 125 0 300 0 200 1000 0 1000 400 500 454 1000 527 100 250 500 888 0 400 400 1000 0 0 0
#CFC 2015-03-04
800 136 0 0 0 800 174 -56 0 0 0 136 -500 0 -666 500 0 0 -333 -200 136 136 68 -100 -666 568 800 136 0 125 400 500 0 68 -666 500 -100 0 68 -666 500 -100 0 68 -666 500 -100 0 0 1000 -250 136 -100 136 800 0 0 0 0 136 0 0 136 0 0 0 0 300 150 700 136 136 0 0 0 0 500 666 400 0 136 750 150 0 250 0 136 -166 0 750 800 0 0 425 37 136 318 0 -400 400
1000 454 1000 1000 1000 1000 414 352 0 0 0 454 900 0 1000 750 0 100 500 233 454 454 289 1000 1000 727 400 454 500 650 800 600 125 289 1000 500 1000 125 289 1000 500 1000 125 289 1000 500 1000 0 0 1000 700 454 83 454 400 0 0 0 0 454 0 0 454 0 0 100 0 500 50 600 454 454 500 500 500 125 750 733 800 0 454 650 300 0 750 87 454 355 125 650 400 0 0 750 519 454 477 550 400 900
#AVFC 2015-03-03
0 -66 0 0 0 0 125 -600 136 0 -56 0 16 0 0 0 800 0 318 -155 0 375 0 300 -400 0 100 0 -166 0 0 500 0 375 500 500 500 375 375 375 0 0 0 350 300 0 700 0 0 293 0 300 -405 331 0 500 375 500 -714 0 0 0 -72 300 500 400 -233 500 50 0 -263 -177 800 34 0 -17 0 0 0 150 -500 500 0 0 300 136 0 500 -200 0 0 0 0 0 0 350 0 0 400 200
0 566 0 66 0 0 187 1000 454 0 427 0 738 0 0 0 400 0 477 288 0 400 0 200 400 0 400 0 166 0 1000 900 0 400 900 900 900 400 400 400 0 0 0 650 200 0 600 0 0 416 0 200 670 687 0 500 400 500 857 0 0 0 660 100 500 233 600 525 200 0 722 494 200 222 0 350 0 0 0 100 400 625 0 0 500 454 0 700 550 0 0 0 0 0 0 550 1000 0 350 283
#WBA 2015-03-03
-66 0 -66 0 -50 -100 -100 -66 -66 0 16 0 0 500 -250 0 0 0 295 0 0 366 500 525 0 0 500 -262 0 366 183 -200 -406 350 -200 142 0 -400 0 300 0 0 0 0 0 0 400 0 0 0 -200 0 0 -121 700 0 -400 458 0 400 0 -116 500 0 11 0 229 442 488 -200 100 500 800 375 400 -100 575 0 -156 0 -200 0 0 -77 -400 0 267 0 166 400 0 0 0 0 0 400 0 -400 0 -300
566 0 466 0 377 200 200 133 133 0 411 0 0 500 562 0 0 0 436 0 0 394 500 612 0 0 500 350 0 700 850 350 66 300 350 267 357 400 0 500 0 0 0 0 0 0 1000 0 0 0 400 0 0 275 900 0 400 700 0 350 0 397 500 0 455 0 641 717 500 400 350 1000 400 400 378 450 875 1000 393 0 700 0 0 144 400 0 434 0 222 425 0 0 0 0 0 200 0 400 0 492
#hcafc 2015-03-03
0 0 -7 -400 -375 62 0 0 0 0 0 0 -800 0 600 416 0 0 0 0 -195 -83 800 0 1000 0 0 -450 0 -135 800 0 0 -500 -200 0 0 0 -300 -500 -428 0 0 0 0 566 214 -40 -1000 0 0 0 0 1000 -666 -666 0 0 -125 -216 0 0 600 0 450 -250 -250 -833 -833 -125 0 0 -200 0 0 0 500 233 0 -1000 -125 0 -300 -1000 -549 -1000 -125 136 136 -125 -150 0 0 -375 0 -166 0 -150 0 0
0 0 628 400 400 500 0 0 0 0 125 125 900 0 1000 500 0 0 0 0 1000 777 750 100 400 0 0 575 0 179 400 1000 1000 700 800 1000 0 0 900 700 814 0 500 0 0 700 571 643 1000 0 0 0 0 400 1000 1000 0 0 1000 429 0 0 950 0 700 875 875 900 900 1000 500 0 100 0 0 0 500 319 0 1000 1000 0 400 1000 633 1000 1000 500 500 375 288 500 0 900 400 700 0 450 500 0
#SAFC 2015-03-03
1000 0 0 -400 0 0 -250 0 0 0 200 0 350 0 716 -83 0 200 -250 0 0 -300 700 250 0 600 0 350 0 0 0 0 0 568 0 0 100 483 175 -625 0 0 0 312 0 375 750 0 568 0 0 0 625 0 285 0 431 -1000 0 -425 -425 0 0 0 568 66 375 0 136 0 525 200 0 1000 0 0 -83 479 166 0 625 357 0 0 0 400 68 0 50 250 -291 0 87 0 0 0 -87 0 0 0
1000 0 0 400 0 125 250 0 0 0 300 0 350 0 716 216 0 500 250 0 0 200 1000 200 0 1000 0 750 0 0 0 0 1000 427 0 0 400 283 225 900 0 0 0 333 0 500 675 1000 427 0 0 0 1000 0 535 0 587 1000 0 774 774 0 0 0 427 200 500 1000 454 0 650 100 0 300 0 0 375 500 500 0 500 571 0 0 0 800 227 0 100 750 541 66 467 0 0 0 825 1000 0 0
#SaintsFC 2015-03-03
0 0 0 0 0 0 0 500 0 0 0 0 800 0 136 0 0 0 0 0 -300 0 -300 -155 0 0 0 1000 -125 0 0 0 800 0 136 0 0 0 0 -400 0 0 800 -400 0 -1000 -400 0 750 -400 0 0 250 0 0 0 0 0 0 0 0 800 0 136 0 0 0 0 0 0 0 -333 250 225 224 -266 0 0 0 800 0 136 0 0 0 0 0 428 112 0 0 0 800 0 136 0 0 0 0 137
0 0 0 0 0 0 0 750 0 0 0 0 400 0 454 0 0 0 0 0 500 0 500 288 0 1000 0 300 494 0 0 0 400 0 454 0 0 0 0 400 0 0 750 600 0 1000 750 0 400 600 500 0 300 0 0 1000 0 0 0 0 0 400 0 454 0 0 0 0 0 0 0 666 200 266 446 325 0 0 0 400 0 454 0 0 0 0 0 334 794 0 0 0 400 0 454 0 0 0 0 425
#CPFC 2015-03-03
800 500 33 1000 -155 1000 199 0 0 0 0 285 -25 650 650 650 -400 800 0 0 0 0 9 800 0 650 -404 187 -800 0 0 400 0 -105 0 400 0 250 250 250 0 0 500 350 -400 250 191 399 0 625 118 515 250 300 0 0 0 0 600 0 568 157 1000 500 150 0 -200 312 375 375 1000 0 -400 312 0 -699 366 0 350 -328 500 0 136 400 0 600 15 99 0 0 0 250 -250 399 284 284 13 136 321 0
400 500 99 300 288 300 522 0 0 0 0 535 225 450 450 450 400 750 0 0 300 0 413 750 0 450 819 100 1000 66 0 350 0 600 0 350 1000 200 200 200 0 0 500 825 500 575 625 633 0 900 683 750 900 200 0 0 0 0 1000 83 377 657 300 600 566 0 400 333 500 500 300 0 1000 437 0 666 600 0 550 437 1000 0 454 425 0 950 166 437 100 0 0 533 750 491 363 363 783 500 562 0
#AFC 2015-03-01
0 0 0 666 0 -166 0 0 -1000 0 0 0 0 0 -400 0 -175 0 0 0 0 0 0 0 -50 -50 -50 666 -300 -50 -50 -50 -150 0 0 500 0 900 -557 0 0 0 566 0 0 -1000 -1000 0 400 -1000 399 -1000 399 550 500 -400 500 0 392 -257 375 500 -50 0 -200 -400 68 -400 500 -400 283 0 399 250 250 0 0 0 -386 500 0 0 0 0 -500 399 0 937 0 133 0 0 49 0 0 0 0 0 0 0
0 1000 0 733 0 166 0 0 1000 125 0 0 0 0 700 50 825 0 0 0 0 0 0 0 200 200 200 733 549 200 200 200 700 0 0 500 0 1000 646 0 0 0 875 0 1000 1000 1000 333 800 1000 200 1000 200 650 500 700 500 0 712 556 787 500 200 0 500 400 227 600 500 400 450 0 200 450 375 0 0 0 772 650 1000 0 0 0 500 200 0 800 0 708 0 0 600 0 0 0 0 0 0 0
#EFC 2015-03-01
0 0 0 250 -125 233 0 0 -500 433 0 500 0 500 0 0 -125 -125 250 250 -257 -257 -125 250 -257 -125 250 -257 0 700 0 -386 -400 0 0 -300 0 0 0 -300 0 0 0 0 -500 0 -100 -312 366 0 0 50 0 0 0 -1000 -133 800 0 0 800 500 250 218 0 0 500 0 193 0 0 400 400 0 500 0 433 500 162 0 0 0 0 350 -200 -549 -262 0 609 800 433 0 400 433 433 433 0 -100 0 500
0 0 0 375 375 744 66 0 500 733 0 500 0 500 0 0 375 375 375 375 556 556 375 375 556 375 375 556 0 700 0 772 400 66 0 400 0 0 0 400 0 0 0 0 1000 0 100 888 466 0 0 200 0 0 0 1000 175 750 0 0 750 900 333 477 0 66 500 0 416 0 0 800 800 0 1000 0 833 500 694 0 0 0 0 341 100 533 700 0 975 1000 733 0 250 733 733 733 0 1000 0 900
#LFC 2015-03-01
300 0 0 0 0 500 0 0 -100 0 399 0 0 150 0 0 -350 -200 150 0 279 0 0 334 500 0 0 800 150 309 0 0 0 200 0 350 -17 77 0 -316 400 0 384 0 0 0 0 600 136 0 -799 0 800 22 266 -250 300 0 0 -400 0 300 22 -173 0 0 0 -500 0 300 22 0 0 233 0 0 0 0 -100 22 99 300 100 0 300 0 0 500 500 0 350 938 0 0 0 0 133 0 150 0
550 0 0 0 0 875 0 0 200 0 466 0 0 400 0 0 600 250 100 0 483 0 0 713 500 0 0 400 400 448 0 0 50 200 0 800 350 411 0 300 800 0 675 0 0 50 0 1000 454 0 1000 0 400 783 583 500 200 0 0 700 0 550 783 626 50 0 0 900 0 550 783 0 0 300 50 0 0 0 25 783 700 550 400 0 550 50 0 500 500 0 450 700 0 0 0 0 300 125 400 0
#MCFC 2015-03-01
0 0 0 0 0 0 0 -33 0 0 0 0 410 666 50 -400 625 0 0 0 300 0 0 0 77 625 666 500 0 0 0 22 -250 300 0 0 -173 218 0 0 0 0 600 -400 400 500 500 0 400 0 0 -400 0 0 0 0 114 500 -100 -100 0 214 0 433 400 0 0 0 -133 377 0 0 0 0 0 0 250 0 0 0 800 0 1000 250 0 0 -781 100 300 151 49 0 244 0 0 0 136 -400 0 0
0 0 0 0 0 0 0 399 0 0 0 0 195 733 350 600 900 0 0 0 100 0 0 0 411 900 733 600 0 0 0 783 500 200 0 0 626 227 0 0 0 0 600 600 800 500 500 0 800 125 0 600 0 0 0 0 283 625 200 200 0 642 0 733 900 0 0 0 633 588 0 0 0 0 0 0 333 0 0 0 400 1000 1000 300 0 0 400 300 400 911 600 66 200 0 1000 0 454 400 500 0
#Clarets 2015-02-28
0 312 375 0 0 0 0 250 0 0 50 0 0 0 0 0 0 285 -75 0 0 0 0 0 213 0 0 0 500 0 250 0 0 0 187 0 0 0 50 -300 0 0 0 0 0 0 0 0 0 100 0 0 49 66 0 0 0 68 100 375 312 0 0 0 0 0 0 0 175 0 800 0 0 266 0 0 187 -500 0 187 200 0 0 0 136 650 0 0 -400 350 0 0 350 350 500 -400 -400 0 -400 -400
0 333 500 0 0 0 0 408 0 0 100 0 0 0 0 0 0 535 616 0 0 0 0 0 454 0 0 0 600 0 200 0 0 0 437 0 0 66 100 600 0 1000 0 0 100 0 1000 0 0 1000 0 0 644 100 0 0 0 377 100 500 333 0 0 0 0 0 0 0 266 0 750 0 0 166 0 0 437 400 0 437 300 0 0 0 454 875 0 0 550 550 0 0 550 550 750 550 550 0 550 550
#Swans 2015-02-28
500 0 260 200 -312 -187 0 0 0 0 250 0 0 0 0 250 0 0 136 136 162 0 312 0 375 0 0 500 850 -125 0 0 0 0 0 -400 -75 1000 0 0 0 0 250 166 0 0 0 0 0 0 100 350 0 0 0 387 0 750 -388 255 691 0 0 0 0 0 0 274 0 0 0 500 0 0 162 0 0 -200 0 0 0 378 900 0 0 166 0 0 136 0 750 575 1000 312 -156 0 0 0 0 0
500 600 666 1000 687 500 0 0 0 0 200 0 0 0 0 550 0 0 454 454 575 0 333 0 500 0 0 600 1000 375 0 0 0 0 500 400 450 1000 0 0 0 0 408 666 0 0 0 500 0 0 400 400 125 0 0 500 1000 650 833 700 666 0 0 0 0 0 0 700 0 0 0 500 0 0 575 0 0 400 0 0 0 651 950 0 1000 450 0 0 454 0 800 475 650 333 125 0 0 0 0 0
#MUFC 2015-02-28
0 0 700 0 0 0 750 -250 0 800 0 350 0 416 259 -100 -99 0 416 -200 136 -100 -145 0 0 0 0 300 0 0 1000 200 250 500 225 0 -100 -300 -62 250 0 0 -155 500 333 0 0 0 0 0 -333 0 250 0 0 0 0 -187 0 0 0 0 800 0 0 0 -200 0 700 0 0 0 0 50 78 0 50 0 200 0 0 0 78 400 366 74 0 625 377 0 -714 0 0 0 0 0 1000 0 100 500
0 0 600 0 0 0 400 150 0 750 0 350 0 666 651 400 250 0 666 200 454 400 270 0 0 1000 0 650 100 0 400 500 950 500 799 250 500 400 308 333 0 0 288 500 1000 0 0 0 0 0 666 0 562 0 100 0 0 250 0 0 0 0 400 0 0 100 150 0 1000 0 100 100 0 100 218 100 100 0 100 0 0 0 218 800 666 333 0 900 511 500 857 0 0 0 0 0 900 0 200 500
#SAFC 2015-02-28
400 0 0 0 124 166 0 0 0 0 331 0 -83 0 50 800 0 0 0 0 0 312 375 200 0 0 0 625 0 0 0 0 625 0 0 0 400 0 568 0 600 166 0 0 0 0 450 245 0 -500 500 0 0 0 0 0 0 0 0 0 -750 -87 0 700 100 86 0 0 0 0 0 0 400 0 0 400 -109 0 700 -500 0 86 0 0 0 0 133 300 -400 367 0 0 -166 0 375 0 0 0 -699 0
800 0 66 0 266 366 650 0 100 0 687 0 216 0 150 750 0 0 0 1000 0 333 500 200 0 0 0 900 0 0 83 0 750 0 0 0 450 0 427 0 700 230 0 1000 0 0 504 551 0 500 500 0 0 0 0 0 0 0 0 0 1000 284 0 825 200 347 0 0 0 0 66 0 800 0 0 400 87 0 800 400 0 347 0 0 0 0 397 200 400 750 0 0 433 0 800 0 0 0 666 0
#NUFC 2015-02-28
500 578 416 -55 400 800 0 -200 -200 0 976 0 0 0 0 0 -200 800 0 500 0 0 -218 0 125 0 1000 -200 350 0 400 400 -400 0 0 0 400 0 0 0 49 0 0 0 -362 500 -163 0 800 0 -83 0 0 125 0 0 0 479 150 -500 375 357 0 125 -600 0 0 500 357 800 600 0 500 0 357 468 0 -500 0 350 0 0 550 -200 1000 262 150 600 344 -400 0 -50 400 0 0 0 0 800 500 0
900 350 500 311 800 400 0 233 233 0 800 66 0 0 0 0 233 400 100 900 0 0 629 0 1000 0 1000 233 449 0 800 800 400 0 0 0 800 0 0 0 800 100 0 0 500 600 236 0 700 0 216 0 0 1000 0 0 0 500 177 1000 200 571 0 1000 800 0 0 500 571 400 350 0 500 355 571 427 0 1000 0 244 0 0 500 400 1000 787 177 575 577 400 0 350 800 0 0 0 0 400 333 0
#AVFC 2015-02-28
578 300 0 400 0 700 0 0 250 0 -133 700 0 533 250 0 278 300 0 0 0 0 0 68 0 68 68 0 68 0 68 0 0 68 0 -100 0 0 -133 0 300 800 0 -316 0 0 208 0 0 0 0 500 -699 0 150 250 250 250 0 0 -45 500 -500 166 0 650 0 -57 0 0 500 0 -800 0 0 0 0 0 0 400 500 500 0 0 -650 0 -200 0 0 312 233 500 0 0 400 0 167 -145 0 0
350 200 0 400 0 600 0 0 750 500 266 600 0 496 750 0 384 200 0 0 0 0 0 227 0 227 227 0 227 0 227 0 0 227 0 449 0 0 266 1000 200 700 0 600 0 0 658 0 0 0 0 500 666 0 500 200 200 200 0 0 725 900 1000 383 0 350 0 617 0 0 500 0 900 0 0 0 0 0 0 800 600 500 0 0 1000 0 400 0 366 333 233 833 0 0 450 0 517 270 0 0
#SCFC 2015-02-28
0 0 0 0 0 136 500 700 508 331 0 0 0 0 0 0 0 0 0 -200 0 -250 500 0 0 0 158 0 50 400 0 0 50 0 136 175 500 500 0 0 200 800 0 -250 0 331 99 500 437 0 575 433 136 136 136 500 0 0 170 200 500 300 0 0 99 0 0 0 0 250 0 0 0 0 0 136 0 0 -25 479 0 0 0 0 0 0 0 0 0 250 1000 0 500 50 331 0 250 250 0 800
0 0 0 0 0 454 150 600 566 687 0 0 0 0 0 0 0 0 0 400 0 450 900 0 0 0 549 0 200 500 0 0 200 0 454 375 900 900 0 0 200 750 0 450 800 687 644 750 875 0 825 733 454 454 454 900 0 0 454 300 500 200 100 1000 644 0 1000 0 0 500 0 0 0 0 0 454 0 0 800 500 0 0 0 0 0 0 0 0 0 333 300 0 150 275 687 0 333 333 1000 750
#hcafc 2015-02-28
0 500 350 50 283 700 0 170 231 0 158 -350 0 0 0 0 250 500 800 0 0 0 0 0 0 -10 520 0 0 450 500 0 350 158 0 1000 0 0 422 55 0 -100 1000 0 0 0 0 0 0 600 700 96 750 250 250 500 500 0 0 0 0 0 -200 -200 0 0 800 800 0 700 0 -800 312 0 0 -250 0 0 0 800 600 250 612 -100 0 -166 0 250 0 0 0 0 -500 0 -250 -554 0 0 187 -50
0 500 400 200 458 600 0 611 562 0 450 950 0 0 0 0 700 275 550 0 0 0 0 0 0 307 500 66 0 662 900 0 450 450 600 300 0 0 540 633 66 400 300 0 0 0 0 0 0 900 900 607 800 333 333 500 500 0 250 0 100 0 400 400 0 0 400 400 0 650 0 800 775 0 0 800 1000 1000 0 1000 900 1000 750 225 0 250 0 283 0 0 0 0 600 0 750 818 0 0 687 175
#WBA 2015-02-28
0 0 0 -187 11 0 0 -51 -100 0 0 0 0 0 102 0 -300 0 0 0 0 0 -500 0 425 0 0 366 187 0 0 0 250 250 0 0 0 0 0 312 0 0 0 0 0 0 0 0 0 0 0 0 0 500 300 400 0 0 0 0 0 0 0 976 0 -400 0 0 -750 213 0 0 0 0 0 0 0 0 0 0 0 0 0 700 433 0 366 22 172 200 0 0 -125 0 -18 500 0 100 400 199
0 0 0 500 907 0 0 455 250 0 0 0 0 0 824 0 600 0 0 0 0 0 300 33 1000 0 0 483 437 0 0 0 250 250 0 0 0 0 0 300 0 0 0 0 0 0 0 0 100 0 0 100 0 399 266 900 50 0 0 0 0 0 228 500 0 400 0 100 1000 454 228 0 1000 0 0 0 0 0 0 0 0 1000 0 600 500 0 700 388 394 500 0 0 375 66 458 600 500 100 1000 437
#SaintsFC 2015-02-28
0 0 -800 0 0 800 0 136 0 0 0 0 0 0 0 -101 500 68 416 0 0 550 0 0 800 0 136 0 0 0 0 0 200 0 387 0 0 500 568 162 0 500 0 0 500 0 0 800 0 136 0 0 0 0 0 0 0 0 0 175 0 312 0 0 343 0 -200 33 0 -400 50 -100 0 0 250 0 0 0 800 0 136 0 0 0 0 0 0 0 0 0 350 -300 0 0 0 0 0 200 0 0
0 0 900 0 0 400 0 454 0 0 0 0 0 0 0 195 900 360 716 0 0 650 0 0 400 0 454 0 0 0 0 0 400 0 483 0 0 500 377 429 0 500 400 0 1000 0 0 400 0 454 0 0 0 0 0 0 0 50 0 275 0 300 0 100 375 0 399 700 0 400 700 449 0 0 200 0 0 0 400 0 454 0 0 0 0 0 0 0 0 0 350 1000 0 0 0 0 0 600 1000 0
#WHUFC 2015-02-28
400 380 900 368 508 575 300 300 250 -208 0 -500 0 0 0 318 136 312 0 375 0 800 213 412 500 0 0 500 0 0 600 -400 400 0 600 -51 216 400 318 -131 0 0 266 136 250 0 472 400 0 -400 368 0 0 555 -155 0 0 -5 468 0 200 -131 136 0 0 0 0 0 175 700 368 0 -300 368 500 400 0 -200 28 -400 0 0 -750 -750 50 377 78 -41 200 0 0 368 83 0 -208 286 0 0 0 0
800 477 825 677 566 416 450 900 200 166 0 300 0 0 0 477 454 333 0 500 0 750 454 618 500 0 0 500 0 0 900 600 450 250 900 118 616 800 477 450 0 0 916 454 333 0 700 550 0 400 677 0 0 727 288 0 0 183 427 0 100 427 454 0 0 0 0 0 350 600 677 0 600 677 600 800 0 450 334 400 0 0 1000 1000 100 877 518 341 500 0 0 677 311 0 166 552 0 0 0 0
#CPFC 2015-02-28
0 850 0 500 433 633 0 0 0 0 500 250 250 250 250 0 0 0 0 0 0 0 0 0 -500 0 200 0 0 156 500 250 -155 0 562 0 0 100 250 -78 0 0 -66 600 166 0 800 0 -166 0 0 800 400 -200 0 0 0 0 0 0 0 0 0 0 0 0 0 0 0 0 0 0 0 0 0 136 -291 333 -131 0 136 -258 0 0 0 0 -131 136 0 0 0 0 0 500 0 0 0 400 0 0
0 675 0 500 733 816 0 0 0 0 500 200 200 200 200 0 0 0 0 0 0 0 0 0 1000 0 300 0 0 300 500 250 288 0 750 0 0 100 333 200 0 0 200 1000 566 0 750 0 399 0 0 700 400 200 0 0 0 0 0 0 0 0 0 0 0 0 0 0 0 0 0 0 500 600 0 454 541 633 450 0 500 362 0 0 0 0 427 454 0 0 0 0 0 500 0 0 0 800 0 0
#SaintsFC 2015-02-22
0 800 0 136 0 0 0 0 0 0 0 0 800 0 136 0 0 0 0 0 0 0 -400 200 0 1000 0 0 0 800 0 136 0 0 0 0 0 0 0 -312 625 250 0 -500 0 250 -187 0 800 0 136 0 0 0 0 0 0 0 250 0 200 0 0 0 300 -200 600 0 800 0 136 0 0 0 0 0 0 0 -62 -599 -250 -900 0 0 0 -100 -400 350 285 0 0 0 800 0 136 0 0 0 0 0
0 400 0 454 0 0 0 0 0 0 0 0 400 0 454 0 0 0 0 0 0 0 400 500 0 750 0 0 0 400 0 454 0 0 0 0 0 0 0 750 600 850 0 1000 0 300 500 100 400 0 454 0 0 0 0 0 0 0 200 0 300 0 0 0 100 800 900 0 400 0 454 0 0 0 0 0 0 0 533 833 400 1000 0 0 633 350 400 350 613 633 400 0 400 0 454 0 0 0 0 0
#LFC 2015-02-22
625 350 -24 0 -100 350 0 350 0 0 225 0 0 0 0 0 0 136 0 0 285 0 0 0 0 0 0 0 0 0 0 0 -145 49 250 -291 1000 136 500 268 318 293 0 0 0 0 334 0 0 0 -291 -362 0 136 309 -100 0 100 0 0 0 0 0 500 -700 -260 -400 0 -133 -62 175 366 0 -100 -100 0 500 -150 0 200 250 549 525 200 -100 318 142 500 350 449 255 -600 -750 0 568 0 0 -400 -400 0
500 300 500 100 0 300 0 300 0 0 415 0 0 0 0 0 0 454 0 0 535 0 0 0 0 0 0 0 0 0 0 125 520 550 562 541 1000 500 500 427 477 716 0 0 0 0 713 0 0 0 541 654 0 500 404 250 0 200 0 66 0 0 0 500 700 652 400 0 588 687 375 799 66 0 0 0 500 666 0 341 500 583 541 200 0 775 767 500 650 350 288 900 800 0 600 125 0 600 600 0
#EFC 2015-02-22
625 0 0 0 0 233 0 -325 0 136 136 0 0 412 100 0 700 0 0 0 0 385 0 625 625 800 0 -500 -500 -500 -500 0 0 0 0 700 0 300 400 683 0 0 412 0 -200 0 0 0 0 100 412 1000 481 700 600 0 0 0 0 0 0 0 0 0 0 0 0 0 100 233 0 350 400 0 0 400 550 -600 0 449 -400 800 324 0 -750 400 100 237 200 400 0 0 0 0 -500 349 33 0 0 0
500 0 0 0 0 233 100 600 0 454 500 0 0 350 400 0 600 0 0 0 0 466 0 500 500 750 0 562 562 562 562 0 0 0 0 600 0 1000 800 800 0 0 350 100 250 100 0 0 0 400 350 300 362 600 600 0 0 0 0 0 0 0 100 100 0 0 0 0 341 388 0 391 700 0 0 800 650 800 0 500 400 1000 325 100 1000 250 400 566 300 800 0 0 0 0 400 666 100 0 0 0
#LCFC 2015-02-22
0 0 41 0 214 0 0 1000 0 1000 -400 0 0 0 0 0 0 0 100 800 -125 700 600 400 150 0 700 400 550 0 0 200 0 0 400 0 349 0 27 25 800 700 500 0 461 800 0 800 -166 800 800 300 400 0 -400 0 750 300 0 12 600 149 500 500 0 0 0 500 500 500 600 260 500 200 0 0 260 141 399 350 0 0 0 0 0 0 200 0 0 976 133 250 0 0 -100 0 0 0 0 0
0 0 400 0 500 0 0 300 0 300 400 0 0 0 0 0 0 0 200 750 375 600 600 700 291 250 600 800 650 0 100 500 0 0 800 0 666 0 585 280 1000 600 550 0 466 1000 0 1000 166 1000 1000 888 700 0 400 0 875 300 66 366 600 500 500 500 0 0 100 833 833 833 600 260 833 100 0 0 260 581 600 300 0 0 0 0 0 0 200 0 0 600 333 383 0 0 400 0 0 0 0 0
#COYS 2015-02-22
800 0 0 0 0 -1000 500 0 0 475 0 -400 100 0 0 0 125 1000 800 0 0 0 0 0 250 0 0 0 700 125 0 136 0 0 0 177 100 124 575 0 625 316 59 0 0 125 200 -50 0 516 328 0 0 316 687 700 170 0 -200 0 600 0 0 0 800 -33 150 500 68 -176 168 255 28 433 0 542 -200 0 0 800 33 125 0 0 0 33 250 350 333 24 223 25 350 875 0 0 0 500 100 221
750 0 0 0 0 400 500 0 0 775 0 400 825 0 0 0 925 600 750 100 0 0 0 0 500 0 0 0 600 925 0 454 0 0 750 657 600 498 750 0 925 666 759 0 0 925 900 450 300 841 335 0 0 577 600 600 454 83 0 0 800 0 0 0 400 549 83 600 727 591 327 491 284 1000 0 675 700 0 0 750 666 925 0 100 500 133 1000 449 1000 266 382 575 650 600 1000 0 0 750 725 726
#WHUFC 2015-02-22
400 -200 0 33 0 1000 800 0 285 0 516 250 0 200 0 516 400 0 0 0 0 0 0 0 -400 0 0 250 0 400 700 0 -500 136 0 0 100 159 0 0 0 900 500 0 416 500 0 500 350 31 0 0 0 136 0 204 0 1000 0 0 -291 168 -390 0 409 -99 0 1000 148 0 0 500 0 0 416 416 0 136 416 416 0 0 300 416 400 33 0 0 341 0 0 0 0 68 0 -400 0 0 0 0
800 50 0 66 0 400 400 0 535 125 841 200 0 200 0 633 800 0 0 0 0 250 0 0 400 0 0 312 0 800 800 0 1000 454 0 250 1000 263 0 0 0 1000 500 0 500 611 125 750 550 240 0 0 0 454 125 533 0 300 66 0 541 427 450 0 569 875 0 1000 429 0 0 350 0 0 500 500 0 454 500 500 0 0 300 500 800 516 0 0 533 0 0 0 0 227 0 400 0 0 500 25
#MCFC 2015-02-21
136 0 0 625 0 0 0 0 0 0 0 0 0 0 0 0 -400 0 500 0 0 0 0 277 0 0 400 400 136 -388 200 500 800 0 0 0 331 666 0 136 0 700 142 0 0 0 300 0 0 0 0 0 0 0 0 433 0 -125 -175 250 -66 145 -131 0 400 -133 0 705 100 0 350 74 0 0 250 250 500 0 433 394 0 0 0 250 500 66 0 400 0 0 0 0 375 0 0 0 0 0 0 0
454 0 0 900 0 0 0 0 0 0 0 0 0 0 0 400 400 0 900 0 0 0 0 611 0 0 800 800 454 833 500 900 750 0 0 0 687 733 0 454 0 900 267 0 0 0 500 0 0 0 0 0 0 0 0 438 0 375 175 750 850 550 427 0 800 433 0 690 800 0 550 325 0 0 250 250 1000 0 800 611 0 0 0 250 500 455 0 800 0 0 0 0 1000 0 0 100 0 0 0 0
#NUFC 2015-02-21
0 400 0 0 0 -333 189 0 -400 0 200 -200 136 0 0 1000 -333 0 -400 500 0 0 96 0 0 0 0 0 0 0 0 0 666 0 0 0 0 193 0 433 0 400 500 400 -66 199 0 0 700 650 700 700 0 700 0 -99 0 -190 433 566 400 -150 272 700 -333 -400 700 -99 600 -800 0 -100 366 433 -83 0 0 800 250 0 0 400 525 -166 0 379 0 -400 0 800 0 0 500 0 -750 0 1000 0 -131 0
0 800 0 0 0 666 479 0 400 0 250 0 454 0 0 300 666 0 400 900 0 0 408 0 0 0 0 0 0 0 0 0 600 0 0 0 0 643 0 733 0 800 500 800 518 199 0 0 600 625 600 600 0 600 0 508 0 306 733 533 400 800 444 600 666 400 600 700 300 900 300 150 666 733 216 0 0 750 200 0 0 700 616 333 0 366 0 900 0 750 0 0 600 0 1000 0 300 0 427 0
#AVFC 2015-02-21
200 0 800 0 0 0 0 136 0 -151 357 0 160 0 -200 0 0 68 0 0 116 -400 400 0 0 0 0 0 0 0 0 0 0 700 0 0 0 200 0 170 300 0 0 400 112 0 400 -125 350 437 -400 -262 0 66 54 399 200 250 -600 200 0 318 0 333 0 500 0 500 500 500 192 133 700 0 420 0 0 0 0 0 0 0 0 400 0 0 0 0 0 0 0 0 0 0 800 187 0 7 0 0
462 0 750 0 0 0 0 454 0 666 535 0 539 0 100 0 1000 727 0 0 325 400 900 0 0 0 0 0 0 0 0 0 0 600 0 1000 0 473 0 454 0 0 0 800 600 0 800 1000 550 875 400 711 0 950 470 833 600 350 800 600 0 643 0 300 0 833 0 833 833 833 367 341 900 0 420 0 0 500 0 0 0 0 0 800 0 0 0 0 0 0 0 0 0 0 825 500 0 416 0 0
#SCFC 2015-02-21
0 0 -600 -600 500 0 0 -400 625 136 0 318 0 0 100 136 -250 0 0 500 400 0 500 0 0 0 0 0 0 -62 45 0 0 0 0 296 500 -250 0 0 150 0 800 495 0 0 0 0 200 0 0 0 0 0 400 0 -62 166 400 400 0 -62 0 186 0 0 0 0 479 45 0 0 0 0 583 0 500 400 0 0 0 333 500 0 500 500 0 -400 0 0 333 68 0 0 500 500 0 500 0 136
0 0 900 900 500 0 0 400 500 454 0 643 0 0 50 500 250 0 0 1000 900 0 150 0 0 500 0 0 0 750 151 0 0 0 0 688 900 925 66 0 400 0 400 600 0 0 0 0 200 0 0 0 0 0 400 0 750 166 400 400 0 687 1000 436 0 1000 0 0 500 151 0 0 0 500 377 0 1000 900 0 0 0 533 150 0 150 833 0 700 0 0 833 427 33 0 800 500 0 600 250 500
#CFC 2015-02-21
18 318 -53 0 0 121 466 0 0 18 466 -400 0 171 0 357 -600 400 0 0 500 800 0 -486 0 0 0 0 800 0 1000 1000 -699 0 1000 1000 0 0 0 -83 136 -800 250 136 449 412 150 168 168 -100 0 0 -199 168 -53 0 0 0 0 -250 -324 136 0 -400 136 136 -154 168 168 0 136 168 178 -250 -500 0 0 575 168 318 0 0 0 0 0 -500 0 -500 -250 18 0 147 -53 150 -699 0 0 -500 0 121
427 727 218 0 400 394 466 0 0 427 466 400 0 437 0 571 800 800 0 0 600 750 500 833 0 333 0 0 750 0 300 300 666 66 1000 1000 0 0 0 229 454 800 1000 454 650 549 525 277 277 300 0 0 500 277 218 0 0 0 0 250 450 454 0 400 454 454 451 277 277 0 454 277 484 250 500 0 0 900 277 727 0 0 0 100 0 500 500 500 250 427 0 465 218 450 666 0 400 500 0 394
#Clarets 2015-02-21
-400 500 0 250 250 312 0 136 0 0 0 0 50 0 170 0 0 0 0 0 0 0 800 0 500 0 0 0 0 1000 200 200 250 1000 0 0 -93 0 0 1000 500 0 625 0 0 0 50 50 50 -300 0 446 0 0 500 136 0 0 100 0 175 0 0 -300 0 136 0 450 0 331 0 0 1000 0 450 416 0 416 0 0 -699 -699 0 0 0 0 200 375 312 300 213 0 0 0 0 200 500 0 0 0
400 500 0 200 200 333 0 454 0 66 0 0 100 0 500 0 0 0 0 0 250 250 400 0 1000 0 0 0 0 300 300 300 200 300 66 0 750 0 0 300 833 0 500 0 0 0 100 100 100 600 100 571 0 0 900 454 0 0 200 100 266 0 0 600 0 454 0 511 100 337 0 0 300 0 511 500 0 500 0 0 666 666 0 0 0 0 300 500 333 700 454 0 0 0 0 500 900 0 0 0
#CPFC 2015-02-21
450 0 0 300 300 0 -400 300 300 0 0 0 0 136 0 -799 200 0 0 0 350 0 250 0 0 0 -58 333 1000 800 100 0 0 0 312 0 200 375 162 0 0 -500 0 0 0 0 0 0 0 0 0 357 0 0 200 0 0 0 0 0 500 600 500 0 0 0 0 0 0 0 400 0 250 500 0 0 -50 500 0 1000 700 0 -150 0 0 0 -125 0 0 0 0 0 0 0 0 0 300 0 0 -333
750 0 0 683 0 0 400 0 0 0 0 0 0 500 0 1000 100 0 650 600 650 0 250 533 0 83 533 683 300 900 650 0 562 0 333 0 900 500 130 0 0 400 0 0 0 0 562 500 0 0 100 571 0 0 400 0 0 0 0 0 500 1000 1000 0 0 0 0 0 0 633 800 0 500 500 0 0 700 888 0 300 600 0 399 125 0 0 700 125 125 0 0 0 0 0 0 0 400 1000 0 1000
#AFC 2015-02-21
250 0 -1000 500 1000 400 600 136 0 0 500 0 0 268 0 650 0 0 268 0 300 250 -312 250 0 750 0 200 -400 -300 -1000 0 458 73 0 400 0 136 -1000 0 0 0 0 0 0 0 0 -400 50 0 0 0 666 500 700 0 0 0 0 375 99 0 0 766 480 250 0 149 -400 0 -219 0 0 -1000 500 500 250 100 100 100 0 162 100 0 0 0 -500 500 500 400 500 500 500 700 68 0 0 250 0 500
250 0 666 525 1000 800 550 454 0 0 1000 0 0 727 0 750 0 0 727 0 683 500 0 750 0 1000 0 200 400 350 1000 0 541 361 0 800 0 500 1000 0 0 0 0 0 0 0 0 400 700 0 0 0 733 500 950 0 0 0 0 500 416 333 0 516 760 250 0 500 400 0 728 1000 0 1000 500 1000 900 250 250 250 0 293 1000 0 100 0 500 500 1000 800 1000 1000 1000 600 227 0 0 450 33 1000
#hcafc 2015-02-21
0 -400 -200 200 375 0 153 206 -400 400 0 -487 -400 100 0 0 0 0 0 700 0 0 0 100 0 156 0 0 300 0 285 100 0 0 156 0 0 100 125 0 0 -800 0 0 0 0 500 0 0 0 214 0 575 0 200 300 0 0 0 0 -7 -714 0 100 100 350 167 -200 0 0 500 0 0 0 0 0 0 0 0 0 0 0 0 233 -291 -200 450 0 416 0 200 100 0 0 0 100 100 -145 -145 -250
0 400 0 200 500 0 513 633 400 400 0 751 400 900 0 0 0 0 500 600 0 0 0 900 0 350 0 0 866 0 535 900 0 0 100 0 0 900 375 50 50 900 0 0 0 197 500 0 0 0 571 0 659 0 600 450 0 0 0 0 180 857 0 900 900 550 540 362 0 0 500 0 0 0 0 0 0 0 0 0 1000 0 100 666 541 250 500 0 796 0 450 750 0 0 0 750 750 333 333 483
#QPR 2015-02-21
0 0 -200 -100 -400 1000 100 0 0 0 42 -145 0 1000 468 600 500 1000 200 0 200 -250 0 250 525 0 -250 0 -250 800 -200 -166 312 800 475 350 0 0 0 0 0 0 0 0 350 625 400 0 700 500 0 400 500 0 0 1000 0 400 0 500 0 0 0 5 -322 0 0 400 0 733 0 0 0 366 0 200 -250 100 0 0 0 0 500 168 0 0 400 -250 0 0 -500 68 0 0 374 0 -200 200 0 0
0 0 0 300 400 300 200 0 0 0 381 270 0 1000 750 600 150 300 200 0 200 450 0 200 758 0 0 0 0 700 400 500 333 750 466 550 0 0 0 0 0 0 0 1000 675 1000 400 0 800 650 0 375 750 0 150 350 0 875 0 500 0 0 0 477 322 0 0 800 0 883 0 0 0 433 0 900 1000 200 0 0 0 500 500 677 0 0 400 333 0 0 1000 227 0 0 581 0 300 200 0 66
#SAFC 2015-02-21
400 -400 111 781 0 0 0 500 0 -99 0 500 500 399 325 0 0 0 250 0 325 379 533 0 0 250 -133 0 0 0 0 0 0 312 0 375 -300 0 312 562 0 0 0 300 259 -200 0 -124 0 -100 0 0 700 0 0 0 0 0 227 -750 0 0 113 0 227 0 399 166 50 49 650 -188 224 262 0 -124 -124 -500 285 479 0 -87 0 -550 166 0 325 57 -400 0 134 0 0 0 400 100 500 -91 500 0
800 400 465 500 0 0 0 700 0 508 0 500 611 400 341 0 0 0 200 0 304 366 933 0 0 750 766 0 500 0 0 0 0 333 0 500 200 0 200 850 500 500 0 100 663 0 250 383 0 400 0 0 600 0 0 0 0 500 545 1000 0 0 335 0 545 0 450 166 350 800 650 355 337 716 0 383 383 833 535 500 0 284 66 1000 666 0 536 547 700 100 458 500 0 0 800 300 700 433 1000 500
#WBA 2015-02-21
0 200 0 0 -400 500 510 0 0 -200 0 800 400 0 0 -600 0 0 -150 0 43 0 0 0 85 -130 0 0 291 0 0 166 86 136 350 -150 -250 -50 0 -300 -300 -300 400 149 0 0 250 200 -162 700 -200 0 0 0 0 33 0 0 399 0 0 250 250 250 0 24 0 69 400 400 0 -588 640 0 0 500 0 0 100 0 0 500 0 136 337 187 0 0 0 750 0 193 193 0 0 0 0 0 400 233
0 400 500 0 400 833 760 0 0 0 0 400 800 0 300 800 1000 0 637 0 543 0 0 0 750 116 0 0 587 0 0 272 451 500 550 350 400 400 0 600 600 600 1000 575 0 0 750 400 387 600 0 0 0 0 500 333 0 0 450 0 0 750 750 750 112 216 0 360 1000 625 500 850 812 0 0 900 0 0 300 0 0 600 0 454 568 375 158 66 0 400 0 602 602 0 0 0 0 125 1000 700
#Swans 2015-02-21
500 -400 200 0 250 250 250 0 187 187 0 0 0 312 375 0 -500 0 285 625 25 0 -500 0 136 500 0 400 0 -150 0 0 -62 0 318 0 -200 0 0 0 0 0 0 0 0 0 0 0 800 -266 400 0 166 0 166 333 0 0 0 0 250 0 0 600 25 0 50 136 0 500 136 0 214 0 0 22 0 166 350 285 0 127 0 0 0 0 400 0 0 -100 0 136 136 400 0 400 0 0 0 150
1000 400 200 0 200 200 200 0 375 375 0 0 0 333 500 0 500 0 535 500 400 0 1000 0 454 500 0 800 0 400 0 0 237 0 427 0 166 0 100 0 0 0 0 0 0 0 0 0 750 300 400 0 199 0 199 929 0 0 0 0 700 0 0 1000 400 0 550 454 0 750 454 0 642 0 0 414 0 616 350 535 0 461 0 0 0 0 400 0 0 400 0 500 500 400 0 400 1000 0 0 300
#MUFC 2015-02-21
0 0 0 200 0 200 0 0 0 100 100 0 0 0 333 500 50 0 0 0 0 0 0 100 0 412 180 400 -600 -600 0 1000 136 0 0 0 -500 0 0 0 0 0 0 500 0 0 0 0 0 0 0 0 0 0 0 0 0 0 0 0 0 0 625 0 0 0 0 83 0 800 0 0 0 0 399 500 0 0 233 -125 500 0 0 0 0 -325 0 700 233 0 50 0 850 1000 250 100 0 -500 0 0
0 0 0 400 0 400 0 0 0 400 400 0 0 0 833 625 650 0 0 0 0 0 0 100 0 449 639 800 900 900 0 400 454 0 0 0 900 0 0 0 0 0 0 1000 500 0 0 0 0 0 0 0 0 0 0 0 0 0 0 0 0 0 900 0 0 0 0 666 0 750 700 0 0 0 250 500 0 0 766 375 150 0 0 0 0 600 0 600 766 0 350 0 1000 400 500 200 0 1000 0 0
