#CFC 2017-11-05
625 0 200 357 0 0 -377 0 0 625 0 0 0 0 180 0 136 400 0 0 136 0 0 0 0 0 0 -200 136 0 0 0 0 0 -125 0 0 0 0 250 500 0 136 68 0 0 0 0 285 250 0 375 -625 0 -400 0 -75 285 0 0 0 0 285 250 0 0 0 1000 0 0 0 0 91 136 0 500 800 -150 0 800 0 0 1000 625 500 0 0 0 700 333 0 0 0 0 -400 136 0 416 0 0
900 0 100 571 0 0 594 0 0 900 0 0 0 0 360 0 454 400 0 0 454 0 0 0 0 0 0 850 454 0 0 0 0 0 375 0 0 0 0 300 600 0 454 227 0 0 0 0 535 297 0 387 1000 0 400 0 575 535 0 0 0 0 535 300 0 0 0 300 0 0 0 0 491 454 0 500 750 250 0 1000 0 125 400 900 500 1000 0 0 600 500 0 0 0 0 400 500 0 500 1000 0
#MUFC 2017-11-05
-45 0 0 275 625 -350 250 450 488 0 0 0 0 0 0 0 0 0 0 0 0 0 0 0 0 0 0 0 0 0 0 0 0 0 0 0 0 0 0 0 0 100 0 0 500 530 0 -575 0 0 0 0 -125 -35 450 0 0 0 0 450 0 0 0 234 0 800 0 136 136 166 0 0 0 0 475 0 0 0 0 0 0 0 -250 0 0 0 -50 0 0 400 -6 0 0 -250 300 0 0 0 0 0
747 0 0 500 900 900 750 500 500 0 0 0 0 0 0 0 0 0 0 0 0 0 0 0 0 0 0 0 0 0 0 0 0 0 0 0 0 0 0 0 0 300 0 0 900 470 0 1000 0 0 0 0 375 607 500 0 0 0 0 500 0 0 0 666 0 400 0 454 454 700 0 0 0 0 800 0 0 0 0 0 0 0 850 0 0 0 483 0 0 800 430 0 0 200 0 0 0 0 0 0
#EFC 2017-11-05
250 0 0 0 0 0 0 0 0 0 0 0 0 0 0 0 0 0 0 0 0 0 0 0 0 0 0 0 0 0 0 0 0 0 0 0 800 400 -155 0 400 400 400 222 350 0 -500 285 0 -32 0 -500 285 500 -150 0 0 -500 200 0 0 -500 0 0 0 0 250 100 0 149 500 0 0 0 0 0 272 0 333 0 100 0 136 0 0 0 0 0 750 500 -77 200 -51 187 0 500 500 500 0 -244
300 0 0 0 0 0 0 0 0 0 0 0 0 0 0 0 0 0 0 0 0 0 0 0 0 0 0 0 0 0 0 0 0 100 0 0 1000 633 288 50 633 633 633 644 300 0 1000 535 450 547 0 1000 535 750 99 0 0 1000 300 50 0 1000 0 0 0 0 441 300 0 500 500 0 0 0 0 0 594 100 416 0 133 500 454 0 0 0 0 0 1000 900 644 900 129 450 100 900 900 900 0 427
#WatfordFC 2017-11-05
0 0 0 0 437 0 0 0 0 262 0 -200 -800 0 -12 500 0 400 150 400 -500 0 231 136 0 -200 0 200 133 0 0 -400 875 -400 400 0 0 0 0 500 500 -12 -12 100 500 500 0 0 0 34 100 0 0 0 500 -306 0 0 -800 500 -99 150 200 400 211 -500 0 162 500 -125 0 130 100 0 0 0 250 0 0 -262 0 800 0 0 200 0 0 0 300 0 0 0 0 500 83 83 400 0 0 0
0 0 0 0 550 0 0 0 0 225 1000 800 1000 0 0 500 0 200 500 400 300 0 587 454 0 200 0 200 166 0 0 400 600 400 200 0 0 0 0 500 500 0 0 100 500 500 0 0 0 637 383 0 0 0 1000 450 0 95 1000 1000 583 500 300 400 455 300 0 300 500 375 0 498 383 0 600 0 300 500 0 387 1000 1000 0 500 512 0 0 0 650 0 0 0 0 900 450 450 400 0 0 0
#MCFC 2017-11-05
136 166 0 500 0 0 366 0 0 500 0 -400 136 0 400 125 500 0 0 0 400 0 0 750 -131 500 0 0 500 468 500 0 0 500 250 0 250 1000 0 0 250 250 142 0 0 400 1000 500 468 0 49 -66 0 425 0 408 170 100 0 357 0 -300 0 500 0 0 642 0 333 0 0 0 1000 -200 0 0 500 300 0 0 166 0 150 0 0 100 136 0 0 0 0 0 0 800 333 0 -200 266 0 500
454 833 0 500 100 0 316 0 0 500 0 700 454 0 633 675 250 0 0 0 800 0 0 400 427 500 0 0 500 427 500 0 0 500 250 0 250 300 0 0 250 250 267 0 0 512 900 550 427 0 600 388 0 411 0 433 500 300 0 571 0 400 0 500 0 0 417 0 666 0 0 0 900 250 0 600 183 200 0 0 272 0 450 0 0 275 500 0 0 0 0 0 0 400 122 0 0 366 0 500
#AFC 2017-11-05
0 0
0 0
#COYS 2017-11-05
300 0 -200 0 700 0 200 750 0 0 0 200 318 0 650 136 400 433 0 0 0 0 375 0 0 -21 0 550 0 800 390 0 600 -400 -234 100 -250 416 0 550 0 0 136 412 136 122 200 0 200 700 -150 0 0 -155 0 0 277 0 0 0 0 279 200 0 400 0 300 0 500 -188 250 0 0 -250 0 0 136 625 625 0 0 0 0 0 0 0 250 500 625 0 -49 0 200 800 0 433 0 0 1000 389
200 0 600 0 600 0 512 950 0 0 0 200 477 0 650 500 633 655 0 0 0 0 600 0 0 633 0 472 0 900 250 0 950 400 500 400 500 666 0 375 0 0 454 550 454 233 500 0 100 600 600 0 0 288 0 0 444 0 0 0 0 600 950 0 375 0 550 0 600 188 625 0 0 550 0 0 454 900 900 0 0 0 0 0 0 0 450 750 900 0 700 0 900 750 0 833 0 0 400 607
#CPFC 2017-11-05
50 62 0 0 0 187 0 1000 800 800 33 0 200 100 0 -400 363 0 0 0 391 500 0 0 0 333 150 0 625 0 125 350 136 -1000 -150 0 300 0 0 0 0 0 199 0 0 800 0 0 -500 666 0 -600 0 625 400 0 0 0 -66 0 0 800 0 -500 -500 -500 350 0 416 0 0 250 900 900 0 166 -200 0 0 100 0 0 0 800 0 0 0 0 437 333 0 0 -800 350 0 637 0 0 0 0
100 1000 0 0 0 888 0 400 1000 900 175 125 900 400 0 400 522 0 0 0 383 850 0 0 50 666 450 0 600 0 320 447 454 1000 650 0 550 0 0 0 0 0 366 0 0 900 0 0 400 566 0 800 0 500 400 0 0 0 266 0 0 750 0 400 400 400 750 0 708 0 0 250 900 900 0 208 600 0 0 500 0 0 0 900 0 0 0 0 550 666 95 0 900 750 0 875 0 0 0 100
#WHUFC 2017-11-04
0 0 0 -333 650 0 -250 233 1000 533 -137 -500 0 366 0 0 200 0 0 1000 0 -325 -250 136 700 0 625 0 283 0 0 500 0 1000 575 0 0 500 -250 333 0 0 500 0 0 0 162 0 166 1000 0 1000 0 250 0 550 200 0 0 0 0 136 0 300 300 0 0 0 136 0 0 -500 -250 0 0 750 0 0 -81 0 -216 -250 -155 -400 500 -138 375 1000 500 433 0 300 0 1000 0 285 0 -375 -500 0
100 0 0 1000 450 0 550 233 300 516 750 400 0 700 0 0 950 0 0 1000 0 325 800 500 350 0 1000 0 535 0 0 150 0 300 725 1000 1000 200 550 666 0 0 150 100 0 0 375 0 333 300 0 300 0 400 0 650 200 0 0 0 0 454 0 650 650 0 500 500 454 0 0 500 400 0 0 900 0 0 550 0 577 550 288 400 375 472 200 300 500 533 0 650 0 400 0 535 0 600 500 1000
#LFC 2017-11-04
0 0 0 0 625 1000 0 250 -200 -291 0 287 0 166 -250 0 283 70 -199 200 400 400 400 400 400 500 -424 0 0 700 0 500 354 357 0 107 0 0 0 500 -375 300 600 0 150 400 175 175 175 0 0 0 0 -383 83 -22 209 300 500 0 125 0 175 -115 200 250 24 700 0 644 100 400 500 -238 0 -266 -49 400 0 0 250 161 400 -16 700 0 130 -135 -699 0 450 0 -100 375 0 500 -1000 0 107 200
0 0 0 0 900 1000 0 100 950 541 0 674 0 166 888 0 475 516 633 300 800 800 800 800 800 700 616 0 0 700 0 625 466 571 0 285 0 0 0 800 500 800 900 0 800 800 477 400 687 0 0 0 0 433 333 435 440 425 500 0 497 0 687 438 400 333 266 600 0 850 450 800 600 388 0 666 900 800 0 0 300 427 800 441 600 0 520 279 666 357 600 0 50 350 100 500 1000 1000 285 300
#HTAFC 2017-11-04
0 800 500 600 0 0 800 0 875 800 0 0 0 250 33 0 -100 0 0 0 0 333 -100 0 0 399 -400 0 0 0 -312 100 325 0 600 -500 200 0 0 625 0 0 0 0 0 0 0 0 500 299 200 350 0 0 0 0 -41 0 0 0 -400 -266 117 266 0 350 0 0 0 366 0 0 0 350 0 87 300 -133 91 0 274 0 0 1000 375 800 350 0 0 -200 -166 700 136 0 0 0 50 250 -150 300
0 1000 500 883 0 0 1000 0 600 750 0 0 0 333 633 0 716 0 0 0 0 700 50 0 0 666 400 0 0 0 250 400 825 0 900 900 900 0 0 875 0 0 0 0 0 0 500 0 500 556 200 550 0 0 0 0 291 125 0 0 400 288 610 333 0 550 0 0 0 799 0 0 400 550 0 700 517 133 280 500 550 0 0 1000 200 400 550 0 0 200 666 600 500 0 0 0 500 250 500 300
#WBA 2017-11-04
-312 0 500 0 -200 0 0 333 233 166 0 -500 0 0 -378 250 400 -600 -300 0 200 81 0 0 0 0 0 0 0 0 136 -343 -500 0 0 1000 0 0 136 0 0 0 900 1000 -300 200 0 500 500 250 0 0 400 0 0 0 0 0 0 -200 0 0 250 0 117 400 0 0 -199 175 124 -162 250 250 0 400 -1000 0 500 0 0 0 0 250 0 375 0 0 0 -200 160 0 0 0 0 125 0 250 0 300
888 0 925 0 100 0 0 666 233 300 0 900 0 550 412 333 800 800 600 600 400 725 0 0 0 0 0 600 0 100 454 750 400 0 0 750 0 325 454 1000 0 0 875 750 900 200 0 888 500 333 0 0 800 0 0 0 0 0 100 300 0 0 500 150 610 900 0 0 433 275 325 387 500 500 500 900 1000 0 900 0 0 0 0 500 0 200 1000 0 0 200 539 0 1000 0 0 100 0 333 0 400
#NUFC 2017-11-04
750 250 0 250 0 -400 50 0 0 800 500 0 750 1000 0 0 -150 0 68 0 0 200 -91 0 0 500 500 300 0 99 168 0 133 0 0 0 0 0 0 200 0 976 0 0 0 0 136 -600 166 200 -83 168 666 0 188 500 0 600 -150 100 0 616 0 68 0 0 -600 325 0 250 500 266 800 0 500 -200 250 -1000 433 -1000 450 0 0 250 366 -200 0 136 0 800 312 750 0 0 0 400 0 0 0 0
750 650 0 650 0 400 331 0 0 400 900 0 750 300 0 0 600 500 277 0 0 300 266 1000 0 650 888 100 0 449 277 0 333 0 100 1000 0 0 0 500 66 800 0 0 0 0 454 900 666 950 216 277 766 0 508 500 0 683 825 350 0 766 0 227 0 0 1000 725 0 375 750 916 400 0 500 400 375 1000 587 1000 500 0 0 1000 533 50 0 454 0 750 333 750 0 400 0 700 0 0 0 0
#AFCB 2017-11-04
-388 0 300 500 -200 168 1000 0 -400 0 168 133 800 -175 150 175 375 41 250 124 0 0 0 200 0 200 0 149 0 441 325 0 0 75 0 -200 128 375 0 0 0 0 0 0 100 166 150 0 568 0 0 0 0 1000 0 0 0 0 700 800 77 0 700 0 0 0 0 0 437 250 100 0 425 0 141 0 400 166 0 -80 225 -400 0 0 0 175 0 136 -500 -25 -66 -250 -500 366 -66 0 -66 0 -250 500
833 0 500 500 400 277 1000 0 400 0 277 433 750 750 133 625 675 66 500 484 0 0 0 500 0 300 300 650 0 767 700 0 0 325 1000 262 300 200 0 0 0 0 0 0 200 966 550 0 400 0 300 0 1000 1000 0 0 0 0 700 750 155 0 600 0 0 0 0 0 550 250 200 0 616 0 466 0 433 666 1000 350 533 400 0 0 0 525 0 454 1000 75 66 500 1000 716 66 0 66 0 500 875
#SaintsFC 2017-11-04
-312 500 250 291 399 0 0 250 0 250 200 -125 78 250 400 0 0 0 1000 0 0 136 0 0 566 0 0 -100 200 500 0 0 0 -199 700 0 100 233 -49 500 500 0 -700 0 520 500 250 19 -200 290 300 0 0 200 -400 1000 0 -18 0 -87 0 -150 75 -500 0 0 137 350 0 1000 453 200 0 300 1000 0 0 0 0 0 0 300 625 -349 0 309 385 0 600 0 0 0 75 0 500 0 0 -325 -100 -52
500 150 300 400 650 0 1000 283 0 300 200 375 645 333 450 0 0 0 1000 0 0 454 0 0 983 0 0 100 500 1000 0 100 0 255 800 0 100 449 429 888 500 0 1000 0 746 1000 250 373 333 900 100 0 33 100 600 1000 0 416 0 337 0 200 550 900 0 1000 666 333 0 400 580 200 0 300 1000 0 0 0 0 0 0 475 600 333 0 410 678 0 900 0 0 0 581 0 500 0 0 550 133 333
#Clarets 2017-11-04
300 0 0 1000 0 800 0 550 1000 0 0 700 1000 117 50 0 0 0 0 0 800 0 0 625 0 -50 -50 0 1000 0 800 800 0 0 0 500 625 0 125 500 300 500 0 0 0 0 0 0 0 500 0 0 0 0 0 0 0 0 0 0 0 0 0 199 625 563 0 0 250 -268 350 -187 300 60 125 550 0 399 399 700 0 200 -400 0 0 0 0 0 0 0 800 0 285 800 625 -250 190 0 0 500
0 0 0 1000 0 400 0 575 1000 0 0 600 1000 371 216 0 0 0 0 0 400 0 0 900 0 400 400 0 300 0 400 400 0 0 0 500 900 0 125 500 0 150 0 0 0 0 0 0 0 500 0 125 0 0 0 0 0 0 0 0 0 0 0 233 900 953 0 0 450 575 350 500 500 290 125 750 0 166 166 600 0 100 700 0 0 222 0 0 0 0 400 0 535 400 900 250 393 0 0 1000
#Swans 2017-11-04
0 0 0 266 50 0 0 -500 1000 0 100 562 500 500 0 0 -500 0 61 137 500 -116 25 136 0 0 0 100 392 675 0 850 0 0 0 0 0 500 0 219 0 500 -125 -300 866 300 0 0 0 0 400 250 0 0 0 375 600 600 600 600 0 625 500 0 0 0 0 0 0 -1000 0 0 0 350 0 -50 0 150 333 275 0 0 500 175 375 0 -100 625 0 0 0 -500 500 0 0 0 0 -100 -100 -100
0 0 0 916 350 0 0 900 300 125 400 500 500 500 0 0 900 0 347 611 750 150 562 454 66 0 0 200 717 775 0 1000 250 0 0 0 0 900 0 630 0 900 337 600 833 616 0 0 0 100 500 375 0 0 0 200 900 900 900 900 0 500 900 0 0 0 0 0 0 1000 0 0 0 550 0 100 0 150 666 266 0 0 900 366 475 0 350 900 0 0 1000 1000 900 0 0 0 0 400 400 400
#BHAFC 2017-11-04
616 100 0 0 616 -500 1000 0 500 500 0 500 0 0 1000 0 700 1000 266 0 -400 0 -312 0 266 0 568 -400 0 100 -250 0 0 100 0 100 100 0 0 0 0 0 100 100 100 100 100 100 100 100 0 0 -150 181 600 0 0 0 0 187 0 -66 500 600 0 0 300 200 364 0 333 0 0 0 0 0 6 0 100 0 375 0 850 -400 0 0 0 0 0 0 0 0 0 0 0 0 0 0 0 0
533 900 66 0 533 900 300 0 900 600 0 150 0 0 300 0 600 300 283 0 700 500 537 0 283 0 727 400 0 100 400 0 0 200 0 200 200 0 0 0 0 0 200 200 200 200 200 200 200 200 0 62 200 462 1000 0 0 0 66 250 0 350 500 1000 0 0 650 200 700 0 833 0 357 0 0 0 425 0 400 0 200 0 450 400 0 416 0 0 0 0 0 0 0 0 0 0 0 0 0 0
#SCFC 2017-11-04
0 0 400 0 116 116 0 0 0 0 0 0 485 -250 0 350 0 0 0 400 450 0 0 -155 0 0 500 0 0 150 0 -200 200 0 0 400 0 -400 400 900 485 0 0 0 0 0 0 0 0 -155 -155 0 0 0 0 900 -250 -250 -250 0 375 -100 0 -400 0 0 0 500 0 256 0 0 450 0 170 0 0 -1000 -250 -400 0 0 -400 0 485 0 0 0 0 485 0 0 -400 0 150 0 200 1000 0 0
0 0 700 0 258 258 0 0 0 0 0 0 450 233 0 450 0 0 0 700 550 0 0 288 0 0 500 0 0 0 0 100 500 0 0 400 0 400 700 900 450 0 0 0 0 0 0 0 0 288 288 0 0 0 0 900 233 233 233 0 200 100 0 400 0 0 0 500 0 278 0 0 550 0 500 0 0 1000 233 700 0 0 700 0 450 0 0 0 0 450 0 0 400 0 50 0 500 750 0 0
#LCFC 2017-11-04
0 0 50 136 0 1000 250 0 0 375 0 0 0 0 0 -443 270 -187 -50 0 500 350 350 0 0 250 0 700 414 -150 68 125 0 0 447 62 68 150 0 250 975 -229 -83 800 -291 0 0 0 0 461 353 0 0 1000 -9 0 0 0 375 -118 0 0 -9 0 136 0 0 422 136 0 750 500 350 136 0 68 0 571 300 136 0 378 0 0 136 0 136 568 0 136 0 136 1000 0 350 500 300 0 0 0
0 0 200 454 0 300 1000 0 0 416 0 66 0 0 0 583 315 500 400 0 500 412 412 0 0 550 0 600 562 480 289 391 0 0 615 450 289 466 66 500 1000 583 440 750 541 1000 0 0 0 582 680 0 0 300 371 0 0 0 200 449 0 0 371 0 454 0 0 294 454 0 950 500 412 454 0 277 0 690 200 454 0 651 0 0 500 1000 454 727 0 454 0 454 750 0 412 900 200 0 400 0
#Clarets 2017-10-30
0 -100 0 250 400 300 69 400 -500 325 99 0 136 800 170 -500 11 475 0 0 0 -200 0 625 -100 0 0 0 0 0 0 625 400 136 172 800 0 -375 0 500 -375 -375 -487 0 200 0 0 0 100 0 0 500 136 166 0 0 0 0 0 250 0 0 0 0 0 0 0 0 0 395 0 625 0 0 0 500 0 50 0 0 136 0 0 0 0 800 49 0 0 0 0 0 0 0 0 0 0 0 136 0
1000 1000 0 250 500 0 347 200 1000 700 450 0 500 400 500 299 477 750 0 0 0 300 66 900 0 0 0 0 0 0 0 900 1000 388 494 700 0 625 0 900 625 625 812 0 100 100 0 0 400 0 0 500 500 166 1000 0 0 0 0 750 0 0 0 0 0 0 0 0 0 478 0 900 0 0 0 500 0 500 0 0 454 0 0 0 0 1000 450 0 0 0 0 0 0 0 0 0 0 0 500 0
#NUFC 2017-10-30
69 1000 -450 250 0 -155 -99 0 233 170 0 0 0 -33 500 0 1000 200 0 0 0 0 233 0 312 0 350 0 0 0 0 0 0 0 0 0 400 0 -88 250 0 0 800 0 -316 -600 0 0 100 0 800 400 166 0 800 500 0 137 0 0 0 100 0 0 -49 0 700 0 0 0 0 500 0 150 -312 0 0 0 0 0 400 300 250 0 348 0 309 450 -500 0 50 0 0 0 0 107 0 270 166 0
313 400 800 250 0 288 825 0 366 454 0 0 0 733 500 0 1000 300 0 0 0 0 399 0 300 0 650 0 0 0 0 0 0 0 0 0 408 100 322 375 0 0 1000 0 516 1000 0 0 900 0 1000 800 166 0 400 600 0 700 0 0 0 400 0 0 391 0 600 0 0 0 0 200 0 0 250 1000 0 0 0 0 400 900 1000 95 576 0 688 644 1000 0 450 1000 0 0 0 428 0 458 166 1000
#LCFC 2017-10-29
1000 -250 500 104 0 0 500 0 0 0 0 0 500 0 100 250 0 0 -149 0 0 0 0 0 0 100 136 0 250 -162 0 0 166 0 0 100 500 449 233 199 937 0 -62 0 0 0 -250 -976 0 -500 0 575 0 -345 250 0 136 136 0 0 113 105 136 0 0 375 0 -55 0 0 256 8 159 0 125 0 0 0 0 0 -441 136 49 483 0 49 34 0 49 0 375 0 0 625 136 400 350 0 0 0
400 750 750 370 0 0 750 0 33 0 0 0 750 200 400 333 66 0 533 0 0 0 125 0 0 400 454 0 333 387 0 0 266 0 0 400 600 600 566 397 450 0 375 125 0 0 300 1000 0 1000 0 650 100 620 750 0 454 454 0 0 306 497 454 0 0 750 0 88 0 0 550 408 363 0 166 0 0 0 0 0 700 454 650 616 0 277 205 0 277 0 200 0 0 500 500 800 400 0 0 0
#EFC 2017-10-29
0 0 250 0 0 600 591 -155 -155 -155 0 -155 800 -66 -155 0 -383 -400 1000 400 0 800 800 0 0 0 800 0 0 0 0 0 0 0 0 0 0 0 0 0 0 50 0 0 0 -155 -383 400 0 -400 -400 0 0 -77 0 100 100 900 625 0 0 0 0 22 0 0 0 0 0 0 0 0 0 0 0 -108 -149 0 100 0 136 285 0 83 250 266 733 0 -210 0 0 0 0 0 400 0 0 0 0 0
500 0 500 0 0 1000 466 288 288 288 0 288 950 0 288 0 483 700 400 500 0 1000 1000 0 0 0 1000 0 0 0 0 0 0 0 0 0 0 0 0 0 100 400 0 0 0 288 483 500 0 700 700 0 500 144 0 1000 1000 650 366 500 0 0 100 394 0 0 0 0 0 0 0 0 0 400 0 591 533 0 400 500 454 535 0 311 312 633 716 0 635 0 0 0 0 0 1000 0 0 0 0 0
#BHAFC 2017-10-29
500 100 0 0 0 0 366 0 -158 0 74 0 350 550 1000 -400 1000 33 178 0 487 427 -97 562 233 100 0 0 0 -200 650 -51 0 300 300 300 300 300 300 300 300 300 178 300 300 0 0 0 333 0 0 119 0 0 0 0 0 0 0 800 0 399 0 399 0 -145 375 0 0 475 0 0 0 -700 0 500 0 200 0 0 -107 -216 0 0 0 0 0 0 0 0 0 0 0 0 416 0 -250 0 350 0
600 400 0 0 0 0 583 0 825 141 675 0 449 650 300 400 1000 333 335 50 775 645 394 750 566 400 0 0 0 250 450 496 0 100 100 100 100 100 100 100 100 100 335 100 100 0 0 0 651 0 0 559 0 0 0 0 0 500 0 400 1000 399 0 399 1000 770 200 0 0 712 0 0 0 1000 0 500 0 300 0 0 571 238 0 0 700 0 0 1000 0 0 0 0 0 0 583 0 400 0 361 0
#SaintsFC 2017-10-29
287 0 136 0 0 500 -1000 0 500 0 0 -500 -88 0 666 -125 74 0 0 104 250 0 0 550 1000 400 0 0 0 466 -400 0 0 104 0 312 0 0 300 -166 800 -80 0 178 0 600 0 137 -61 233 0 100 0 0 -62 0 0 500 1000 0 650 500 0 0 0 0 0 0 0 0 0 1000 0 178 500 1000 0 0 0 0 0 0 0 0 38 0 0 0 0 0 333 700 0 0 0 0 0 650 0 53
550 0 454 0 0 750 1000 0 500 0 0 400 691 0 199 375 675 1000 0 433 375 0 66 650 300 800 0 0 0 600 400 0 0 433 0 875 0 1000 700 166 400 679 0 335 50 600 0 387 521 566 0 400 0 0 744 0 0 400 1000 1000 450 600 0 0 0 0 0 0 1000 0 1000 1000 0 335 1000 1000 1000 0 0 0 0 0 0 1000 933 0 0 0 0 0 651 700 0 0 0 0 0 650 0 412
#AFCB 2017-10-28
-131 0 366 0 150 366 100 550 0 -400 -200 1000 -131 0 0 0 350 0 0 1000 0 0 416 0 0 0 0 175 283 350 0 900 -127 0 -25 0 0 200 0 350 0 116 0 169 350 0 433 350 99 293 0 49 0 175 166 50 -150 0 0 350 0 -200 0 88 600 0 -500 130 350 350 0 0 250 0 0 -200 0 350 -260 0 -475 0 -400 0 -200 0 136 -475 900 0 200 0 500 0 0 0 0 0 70 0
125 0 333 0 100 333 200 500 0 600 225 400 125 1000 0 0 550 100 0 300 66 0 666 0 0 0 0 775 683 550 0 575 344 0 525 0 0 200 533 550 0 729 0 780 550 100 466 550 400 668 533 644 0 648 199 150 450 0 0 550 0 350 0 337 825 0 1000 166 550 550 100 0 300 0 0 400 0 550 166 0 900 0 600 0 400 66 500 775 1000 0 300 0 500 0 0 0 0 0 566 0
#CFC 2017-10-28
0 0 500 -131 0 0 0 0 0 400 700 875 0 0 0 900 0 0 0 800 285 0 0 0 0 136 136 68 0 450 0 0 0 100 136 0 0 0 0 0 0 500 100 385 0 0 541 500 350 800 100 1000 0 0 0 0 0 166 0 0 0 0 0 0 0 0 0 0 300 0 400 100 0 -400 0 200 0 500 500 0 0 0 116 0 0 136 0 0 100 1000 233 175 350 0 250 0 0 -400 0 0
0 0 888 125 1000 0 0 0 0 200 600 600 0 0 0 1000 0 0 0 1000 535 0 0 100 0 454 454 227 0 700 0 0 0 100 454 0 0 0 0 0 0 375 100 658 0 100 833 500 570 400 100 1000 0 0 0 0 0 333 0 0 0 0 0 0 0 0 0 0 650 0 500 100 0 900 0 700 0 750 500 0 0 1000 341 0 0 500 0 0 100 400 366 700 550 0 333 0 0 900 0 0
#AFC 2017-10-28
300 300 0 0 750 -200 250 0 -433 600 -234 -187 0 0 0 -155 1000 281 0 1000 500 0 0 -500 0 -700 0 0 -100 -300 0 -250 650 250 0 -83 0 0 250 50 0 0 250 200 58 100 97 0 0 0 -450 -41 375 -400 0 1000 0 133 500 218 -375 500 0 250 0 0 154 0 0 0 0 266 266 0 0 0 0 0 0 0 0 99 116 0 0 225 0 0 0 0 0 0 250 0 0 -25 0 -97 0 0
200 200 0 0 600 200 512 0 566 1000 500 500 1000 0 0 288 300 600 0 300 500 0 0 700 0 800 300 100 350 799 0 550 625 283 0 583 0 0 512 100 0 0 675 900 458 525 419 0 0 0 400 291 200 400 0 1000 0 600 750 325 462 750 0 1000 0 0 690 0 0 0 0 833 274 0 1000 0 0 0 0 0 0 300 411 600 0 450 0 0 125 62 0 250 350 0 125 525 0 187 100 0
#Swans 2017-10-28
0 0 0 -394 -699 400 0 0 -100 0 0 136 0 0 0 0 0 533 533 -116 0 0 0 0 0 583 200 222 0 170 0 0 0 0 0 0 500 0 0 0 0 0 350 0 0 0 0 100 200 -66 0 0 307 -116 -300 500 500 300 0 0 0 0 0 0 0 0 0 0 200 -100 -66 -100 0 0 0 0 0 0 0 -100 -600 0 0 0 0 0 0 500 375 500 -145 0 0 200 -300 168 0 0 136 -100
0 0 0 616 666 600 0 0 500 0 0 500 0 0 0 0 0 916 916 541 0 0 0 0 0 708 600 322 0 454 0 0 0 0 0 0 750 0 0 0 0 0 350 0 0 0 0 300 400 133 0 0 485 266 225 1000 1000 0 500 0 0 0 0 0 0 0 0 0 900 400 133 400 0 0 0 0 0 0 0 400 900 0 0 0 0 0 0 900 950 900 309 0 0 400 225 350 0 0 500 400
#CPFC 2017-10-28
800 0 0 0 0 0 0 -155 333 0 0 0 0 300 320 0 0 600 -133 136 333 0 0 800 0 292 0 0 0 0 0 0 500 200 0 -400 0 -400 0 -1000 0 0 -15 0 -187 62 0 0 450 0 0 0 -33 0 0 0 500 0 0 1000 0 0 0 300 0 0 800 0 0 -500 0 0 -333 0 -400 0 0 400 125 125 600 0 625 0 -77 375 0 400 0 -600 350 0 0 350 0 -100 -187 -200 -150 0
900 0 0 0 0 0 0 288 666 0 0 0 0 500 616 0 0 1000 683 500 375 0 0 400 0 317 0 0 0 0 0 0 800 300 0 400 0 400 0 1000 0 0 456 0 584 750 0 0 300 0 0 0 600 0 0 0 600 0 0 300 0 0 0 650 0 0 400 0 0 1000 0 0 666 0 600 0 0 400 166 166 550 0 500 0 394 800 0 400 0 800 550 0 0 333 0 400 500 100 725 0
#WHUFC 2017-10-28
233 0 0 400 0 0 350 0 0 520 175 0 0 0 0 0 -155 0 99 155 850 0 600 0 0 0 100 600 0 0 0 350 0 433 400 0 0 300 800 0 100 0 0 0 136 0 0 233 0 0 -400 175 0 781 0 0 350 -125 0 600 -25 0 0 524 425 600 600 600 600 650 0 0 -50 350 400 33 0 0 0 0 700 350 -133 50 0 350 0 350 400 300 0 -125 0 1000 75 600 136 0 625 0
366 0 0 375 0 0 350 750 0 1000 894 0 0 1000 0 0 288 0 300 688 1000 0 900 0 0 0 350 900 0 0 0 550 0 833 350 0 0 650 400 0 100 66 0 0 454 0 0 366 0 0 400 775 0 1000 0 125 550 375 0 900 525 0 0 875 775 900 900 900 900 700 533 0 400 550 233 550 0 0 0 0 850 550 733 278 0 550 0 550 533 650 83 375 0 1000 650 1000 500 0 500 1000
#LFC 2017-10-28
0 -66 350 0 566 250 0 0 0 0 0 0 0 -500 68 1000 0 0 200 87 0 1000 800 350 100 48 0 0 566 700 0 402 1000 0 0 0 0 400 0 -699 0 0 0 0 100 625 400 109 0 -50 400 0 0 400 -99 400 400 400 328 -125 0 -800 0 250 0 50 0 800 0 0 62 0 0 0 0 0 0 0 172 -155 0 637 49 91 0 100 158 425 500 0 0 0 -250 0 0 250 -233 0 150 249
0 266 650 0 708 300 0 0 0 0 0 0 0 1000 227 300 0 500 200 237 0 300 750 425 644 151 0 0 658 900 0 294 300 0 0 0 0 800 0 666 0 1000 250 0 250 500 400 647 0 400 400 0 0 400 875 400 400 400 411 625 0 1000 0 300 0 1000 0 400 0 0 412 0 0 0 0 0 0 0 394 288 0 834 550 391 0 100 405 572 500 0 0 0 750 0 0 875 555 0 350 350
#HTAFC 2017-10-28
0 0 0 -600 0 0 0 227 1000 1000 0 1000 227 87 1000 366 937 500 500 -225 1000 449 0 500 475 0 0 -250 625 0 0 0 0 200 0 625 0 0 169 0 66 625 0 352 0 0 0 0 -400 -125 200 0 150 650 350 250 0 -400 400 500 0 1000 0 350 0 0 0 0 666 0 -125 0 400 357 333 0 500 0 0 0 0 50 400 -312 0 0 0 0 350 0 0 0 500 0 0 0 0 0 0 350
0 0 0 700 0 0 125 494 300 750 0 300 545 504 300 666 900 750 500 549 350 400 0 500 687 0 0 1000 600 0 0 0 0 900 100 750 0 0 444 0 300 888 0 490 0 0 0 83 400 375 900 0 83 450 550 312 0 400 250 900 0 390 0 550 0 0 0 0 500 0 375 0 375 571 1000 0 600 0 500 83 0 200 450 750 0 0 0 0 550 0 0 500 500 0 0 0 0 0 0 550
#WatfordFC 2017-10-28
0 0 0 -333 0 0 0 0 1000 166 -340 0 350 20 550 -625 0 0 416 100 433 0 0 47 400 400 328 0 354 0 0 150 175 200 -262 0 125 0 0 0 250 0 362 0 0 0 233 107 375 -125 0 500 0 0 0 0 0 0 0 200 0 50 500 0 200 500 350 0 150 175 200 0 -262 0 0 0 49 466 227 100 500 650 0 0 0 -312 0 0 275 0 200 0 148 0 0 136 160 333 -500 0
0 0 0 666 0 0 125 0 750 450 687 0 300 416 700 600 0 0 883 383 733 0 0 269 200 400 285 0 575 0 0 200 275 233 387 50 450 0 0 0 533 0 750 0 0 700 450 785 0 625 0 750 0 0 0 0 0 0 0 100 0 1000 1000 0 100 1000 550 0 200 275 233 0 387 0 0 0 650 533 545 0 500 450 0 0 0 687 0 0 500 0 400 0 497 0 0 454 539 500 1000 0
#SCFC 2017-10-28
0 0 0 -133 0 0 0 0 0 0 0 0 0 500 0 625 0 625 0 0 -125 0 0 0 0 0 0 0 285 0 500 -133 875 0 480 -699 272 418 0 0 0 0 0 -95 750 0 -200 -400 0 0 0 187 -400 800 0 -200 42 142 0 0 -100 0 0 800 0 0 136 150 0 -200 0 42 0 0 237 0 800 0 -200 0 800 0 200 0 625 0 300 300 0 237 0 136 0 42 0 0 -200 0 0 0
0 0 0 766 0 0 100 0 0 0 0 0 0 750 0 600 0 500 100 0 1000 0 0 0 0 0 0 0 535 0 600 166 800 0 500 666 444 527 0 0 0 0 0 300 800 0 800 600 0 0 0 437 400 400 0 200 367 267 0 0 200 0 0 400 0 0 500 400 0 200 0 367 0 0 475 0 400 0 200 0 400 750 300 0 900 0 650 650 0 475 0 500 0 367 0 0 200 0 300 300
#WBA 2017-10-28
0 200 1000 0 0 -178 0 0 0 0 250 0 0 338 500 0 0 0 0 0 0 458 0 500 333 0 0 0 0 500 492 110 0 0 0 227 500 175 233 0 0 400 0 0 49 0 0 0 0 0 0 28 0 0 0 250 500 0 180 0 0 322 33 1000 0 0 800 0 0 -25 313 -224 0 0 0 700 0 125 0 0 -101 0 0 0 500 -100 -250 100 -100 0 0 0 400 0 0 -333 0 128 650 0
0 200 300 0 0 678 0 0 66 0 850 50 0 380 800 0 0 0 400 0 0 750 0 900 666 0 0 0 0 600 567 341 0 0 0 545 525 291 633 0 0 800 0 0 625 0 0 0 0 0 0 195 0 0 0 500 500 0 300 0 0 344 66 750 0 0 400 0 0 400 481 500 0 0 0 600 0 400 0 0 340 0 0 0 500 300 400 191 300 0 0 0 800 0 0 666 0 311 575 0
#MCFC 2017-10-28
0 0 0 400 0 625 800 0 0 24 200 0 0 -394 0 0 800 216 0 0 500 288 0 650 -137 0 0 0 0 0 0 0 0 -291 900 0 0 250 285 1000 150 0 0 244 900 0 650 0 0 0 650 33 33 0 800 900 0 350 700 0 0 -212 0 200 0 700 0 0 0 0 0 0 0 0 0 0 450 250 0 400 0 0 0 0 800 0 0 175 1000 0 33 33 33 0 -300 625 0 0 625 0
0 0 0 800 0 500 400 0 0 366 200 0 0 616 100 0 400 750 1000 0 500 555 0 650 683 0 0 0 0 1000 0 0 0 541 1000 0 0 50 535 900 50 0 0 1000 900 0 650 100 0 0 650 300 300 0 1000 900 0 550 600 0 0 533 0 400 0 900 0 0 0 0 0 0 0 0 0 1000 500 591 0 500 0 0 0 0 750 0 500 775 1000 0 300 300 300 0 200 900 0 0 900 0
#MUFC 2017-10-28
0 -216 0 0 0 0 762 312 200 781 -66 0 683 0 0 -139 0 0 150 1000 0 0 -100 0 0 0 0 0 0 0 0 0 0 0 0 0 -43 250 400 0 350 625 500 0 500 -20 0 0 212 1000 700 0 0 178 125 136 33 100 0 800 0 285 0 0 0 0 500 350 -200 0 0 0 400 300 0 0 -200 0 0 0 0 -137 -500 700 0 0 0 0 0 250 0 136 -800 0 0 0 166 0 0 600
0 833 0 66 1000 0 750 250 200 900 716 0 650 0 0 642 0 0 133 900 0 0 700 0 0 0 0 0 0 0 0 0 0 0 0 0 384 300 800 0 550 500 600 0 900 83 0 0 362 300 600 0 0 335 166 454 533 200 0 975 100 535 0 0 0 0 500 475 233 0 0 0 800 350 0 0 400 0 0 0 0 950 400 600 500 0 0 0 0 750 0 454 900 0 0 1000 433 0 0 550
#COYS 2017-10-28
500 500 -400 412 625 0 250 250 0 0 150 0 500 0 0 250 0 250 -500 0 375 0 0 62 0 200 200 625 0 0 412 0 300 -126 1000 -394 750 0 -750 -166 0 -107 136 68 0 -780 0 -500 24 625 625 16 625 74 0 0 233 0 0 68 0 799 1000 -714 -300 83 0 0 357 0 750 -450 125 0 0 125 900 66 0 500 50 0 0 0 350 300 0 -500 128 0 0 0 0 0 100 500 -520 825 0 500
550 500 400 550 888 0 200 450 0 0 133 0 500 0 0 450 0 500 1000 0 600 0 0 401 0 100 100 900 0 0 550 0 350 643 1000 616 900 0 1000 166 0 617 454 727 0 909 0 900 449 900 900 425 900 300 0 750 666 0 0 350 0 966 400 857 400 366 0 0 571 0 449 650 400 0 0 400 1000 166 0 500 500 397 0 0 250 750 0 1000 300 0 0 0 0 0 400 1000 1000 875 400 1000
#COYS 2017-10-22
450 0 871 136 500 268 268 100 0 167 0 283 0 -275 100 50 781 300 0 0 400 0 -100 -245 -181 0 500 0 66 0 350 700 0 0 650 0 -300 800 412 0 -200 700 100 0 0 500 0 349 179 -97 500 375 0 0 500 0 0 -25 -62 -145 250 -125 0 0 0 0 0 -400 -24 0 0 225 0 1000 0 350 0 500 600 300 0 0 -388 0 0 0 100 0 0 350 0 350 318 0 800 800 0 550 900 1000
325 0 571 454 600 627 627 700 0 310 0 377 0 500 300 600 888 450 0 0 725 0 362 420 727 0 600 0 433 0 362 600 0 0 750 0 700 1000 550 0 100 600 100 875 0 600 0 416 400 595 500 750 0 0 500 0 0 525 400 770 375 125 0 0 0 0 0 700 850 0 0 475 0 1000 0 350 0 600 1000 425 0 1000 833 0 0 0 400 250 0 350 0 650 677 0 650 750 0 800 700 300
#LFC 2017-10-22
-400 0 166 0 0 400 400 400 400 0 0 150 0 0 0 0 0 500 525 -131 0 0 585 -400 0 305 0 525 412 500 0 350 0 608 400 0 0 0 -400 1000 500 700 0 625 357 0 500 0 136 500 0 1 0 0 600 0 1000 0 0 0 0 -400 0 1000 0 500 0 1000 1000 700 235 0 0 200 300 0 -75 300 0 0 267 200 0 0 0 0 0 625 233 0 250 -200 0 500 375 -50 533 0 0 0
700 0 483 0 0 800 800 800 800 0 0 1000 0 0 0 0 0 500 366 427 0 0 400 700 0 380 0 666 550 833 0 800 0 700 800 0 0 0 400 700 750 600 0 888 571 0 600 0 454 600 0 253 0 1000 900 0 300 0 0 0 0 700 0 1000 0 400 0 400 400 600 277 0 0 200 200 0 366 700 0 0 392 100 0 0 0 250 0 888 733 300 1000 800 0 900 200 1000 366 0 0 0
#EFC 2017-10-22
0 0 0 -200 0 0 -200 0 -145 0 333 266 875 0 0 0 0 0 0 0 500 -500 199 282 550 500 700 0 0 0 -294 500 0 0 0 0 -294 500 0 0 0 0 -294 500 0 0 0 -294 500 0 0 20 375 -145 250 0 0 566 500 550 0 -325 0 0 0 0 -325 0 -587 0 0 -145 0 0 500 0 0 0 -133 333 0 0 -155 -166 50 -600 0 500 0 -100 500 136 162 -500 -400 0 700 250 0 0
0 0 0 500 0 0 100 0 320 0 666 533 800 0 0 0 0 0 0 0 750 900 500 575 950 500 600 0 0 0 466 500 66 0 0 0 466 500 0 0 0 0 466 500 0 0 0 466 500 66 500 286 650 320 250 0 0 550 500 950 0 775 0 0 0 0 775 0 533 0 0 320 0 0 500 0 0 0 233 666 66 83 288 66 450 1000 0 500 500 433 500 454 200 650 700 0 600 333 0 0
#AFC 2017-10-22
400 312 312 312 312 312 399 0 0 400 15 7 0 0 0 0 0 0 0 -500 0 0 500 0 0 0 175 37 -133 0 0 0 0 0 0 0 0 33 0 250 433 136 0 172 300 0 172 0 233 150 0 0 0 500 600 525 0 0 0 0 250 33 0 0 0 1000 1000 137 0 500 400 250 0 0 500 625 250 0 0 400 0 400 0 500 0 0 0 0 300 0 500 250 0 1000 0 0 525 0 166 0
200 500 500 500 500 500 166 0 0 200 440 547 0 0 0 0 0 100 0 1000 0 0 500 0 266 0 700 208 566 0 0 175 0 0 0 0 1000 366 100 500 733 454 0 594 900 0 594 0 366 600 0 0 0 500 900 1000 0 100 100 100 500 533 0 0 0 300 300 427 0 1000 1000 333 0 0 900 1000 450 0 0 400 0 800 100 750 0 0 0 0 750 0 350 450 0 400 0 0 1000 100 250 0
#SaintsFC 2017-10-21
-875 0 0 0 0 0 0 -200 -875 200 0 0 24 0 0 250 -875 50 24 0 -255 0 0 0 200 50 500 0 -233 0 337 -230 0 500 -400 500 0 400 0 0 400 0 1000 250 0 71 -228 0 0 800 175 0 500 0 0 0 136 0 0 0 0 650 0 0 0 0 0 0 0 416 625 0 0 33 118 750 0 -100 0 0 0 0 625 0 350 0 0 0 0 316 500 491 800 200 0 -875 183 0 -300 350
1000 0 0 83 500 0 0 200 1000 500 0 100 612 0 0 1000 1000 900 900 0 533 0 0 0 400 799 600 0 283 0 737 533 0 600 600 500 100 400 0 0 300 0 1000 500 0 396 538 0 400 750 700 0 600 0 0 0 500 0 0 0 66 850 0 0 0 750 0 1000 0 929 1000 0 0 346 581 650 0 200 0 0 500 0 888 0 350 0 0 0 0 283 533 735 750 600 0 1000 466 0 450 400
#WBA 2017-10-21
437 0 0 0 136 0 500 400 -134 0 0 500 200 0 500 0 333 0 325 0 0 0 -277 0 0 0 -400 450 491 0 0 -600 0 800 446 0 -1000 0 0 0 0 0 0 -25 750 400 -200 -25 0 -1000 -107 0 0 0 50 0 0 0 0 500 0 633 0 -500 0 -25 0 -200 0 0 -99 0 0 -400 100 0 93 113 0 200 0 -1000 800 0 0 0 -700 250 0 0 200 -400 800 0 0 0 -200 300 250 0
675 250 0 0 454 0 900 900 280 0 0 500 400 0 600 0 666 0 450 0 1000 0 594 0 0 0 400 750 735 0 0 700 0 1000 571 0 1000 0 0 0 0 0 0 200 1000 800 50 200 0 1000 717 0 0 0 500 0 0 0 0 150 0 477 0 900 0 200 0 400 0 0 700 500 0 400 400 125 477 306 100 500 0 1000 1000 0 0 0 1000 400 0 0 712 400 1000 0 0 0 450 650 250 0
#HTAFC 2017-10-21
0 0 0 -250 -500 0 0 100 268 -200 200 -85 0 500 0 0 62 400 0 0 125 0 0 0 0 -400 0 581 650 0 437 166 -59 0 166 500 111 227 0 0 600 0 0 0 0 0 136 -131 800 350 433 0 -166 0 0 0 0 800 700 90 125 -118 500 100 700 0 0 250 200 209 -155 0 0 500 300 550 -200 -33 357 166 400 0 350 0 68 106 800 0 0 200 216 -262 -262 -131 0 0 -600 712 136 0
0 0 0 520 400 33 0 400 427 250 500 229 0 500 0 0 100 900 0 0 300 0 0 0 0 400 0 650 650 0 437 333 403 1000 333 500 277 545 0 0 900 0 0 0 0 0 500 450 1000 550 833 0 166 0 0 0 800 750 600 276 300 480 500 400 600 0 0 750 200 305 288 1000 0 900 650 200 200 566 571 750 400 0 650 0 250 727 1000 0 0 200 577 387 387 450 0 0 800 625 500 0
#MUFC 2017-10-21
160 800 699 800 100 625 0 250 0 -462 0 0 0 875 0 136 -800 -104 200 478 0 100 -24 0 150 1000 0 175 100 591 800 0 200 100 250 0 1000 0 357 0 -50 160 160 160 160 160 308 0 0 0 400 400 500 0 0 0 0 0 0 0 0 0 0 0 0 0 0 0 0 0 0 0 -325 0 375 0 900 -699 800 0 600 600 700 99 800 625 -300 212 0 -250 416 500 0 -156 0 1000 500 0 500 200
539 600 1000 400 900 900 0 1000 0 687 0 0 0 600 0 454 900 536 200 785 0 400 600 0 500 300 0 700 300 608 700 0 500 50 449 0 300 0 571 0 483 539 539 539 539 539 500 0 0 0 400 800 399 0 0 0 0 0 0 0 0 0 0 0 0 0 0 0 0 0 0 0 825 0 600 0 900 666 900 0 900 666 600 216 900 900 399 722 0 350 1000 600 0 843 0 500 750 0 750 200
#MCFC 2017-10-21
0 200 -94 0 0 0 0 0 400 0 0 0 0 350 -125 0 172 -181 200 0 -400 -50 250 200 0 200 200 200 0 100 250 0 0 800 900 642 0 0 0 750 0 650 0 0 800 900 0 0 0 562 0 -125 441 136 -150 0 0 450 0 0 0 0 100 1000 250 -349 0 0 0 -400 250 0 0 600 0 450 525 500 0 500 0 800 500 0 125 0 0 -155 575 900 500 -250 950 0 497 400 307 0 0 337
0 500 447 0 0 0 0 0 800 0 0 0 0 587 250 0 594 727 500 0 600 500 450 300 0 500 500 500 0 100 333 500 0 750 900 417 0 0 0 400 0 625 0 0 750 900 0 0 0 700 0 187 366 454 550 0 0 612 0 0 0 0 400 1000 671 383 0 0 0 400 250 0 0 950 0 799 700 600 0 500 0 400 888 0 379 0 0 288 475 900 900 250 1000 0 850 800 626 0 0 712
#Clarets 2017-10-21
0 0 0 0 0 1000 0 0 -155 0 700 0 0 0 -155 0 -150 68 0 0 -400 0 750 -19 261 200 625 136 1000 0 170 0 333 625 0 0 500 500 0 0 0 -200 0 0 0 0 500 333 0 700 0 500 0 700 0 200 0 0 250 109 0 0 0 162 166 625 -400 0 0 -100 -200 0 0 300 625 800 0 0 136 261 136 500 0 0 0 0 500 0 0 0 0 256 833 231 433 -100 650 -83 0 0
312 0 125 0 0 1000 0 0 288 0 700 0 66 0 288 0 800 300 0 125 750 0 750 691 594 575 900 500 300 0 500 0 833 900 0 0 833 833 0 0 0 100 0 0 0 0 500 466 0 700 0 500 0 600 0 200 0 0 1000 394 0 0 0 687 333 900 400 0 0 1000 400 0 0 400 900 750 0 0 454 433 454 500 0 0 0 0 500 0 0 0 0 750 783 358 633 1000 600 300 0 0
#NUFC 2017-10-21
160 0 400 -200 0 1000 0 0 0 300 0 500 0 -499 -500 357 0 0 0 0 0 0 160 160 160 160 160 563 449 0 29 0 -125 178 0 -187 300 0 0 0 -400 500 250 600 0 500 184 -133 400 0 0 0 0 -400 0 466 0 399 175 0 16 95 0 -55 412 300 -333 225 0 -200 466 100 0 200 500 0 0 0 143 0 -800 136 0 1000 0 333 -50 0 200 0 0 500 0 -150 0 0 350 0 -700 0
539 0 700 950 0 1000 0 0 0 200 0 350 0 533 400 571 0 0 0 0 0 0 539 539 539 539 539 890 550 0 584 0 375 335 0 500 100 0 0 0 400 1000 450 1000 0 350 688 155 700 0 0 0 500 400 0 700 0 450 247 0 391 470 0 263 550 900 477 500 0 700 433 600 0 200 600 0 0 0 493 0 900 454 0 1000 533 500 400 0 200 0 0 500 0 800 0 0 650 0 800 0
#CPFC 2017-10-21
0 0 0 0 0 350 0 350 0 350 0 218 500 500 0 525 525 0 200 0 1000 0 0 200 0 1000 0 0 600 700 233 0 0 0 268 0 0 -400 0 0 0 0 0 0 0 0 0 0 0 0 0 -125 300 0 800 0 0 0 -625 0 500 0 0 233 0 0 200 0 -200 -200 -200 -700 600 -199 0 0 0 0 0 0 -133 68 68 68 0 0 88 0 352 0 0 0 500 0 0 0 0 112 800 -221
0 0 0 0 0 587 0 587 0 587 0 227 600 600 0 366 366 0 600 0 400 0 0 200 0 900 0 0 866 700 366 0 0 0 412 0 0 600 0 0 0 0 0 0 0 0 0 0 500 0 0 375 500 400 400 400 400 0 400 0 500 0 0 333 400 0 200 0 200 200 200 850 900 500 0 0 0 0 0 0 433 377 377 377 125 0 184 0 550 0 0 0 1000 0 0 333 1000 468 1000 418
#SCFC 2017-10-21
160 200 500 0 0 0 160 160 160 160 160 0 -400 0 200 0 0 0 375 0 900 900 375 0 500 400 0 0 0 150 400 0 0 0 0 0 -208 100 0 0 0 0 0 101 1000 400 0 0 0 160 400 318 400 101 100 800 0 0 0 0 0 0 0 0 100 500 0 0 -150 160 160 1000 0 0 0 0 0 0 0 0 -95 0 0 0 0 0 300 500 0 0 0 0 -150 350 400 500 160 160 90 0
539 500 600 0 0 0 539 539 539 539 539 0 400 500 500 0 125 0 675 0 900 900 675 62 500 500 0 0 0 900 400 0 0 125 0 0 1000 200 0 500 62 0 125 338 300 500 0 0 0 539 700 477 500 338 200 950 0 0 125 125 62 0 125 0 200 500 0 125 300 539 539 300 125 125 0 0 0 0 0 0 603 0 0 0 125 0 650 500 0 600 0 1000 300 800 500 500 539 539 636 62
#AFCB 2017-10-21
0 0 250 500 0 50 0 0 -200 -133 500 600 -66 437 0 0 0 500 0 0 0 0 191 0 0 625 700 558 500 0 0 0 0 0 0 0 68 -400 0 0 0 -800 0 -125 0 0 0 0 0 100 100 68 0 100 400 500 0 0 100 0 0 125 0 0 0 933 118 156 0 1000 133 0 100 0 0 0 1000 0 100 0 0 0 0 0 0 0 550 500 0 550 0 0 250 250 -333 0 0 -333 200 0
0 0 500 833 0 450 0 0 200 766 500 700 500 722 0 0 0 500 0 0 0 0 308 0 0 900 700 535 400 0 0 0 0 125 0 0 300 400 0 0 0 900 0 375 0 0 0 0 0 150 150 227 0 400 408 500 0 0 1000 0 0 400 0 1000 0 683 377 426 0 1000 466 0 150 0 0 300 300 0 200 0 0 0 0 0 0 0 700 750 0 700 0 1000 312 250 433 0 0 433 900 0
#Swans 2017-10-21
0 -37 0 0 -400 0 0 500 0 -200 0 0 0 0 0 0 250 0 0 0 0 0 0 0 0 0 -50 0 0 0 0 136 0 0 250 0 0 650 0 68 0 0 0 0 0 566 0 -300 0 425 0 100 362 0 325 500 500 0 0 0 309 0 309 -33 150 0 0 0 100 136 0 136 68 136 0 0 0 0 0 357 0 0 0 0 500 0 0 0 206 317 468 418 114 357 327 309 168 318 568 0
0 583 0 0 400 0 0 500 0 0 125 0 125 0 100 0 500 0 0 0 0 0 0 0 0 0 150 0 0 0 0 454 0 0 441 0 0 600 0 377 0 0 0 0 0 833 0 375 0 725 0 300 384 0 675 694 500 0 0 0 660 0 660 383 287 0 0 0 50 500 0 500 260 500 0 0 0 0 750 571 0 0 0 0 500 0 0 0 400 542 450 550 555 571 429 660 700 500 400 0
#LCFC 2017-10-21
285 0 0 0 0 0 0 0 0 -425 0 200 -366 0 144 200 0 178 0 500 0 -600 100 450 0 0 214 0 -333 0 0 -600 0 0 161 0 0 -175 0 -300 -150 0 0 0 125 50 500 0 -187 500 0 0 0 45 0 800 0 0 142 -273 0 50 0 250 -125 -486 500 0 0 250 416 0 500 0 500 0 500 0 250 0 -89 0 0 0 250 50 -50 0 0 0 0 0 -76 0 0 500 0 200 -250 0
535 0 0 0 0 0 0 0 0 725 0 500 366 0 300 500 0 642 0 500 0 900 527 850 0 0 571 0 500 0 0 900 0 0 311 0 312 175 0 100 850 0 0 0 425 200 308 0 500 500 0 0 0 551 0 900 0 0 317 650 0 550 0 333 250 833 625 0 0 500 500 0 500 0 500 0 833 0 333 0 214 0 0 0 450 350 400 0 100 125 0 750 153 0 0 500 0 400 600 0
#CFC 2017-10-21
0 0 0 625 -462 0 800 0 0 200 250 250 625 0 0 0 0 500 125 -219 0 281 0 0 0 875 375 0 0 0 -699 0 0 0 0 0 0 0 500 0 0 0 0 -100 0 0 0 3 0 800 200 0 0 0 300 0 -500 0 0 412 250 0 -50 -100 0 500 -699 0 0 199 0 200 500 300 200 625 -100 625 95 0 800 200 0 37 166 133 -500 0 250 0 625 0 0 500 0 1000 400 0 200 500
0 0 0 900 687 0 400 0 0 200 500 450 900 0 0 0 0 888 281 720 0 600 0 0 0 600 600 0 0 0 666 0 0 0 0 0 33 0 833 0 0 0 0 500 0 0 0 591 0 400 400 0 0 0 1000 100 550 0 0 550 450 0 250 500 0 600 666 0 0 600 0 400 500 0 400 900 500 900 451 0 400 200 1000 212 333 199 533 0 750 0 900 0 0 500 0 300 800 0 200 500
#WatfordFC 2017-10-21
0 136 0 -312 0 0 0 333 433 0 0 0 0 0 0 -108 0 0 0 0 250 -150 -25 0 0 0 -350 0 136 0 0 0 -433 0 -625 136 800 0 812 -600 500 500 -350 0 250 416 -150 0 100 0 361 0 800 150 0 0 392 0 700 500 0 0 0 0 0 0 0 0 800 0 -350 136 0 0 -600 0 0 0 0 -350 0 136 0 -350 0 136 0 650 0 -100 -100 -250 0 0 0 -390 150 0 0 0
0 454 0 250 0 0 0 500 733 0 0 0 33 0 0 280 0 0 0 0 383 300 125 0 0 125 600 0 454 0 0 0 600 1000 1000 454 750 0 600 800 900 900 600 0 750 500 541 0 1000 0 445 0 1000 0 0 95 767 0 799 900 0 0 0 0 0 0 33 0 750 0 600 454 0 0 900 0 0 0 0 600 125 454 0 600 0 454 0 819 0 200 200 400 0 0 0 550 0 95 0 0
#WHUFC 2017-10-20
0 0 625 0 250 -999 0 395 0 0 133 0 0 0 -107 0 390 875 0 0 0 500 625 -400 0 0 0 0 0 0 246 250 -999 0 62 -107 0 0 0 0 0 124 -625 136 50 0 0 200 0 600 0 390 300 68 0 600 0 0 0 250 -999 0 300 0 0 0 0 125 0 1000 -300 -300 0 0 0 0 0 -250 0 -300 0 0 0 0 300 0 0 -400 -400 -400 285 0 0 0 300 399 0 1000 333 500
0 0 500 0 500 1000 0 611 0 0 399 100 0 0 717 0 1000 600 0 0 1000 550 833 400 0 50 0 0 50 0 517 250 1000 0 500 717 0 0 1000 0 0 369 1000 454 533 0 0 200 0 600 0 1000 625 277 0 900 0 0 0 333 1000 0 650 1000 1000 0 1000 291 0 300 450 450 0 0 0 0 0 250 0 450 0 0 0 0 500 125 0 1000 1000 1000 535 0 0 0 500 633 0 400 500 500
#BHAFC 2017-10-20
500 0 250 0 0 0 0 0 0 -59 6 287 1000 625 -400 0 0 0 0 0 246 -600 0 408 -400 199 616 616 616 616 50 -181 225 -33 385 250 0 0 100 385 550 0 468 0 0 0 0 225 200 -50 -33 0 1000 0 0 0 0 62 100 -200 0 0 0 0 0 0 0 0 781 0 0 0 0 125 136 0 0 0 616 500 366 0 0 0 133 200 0 0 500 0 625 0 145 0 -200 250 350 -400 233 -300
500 0 333 0 0 0 0 0 0 600 350 759 300 833 400 50 0 0 50 0 517 400 0 450 400 600 616 616 616 616 50 543 425 516 323 333 0 0 750 323 700 0 677 0 0 0 0 485 500 400 466 0 400 0 0 250 0 500 200 200 0 0 0 0 0 0 0 0 500 0 0 0 0 1000 454 0 0 125 616 500 600 266 0 0 399 900 66 0 1000 0 900 0 351 0 50 450 350 400 600 400
#LCFC 2017-10-16
0 -166 0 0 0 0 0 0 283 0 0 0 700 -200 -400 0 0 333 -300 0 37 600 0 650 0 225 31 -200 -600 -155 -133 400 0 -219 400 275 500 333 0 -600 0 468 197 350 266 -50 0 0 375 800 0 0 -200 700 0 800 0 -200 0 -24 416 300 -699 0 133 0 -600 0 0 233 125 -59 -100 -200 62 0 250 600 -381 0 300 390 0 300 0 0 -100 300 0 -425 53 0 285 -625 0 0 0 0 0 275
0 433 0 0 0 0 0 500 511 0 0 0 600 700 400 0 0 833 400 0 477 650 100 750 0 600 540 200 900 288 266 450 0 441 1000 762 400 466 0 1000 0 427 404 800 716 477 0 0 466 1000 0 66 250 600 0 400 0 100 0 674 450 650 666 0 833 0 700 0 0 366 533 284 50 425 687 0 400 1000 725 0 1000 750 0 600 0 0 350 200 1000 700 650 0 535 600 0 0 0 0 0 325
#WBA 2017-10-16
0 0 800 -100 333 0 -150 0 0 -500 0 625 700 0 500 0 0 0 650 0 0 475 99 800 403 800 283 333 179 0 0 -700 86 0 -200 0 0 1000 107 212 875 -155 625 200 -283 0 0 0 125 0 116 -8 750 100 25 -36 0 166 0 -38 0 0 468 550 0 400 800 -218 0 500 -800 99 -200 200 -50 -600 0 0 -250 0 429 0 100 100 0 800 12 375 0 333 0 0 250 0 342 0 0 -50 0 0
0 1000 750 350 733 0 350 0 0 299 0 600 825 0 900 0 0 0 625 0 0 466 466 400 475 750 516 700 533 1000 0 800 422 0 700 500 0 300 481 356 600 288 500 900 700 0 0 0 166 1000 409 480 400 1000 275 450 0 333 0 645 0 0 427 750 0 800 400 300 0 650 900 500 200 300 400 800 0 0 600 0 525 0 391 150 0 400 625 575 333 583 0 0 1000 0 414 66 100 400 0 0
#SaintsFC 2017-10-15
366 600 0 333 375 500 0 100 100 100 200 0 0 500 -406 0 -200 650 0 468 0 500 -43 0 500 100 11 0 300 0 0 0 0 0 0 800 0 0 175 175 175 175 -25 158 500 0 0 0 0 0 500 -400 0 0 0 0 0 0 500 -400 0 625 -1000 750 871 550 125 400 1000 150 175 875 -100 0 -178 -100 0 136 300 0 0 0 0 33 83 375 0 -25 0 0 -50 0 -50 -400 0 0 625 0 0 -312
700 550 0 666 100 500 0 211 211 211 200 100 0 1000 543 100 100 700 0 427 0 500 393 66 500 200 484 0 100 0 0 0 0 0 0 400 400 0 400 400 400 400 378 455 900 0 0 0 0 0 1000 400 0 0 0 0 0 0 500 400 0 900 1000 800 585 750 300 375 300 150 400 600 450 0 285 50 0 500 100 0 0 0 0 333 144 200 0 250 0 0 400 0 400 600 0 0 1000 0 1000 604
#NUFC 2017-10-15
399 0 0 -100 0 500 0 0 0 83 -300 0 700 850 0 0 450 0 0 0 333 166 0 875 0 0 0 1000 0 909 100 0 -610 100 -600 450 0 0 0 0 0 0 0 500 250 0 0 -500 0 0 0 0 250 0 233 214 400 712 78 500 -200 170 650 150 150 0 0 -187 309 283 800 0 1000 233 0 700 525 0 214 1000 468 500 418 0 1000 250 0 781 0 -100 0 106 0 0 0 0 900 0 0 400
733 0 0 400 0 600 1000 0 0 236 700 0 900 1000 100 0 850 0 0 0 497 666 100 825 0 1000 0 300 0 780 900 0 800 400 400 850 0 0 0 1000 66 100 0 1000 200 0 0 1000 0 0 0 0 450 0 799 632 900 625 335 600 383 454 700 0 0 0 0 312 750 633 400 0 1000 633 0 600 825 0 500 1000 427 500 775 0 300 550 400 500 0 400 0 750 1000 0 0 0 875 0 0 400
#BHAFC 2017-10-15
0 100 18 0 0 357 100 0 0 -62 0 1000 0 0 0 312 446 208 -400 600 -800 107 16 400 233 0 875 100 0 0 0 -388 -78 416 0 100 0 363 550 550 0 0 0 0 800 800 0 0 1000 0 -600 800 -100 0 100 0 0 0 -600 875 0 0 0 400 500 268 100 0 400 300 0 0 0 1000 400 700 262 -500 300 400 200 -155 0 0 1000 0 0 375 500 0 -375 0 0 68 100 0 0 333 0 250
0 400 426 0 0 535 400 0 0 416 0 400 0 0 500 500 750 450 400 600 1000 470 533 400 666 0 600 300 0 333 0 833 591 866 0 100 0 572 500 700 0 850 850 0 750 1000 333 0 400 0 900 900 400 0 500 0 0 0 900 600 0 0 0 400 500 650 100 1000 500 500 1000 0 0 1000 400 600 531 700 300 400 500 288 0 0 600 1000 0 100 750 266 500 0 0 250 500 0 100 500 0 425
#EFC 2017-10-15
0 200 166 -250 -500 0 -50 0 18 -500 0 0 0 0 0 0 0 0 0 0 0 550 -500 200 0 500 800 200 142 200 200 -400 325 500 350 312 800 0 400 0 0 285 55 450 0 0 0 1000 525 151 700 175 200 433 -90 0 0 267 -325 0 0 0 0 0 -500 0 0 233 -200 0 0 11 0 0 0 350 0 0 0 0 400 0 0 125 0 -600 1000 500 656 800 0 0 100 0 0 456 450 142 0 500
0 300 666 800 1000 0 900 0 426 1000 0 0 0 0 0 0 0 0 0 0 0 350 1000 300 0 500 900 300 317 300 300 400 450 750 350 333 750 0 800 0 0 627 644 850 0 0 0 400 549 523 750 366 750 733 377 100 100 380 575 0 0 0 0 300 700 0 0 533 200 0 0 595 0 0 0 300 0 0 0 0 1000 0 0 1000 0 800 1000 800 666 750 0 0 600 0 0 550 850 317 0 500
#WatfordFC 2017-10-14
363 0 525 0 119 1000 0 0 0 0 700 0 0 0 500 525 68 -106 136 500 136 136 0 245 256 300 0 -250 0 0 -200 0 0 0 0 -50 0 0 286 0 136 700 218 400 0 0 0 -295 300 0 0 0 0 300 -250 0 300 0 0 -250 200 300 0 300 0 -250 0 -50 0 0 0 500 300 0 0 0 -650 50 0 66 -200 300 122 49 243 0 -50 0 0 0 450 0 0 0 1000 350 0 0 0 1000
572 0 366 0 323 1000 0 0 0 0 583 0 0 0 500 366 250 325 500 500 500 500 0 500 399 0 0 250 0 0 250 0 0 0 0 200 0 0 525 0 500 600 327 450 0 0 0 570 50 0 0 0 0 0 250 0 0 0 0 250 240 0 0 0 0 250 0 200 0 0 0 750 0 0 0 0 650 300 199 133 250 0 616 650 525 0 200 0 0 0 950 0 0 0 400 800 0 0 0 1000
#AFC 2017-10-14
0 0 0 -75 0 500 0 0 -97 0 0 100 100 700 0 0 0 0 0 -100 0 66 0 -625 500 0 0 800 0 -243 0 -500 0 0 -699 0 0 0 0 400 0 0 0 300 0 -500 0 200 -49 -243 0 0 0 0 -600 0 0 0 0 0 0 0 0 0 0 0 0 781 0 0 0 0 0 -400 0 0 800 -243 0 0 200 0 0 0 200 0 900 -499 0 350 0 -400 0 0 0 500 0 200 0 0
100 0 0 366 0 500 0 0 187 0 0 400 100 900 0 0 0 0 0 0 0 466 0 200 900 0 0 400 0 288 0 1000 0 0 666 0 0 0 1000 450 0 0 0 100 0 1000 0 733 350 288 0 0 0 0 1000 0 0 0 0 100 0 1000 600 0 0 0 0 833 0 0 0 0 500 400 0 0 400 288 0 0 200 0 0 0 266 0 1000 533 0 550 0 700 0 0 0 1000 0 900 0 0
#Clarets 2017-10-14
-50 0 0 0 49 0 0 0 0 0 0 0 0 0 0 0 0 0 0 0 0 500 625 300 0 0 0 318 0 0 0 170 -150 500 500 1000 800 0 0 0 0 0 800 800 0 0 625 0 0 0 400 0 412 0 0 500 0 0 250 0 800 -214 100 625 -375 750 0 418 0 0 233 284 0 0 250 0 0 0 136 136 136 136 136 136 0 0 0 0 0 0 625 550 0 0 0 0 200 600 -200 0
350 0 0 0 450 0 0 0 0 0 0 0 0 0 0 0 0 0 0 0 0 500 900 750 0 0 0 677 0 0 0 500 250 1000 1000 300 400 0 0 0 0 0 400 400 0 0 900 0 0 0 400 0 550 0 0 500 0 0 625 100 400 562 250 900 666 700 0 577 0 0 608 593 0 0 750 0 0 0 454 454 454 454 454 454 0 0 0 0 0 0 900 650 0 0 0 0 550 650 350 0
#WHUFC 2017-10-14
0 0 0 0 0 0 0 0 900 0 0 0 500 0 -500 600 0 -1000 0 0 0 0 0 0 0 0 0 0 0 0 0 -100 0 0 200 200 200 200 0 650 0 50 250 0 -50 0 -750 600 800 -500 0 -500 0 0 0 0 0 0 0 0 -155 300 600 233 100 -600 100 233 0 -69 0 0 0 800 500 100 0 83 500 50 50 0 50 250 -400 -400 -133 -61 -100 0 0 200 200 500 0 650 800 500 0 0
0 0 0 0 0 0 0 250 1000 0 0 0 500 0 1000 800 0 1000 0 0 0 0 0 0 0 0 0 0 0 0 0 500 0 0 100 100 100 100 0 450 0 200 250 0 700 0 750 800 1000 1000 0 900 0 0 0 0 0 533 0 0 288 650 800 500 200 900 300 533 733 583 0 0 0 1000 500 200 0 541 600 0 0 1000 200 250 400 400 333 466 500 0 0 500 500 500 0 450 400 700 0 0
#CPFC 2017-10-14
416 1000 62 0 0 0 0 0 0 -399 1000 0 0 250 500 0 473 0 0 500 18 0 125 0 -26 522 300 0 0 0 1000 333 0 504 250 0 0 0 1000 250 166 500 300 174 -199 0 125 -350 600 125 -18 -7 125 250 0 250 125 0 100 0 0 800 700 0 0 0 0 500 0 0 0 804 433 0 433 0 -1000 200 0 450 0 0 0 233 0 0 449 321 0 0 500 0 0 0 0 325 0 0 0 200
816 750 500 66 66 0 0 0 0 570 300 0 66 350 600 0 833 0 0 900 617 0 166 0 521 677 733 0 0 0 750 450 0 700 900 0 0 0 1000 300 655 600 800 700 466 0 666 550 950 600 529 685 300 1000 1000 350 300 0 150 0 0 875 600 0 0 0 0 500 0 0 0 690 833 0 833 100 1000 200 0 766 0 0 0 475 0 0 541 433 0 0 600 0 0 0 0 275 0 0 0 500
#CFC 2017-10-14
250 0 -50 5 0 0 400 200 600 0 0 1000 0 0 0 0 62 0 0 0 0 600 400 0 0 500 300 0 0 0 0 0 0 0 0 266 400 400 400 0 0 0 0 -200 0 0 0 0 0 -125 -125 -400 100 0 0 500 0 0 -155 0 500 0 0 0 0 625 0 500 0 120 0 800 0 250 -49 0 -200 800 166 0 0 -99 0 0 800 0 0 0 0 0 -200 0 0 0 -1000 0 0 375 0 0
333 0 200 505 0 0 800 200 550 0 0 300 0 0 0 0 500 0 0 0 0 1000 400 0 0 900 650 0 0 0 0 0 0 66 0 488 400 400 400 0 0 0 0 100 0 0 0 0 0 158 158 400 200 0 0 500 0 0 288 0 500 0 0 0 125 888 500 500 0 358 0 400 0 450 133 0 100 750 266 0 0 700 0 0 400 0 0 125 0 0 100 0 0 0 1000 0 0 750 0 0
#MCFC 2017-10-14
0 0 100 500 100 0 400 200 780 250 100 0 0 0 500 100 200 -400 0 0 350 200 0 0 0 0 200 900 333 625 0 0 50 0 0 0 1000 -200 50 0 0 0 500 312 312 0 500 0 600 500 0 500 0 -666 0 0 1000 0 100 0 100 0 100 0 0 0 100 0 218 0 500 500 500 500 500 -87 0 0 0 0 0 0 166 0 133 0 0 0 -266 225 218 300 0 0 0 0 0 0 0 -200
0 0 100 600 383 0 800 600 1000 500 50 0 0 0 900 150 500 600 0 0 550 500 0 0 0 0 733 1000 833 500 1000 300 325 0 0 0 750 800 233 0 0 0 1000 250 250 0 500 0 900 750 0 800 0 1000 0 100 900 0 1000 0 383 0 383 0 0 0 383 0 275 0 500 500 500 500 500 137 0 500 0 0 0 0 333 0 166 0 0 0 288 700 275 100 0 0 100 0 1000 0 0 300
#SCFC 2017-10-14
0 0 800 1000 0 0 133 0 0 -400 0 -200 0 -400 0 0 75 500 -316 0 0 0 500 500 0 335 133 500 0 0 0 0 0 0 -500 0 0 0 0 0 0 -316 500 250 568 75 0 -1000 500 335 -500 0 -316 0 500 0 -500 335 0 -1000 335 0 -1000 -1000 433 335 335 0 -200 475 0 0 500 500 -99 -316 -316 -316 -316 -316 375 0 375 -1000 285 0 333 400 366 33 485 500 333 50 0 0 0 800 0 0
0 0 750 300 0 0 500 0 1000 400 0 366 0 400 0 0 541 500 300 0 0 0 500 500 0 500 500 500 0 0 0 0 0 0 300 0 0 0 0 0 0 300 500 200 377 541 0 1000 500 500 300 0 300 0 500 0 300 500 0 1000 500 0 1000 1000 600 500 500 0 700 525 0 0 500 500 583 300 300 300 300 300 675 0 675 1000 535 0 333 800 700 1000 450 875 333 1000 0 0 0 400 0 0
#Swans 2017-10-14
500 0 0 -699 0 0 250 0 100 0 -312 -200 0 349 100 0 0 0 0 0 500 -400 0 0 0 136 -400 -49 0 200 0 -400 0 0 0 1000 300 -116 350 -100 -125 0 0 0 0 100 0 500 0 0 0 0 0 800 -50 0 0 -138 6 475 190 0 6 0 0 100 0 68 -100 -133 -100 0 0 0 0 0 0 0 0 0 166 0 375 -400 136 -166 0 -183 200 6 136 99 136 6 211 0 80 -204 0 0
700 0 0 666 0 0 533 0 650 0 500 400 0 383 650 0 0 0 0 0 1000 400 0 0 0 454 400 550 0 500 0 400 0 0 0 300 200 333 350 100 375 0 0 0 0 300 0 600 0 0 0 0 0 400 100 0 0 567 350 525 516 0 350 66 0 700 0 227 400 333 400 100 0 0 0 0 0 0 1000 66 333 0 616 400 500 277 0 405 300 350 500 500 500 350 517 0 450 833 0 0
#HTAFC 2017-10-14
333 516 500 0 0 500 -251 0 0 500 1000 0 0 0 0 350 170 68 79 0 -38 -62 100 300 -131 0 0 400 0 0 50 0 99 500 0 483 -100 0 0 425 0 0 0 0 0 0 0 199 781 583 0 0 0 625 208 33 -66 253 -400 408 -111 200 400 0 766 33 0 0 -200 750 0 0 0 400 0 0 0 250 500 333 350 -167 -400 0 0 -41 1000 350 0 136 500 0 0 200 500 0 0 0 -100 175
833 866 500 0 125 500 429 0 0 900 400 0 750 333 0 550 454 393 675 0 681 187 150 0 450 0 0 400 0 0 700 76 233 150 0 566 450 0 0 525 0 0 0 0 0 0 0 327 888 650 0 0 0 725 391 266 150 467 400 476 750 700 400 0 883 166 0 0 400 1000 0 0 0 400 0 100 0 750 500 99 550 478 600 0 0 433 300 550 0 500 500 0 0 450 500 0 400 0 400 425
#COYS 2017-10-14
0 666 0 0 0 800 0 368 0 200 0 1000 -125 700 466 0 37 392 112 112 800 312 350 -33 168 -166 0 100 250 0 645 308 112 0 0 900 604 410 0 0 0 0 500 0 399 500 800 976 500 0 -131 0 250 0 0 0 0 200 0 250 291 0 200 68 0 500 200 0 712 0 425 400 0 312 700 312 0 -37 0 765 800 0 0 0 0 0 300 800 433 279 0 0 500 0 350 0 250 0 0 900
0 533 0 0 0 1000 0 625 0 300 0 900 375 850 799 0 450 517 291 291 750 433 700 583 327 325 0 150 450 0 716 300 291 0 0 645 712 427 0 0 0 0 750 0 399 1000 1000 750 600 0 427 0 200 0 0 0 0 300 0 500 850 0 300 227 500 1000 900 0 950 0 588 875 0 333 600 200 0 251 0 750 1000 0 0 0 0 0 500 1000 733 630 0 0 1000 500 800 0 478 0 0 1000
#AFCB 2017-10-14
0 254 -388 0 0 0 0 0 0 0 700 0 0 0 500 0 0 500 350 250 0 0 0 0 400 0 0 -140 0 0 0 0 400 0 0 -87 0 0 -83 0 0 0 0 0 0 0 0 0 500 199 0 0 250 525 0 250 0 0 33 187 0 0 156 -51 0 0 0 0 175 125 0 0 0 1000 0 99 1000 -400 -400 500 500 0 0 0 0 100 625 214 0 0 300 0 500 0 0 750 0 0 600 1000
0 470 833 0 0 0 0 125 0 0 600 1000 0 0 500 0 0 888 550 300 0 50 0 0 500 0 0 404 0 0 357 0 500 0 0 458 0 0 283 1000 0 0 0 0 0 0 0 0 600 577 533 0 283 366 0 525 0 0 155 550 0 0 191 429 0 0 0 0 275 216 0 0 66 1000 0 399 300 400 400 500 500 0 1000 0 0 400 1000 571 0 650 0 1000 800 66 0 1000 0 0 1000 300
#LFC 2017-10-14
0 0 0 800 625 625 0 375 0 0 337 0 0 400 750 193 0 0 0 136 333 0 575 0 -250 550 0 -175 0 0 0 0 216 0 0 400 0 400 500 175 0 0 375 -49 0 74 0 0 0 -50 400 0 0 625 375 0 0 0 0 -200 -200 0 400 500 625 -388 0 0 -155 0 400 -388 400 -388 0 0 0 400 318 800 0 0 125 200 0 0 0 0 0 400 0 0 400 0 0 -75 -500 50 0 350
100 0 0 400 725 900 0 750 0 0 875 0 0 400 800 643 750 0 0 454 1000 0 850 0 250 200 0 491 0 0 0 0 411 0 0 800 0 500 1000 550 0 0 600 816 100 240 500 0 0 200 900 0 0 900 458 0 0 600 0 450 450 0 900 475 900 833 0 0 493 0 900 833 900 833 0 0 0 375 500 400 500 0 520 100 0 0 0 0 0 500 0 0 500 0 0 225 1000 297 0 550
#MUFC 2017-10-14
-31 800 -781 500 0 0 309 0 800 800 0 0 -162 283 -458 156 0 0 200 0 0 550 350 0 170 -400 1000 10 0 500 331 93 400 0 450 -333 500 175 0 200 0 800 0 0 333 0 170 600 125 1000 -225 0 0 -200 0 0 0 616 500 0 0 600 500 900 0 -200 0 -625 0 318 0 1000 0 0 0 -50 0 0 392 350 350 1000 136 850 -300 800 0 -133 -1000 0 -125 0 0 0 0 0 400 0 0 290
427 400 400 800 0 0 588 0 400 400 0 0 212 391 720 687 0 0 200 66 0 200 300 0 500 600 300 685 0 900 725 425 800 0 750 1000 900 550 0 300 0 750 0 0 449 0 454 950 900 1000 400 0 0 450 0 100 0 616 500 0 0 900 900 1000 0 250 0 400 0 500 0 1000 0 0 0 900 0 0 517 550 550 900 454 875 525 750 0 983 1000 0 625 0 0 100 0 0 200 0 0 690
#NUFC 2017-10-01
0 0 500 0 136 -50 550 0 136 0 0 0 0 -181 0 -19 0 136 283 0 136 200 247 136 136 0 0 200 700 -100 136 0 0 136 0 136 0 0 0 0 285 250 0 -200 0 0 0 136 200 150 250 300 0 700 0 1000 800 478 0 0 0 0 0 68 0 200 1000 500 300 500 0 0 170 0 0 0 0 200 1000 1000 500 0 0 0 0 0 125 500 0 -161 1000 0 0 21 0 170 297 250 0 250
0 0 500 0 454 275 850 0 454 0 0 0 0 427 0 484 100 454 350 0 454 100 770 454 454 0 0 200 600 250 454 0 0 454 0 454 0 0 0 0 535 375 0 275 0 0 66 454 200 133 350 900 0 600 0 1000 700 767 0 0 0 0 0 377 0 200 1000 650 100 900 0 500 454 0 0 0 0 816 1000 1000 500 0 1000 0 0 0 500 1000 0 394 1000 0 0 671 0 454 596 333 0 500
#LFC 2017-10-01
250 412 0 0 0 0 0 0 500 550 800 0 0 575 -350 0 0 433 -300 227 0 0 150 0 375 0 0 0 175 400 0 0 0 0 -200 -400 0 333 -300 0 -55 500 0 0 0 0 0 -666 200 0 400 250 0 296 0 500 0 0 0 0 0 0 500 800 400 -500 0 -100 200 0 587 -100 875 0 0 400 0 0 0 0 0 0 0 0 0 0 0 0 900 0 0 433 0 -312 625 0 0 0 0 0
750 550 0 0 0 0 0 0 550 850 1000 0 0 850 600 0 0 733 500 545 0 0 133 0 750 0 0 0 825 600 0 0 0 76 700 400 0 552 700 0 600 500 0 0 0 0 0 1000 100 0 900 300 0 656 0 500 0 0 0 100 0 0 500 400 933 1000 0 250 100 0 787 200 600 0 0 400 0 0 0 0 0 0 0 0 0 0 0 0 875 0 0 733 0 1000 900 0 0 0 0 0
#EFC 2017-10-01
0 0 0 0 400 285 -412 0 0 0 0 0 0 0 0 -150 -49 0 0 0 0 0 450 0 250 250 -500 0 0 0 0 0 0 0 0 300 0 375 150 -500 625 392 113 0 0 -200 0 500 0 0 0 0 0 0 0 0 -375 0 535 500 0 0 0 0 -600 500 166 186 0 49 450 0 261 0 1000 0 0 -158 250 0 0 0 475 366 0 49 -100 0 -66 700 1000 0 0 700 -166 700 -166 700 0 700
0 0 0 0 400 627 500 0 0 0 0 0 0 0 0 399 750 0 0 0 0 0 500 0 1000 500 1000 125 0 125 0 125 0 125 0 500 0 400 275 750 888 684 306 0 0 50 0 750 0 0 0 0 0 100 100 0 400 0 446 500 0 0 0 0 900 600 416 443 0 900 500 1000 845 0 400 66 0 525 666 0 0 0 600 666 0 517 200 0 638 600 1000 0 0 900 333 900 333 900 0 900
#Clarets 2017-10-01
450 0 412 0 0 -200 400 0 100 250 0 136 0 0 0 0 -200 0 0 0 100 0 400 0 0 400 0 0 625 0 0 100 0 0 0 0 0 0 0 0 0 0 0 0 -145 500 900 -145 0 318 625 0 0 0 118 0 100 0 500 268 0 -150 0 0 0 500 800 0 800 0 0 0 1000 50 0 0 0 0 0 600 625 250 0 0 0 -800 0 -50 250 900 166 0 0 0 0 0 49 412 0 500
575 0 537 0 0 50 700 0 100 375 0 500 0 0 0 0 700 0 0 0 400 0 400 0 0 900 0 0 900 0 0 100 0 0 0 0 0 0 0 0 0 0 0 0 770 500 1000 770 0 625 900 1000 0 1000 509 0 100 0 833 727 0 399 0 0 0 500 200 0 400 0 0 0 1000 450 0 0 0 0 0 816 900 550 0 0 0 900 0 244 450 650 166 0 0 0 0 0 450 550 425 1000
#AFC 2017-10-01
0 -600 500 0 400 0 0 937 0 0 900 900 0 0 0 0 350 700 0 0 625 1000 0 0 69 0 0 0 500 100 625 0 0 -9 0 0 0 0 312 0 500 0 0 400 0 0 100 0 0 136 0 0 0 0 0 -50 0 -500 0 -200 0 -62 136 0 0 0 800 136 -50 600 -400 0 400 0 250 0 0 0 0 0 0 0 400 0 250 0 136 0 0 0 0 0 -625 0 0 0 0 0 -400 250
100 900 500 0 400 0 0 675 0 0 600 1000 0 0 0 1000 550 600 0 550 900 300 0 0 847 0 0 0 500 400 500 0 0 371 0 0 0 0 300 0 750 0 0 700 0 0 100 0 0 454 0 0 0 0 0 400 0 1000 0 400 0 550 454 0 0 0 400 454 400 600 400 0 400 0 333 0 0 0 0 0 0 0 400 0 512 0 500 0 0 1000 0 550 1000 0 0 0 0 0 600 512
#BHAFC 2017-10-01
300 -800 200 428 0 213 0 -500 0 -400 0 50 0 650 0 0 -800 0 -500 1000 800 800 0 255 0 0 800 391 500 0 -75 0 -194 225 500 800 800 0 700 900 400 0 -333 -400 428 300 0 0 262 1000 0 0 -357 -41 0 0 -55 -300 0 350 800 136 0 800 800 800 800 800 800 800 800 800 1000 800 0 125 450 250 -183 -500 0 0 0 -150 41 187 -131 150 200 0 0 0 0 500 0 1000 0 400 0 -400
449 200 200 535 0 454 0 500 0 700 66 350 0 750 0 0 200 0 400 750 716 575 33 616 0 0 575 516 600 0 366 0 416 616 500 716 400 0 900 700 450 0 666 400 535 466 0 0 502 1000 0 0 928 41 0 0 55 600 0 650 400 454 0 400 400 400 400 400 400 400 400 400 400 400 0 166 600 333 716 500 0 0 0 350 250 425 450 350 100 100 0 0 0 500 0 1000 0 700 0 700
#CFC 2017-09-30
400 781 0 395 0 0 468 468 468 468 1000 468 750 1000 -600 0 0 0 0 550 0 136 0 0 -200 0 250 0 500 0 0 0 112 0 500 0 -275 0 0 0 0 0 0 400 0 0 1000 0 136 500 0 0 0 0 500 500 0 0 0 250 0 0 0 0 0 500 0 500 0 0 0 0 0 0 1000 0 250 250 0 0 0 0 0 0 -55 0 0 250 0 0 0 0 1000 400 0 0 0 0 0 0
800 500 0 545 0 0 427 427 427 427 300 427 1000 1000 900 0 0 0 0 700 0 454 0 0 200 0 333 0 750 0 0 0 363 0 500 0 491 0 0 0 0 0 0 400 0 333 300 0 454 500 0 500 0 666 500 500 666 500 0 850 0 0 0 0 0 500 0 500 0 0 0 0 0 0 300 1000 750 366 50 0 1000 0 1000 0 388 0 0 450 0 0 0 0 1000 350 0 0 0 0 0 0
#MCFC 2017-09-30
136 468 468 468 468 468 -300 -349 350 -300 312 0 0 800 0 0 0 0 0 0 0 0 0 0 0 700 700 700 700 1000 0 136 250 0 0 0 0 0 0 0 500 0 0 350 0 0 0 0 0 0 266 -31 700 0 0 0 500 0 0 0 0 0 750 250 -50 -25 0 0 0 0 250 1000 400 0 0 0 250 400 0 416 0 0 400 33 0 68 0 -142 -45 0 650 0 399 0 700 0 0 233 450 0
454 427 427 427 427 427 850 383 550 850 500 0 0 400 0 0 0 0 0 0 0 0 0 0 0 550 550 550 600 300 0 454 850 0 0 0 0 0 0 0 500 0 0 400 0 0 100 0 0 0 166 393 600 0 0 0 500 0 0 0 0 0 775 200 400 262 0 66 812 66 300 300 375 300 0 0 333 1000 0 500 0 1000 1000 388 0 277 0 535 370 0 625 0 500 0 600 0 0 400 750 0
#AFCB 2017-09-30
0 0 66 -100 0 0 -50 0 0 -400 0 0 0 0 0 700 214 -333 700 -50 0 121 0 0 -200 416 0 199 0 0 0 166 0 700 700 0 0 166 0 0 0 112 0 0 0 400 0 0 625 0 700 0 -25 0 0 0 0 0 0 0 0 250 0 200 0 0 0 0 -320 -166 0 1000 0 200 0 0 0 1000 0 0 0 0 362 650 -150 0 0 0 0 350 0 100 -700 -700 0 0 12 -400 55 0
0 0 275 200 0 0 244 0 0 400 0 0 0 0 0 600 500 666 600 525 0 608 0 0 200 500 0 294 0 0 0 366 0 600 600 0 0 233 0 0 66 300 0 0 0 500 300 0 900 0 600 0 625 0 0 0 0 0 0 0 0 333 0 200 0 0 0 0 843 333 0 300 0 200 0 0 0 300 0 0 300 0 750 750 350 633 0 633 0 550 633 100 200 200 0 1000 231 400 430 0
#LCFC 2017-09-30
-25 46 400 0 0 0 0 -70 -50 0 487 500 0 0 0 0 0 0 500 357 288 0 490 775 0 1000 791 28 600 0 0 0 0 216 0 0 350 550 0 160 -150 0 700 -400 0 0 0 0 0 100 0 600 0 0 0 0 0 233 0 0 0 -382 -150 0 0 -300 0 500 -125 136 136 0 0 0 0 500 300 300 136 -400 0 -62 -100 0 425 125 -66 -145 0 0 500 0 400 0 0 416 0 0 0 0
595 258 1000 0 0 0 0 640 549 0 575 1000 0 0 0 0 0 0 500 535 450 0 544 975 0 1000 733 375 1000 0 0 0 0 600 0 0 650 875 0 539 250 0 600 400 0 0 0 1000 0 200 0 500 0 100 533 0 0 729 0 0 0 455 400 0 0 400 62 900 375 454 454 0 0 0 0 900 650 650 454 400 0 187 400 0 725 416 638 270 0 0 1000 0 400 0 0 583 0 0 0 0
#MUFC 2017-09-30
400 781 1000 0 466 0 500 350 900 -12 0 0 0 33 1000 500 277 0 0 250 136 0 700 700 700 250 0 0 450 541 333 441 0 0 600 0 0 0 0 100 333 -83 0 0 0 0 0 0 0 0 0 0 0 0 1000 41 -45 322 -25 0 0 0 500 -45 450 0 0 0 0 0 800 500 228 450 300 450 400 300 0 0 600 87 300 -116 0 0 285 28 150 -250 0 0 0 250 500 48 0 200 0 625
800 500 1000 0 500 0 375 550 1000 0 0 0 0 133 1000 750 422 0 0 250 454 100 550 550 550 400 0 0 400 600 833 433 0 0 900 0 0 0 0 400 233 583 0 0 0 0 0 0 0 0 0 0 0 0 1000 333 661 519 50 0 0 0 591 661 400 0 0 0 0 0 400 800 525 400 500 400 1000 500 0 0 575 233 500 533 0 0 535 178 662 250 100 100 0 250 500 529 0 300 0 900
#CPFC 2017-09-30
0 136 250 0 0 250 0 -250 0 0 0 166 0 0 -200 0 0 0 166 -250 600 0 250 0 500 -200 0 0 0 0 450 0 -400 0 0 450 0 0 0 400 400 0 285 316 100 -366 -333 0 -200 0 800 400 74 300 0 0 0 0 0 0 0 250 0 218 -1000 -200 0 -75 0 0 125 400 0 0 500 400 400 400 400 0 0 0 0 0 250 -102 0 1000 0 1000 0 0 0 600 0 -166 350 170 750 -699
0 454 400 0 0 1000 0 250 100 0 0 333 0 0 800 0 0 0 666 600 950 0 444 1000 888 600 0 100 0 0 600 0 400 0 0 600 0 0 100 500 900 0 535 344 300 633 666 1000 400 0 400 800 255 100 0 0 0 0 0 0 0 1000 0 168 1000 800 0 225 0 0 500 800 100 0 750 800 800 800 800 0 0 0 0 100 1000 144 500 400 0 400 0 0 0 800 1000 66 550 454 450 666
#SCFC 2017-09-30
0 0 0 0 400 0 0 0 -155 -400 0 0 100 0 0 300 350 0 1000 400 800 250 0 -9 0 -155 0 0 0 0 300 0 0 0 600 0 400 500 0 200 400 0 0 0 0 0 400 0 -400 0 400 1000 200 200 200 0 0 0 0 0 -400 160 0 200 1000 0 -400 0 0 0 0 300 0 0 0 116 -116 300 300 -325 400 400 400 0 0 625 0 -388 -388 0 136 0 0 0 -500 0 0 0 0 -155
0 0 0 0 500 125 0 0 288 400 0 0 1000 0 0 750 477 0 300 1000 900 250 0 371 0 288 0 0 0 0 750 0 0 0 900 0 500 500 750 500 400 0 0 0 0 0 250 0 400 0 1000 300 500 500 500 0 0 0 0 0 700 539 0 700 400 0 700 0 0 0 0 650 0 750 0 583 333 650 750 700 1000 1000 1000 0 0 500 0 833 833 0 500 562 0 0 1000 0 0 0 0 288
#SaintsFC 2017-09-30
0 0 0 600 0 400 0 0 -200 0 136 500 800 0 0 100 -500 425 -166 0 -500 -151 0 0 1000 0 0 0 -400 0 0 0 1000 100 0 0 250 0 0 700 3 0 0 1000 0 0 0 0 0 0 0 0 500 500 0 100 0 350 0 0 0 0 -500 0 0 0 600 4 350 350 350 133 100 325 0 0 0 0 0 0 188 0 0 1000 1000 -700 150 666 0 0 0 0 0 0 0 0 114 199 0 700
0 0 0 1000 0 200 0 0 0 0 454 500 750 0 0 1000 900 556 166 0 400 529 0 0 300 250 0 0 400 300 0 66 300 900 0 0 250 0 0 600 500 0 333 300 0 0 0 0 0 0 0 0 1000 1000 0 1000 0 550 0 0 550 0 1000 0 500 0 900 279 550 550 550 566 900 666 0 0 0 0 0 0 366 0 0 300 300 800 354 650 0 66 0 0 0 0 250 0 529 433 0 600
#WBA 2017-09-30
0 285 0 0 0 0 0 0 0 0 0 0 0 0 0 0 0 0 0 0 0 0 -600 600 200 0 0 0 0 0 -194 0 0 0 0 250 0 0 0 -500 166 0 0 500 -400 300 0 0 0 0 700 0 0 50 96 650 0 0 0 278 -166 0 0 700 600 0 -83 0 800 -20 0 -20 625 0 0 1000 0 0 0 0 250 200 0 250 -125 0 0 0 0 380 136 136 136 500 50 0 0 0 0 0
0 535 0 0 0 0 0 0 0 0 0 0 0 0 0 0 0 0 0 0 0 0 900 466 200 0 0 0 0 0 288 0 0 0 0 750 0 0 0 1000 833 0 0 500 600 800 0 0 100 250 600 0 0 200 323 825 0 0 0 900 433 0 0 600 466 0 383 0 1000 419 0 419 500 0 0 750 0 0 0 0 850 200 0 250 375 0 0 0 100 477 454 454 454 1000 200 0 0 0 0 0
#WatfordFC 2017-09-30
0 500 0 -200 0 0 0 0 0 500 24 236 550 1000 193 500 450 0 0 0 -150 0 250 0 0 0 0 0 0 359 350 -250 266 0 193 0 0 200 0 25 0 0 0 0 0 800 0 -312 0 193 0 0 0 0 0 193 193 0 500 0 -107 0 142 -208 350 -250 250 0 266 0 0 0 380 433 0 0 0 300 568 0 -200 0 0 200 0 0 500 0 500 0 0 125 100 0 0 133 0 0 -162 500
0 500 0 50 0 0 0 0 0 888 325 833 1000 1000 393 1000 516 0 0 0 300 0 333 1000 0 0 0 100 0 420 300 750 366 0 393 0 0 500 0 258 0 0 0 0 0 700 0 687 0 393 100 0 0 0 0 393 393 0 750 0 767 0 267 291 300 750 333 0 366 0 0 0 477 716 0 0 0 650 727 0 550 0 0 200 0 0 791 0 791 875 0 199 366 0 0 450 0 0 777 791
#WHUFC 2017-09-30
-200 33 500 442 -195 266 -625 0 0 -216 333 0 0 0 0 -216 0 0 33 -100 0 0 0 100 -216 200 231 0 0 0 0 300 0 -500 400 0 0 0 700 0 0 0 0 0 0 0 0 0 0 142 0 333 400 -500 0 -125 0 0 0 0 -51 500 178 -976 133 400 0 0 100 0 600 800 392 800 0 0 0 -100 -125 250 0 0 0 0 0 0 0 416 0 300 0 0 -100 500 0 0 0 0 -364 0
100 633 625 767 520 433 1000 0 0 300 666 0 0 0 0 300 1000 0 633 400 0 0 0 300 216 308 675 0 0 125 0 650 0 1000 400 0 0 0 600 0 0 0 0 0 0 0 0 0 0 517 0 666 400 1000 0 375 0 0 0 0 118 150 518 1000 533 400 0 0 383 0 550 400 517 750 1000 0 0 400 375 250 0 0 0 0 0 0 0 583 0 650 50 0 400 500 0 1000 50 0 541 500
#Swans 2017-09-30
1000 0 0 136 1000 0 213 266 213 -99 0 0 0 0 -125 800 0 0 0 213 -99 213 600 0 375 300 0 0 600 0 400 0 0 -125 500 -500 0 0 -187 0 0 0 0 0 0 0 0 -600 0 800 -166 -700 50 416 0 300 0 0 0 0 0 0 0 -16 0 300 208 -131 -194 -21 100 -131 5 136 136 68 136 -100 -306 0 136 211 136 400 151 136 0 136 0 68 0 0 0 235 500 0 0 300 0 0
750 1000 0 454 750 0 322 666 322 449 0 0 0 0 375 700 0 0 0 322 449 322 1000 0 750 750 0 0 900 0 400 0 0 375 600 900 0 0 338 0 0 0 0 66 0 0 0 900 0 400 600 200 191 666 0 650 0 0 0 0 0 0 0 846 0 500 500 550 288 750 400 550 312 500 500 300 500 400 625 0 500 517 500 737 416 500 0 500 0 385 0 0 0 429 500 0 0 650 0 0
#HTAFC 2017-09-30
0 0 0 650 136 800 -166 0 0 0 0 -500 -199 150 0 0 0 -399 0 0 166 100 333 0 0 700 800 0 0 0 125 0 100 136 136 0 0 312 0 0 349 0 500 0 550 500 0 1000 162 1000 1000 1000 0 -155 0 0 0 0 0 -178 -150 0 -100 0 0 700 0 0 0 0 0 136 0 500 800 0 0 125 214 187 0 0 -178 49 -178 500 500 0 0 0 0 0 87 0 1000 350 0 136 136 136
0 0 0 450 454 900 166 0 0 0 0 500 700 133 0 0 0 500 0 0 516 491 666 687 0 600 900 0 0 0 400 0 1000 454 454 0 0 750 0 0 666 0 500 50 875 888 0 1000 558 1000 1000 1000 0 288 0 0 0 0 0 571 500 0 650 0 0 950 0 0 0 0 533 500 100 900 750 0 0 216 357 550 0 0 571 450 571 500 500 0 50 0 0 50 558 0 600 550 1000 454 454 454
#COYS 2017-09-30
0 300 0 0 149 625 87 500 0 125 0 0 100 0 650 0 250 0 0 0 -100 433 244 800 500 0 1000 0 500 0 1000 0 0 0 600 0 0 -500 -200 150 125 -62 400 0 136 0 700 0 100 1000 -250 390 0 0 0 750 70 500 522 666 0 -500 0 0 0 433 -233 200 0 9 350 0 49 0 100 -49 0 800 9 130 0 250 0 800 600 400 400 -200 124 -75 0 0 0 -400 -250 0 364 525 0 -33
0 800 0 0 500 900 575 600 0 850 0 0 0 0 450 0 533 0 0 0 308 166 683 900 500 0 750 0 500 0 300 0 0 0 1000 0 0 500 425 133 587 400 700 0 454 0 600 0 900 300 700 565 0 0 0 1000 318 212 1000 433 0 1000 0 0 0 300 433 300 0 712 650 0 450 0 100 512 0 1000 459 269 0 566 250 766 950 1000 500 200 575 325 0 100 0 400 250 0 607 937 0 566
